0.001		-nan(ind)
0.002		-nan(ind)
0.003		0.046648
0.004		0.0841626
0.005		0.106355
0.006		0.116979
0.007		0.123598
0.008		0.131082
0.009		0.141148
0.01		0.153527
0.011		0.167097
0.012		0.1806
0.013		0.192998
0.014		0.203595
0.015		0.212031
0.016		0.218217
0.017		0.222255
0.018		0.224366
0.019		0.224827
0.02		0.223935
0.021		0.221976
0.022		0.21921
0.023		0.215863
0.024		0.212122
0.025		0.208144
0.026		0.20405
0.027		0.199936
0.028		0.195871
0.029		0.19191
0.03		0.188087
0.031		0.184427
0.032		0.180946
0.033		0.17765
0.034		0.17454
0.035		0.171617
0.036		0.168874
0.037		0.166306
0.038		0.163904
0.039		0.161662
0.04		0.159569
0.041		0.157619
0.042		0.155803
0.043		0.154113
0.044		0.152542
0.045		0.151083
0.046		0.149731
0.047		0.148478
0.048		0.14732
0.049		0.146253
0.05		0.145271
0.051		0.14437
0.052		0.143547
0.053		0.142799
0.054		0.142121
0.055		0.141512
0.056		0.140968
0.057		0.140488
0.058		0.140068
0.059		0.139707
0.06		0.139402
0.061		0.139153
0.062		0.138956
0.063		0.13881
0.064		0.138714
0.065		0.138666
0.066		0.138665
0.067		0.138709
0.068		0.138797
0.069		0.138927
0.07		0.139098
0.071		0.139309
0.072		0.139559
0.073		0.139846
0.074		0.140169
0.075		0.140528
0.076		0.14092
0.077		0.141345
0.078		0.141803
0.079		0.142291
0.08		0.142809
0.081		0.143356
0.082		0.14393
0.083		0.144532
0.084		0.145159
0.085		0.145812
0.086		0.146489
0.087		0.147189
0.088		0.147912
0.089		0.148656
0.09		0.149421
0.091		0.150206
0.092		0.151011
0.093		0.151834
0.094		0.152674
0.095		0.153532
0.096		0.154407
0.097		0.155297
0.098		0.156202
0.099		0.157121
0.1		0.158054
0.101		0.159001
0.102		0.15996
0.103		0.160931
0.104		0.161914
0.105		0.162907
0.106		0.163911
0.107		0.164925
0.108		0.165948
0.109		0.16698
0.11		0.16802
0.111		0.169069
0.112		0.170125
0.113		0.171187
0.114		0.172257
0.115		0.173333
0.116		0.174415
0.117		0.175502
0.118		0.176594
0.119		0.177691
0.12		0.178792
0.121		0.179898
0.122		0.181007
0.123		0.182119
0.124		0.183235
0.125		0.184353
0.126		0.185474
0.127		0.186597
0.128		0.187721
0.129		0.188848
0.13		0.189976
0.131		0.191104
0.132		0.192234
0.133		0.193364
0.134		0.194495
0.135		0.195626
0.136		0.196757
0.137		0.197887
0.138		0.199017
0.139		0.200146
0.14		0.201275
0.141		0.202402
0.142		0.203528
0.143		0.204653
0.144		0.205776
0.145		0.206897
0.146		0.208016
0.147		0.209133
0.148		0.210248
0.149		0.211361
0.15		0.212471
0.151		0.213578
0.152		0.214682
0.153		0.215784
0.154		0.216882
0.155		0.217977
0.156		0.219069
0.157		0.220157
0.158		0.221242
0.159		0.222323
0.16		0.2234
0.161		0.224473
0.162		0.225542
0.163		0.226607
0.164		0.227668
0.165		0.228725
0.166		0.229777
0.167		0.230824
0.168		0.231868
0.169		0.232906
0.17		0.23394
0.171		0.234969
0.172		0.235993
0.173		0.237012
0.174		0.238026
0.175		0.239035
0.176		0.240039
0.177		0.241037
0.178		0.24203
0.179		0.243018
0.18		0.244001
0.181		0.244978
0.182		0.245949
0.183		0.246915
0.184		0.247875
0.185		0.24883
0.186		0.249779
0.187		0.250722
0.188		0.251659
0.189		0.25259
0.19		0.253516
0.191		0.254436
0.192		0.255349
0.193		0.256257
0.194		0.257158
0.195		0.258054
0.196		0.258943
0.197		0.259826
0.198		0.260703
0.199		0.261574
0.2		0.262439
0.201		0.263297
0.202		0.264149
0.203		0.264995
0.204		0.265834
0.205		0.266668
0.206		0.267494
0.207		0.268315
0.208		0.269129
0.209		0.269936
0.21		0.270737
0.211		0.271532
0.212		0.27232
0.213		0.273102
0.214		0.273877
0.215		0.274646
0.216		0.275408
0.217		0.276164
0.218		0.276913
0.219		0.277656
0.22		0.278392
0.221		0.279122
0.222		0.279845
0.223		0.280561
0.224		0.281271
0.225		0.281975
0.226		0.282672
0.227		0.283362
0.228		0.284046
0.229		0.284723
0.23		0.285394
0.231		0.286058
0.232		0.286716
0.233		0.287367
0.234		0.288011
0.235		0.288649
0.236		0.289281
0.237		0.289906
0.238		0.290525
0.239		0.291137
0.24		0.291742
0.241		0.292342
0.242		0.292934
0.243		0.29352
0.244		0.2941
0.245		0.294674
0.246		0.295241
0.247		0.295801
0.248		0.296355
0.249		0.296903
0.25		0.297444
0.251		0.29798
0.252		0.298508
0.253		0.299031
0.254		0.299547
0.255		0.300057
0.256		0.30056
0.257		0.301058
0.258		0.301549
0.259		0.302034
0.26		0.302513
0.261		0.302985
0.262		0.303452
0.263		0.303912
0.264		0.304366
0.265		0.304814
0.266		0.305256
0.267		0.305692
0.268		0.306122
0.269		0.306546
0.27		0.306964
0.271		0.307376
0.272		0.307783
0.273		0.308183
0.274		0.308577
0.275		0.308966
0.276		0.309348
0.277		0.309725
0.278		0.310096
0.279		0.310462
0.28		0.310821
0.281		0.311175
0.282		0.311523
0.283		0.311866
0.284		0.312203
0.285		0.312534
0.286		0.31286
0.287		0.31318
0.288		0.313495
0.289		0.313804
0.29		0.314108
0.291		0.314406
0.292		0.314699
0.293		0.314986
0.294		0.315268
0.295		0.315545
0.296		0.315817
0.297		0.316083
0.298		0.316344
0.299		0.3166
0.3		0.316851
0.301		0.317096
0.302		0.317336
0.303		0.317572
0.304		0.317802
0.305		0.318027
0.306		0.318247
0.307		0.318462
0.308		0.318673
0.309		0.318878
0.31		0.319079
0.311		0.319274
0.312		0.319465
0.313		0.319651
0.314		0.319832
0.315		0.320009
0.316		0.32018
0.317		0.320347
0.318		0.32051
0.319		0.320668
0.32		0.320821
0.321		0.32097
0.322		0.321114
0.323		0.321254
0.324		0.321389
0.325		0.32152
0.326		0.321646
0.327		0.321768
0.328		0.321886
0.329		0.321999
0.33		0.322108
0.331		0.322213
0.332		0.322313
0.333		0.32241
0.334		0.322502
0.335		0.32259
0.336		0.322674
0.337		0.322754
0.338		0.32283
0.339		0.322902
0.34		0.32297
0.341		0.323034
0.342		0.323094
0.343		0.32315
0.344		0.323202
0.345		0.32325
0.346		0.323295
0.347		0.323336
0.348		0.323373
0.349		0.323406
0.35		0.323436
0.351		0.323462
0.352		0.323484
0.353		0.323503
0.354		0.323518
0.355		0.32353
0.356		0.323538
0.357		0.323543
0.358		0.323544
0.359		0.323542
0.36		0.323536
0.361		0.323527
0.362		0.323515
0.363		0.323499
0.364		0.32348
0.365		0.323458
0.366		0.323432
0.367		0.323404
0.368		0.323372
0.369		0.323337
0.37		0.323298
0.371		0.323257
0.372		0.323213
0.373		0.323165
0.374		0.323115
0.375		0.323061
0.376		0.323005
0.377		0.322946
0.378		0.322883
0.379		0.322818
0.38		0.32275
0.381		0.322679
0.382		0.322605
0.383		0.322529
0.384		0.32245
0.385		0.322368
0.386		0.322283
0.387		0.322195
0.388		0.322105
0.389		0.322013
0.39		0.321917
0.391		0.321819
0.392		0.321719
0.393		0.321616
0.394		0.32151
0.395		0.321402
0.396		0.321291
0.397		0.321178
0.398		0.321063
0.399		0.320945
0.4		0.320825
0.401		0.320702
0.402		0.320577
0.403		0.32045
0.404		0.320321
0.405		0.320189
0.406		0.320055
0.407		0.319918
0.408		0.31978
0.409		0.319639
0.41		0.319496
0.411		0.319351
0.412		0.319204
0.413		0.319055
0.414		0.318904
0.415		0.31875
0.416		0.318595
0.417		0.318438
0.418		0.318278
0.419		0.318117
0.42		0.317954
0.421		0.317788
0.422		0.317621
0.423		0.317452
0.424		0.317281
0.425		0.317109
0.426		0.316934
0.427		0.316758
0.428		0.316579
0.429		0.316399
0.43		0.316218
0.431		0.316034
0.432		0.315849
0.433		0.315662
0.434		0.315473
0.435		0.315283
0.436		0.315091
0.437		0.314898
0.438		0.314703
0.439		0.314506
0.44		0.314308
0.441		0.314108
0.442		0.313906
0.443		0.313703
0.444		0.313499
0.445		0.313293
0.446		0.313085
0.447		0.312877
0.448		0.312666
0.449		0.312455
0.45		0.312241
0.451		0.312027
0.452		0.311811
0.453		0.311594
0.454		0.311375
0.455		0.311155
0.456		0.310934
0.457		0.310711
0.458		0.310487
0.459		0.310262
0.46		0.310036
0.461		0.309808
0.462		0.309579
0.463		0.309349
0.464		0.309118
0.465		0.308886
0.466		0.308652
0.467		0.308417
0.468		0.308181
0.469		0.307944
0.47		0.307706
0.471		0.307467
0.472		0.307227
0.473		0.306985
0.474		0.306743
0.475		0.306499
0.476		0.306255
0.477		0.306009
0.478		0.305763
0.479		0.305515
0.48		0.305267
0.481		0.305017
0.482		0.304767
0.483		0.304515
0.484		0.304263
0.485		0.30401
0.486		0.303756
0.487		0.303501
0.488		0.303245
0.489		0.302988
0.49		0.302731
0.491		0.302472
0.492		0.302213
0.493		0.301953
0.494		0.301692
0.495		0.30143
0.496		0.301168
0.497		0.300904
0.498		0.30064
0.499		0.300376
0.5		0.30011
0.501		0.299844
0.502		0.299577
0.503		0.299309
0.504		0.299041
0.505		0.298771
0.506		0.298502
0.507		0.298231
0.508		0.29796
0.509		0.297688
0.51		0.297416
0.511		0.297143
0.512		0.296869
0.513		0.296595
0.514		0.29632
0.515		0.296044
0.516		0.295768
0.517		0.295491
0.518		0.295214
0.519		0.294936
0.52		0.294658
0.521		0.294379
0.522		0.2941
0.523		0.29382
0.524		0.293539
0.525		0.293258
0.526		0.292977
0.527		0.292695
0.528		0.292413
0.529		0.29213
0.53		0.291846
0.531		0.291563
0.532		0.291278
0.533		0.290994
0.534		0.290708
0.535		0.290423
0.536		0.290137
0.537		0.289851
0.538		0.289564
0.539		0.289277
0.54		0.288989
0.541		0.288701
0.542		0.288413
0.543		0.288124
0.544		0.287835
0.545		0.287546
0.546		0.287256
0.547		0.286966
0.548		0.286675
0.549		0.286385
0.55		0.286094
0.551		0.285802
0.552		0.285511
0.553		0.285219
0.554		0.284927
0.555		0.284634
0.556		0.284341
0.557		0.284048
0.558		0.283755
0.559		0.283461
0.56		0.283167
0.561		0.282873
0.562		0.282579
0.563		0.282285
0.564		0.28199
0.565		0.281695
0.566		0.2814
0.567		0.281104
0.568		0.280809
0.569		0.280513
0.57		0.280217
0.571		0.279921
0.572		0.279624
0.573		0.279328
0.574		0.279031
0.575		0.278734
0.576		0.278437
0.577		0.27814
0.578		0.277843
0.579		0.277545
0.58		0.277248
0.581		0.27695
0.582		0.276652
0.583		0.276354
0.584		0.276056
0.585		0.275758
0.586		0.27546
0.587		0.275161
0.588		0.274863
0.589		0.274564
0.59		0.274265
0.591		0.273967
0.592		0.273668
0.593		0.273369
0.594		0.27307
0.595		0.272771
0.596		0.272471
0.597		0.272172
0.598		0.271873
0.599		0.271574
0.6		0.271274
0.601		0.270975
0.602		0.270676
0.603		0.270376
0.604		0.270077
0.605		0.269777
0.606		0.269478
0.607		0.269178
0.608		0.268879
0.609		0.268579
0.61		0.268279
0.611		0.26798
0.612		0.26768
0.613		0.267381
0.614		0.267081
0.615		0.266782
0.616		0.266482
0.617		0.266183
0.618		0.265883
0.619		0.265584
0.62		0.265284
0.621		0.264985
0.622		0.264686
0.623		0.264387
0.624		0.264087
0.625		0.263788
0.626		0.263489
0.627		0.26319
0.628		0.262891
0.629		0.262592
0.63		0.262293
0.631		0.261994
0.632		0.261695
0.633		0.261397
0.634		0.261098
0.635		0.2608
0.636		0.260501
0.637		0.260203
0.638		0.259904
0.639		0.259606
0.64		0.259308
0.641		0.25901
0.642		0.258712
0.643		0.258415
0.644		0.258117
0.645		0.257819
0.646		0.257522
0.647		0.257224
0.648		0.256927
0.649		0.25663
0.65		0.256333
0.651		0.256036
0.652		0.25574
0.653		0.255443
0.654		0.255146
0.655		0.25485
0.656		0.254554
0.657		0.254258
0.658		0.253962
0.659		0.253666
0.66		0.25337
0.661		0.253075
0.662		0.25278
0.663		0.252484
0.664		0.252189
0.665		0.251894
0.666		0.2516
0.667		0.251305
0.668		0.251011
0.669		0.250716
0.67		0.250422
0.671		0.250128
0.672		0.249835
0.673		0.249541
0.674		0.249248
0.675		0.248955
0.676		0.248662
0.677		0.248369
0.678		0.248076
0.679		0.247783
0.68		0.247491
0.681		0.247199
0.682		0.246907
0.683		0.246615
0.684		0.246324
0.685		0.246033
0.686		0.245741
0.687		0.24545
0.688		0.24516
0.689		0.244869
0.69		0.244579
0.691		0.244289
0.692		0.243999
0.693		0.243709
0.694		0.243419
0.695		0.24313
0.696		0.242841
0.697		0.242552
0.698		0.242264
0.699		0.241975
0.7		0.241687
0.701		0.241399
0.702		0.241111
0.703		0.240823
0.704		0.240536
0.705		0.240249
0.706		0.239962
0.707		0.239676
0.708		0.239389
0.709		0.239103
0.71		0.238817
0.711		0.238531
0.712		0.238246
0.713		0.23796
0.714		0.237675
0.715		0.237391
0.716		0.237106
0.717		0.236822
0.718		0.236538
0.719		0.236254
0.72		0.23597
0.721		0.235687
0.722		0.235404
0.723		0.235121
0.724		0.234839
0.725		0.234556
0.726		0.234274
0.727		0.233992
0.728		0.233711
0.729		0.23343
0.73		0.233148
0.731		0.232868
0.732		0.232587
0.733		0.232307
0.734		0.232027
0.735		0.231747
0.736		0.231468
0.737		0.231188
0.738		0.230909
0.739		0.230631
0.74		0.230352
0.741		0.230074
0.742		0.229796
0.743		0.229518
0.744		0.229241
0.745		0.228964
0.746		0.228687
0.747		0.228411
0.748		0.228134
0.749		0.227858
0.75		0.227582
0.751		0.227307
0.752		0.227032
0.753		0.226757
0.754		0.226482
0.755		0.226208
0.756		0.225934
0.757		0.22566
0.758		0.225386
0.759		0.225113
0.76		0.22484
0.761		0.224568
0.762		0.224295
0.763		0.224023
0.764		0.223751
0.765		0.22348
0.766		0.223208
0.767		0.222937
0.768		0.222667
0.769		0.222396
0.77		0.222126
0.771		0.221856
0.772		0.221587
0.773		0.221317
0.774		0.221048
0.775		0.22078
0.776		0.220511
0.777		0.220243
0.778		0.219975
0.779		0.219708
0.78		0.219441
0.781		0.219174
0.782		0.218907
0.783		0.218641
0.784		0.218375
0.785		0.218109
0.786		0.217843
0.787		0.217578
0.788		0.217313
0.789		0.217049
0.79		0.216785
0.791		0.216521
0.792		0.216257
0.793		0.215993
0.794		0.21573
0.795		0.215468
0.796		0.215205
0.797		0.214943
0.798		0.214681
0.799		0.214419
0.8		0.214158
0.801		0.213897
0.802		0.213636
0.803		0.213376
0.804		0.213116
0.805		0.212856
0.806		0.212597
0.807		0.212337
0.808		0.212079
0.809		0.21182
0.81		0.211562
0.811		0.211304
0.812		0.211046
0.813		0.210789
0.814		0.210532
0.815		0.210275
0.816		0.210019
0.817		0.209762
0.818		0.209507
0.819		0.209251
0.82		0.208996
0.821		0.208741
0.822		0.208486
0.823		0.208232
0.824		0.207978
0.825		0.207724
0.826		0.207471
0.827		0.207218
0.828		0.206965
0.829		0.206713
0.83		0.20646
0.831		0.206209
0.832		0.205957
0.833		0.205706
0.834		0.205455
0.835		0.205204
0.836		0.204954
0.837		0.204704
0.838		0.204454
0.839		0.204205
0.84		0.203956
0.841		0.203707
0.842		0.203459
0.843		0.20321
0.844		0.202963
0.845		0.202715
0.846		0.202468
0.847		0.202221
0.848		0.201974
0.849		0.201728
0.85		0.201482
0.851		0.201236
0.852		0.200991
0.853		0.200746
0.854		0.200501
0.855		0.200257
0.856		0.200013
0.857		0.199769
0.858		0.199525
0.859		0.199282
0.86		0.199039
0.861		0.198797
0.862		0.198555
0.863		0.198313
0.864		0.198071
0.865		0.19783
0.866		0.197589
0.867		0.197348
0.868		0.197107
0.869		0.196867
0.87		0.196628
0.871		0.196388
0.872		0.196149
0.873		0.19591
0.874		0.195672
0.875		0.195433
0.876		0.195195
0.877		0.194958
0.878		0.194721
0.879		0.194484
0.88		0.194247
0.881		0.194011
0.882		0.193774
0.883		0.193539
0.884		0.193303
0.885		0.193068
0.886		0.192833
0.887		0.192599
0.888		0.192365
0.889		0.192131
0.89		0.191897
0.891		0.191664
0.892		0.191431
0.893		0.191198
0.894		0.190966
0.895		0.190734
0.896		0.190502
0.897		0.190271
0.898		0.19004
0.899		0.189809
0.9		0.189578
0.901		0.189348
0.902		0.189118
0.903		0.188889
0.904		0.188659
0.905		0.18843
0.906		0.188202
0.907		0.187973
0.908		0.187745
0.909		0.187517
0.91		0.18729
0.911		0.187063
0.912		0.186836
0.913		0.18661
0.914		0.186383
0.915		0.186157
0.916		0.185932
0.917		0.185707
0.918		0.185482
0.919		0.185257
0.92		0.185032
0.921		0.184808
0.922		0.184585
0.923		0.184361
0.924		0.184138
0.925		0.183915
0.926		0.183693
0.927		0.18347
0.928		0.183248
0.929		0.183027
0.93		0.182805
0.931		0.182584
0.932		0.182364
0.933		0.182143
0.934		0.181923
0.935		0.181703
0.936		0.181484
0.937		0.181264
0.938		0.181046
0.939		0.180827
0.94		0.180609
0.941		0.180391
0.942		0.180173
0.943		0.179955
0.944		0.179738
0.945		0.179521
0.946		0.179305
0.947		0.179089
0.948		0.178873
0.949		0.178657
0.95		0.178442
0.951		0.178227
0.952		0.178012
0.953		0.177798
0.954		0.177584
0.955		0.17737
0.956		0.177156
0.957		0.176943
0.958		0.17673
0.959		0.176517
0.96		0.176305
0.961		0.176093
0.962		0.175881
0.963		0.17567
0.964		0.175459
0.965		0.175248
0.966		0.175037
0.967		0.174827
0.968		0.174617
0.969		0.174407
0.97		0.174198
0.971		0.173989
0.972		0.17378
0.973		0.173571
0.974		0.173363
0.975		0.173155
0.976		0.172947
0.977		0.17274
0.978		0.172533
0.979		0.172326
0.98		0.17212
0.981		0.171914
0.982		0.171708
0.983		0.171502
0.984		0.171297
0.985		0.171092
0.986		0.170887
0.987		0.170683
0.988		0.170478
0.989		0.170274
0.99		0.170071
0.991		0.169868
0.992		0.169665
0.993		0.169462
0.994		0.169259
0.995		0.169057
0.996		0.168855
0.997		0.168654
0.998		0.168453
0.999		0.168252
1		0.168051
1.001		0.16785
1.002		0.16765
1.003		0.16745
1.004		0.167251
1.005		0.167052
1.006		0.166853
1.007		0.166654
1.008		0.166455
1.009		0.166257
1.01		0.166059
1.011		0.165862
1.012		0.165664
1.013		0.165467
1.014		0.165271
1.015		0.165074
1.016		0.164878
1.017		0.164682
1.018		0.164486
1.019		0.164291
1.02		0.164096
1.021		0.163901
1.022		0.163707
1.023		0.163513
1.024		0.163319
1.025		0.163125
1.026		0.162932
1.027		0.162738
1.028		0.162546
1.029		0.162353
1.03		0.162161
1.031		0.161969
1.032		0.161777
1.033		0.161585
1.034		0.161394
1.035		0.161203
1.036		0.161013
1.037		0.160822
1.038		0.160632
1.039		0.160442
1.04		0.160253
1.041		0.160064
1.042		0.159875
1.043		0.159686
1.044		0.159497
1.045		0.159309
1.046		0.159121
1.047		0.158934
1.048		0.158746
1.049		0.158559
1.05		0.158372
1.051		0.158186
1.052		0.158
1.053		0.157814
1.054		0.157628
1.055		0.157442
1.056		0.157257
1.057		0.157072
1.058		0.156887
1.059		0.156703
1.06		0.156519
1.061		0.156335
1.062		0.156151
1.063		0.155968
1.064		0.155785
1.065		0.155602
1.066		0.15542
1.067		0.155237
1.068		0.155055
1.069		0.154873
1.07		0.154692
1.071		0.154511
1.072		0.15433
1.073		0.154149
1.074		0.153969
1.075		0.153788
1.076		0.153608
1.077		0.153429
1.078		0.153249
1.079		0.15307
1.08		0.152891
1.081		0.152713
1.082		0.152534
1.083		0.152356
1.084		0.152178
1.085		0.152001
1.086		0.151823
1.087		0.151646
1.088		0.151469
1.089		0.151293
1.09		0.151117
1.091		0.150941
1.092		0.150765
1.093		0.150589
1.094		0.150414
1.095		0.150239
1.096		0.150064
1.097		0.14989
1.098		0.149715
1.099		0.149541
1.1		0.149368
1.101		0.149194
1.102		0.149021
1.103		0.148848
1.104		0.148675
1.105		0.148503
1.106		0.14833
1.107		0.148158
1.108		0.147987
1.109		0.147815
1.11		0.147644
1.111		0.147473
1.112		0.147302
1.113		0.147132
1.114		0.146961
1.115		0.146791
1.116		0.146622
1.117		0.146452
1.118		0.146283
1.119		0.146114
1.12		0.145945
1.121		0.145776
1.122		0.145608
1.123		0.14544
1.124		0.145272
1.125		0.145105
1.126		0.144937
1.127		0.14477
1.128		0.144604
1.129		0.144437
1.13		0.144271
1.131		0.144105
1.132		0.143939
1.133		0.143773
1.134		0.143608
1.135		0.143443
1.136		0.143278
1.137		0.143113
1.138		0.142949
1.139		0.142785
1.14		0.142621
1.141		0.142457
1.142		0.142294
1.143		0.14213
1.144		0.141968
1.145		0.141805
1.146		0.141642
1.147		0.14148
1.148		0.141318
1.149		0.141156
1.15		0.140995
1.151		0.140833
1.152		0.140672
1.153		0.140512
1.154		0.140351
1.155		0.140191
1.156		0.14003
1.157		0.139871
1.158		0.139711
1.159		0.139551
1.16		0.139392
1.161		0.139233
1.162		0.139075
1.163		0.138916
1.164		0.138758
1.165		0.1386
1.166		0.138442
1.167		0.138284
1.168		0.138127
1.169		0.13797
1.17		0.137813
1.171		0.137656
1.172		0.1375
1.173		0.137344
1.174		0.137188
1.175		0.137032
1.176		0.136877
1.177		0.136721
1.178		0.136566
1.179		0.136411
1.18		0.136257
1.181		0.136102
1.182		0.135948
1.183		0.135794
1.184		0.135641
1.185		0.135487
1.186		0.135334
1.187		0.135181
1.188		0.135028
1.189		0.134875
1.19		0.134723
1.191		0.134571
1.192		0.134419
1.193		0.134267
1.194		0.134116
1.195		0.133965
1.196		0.133813
1.197		0.133663
1.198		0.133512
1.199		0.133362
1.2		0.133212
1.201		0.133062
1.202		0.132912
1.203		0.132762
1.204		0.132613
1.205		0.132464
1.206		0.132315
1.207		0.132167
1.208		0.132018
1.209		0.13187
1.21		0.131722
1.211		0.131574
1.212		0.131427
1.213		0.131279
1.214		0.131132
1.215		0.130985
1.216		0.130839
1.217		0.130692
1.218		0.130546
1.219		0.1304
1.22		0.130254
1.221		0.130108
1.222		0.129963
1.223		0.129818
1.224		0.129673
1.225		0.129528
1.226		0.129383
1.227		0.129239
1.228		0.129095
1.229		0.128951
1.23		0.128807
1.231		0.128664
1.232		0.12852
1.233		0.128377
1.234		0.128234
1.235		0.128092
1.236		0.127949
1.237		0.127807
1.238		0.127665
1.239		0.127523
1.24		0.127381
1.241		0.12724
1.242		0.127099
1.243		0.126958
1.244		0.126817
1.245		0.126676
1.246		0.126536
1.247		0.126396
1.248		0.126256
1.249		0.126116
1.25		0.125976
1.251		0.125837
1.252		0.125697
1.253		0.125558
1.254		0.12542
1.255		0.125281
1.256		0.125143
1.257		0.125005
1.258		0.124867
1.259		0.124729
1.26		0.124591
1.261		0.124454
1.262		0.124317
1.263		0.12418
1.264		0.124043
1.265		0.123906
1.266		0.12377
1.267		0.123634
1.268		0.123498
1.269		0.123362
1.27		0.123226
1.271		0.123091
1.272		0.122956
1.273		0.122821
1.274		0.122686
1.275		0.122551
1.276		0.122417
1.277		0.122282
1.278		0.122148
1.279		0.122015
1.28		0.121881
1.281		0.121747
1.282		0.121614
1.283		0.121481
1.284		0.121348
1.285		0.121216
1.286		0.121083
1.287		0.120951
1.288		0.120819
1.289		0.120687
1.29		0.120555
1.291		0.120423
1.292		0.120292
1.293		0.120161
1.294		0.12003
1.295		0.119899
1.296		0.119769
1.297		0.119638
1.298		0.119508
1.299		0.119378
1.3		0.119248
1.301		0.119118
1.302		0.118989
1.303		0.11886
1.304		0.118731
1.305		0.118602
1.306		0.118473
1.307		0.118344
1.308		0.118216
1.309		0.118088
1.31		0.11796
1.311		0.117832
1.312		0.117705
1.313		0.117577
1.314		0.11745
1.315		0.117323
1.316		0.117196
1.317		0.117069
1.318		0.116943
1.319		0.116816
1.32		0.11669
1.321		0.116564
1.322		0.116439
1.323		0.116313
1.324		0.116188
1.325		0.116062
1.326		0.115937
1.327		0.115812
1.328		0.115688
1.329		0.115563
1.33		0.115439
1.331		0.115315
1.332		0.115191
1.333		0.115067
1.334		0.114943
1.335		0.11482
1.336		0.114697
1.337		0.114573
1.338		0.11445
1.339		0.114328
1.34		0.114205
1.341		0.114083
1.342		0.113961
1.343		0.113839
1.344		0.113717
1.345		0.113595
1.346		0.113473
1.347		0.113352
1.348		0.113231
1.349		0.11311
1.35		0.112989
1.351		0.112869
1.352		0.112748
1.353		0.112628
1.354		0.112508
1.355		0.112388
1.356		0.112268
1.357		0.112148
1.358		0.112029
1.359		0.11191
1.36		0.11179
1.361		0.111672
1.362		0.111553
1.363		0.111434
1.364		0.111316
1.365		0.111197
1.366		0.111079
1.367		0.110961
1.368		0.110844
1.369		0.110726
1.37		0.110609
1.371		0.110492
1.372		0.110374
1.373		0.110258
1.374		0.110141
1.375		0.110024
1.376		0.109908
1.377		0.109792
1.378		0.109675
1.379		0.10956
1.38		0.109444
1.381		0.109328
1.382		0.109213
1.383		0.109098
1.384		0.108982
1.385		0.108868
1.386		0.108753
1.387		0.108638
1.388		0.108524
1.389		0.10841
1.39		0.108295
1.391		0.108181
1.392		0.108068
1.393		0.107954
1.394		0.107841
1.395		0.107727
1.396		0.107614
1.397		0.107501
1.398		0.107388
1.399		0.107276
1.4		0.107163
1.401		0.107051
1.402		0.106939
1.403		0.106827
1.404		0.106715
1.405		0.106603
1.406		0.106492
1.407		0.10638
1.408		0.106269
1.409		0.106158
1.41		0.106047
1.411		0.105936
1.412		0.105826
1.413		0.105715
1.414		0.105605
1.415		0.105495
1.416		0.105385
1.417		0.105275
1.418		0.105165
1.419		0.105056
1.42		0.104946
1.421		0.104837
1.422		0.104728
1.423		0.104619
1.424		0.104511
1.425		0.104402
1.426		0.104294
1.427		0.104185
1.428		0.104077
1.429		0.103969
1.43		0.103861
1.431		0.103754
1.432		0.103646
1.433		0.103539
1.434		0.103432
1.435		0.103324
1.436		0.103218
1.437		0.103111
1.438		0.103004
1.439		0.102898
1.44		0.102791
1.441		0.102685
1.442		0.102579
1.443		0.102473
1.444		0.102368
1.445		0.102262
1.446		0.102157
1.447		0.102051
1.448		0.101946
1.449		0.101841
1.45		0.101736
1.451		0.101632
1.452		0.101527
1.453		0.101423
1.454		0.101319
1.455		0.101215
1.456		0.101111
1.457		0.101007
1.458		0.100903
1.459		0.1008
1.46		0.100696
1.461		0.100593
1.462		0.10049
1.463		0.100387
1.464		0.100284
1.465		0.100182
1.466		0.100079
1.467		0.0999767
1.468		0.0998745
1.469		0.0997725
1.47		0.0996705
1.471		0.0995687
1.472		0.0994671
1.473		0.0993656
1.474		0.0992642
1.475		0.099163
1.476		0.0990619
1.477		0.098961
1.478		0.0988602
1.479		0.0987595
1.48		0.098659
1.481		0.0985586
1.482		0.0984584
1.483		0.0983583
1.484		0.0982584
1.485		0.0981585
1.486		0.0980589
1.487		0.0979593
1.488		0.0978599
1.489		0.0977606
1.49		0.0976615
1.491		0.0975625
1.492		0.0974637
1.493		0.097365
1.494		0.0972664
1.495		0.097168
1.496		0.0970697
1.497		0.0969715
1.498		0.0968735
1.499		0.0967756
1.5		0.0966778
1.501		0.0965802
1.502		0.0964827
1.503		0.0963853
1.504		0.0962881
1.505		0.096191
1.506		0.0960941
1.507		0.0959973
1.508		0.0959006
1.509		0.0958041
1.51		0.0957076
1.511		0.0956114
1.512		0.0955152
1.513		0.0954192
1.514		0.0953233
1.515		0.0952276
1.516		0.095132
1.517		0.0950365
1.518		0.0949411
1.519		0.0948459
1.52		0.0947508
1.521		0.0946559
1.522		0.094561
1.523		0.0944663
1.524		0.0943718
1.525		0.0942773
1.526		0.094183
1.527		0.0940889
1.528		0.0939948
1.529		0.0939009
1.53		0.0938071
1.531		0.0937135
1.532		0.0936199
1.533		0.0935265
1.534		0.0934333
1.535		0.0933401
1.536		0.0932471
1.537		0.0931542
1.538		0.0930615
1.539		0.0929688
1.54		0.0928763
1.541		0.0927839
1.542		0.0926917
1.543		0.0925996
1.544		0.0925076
1.545		0.0924157
1.546		0.0923239
1.547		0.0922323
1.548		0.0921408
1.549		0.0920495
1.55		0.0919582
1.551		0.0918671
1.552		0.0917761
1.553		0.0916852
1.554		0.0915945
1.555		0.0915039
1.556		0.0914134
1.557		0.091323
1.558		0.0912327
1.559		0.0911426
1.56		0.0910526
1.561		0.0909627
1.562		0.090873
1.563		0.0907833
1.564		0.0906938
1.565		0.0906044
1.566		0.0905152
1.567		0.090426
1.568		0.090337
1.569		0.0902481
1.57		0.0901593
1.571		0.0900706
1.572		0.0899821
1.573		0.0898937
1.574		0.0898054
1.575		0.0897172
1.576		0.0896291
1.577		0.0895412
1.578		0.0894534
1.579		0.0893657
1.58		0.0892781
1.581		0.0891906
1.582		0.0891033
1.583		0.089016
1.584		0.0889289
1.585		0.0888419
1.586		0.0887551
1.587		0.0886683
1.588		0.0885817
1.589		0.0884951
1.59		0.0884087
1.591		0.0883225
1.592		0.0882363
1.593		0.0881502
1.594		0.0880643
1.595		0.0879785
1.596		0.0878928
1.597		0.0878072
1.598		0.0877217
1.599		0.0876364
1.6		0.0875511
1.601		0.087466
1.602		0.087381
1.603		0.0872961
1.604		0.0872113
1.605		0.0871266
1.606		0.0870421
1.607		0.0869576
1.608		0.0868733
1.609		0.0867891
1.61		0.086705
1.611		0.086621
1.612		0.0865371
1.613		0.0864534
1.614		0.0863697
1.615		0.0862862
1.616		0.0862028
1.617		0.0861195
1.618		0.0860363
1.619		0.0859532
1.62		0.0858702
1.621		0.0857874
1.622		0.0857046
1.623		0.085622
1.624		0.0855394
1.625		0.085457
1.626		0.0853747
1.627		0.0852925
1.628		0.0852104
1.629		0.0851284
1.63		0.0850466
1.631		0.0849648
1.632		0.0848832
1.633		0.0848016
1.634		0.0847202
1.635		0.0846389
1.636		0.0845577
1.637		0.0844766
1.638		0.0843956
1.639		0.0843147
1.64		0.0842339
1.641		0.0841532
1.642		0.0840727
1.643		0.0839922
1.644		0.0839119
1.645		0.0838316
1.646		0.0837515
1.647		0.0836715
1.648		0.0835916
1.649		0.0835117
1.65		0.083432
1.651		0.0833524
1.652		0.0832729
1.653		0.0831935
1.654		0.0831143
1.655		0.0830351
1.656		0.082956
1.657		0.082877
1.658		0.0827982
1.659		0.0827194
1.66		0.0826408
1.661		0.0825622
1.662		0.0824838
1.663		0.0824054
1.664		0.0823272
1.665		0.0822491
1.666		0.082171
1.667		0.0820931
1.668		0.0820153
1.669		0.0819376
1.67		0.08186
1.671		0.0817824
1.672		0.081705
1.673		0.0816277
1.674		0.0815505
1.675		0.0814734
1.676		0.0813964
1.677		0.0813195
1.678		0.0812427
1.679		0.081166
1.68		0.0810894
1.681		0.0810129
1.682		0.0809365
1.683		0.0808602
1.684		0.080784
1.685		0.0807079
1.686		0.080632
1.687		0.0805561
1.688		0.0804803
1.689		0.0804046
1.69		0.080329
1.691		0.0802535
1.692		0.0801781
1.693		0.0801028
1.694		0.0800276
1.695		0.0799525
1.696		0.0798775
1.697		0.0798026
1.698		0.0797278
1.699		0.0796531
1.7		0.0795785
1.701		0.079504
1.702		0.0794296
1.703		0.0793553
1.704		0.0792811
1.705		0.079207
1.706		0.079133
1.707		0.079059
1.708		0.0789852
1.709		0.0789115
1.71		0.0788379
1.711		0.0787643
1.712		0.0786909
1.713		0.0786175
1.714		0.0785443
1.715		0.0784711
1.716		0.0783981
1.717		0.0783251
1.718		0.0782523
1.719		0.0781795
1.72		0.0781068
1.721		0.0780342
1.722		0.0779618
1.723		0.0778894
1.724		0.0778171
1.725		0.0777449
1.726		0.0776728
1.727		0.0776007
1.728		0.0775288
1.729		0.077457
1.73		0.0773853
1.731		0.0773136
1.732		0.0772421
1.733		0.0771706
1.734		0.0770993
1.735		0.077028
1.736		0.0769568
1.737		0.0768858
1.738		0.0768148
1.739		0.0767439
1.74		0.0766731
1.741		0.0766023
1.742		0.0765317
1.743		0.0764612
1.744		0.0763908
1.745		0.0763204
1.746		0.0762501
1.747		0.07618
1.748		0.0761099
1.749		0.0760399
1.75		0.07597
1.751		0.0759002
1.752		0.0758305
1.753		0.0757609
1.754		0.0756914
1.755		0.0756219
1.756		0.0755526
1.757		0.0754833
1.758		0.0754141
1.759		0.075345
1.76		0.075276
1.761		0.0752071
1.762		0.0751383
1.763		0.0750696
1.764		0.075001
1.765		0.0749324
1.766		0.0748639
1.767		0.0747956
1.768		0.0747273
1.769		0.0746591
1.77		0.074591
1.771		0.0745229
1.772		0.074455
1.773		0.0743872
1.774		0.0743194
1.775		0.0742517
1.776		0.0741841
1.777		0.0741166
1.778		0.0740492
1.779		0.0739819
1.78		0.0739146
1.781		0.0738475
1.782		0.0737804
1.783		0.0737134
1.784		0.0736465
1.785		0.0735797
1.786		0.073513
1.787		0.0734463
1.788		0.0733798
1.789		0.0733133
1.79		0.0732469
1.791		0.0731806
1.792		0.0731144
1.793		0.0730483
1.794		0.0729822
1.795		0.0729163
1.796		0.0728504
1.797		0.0727846
1.798		0.0727189
1.799		0.0726533
1.8		0.0725877
1.801		0.0725223
1.802		0.0724569
1.803		0.0723916
1.804		0.0723264
1.805		0.0722612
1.806		0.0721962
1.807		0.0721312
1.808		0.0720664
1.809		0.0720016
1.81		0.0719369
1.811		0.0718722
1.812		0.0718077
1.813		0.0717432
1.814		0.0716788
1.815		0.0716145
1.816		0.0715503
1.817		0.0714861
1.818		0.0714221
1.819		0.0713581
1.82		0.0712942
1.821		0.0712304
1.822		0.0711667
1.823		0.071103
1.824		0.0710394
1.825		0.0709759
1.826		0.0709125
1.827		0.0708492
1.828		0.0707859
1.829		0.0707228
1.83		0.0706597
1.831		0.0705966
1.832		0.0705337
1.833		0.0704709
1.834		0.0704081
1.835		0.0703454
1.836		0.0702828
1.837		0.0702202
1.838		0.0701578
1.839		0.0700954
1.84		0.0700331
1.841		0.0699709
1.842		0.0699087
1.843		0.0698466
1.844		0.0697846
1.845		0.0697227
1.846		0.0696609
1.847		0.0695991
1.848		0.0695375
1.849		0.0694759
1.85		0.0694143
1.851		0.0693529
1.852		0.0692915
1.853		0.0692302
1.854		0.069169
1.855		0.0691079
1.856		0.0690468
1.857		0.0689858
1.858		0.0689249
1.859		0.0688641
1.86		0.0688033
1.861		0.0687426
1.862		0.068682
1.863		0.0686215
1.864		0.0685611
1.865		0.0685007
1.866		0.0684404
1.867		0.0683801
1.868		0.06832
1.869		0.0682599
1.87		0.0681999
1.871		0.06814
1.872		0.0680801
1.873		0.0680204
1.874		0.0679607
1.875		0.067901
1.876		0.0678415
1.877		0.067782
1.878		0.0677226
1.879		0.0676632
1.88		0.067604
1.881		0.0675448
1.882		0.0674857
1.883		0.0674266
1.884		0.0673677
1.885		0.0673088
1.886		0.06725
1.887		0.0671912
1.888		0.0671326
1.889		0.067074
1.89		0.0670154
1.891		0.066957
1.892		0.0668986
1.893		0.0668403
1.894		0.066782
1.895		0.0667239
1.896		0.0666658
1.897		0.0666078
1.898		0.0665498
1.899		0.0664919
1.9		0.0664341
1.901		0.0663764
1.902		0.0663187
1.903		0.0662611
1.904		0.0662036
1.905		0.0661462
1.906		0.0660888
1.907		0.0660315
1.908		0.0659742
1.909		0.0659171
1.91		0.06586
1.911		0.0658029
1.912		0.065746
1.913		0.0656891
1.914		0.0656323
1.915		0.0655755
1.916		0.0655189
1.917		0.0654623
1.918		0.0654057
1.919		0.0653492
1.92		0.0652929
1.921		0.0652365
1.922		0.0651803
1.923		0.0651241
1.924		0.0650679
1.925		0.0650119
1.926		0.0649559
1.927		0.0649
1.928		0.0648441
1.929		0.0647884
1.93		0.0647327
1.931		0.064677
1.932		0.0646214
1.933		0.0645659
1.934		0.0645105
1.935		0.0644551
1.936		0.0643998
1.937		0.0643446
1.938		0.0642894
1.939		0.0642343
1.94		0.0641793
1.941		0.0641243
1.942		0.0640694
1.943		0.0640146
1.944		0.0639598
1.945		0.0639051
1.946		0.0638505
1.947		0.0637959
1.948		0.0637414
1.949		0.063687
1.95		0.0636326
1.951		0.0635783
1.952		0.0635241
1.953		0.0634699
1.954		0.0634158
1.955		0.0633618
1.956		0.0633078
1.957		0.0632539
1.958		0.0632001
1.959		0.0631463
1.96		0.0630926
1.961		0.063039
1.962		0.0629854
1.963		0.0629319
1.964		0.0628784
1.965		0.062825
1.966		0.0627717
1.967		0.0627185
1.968		0.0626653
1.969		0.0626121
1.97		0.0625591
1.971		0.0625061
1.972		0.0624532
1.973		0.0624003
1.974		0.0623475
1.975		0.0622947
1.976		0.0622421
1.977		0.0621894
1.978		0.0621369
1.979		0.0620844
1.98		0.062032
1.981		0.0619796
1.982		0.0619273
1.983		0.0618751
1.984		0.0618229
1.985		0.0617708
1.986		0.0617188
1.987		0.0616668
1.988		0.0616149
1.989		0.061563
1.99		0.0615112
1.991		0.0614595
1.992		0.0614078
1.993		0.0613562
1.994		0.0613046
1.995		0.0612532
1.996		0.0612017
1.997		0.0611504
1.998		0.0610991
1.999		0.0610478
2		0.0609967
2.001		0.0609455
2.002		0.0608945
2.003		0.0608435
2.004		0.0607926
2.005		0.0607417
2.006		0.0606909
2.007		0.0606401
2.008		0.0605894
2.009		0.0605388
2.01		0.0604882
2.011		0.0604377
2.012		0.0603873
2.013		0.0603369
2.014		0.0602866
2.015		0.0602363
2.016		0.0601861
2.017		0.0601359
2.018		0.0600859
2.019		0.0600358
2.02		0.0599859
2.021		0.059936
2.022		0.0598861
2.023		0.0598363
2.024		0.0597866
2.025		0.0597369
2.026		0.0596873
2.027		0.0596377
2.028		0.0595882
2.029		0.0595388
2.03		0.0594894
2.031		0.0594401
2.032		0.0593909
2.033		0.0593417
2.034		0.0592925
2.035		0.0592434
2.036		0.0591944
2.037		0.0591454
2.038		0.0590965
2.039		0.0590477
2.04		0.0589989
2.041		0.0589501
2.042		0.0589015
2.043		0.0588528
2.044		0.0588043
2.045		0.0587558
2.046		0.0587073
2.047		0.0586589
2.048		0.0586106
2.049		0.0585623
2.05		0.0585141
2.051		0.0584659
2.052		0.0584178
2.053		0.0583698
2.054		0.0583218
2.055		0.0582738
2.056		0.0582259
2.057		0.0581781
2.058		0.0581303
2.059		0.0580826
2.06		0.058035
2.061		0.0579874
2.062		0.0579398
2.063		0.0578923
2.064		0.0578449
2.065		0.0577975
2.066		0.0577502
2.067		0.0577029
2.068		0.0576557
2.069		0.0576086
2.07		0.0575615
2.071		0.0575144
2.072		0.0574675
2.073		0.0574205
2.074		0.0573736
2.075		0.0573268
2.076		0.05728
2.077		0.0572333
2.078		0.0571867
2.079		0.0571401
2.08		0.0570935
2.081		0.057047
2.082		0.0570006
2.083		0.0569542
2.084		0.0569079
2.085		0.0568616
2.086		0.0568153
2.087		0.0567692
2.088		0.0567231
2.089		0.056677
2.09		0.056631
2.091		0.056585
2.092		0.0565391
2.093		0.0564933
2.094		0.0564475
2.095		0.0564017
2.096		0.056356
2.097		0.0563104
2.098		0.0562648
2.099		0.0562193
2.1		0.0561738
2.101		0.0561284
2.102		0.056083
2.103		0.0560377
2.104		0.0559924
2.105		0.0559472
2.106		0.0559021
2.107		0.0558569
2.108		0.0558119
2.109		0.0557669
2.11		0.0557219
2.111		0.055677
2.112		0.0556322
2.113		0.0555874
2.114		0.0555426
2.115		0.0554979
2.116		0.0554533
2.117		0.0554087
2.118		0.0553642
2.119		0.0553197
2.12		0.0552753
2.121		0.0552309
2.122		0.0551865
2.123		0.0551423
2.124		0.055098
2.125		0.0550538
2.126		0.0550097
2.127		0.0549656
2.128		0.0549216
2.129		0.0548776
2.13		0.0548337
2.131		0.0547898
2.132		0.054746
2.133		0.0547022
2.134		0.0546585
2.135		0.0546148
2.136		0.0545712
2.137		0.0545276
2.138		0.0544841
2.139		0.0544406
2.14		0.0543972
2.141		0.0543538
2.142		0.0543105
2.143		0.0542672
2.144		0.054224
2.145		0.0541808
2.146		0.0541377
2.147		0.0540946
2.148		0.0540516
2.149		0.0540086
2.15		0.0539657
2.151		0.0539228
2.152		0.05388
2.153		0.0538372
2.154		0.0537945
2.155		0.0537518
2.156		0.0537092
2.157		0.0536666
2.158		0.053624
2.159		0.0535815
2.16		0.0535391
2.161		0.0534967
2.162		0.0534544
2.163		0.0534121
2.164		0.0533698
2.165		0.0533276
2.166		0.0532855
2.167		0.0532434
2.168		0.0532013
2.169		0.0531593
2.17		0.0531173
2.171		0.0530754
2.172		0.0530336
2.173		0.0529917
2.174		0.05295
2.175		0.0529082
2.176		0.0528666
2.177		0.0528249
2.178		0.0527834
2.179		0.0527418
2.18		0.0527003
2.181		0.0526589
2.182		0.0526175
2.183		0.0525762
2.184		0.0525349
2.185		0.0524936
2.186		0.0524524
2.187		0.0524113
2.188		0.0523701
2.189		0.0523291
2.19		0.0522881
2.191		0.0522471
2.192		0.0522062
2.193		0.0521653
2.194		0.0521244
2.195		0.0520837
2.196		0.0520429
2.197		0.0520022
2.198		0.0519616
2.199		0.051921
2.2		0.0518804
2.201		0.0518399
2.202		0.0517994
2.203		0.051759
2.204		0.0517186
2.205		0.0516783
2.206		0.051638
2.207		0.0515978
2.208		0.0515576
2.209		0.0515174
2.21		0.0514773
2.211		0.0514373
2.212		0.0513972
2.213		0.0513573
2.214		0.0513173
2.215		0.0512775
2.216		0.0512376
2.217		0.0511978
2.218		0.0511581
2.219		0.0511184
2.22		0.0510787
2.221		0.0510391
2.222		0.0509995
2.223		0.05096
2.224		0.0509205
2.225		0.0508811
2.226		0.0508417
2.227		0.0508024
2.228		0.0507631
2.229		0.0507238
2.23		0.0506846
2.231		0.0506454
2.232		0.0506063
2.233		0.0505672
2.234		0.0505282
2.235		0.0504892
2.236		0.0504502
2.237		0.0504113
2.238		0.0503724
2.239		0.0503336
2.24		0.0502948
2.241		0.0502561
2.242		0.0502174
2.243		0.0501787
2.244		0.0501401
2.245		0.0501016
2.246		0.050063
2.247		0.0500245
2.248		0.0499861
2.249		0.0499477
2.25		0.0499094
2.251		0.049871
2.252		0.0498328
2.253		0.0497946
2.254		0.0497564
2.255		0.0497182
2.256		0.0496801
2.257		0.0496421
2.258		0.0496041
2.259		0.0495661
2.26		0.0495282
2.261		0.0494903
2.262		0.0494524
2.263		0.0494146
2.264		0.0493769
2.265		0.0493391
2.266		0.0493015
2.267		0.0492638
2.268		0.0492262
2.269		0.0491887
2.27		0.0491512
2.271		0.0491137
2.272		0.0490762
2.273		0.0490389
2.274		0.0490015
2.275		0.0489642
2.276		0.0489269
2.277		0.0488897
2.278		0.0488525
2.279		0.0488154
2.28		0.0487783
2.281		0.0487412
2.282		0.0487042
2.283		0.0486672
2.284		0.0486303
2.285		0.0485934
2.286		0.0485565
2.287		0.0485197
2.288		0.0484829
2.289		0.0484462
2.29		0.0484095
2.291		0.0483728
2.292		0.0483362
2.293		0.0482996
2.294		0.0482631
2.295		0.0482266
2.296		0.0481901
2.297		0.0481537
2.298		0.0481173
2.299		0.048081
2.3		0.0480447
2.301		0.0480085
2.302		0.0479722
2.303		0.0479361
2.304		0.0478999
2.305		0.0478638
2.306		0.0478278
2.307		0.0477917
2.308		0.0477557
2.309		0.0477198
2.31		0.0476839
2.311		0.047648
2.312		0.0476122
2.313		0.0475764
2.314		0.0475407
2.315		0.047505
2.316		0.0474693
2.317		0.0474337
2.318		0.0473981
2.319		0.0473625
2.32		0.047327
2.321		0.0472915
2.322		0.0472561
2.323		0.0472207
2.324		0.0471853
2.325		0.04715
2.326		0.0471147
2.327		0.0470795
2.328		0.0470443
2.329		0.0470091
2.33		0.046974
2.331		0.0469389
2.332		0.0469038
2.333		0.0468688
2.334		0.0468338
2.335		0.0467989
2.336		0.046764
2.337		0.0467291
2.338		0.0466943
2.339		0.0466595
2.34		0.0466247
2.341		0.04659
2.342		0.0465553
2.343		0.0465207
2.344		0.0464861
2.345		0.0464515
2.346		0.046417
2.347		0.0463825
2.348		0.046348
2.349		0.0463136
2.35		0.0462792
2.351		0.0462449
2.352		0.0462106
2.353		0.0461763
2.354		0.0461421
2.355		0.0461079
2.356		0.0460737
2.357		0.0460396
2.358		0.0460055
2.359		0.0459714
2.36		0.0459374
2.361		0.0459035
2.362		0.0458695
2.363		0.0458356
2.364		0.0458017
2.365		0.0457679
2.366		0.0457341
2.367		0.0457003
2.368		0.0456666
2.369		0.0456329
2.37		0.0455993
2.371		0.0455657
2.372		0.0455321
2.373		0.0454985
2.374		0.045465
2.375		0.0454316
2.376		0.0453981
2.377		0.0453647
2.378		0.0453314
2.379		0.045298
2.38		0.0452647
2.381		0.0452315
2.382		0.0451983
2.383		0.0451651
2.384		0.0451319
2.385		0.0450988
2.386		0.0450657
2.387		0.0450327
2.388		0.0449997
2.389		0.0449667
2.39		0.0449337
2.391		0.0449008
2.392		0.044868
2.393		0.0448351
2.394		0.0448023
2.395		0.0447696
2.396		0.0447368
2.397		0.0447041
2.398		0.0446715
2.399		0.0446388
2.4		0.0446062
2.401		0.0445737
2.402		0.0445412
2.403		0.0445087
2.404		0.0444762
2.405		0.0444438
2.406		0.0444114
2.407		0.0443791
2.408		0.0443467
2.409		0.0443144
2.41		0.0442822
2.411		0.04425
2.412		0.0442178
2.413		0.0441857
2.414		0.0441535
2.415		0.0441215
2.416		0.0440894
2.417		0.0440574
2.418		0.0440254
2.419		0.0439935
2.42		0.0439616
2.421		0.0439297
2.422		0.0438978
2.423		0.043866
2.424		0.0438343
2.425		0.0438025
2.426		0.0437708
2.427		0.0437391
2.428		0.0437075
2.429		0.0436759
2.43		0.0436443
2.431		0.0436127
2.432		0.0435812
2.433		0.0435498
2.434		0.0435183
2.435		0.0434869
2.436		0.0434555
2.437		0.0434242
2.438		0.0433929
2.439		0.0433616
2.44		0.0433303
2.441		0.0432991
2.442		0.0432679
2.443		0.0432368
2.444		0.0432057
2.445		0.0431746
2.446		0.0431435
2.447		0.0431125
2.448		0.0430815
2.449		0.0430506
2.45		0.0430196
2.451		0.0429887
2.452		0.0429579
2.453		0.0429271
2.454		0.0428963
2.455		0.0428655
2.456		0.0428348
2.457		0.0428041
2.458		0.0427734
2.459		0.0427428
2.46		0.0427122
2.461		0.0426816
2.462		0.0426511
2.463		0.0426206
2.464		0.0425901
2.465		0.0425596
2.466		0.0425292
2.467		0.0424988
2.468		0.0424685
2.469		0.0424382
2.47		0.0424079
2.471		0.0423776
2.472		0.0423474
2.473		0.0423172
2.474		0.0422871
2.475		0.0422569
2.476		0.0422268
2.477		0.0421968
2.478		0.0421667
2.479		0.0421367
2.48		0.0421068
2.481		0.0420768
2.482		0.0420469
2.483		0.042017
2.484		0.0419872
2.485		0.0419574
2.486		0.0419276
2.487		0.0418978
2.488		0.0418681
2.489		0.0418384
2.49		0.0418087
2.491		0.0417791
2.492		0.0417495
2.493		0.0417199
2.494		0.0416904
2.495		0.0416609
2.496		0.0416314
2.497		0.0416019
2.498		0.0415725
2.499		0.0415431
2.5		0.0415138
2.501		0.0414844
2.502		0.0414551
2.503		0.0414259
2.504		0.0413966
2.505		0.0413674
2.506		0.0413382
2.507		0.0413091
2.508		0.04128
2.509		0.0412509
2.51		0.0412218
2.511		0.0411928
2.512		0.0411638
2.513		0.0411348
2.514		0.0411059
2.515		0.0410769
2.516		0.0410481
2.517		0.0410192
2.518		0.0409904
2.519		0.0409616
2.52		0.0409328
2.521		0.0409041
2.522		0.0408754
2.523		0.0408467
2.524		0.0408181
2.525		0.0407894
2.526		0.0407609
2.527		0.0407323
2.528		0.0407038
2.529		0.0406753
2.53		0.0406468
2.531		0.0406183
2.532		0.0405899
2.533		0.0405615
2.534		0.0405332
2.535		0.0405049
2.536		0.0404766
2.537		0.0404483
2.538		0.0404201
2.539		0.0403918
2.54		0.0403637
2.541		0.0403355
2.542		0.0403074
2.543		0.0402793
2.544		0.0402512
2.545		0.0402232
2.546		0.0401952
2.547		0.0401672
2.548		0.0401392
2.549		0.0401113
2.55		0.0400834
2.551		0.0400555
2.552		0.0400277
2.553		0.0399999
2.554		0.0399721
2.555		0.0399443
2.556		0.0399166
2.557		0.0398889
2.558		0.0398612
2.559		0.0398336
2.56		0.0398059
2.561		0.0397784
2.562		0.0397508
2.563		0.0397233
2.564		0.0396957
2.565		0.0396683
2.566		0.0396408
2.567		0.0396134
2.568		0.039586
2.569		0.0395586
2.57		0.0395313
2.571		0.039504
2.572		0.0394767
2.573		0.0394494
2.574		0.0394222
2.575		0.039395
2.576		0.0393678
2.577		0.0393407
2.578		0.0393136
2.579		0.0392865
2.58		0.0392594
2.581		0.0392324
2.582		0.0392053
2.583		0.0391784
2.584		0.0391514
2.585		0.0391245
2.586		0.0390976
2.587		0.0390707
2.588		0.0390438
2.589		0.039017
2.59		0.0389902
2.591		0.0389634
2.592		0.0389367
2.593		0.03891
2.594		0.0388833
2.595		0.0388566
2.596		0.03883
2.597		0.0388034
2.598		0.0387768
2.599		0.0387502
2.6		0.0387237
2.601		0.0386972
2.602		0.0386707
2.603		0.0386443
2.604		0.0386179
2.605		0.0385915
2.606		0.0385651
2.607		0.0385387
2.608		0.0385124
2.609		0.0384861
2.61		0.0384599
2.611		0.0384336
2.612		0.0384074
2.613		0.0383812
2.614		0.0383551
2.615		0.0383289
2.616		0.0383028
2.617		0.0382767
2.618		0.0382507
2.619		0.0382246
2.62		0.0381986
2.621		0.0381727
2.622		0.0381467
2.623		0.0381208
2.624		0.0380949
2.625		0.038069
2.626		0.0380431
2.627		0.0380173
2.628		0.0379915
2.629		0.0379657
2.63		0.03794
2.631		0.0379143
2.632		0.0378886
2.633		0.0378629
2.634		0.0378372
2.635		0.0378116
2.636		0.037786
2.637		0.0377604
2.638		0.0377349
2.639		0.0377094
2.64		0.0376839
2.641		0.0376584
2.642		0.037633
2.643		0.0376075
2.644		0.0375821
2.645		0.0375568
2.646		0.0375314
2.647		0.0375061
2.648		0.0374808
2.649		0.0374555
2.65		0.0374303
2.651		0.0374051
2.652		0.0373799
2.653		0.0373547
2.654		0.0373296
2.655		0.0373044
2.656		0.0372793
2.657		0.0372543
2.658		0.0372292
2.659		0.0372042
2.66		0.0371792
2.661		0.0371542
2.662		0.0371293
2.663		0.0371043
2.664		0.0370794
2.665		0.0370546
2.666		0.0370297
2.667		0.0370049
2.668		0.0369801
2.669		0.0369553
2.67		0.0369305
2.671		0.0369058
2.672		0.0368811
2.673		0.0368564
2.674		0.0368318
2.675		0.0368071
2.676		0.0367825
2.677		0.0367579
2.678		0.0367334
2.679		0.0367088
2.68		0.0366843
2.681		0.0366598
2.682		0.0366354
2.683		0.0366109
2.684		0.0365865
2.685		0.0365621
2.686		0.0365377
2.687		0.0365134
2.688		0.0364891
2.689		0.0364648
2.69		0.0364405
2.691		0.0364162
2.692		0.036392
2.693		0.0363678
2.694		0.0363436
2.695		0.0363194
2.696		0.0362953
2.697		0.0362712
2.698		0.0362471
2.699		0.036223
2.7		0.036199
2.701		0.036175
2.702		0.036151
2.703		0.036127
2.704		0.0361031
2.705		0.0360791
2.706		0.0360552
2.707		0.0360314
2.708		0.0360075
2.709		0.0359837
2.71		0.0359599
2.711		0.0359361
2.712		0.0359123
2.713		0.0358886
2.714		0.0358648
2.715		0.0358412
2.716		0.0358175
2.717		0.0357938
2.718		0.0357702
2.719		0.0357466
2.72		0.035723
2.721		0.0356995
2.722		0.0356759
2.723		0.0356524
2.724		0.0356289
2.725		0.0356055
2.726		0.035582
2.727		0.0355586
2.728		0.0355352
2.729		0.0355118
2.73		0.0354885
2.731		0.0354651
2.732		0.0354418
2.733		0.0354185
2.734		0.0353953
2.735		0.035372
2.736		0.0353488
2.737		0.0353256
2.738		0.0353024
2.739		0.0352793
2.74		0.0352561
2.741		0.035233
2.742		0.0352099
2.743		0.0351869
2.744		0.0351638
2.745		0.0351408
2.746		0.0351178
2.747		0.0350948
2.748		0.0350719
2.749		0.0350489
2.75		0.035026
2.751		0.0350031
2.752		0.0349803
2.753		0.0349574
2.754		0.0349346
2.755		0.0349118
2.756		0.034889
2.757		0.0348663
2.758		0.0348435
2.759		0.0348208
2.76		0.0347981
2.761		0.0347755
2.762		0.0347528
2.763		0.0347302
2.764		0.0347076
2.765		0.034685
2.766		0.0346624
2.767		0.0346399
2.768		0.0346174
2.769		0.0345949
2.77		0.0345724
2.771		0.0345499
2.772		0.0345275
2.773		0.0345051
2.774		0.0344827
2.775		0.0344603
2.776		0.034438
2.777		0.0344156
2.778		0.0343933
2.779		0.034371
2.78		0.0343488
2.781		0.0343265
2.782		0.0343043
2.783		0.0342821
2.784		0.0342599
2.785		0.0342378
2.786		0.0342156
2.787		0.0341935
2.788		0.0341714
2.789		0.0341493
2.79		0.0341273
2.791		0.0341052
2.792		0.0340832
2.793		0.0340612
2.794		0.0340393
2.795		0.0340173
2.796		0.0339954
2.797		0.0339735
2.798		0.0339516
2.799		0.0339297
2.8		0.0339079
2.801		0.033886
2.802		0.0338642
2.803		0.0338424
2.804		0.0338207
2.805		0.0337989
2.806		0.0337772
2.807		0.0337555
2.808		0.0337338
2.809		0.0337121
2.81		0.0336905
2.811		0.0336689
2.812		0.0336473
2.813		0.0336257
2.814		0.0336041
2.815		0.0335826
2.816		0.0335611
2.817		0.0335396
2.818		0.0335181
2.819		0.0334966
2.82		0.0334752
2.821		0.0334538
2.822		0.0334324
2.823		0.033411
2.824		0.0333896
2.825		0.0333683
2.826		0.033347
2.827		0.0333257
2.828		0.0333044
2.829		0.0332831
2.83		0.0332619
2.831		0.0332406
2.832		0.0332194
2.833		0.0331983
2.834		0.0331771
2.835		0.033156
2.836		0.0331348
2.837		0.0331137
2.838		0.0330927
2.839		0.0330716
2.84		0.0330505
2.841		0.0330295
2.842		0.0330085
2.843		0.0329875
2.844		0.0329666
2.845		0.0329456
2.846		0.0329247
2.847		0.0329038
2.848		0.0328829
2.849		0.032862
2.85		0.0328412
2.851		0.0328204
2.852		0.0327995
2.853		0.0327788
2.854		0.032758
2.855		0.0327372
2.856		0.0327165
2.857		0.0326958
2.858		0.0326751
2.859		0.0326544
2.86		0.0326338
2.861		0.0326131
2.862		0.0325925
2.863		0.0325719
2.864		0.0325513
2.865		0.0325308
2.866		0.0325102
2.867		0.0324897
2.868		0.0324692
2.869		0.0324487
2.87		0.0324283
2.871		0.0324078
2.872		0.0323874
2.873		0.032367
2.874		0.0323466
2.875		0.0323262
2.876		0.0323059
2.877		0.0322855
2.878		0.0322652
2.879		0.0322449
2.88		0.0322246
2.881		0.0322044
2.882		0.0321841
2.883		0.0321639
2.884		0.0321437
2.885		0.0321235
2.886		0.0321034
2.887		0.0320832
2.888		0.0320631
2.889		0.032043
2.89		0.0320229
2.891		0.0320028
2.892		0.0319828
2.893		0.0319627
2.894		0.0319427
2.895		0.0319227
2.896		0.0319027
2.897		0.0318828
2.898		0.0318628
2.899		0.0318429
2.9		0.031823
2.901		0.0318031
2.902		0.0317832
2.903		0.0317634
2.904		0.0317435
2.905		0.0317237
2.906		0.0317039
2.907		0.0316841
2.908		0.0316644
2.909		0.0316446
2.91		0.0316249
2.911		0.0316052
2.912		0.0315855
2.913		0.0315658
2.914		0.0315462
2.915		0.0315266
2.916		0.0315069
2.917		0.0314873
2.918		0.0314678
2.919		0.0314482
2.92		0.0314286
2.921		0.0314091
2.922		0.0313896
2.923		0.0313701
2.924		0.0313506
2.925		0.0313312
2.926		0.0313117
2.927		0.0312923
2.928		0.0312729
2.929		0.0312535
2.93		0.0312342
2.931		0.0312148
2.932		0.0311955
2.933		0.0311762
2.934		0.0311569
2.935		0.0311376
2.936		0.0311183
2.937		0.0310991
2.938		0.0310798
2.939		0.0310606
2.94		0.0310414
2.941		0.0310222
2.942		0.0310031
2.943		0.0309839
2.944		0.0309648
2.945		0.0309457
2.946		0.0309266
2.947		0.0309076
2.948		0.0308885
2.949		0.0308695
2.95		0.0308504
2.951		0.0308314
2.952		0.0308124
2.953		0.0307935
2.954		0.0307745
2.955		0.0307556
2.956		0.0307367
2.957		0.0307178
2.958		0.0306989
2.959		0.03068
2.96		0.0306612
2.961		0.0306423
2.962		0.0306235
2.963		0.0306047
2.964		0.0305859
2.965		0.0305672
2.966		0.0305484
2.967		0.0305297
2.968		0.030511
2.969		0.0304923
2.97		0.0304736
2.971		0.0304549
2.972		0.0304363
2.973		0.0304177
2.974		0.030399
2.975		0.0303805
2.976		0.0303619
2.977		0.0303433
2.978		0.0303248
2.979		0.0303062
2.98		0.0302877
2.981		0.0302692
2.982		0.0302507
2.983		0.0302323
2.984		0.0302138
2.985		0.0301954
2.986		0.030177
2.987		0.0301586
2.988		0.0301402
2.989		0.0301218
2.99		0.0301035
2.991		0.0300852
2.992		0.0300668
2.993		0.0300485
2.994		0.0300303
2.995		0.030012
2.996		0.0299937
2.997		0.0299755
2.998		0.0299573
2.999		0.0299391
3		0.0299209
3.001		0.0299027
3.002		0.0298846
3.003		0.0298664
3.004		0.0298483
3.005		0.0298302
3.006		0.0298121
3.007		0.0297941
3.008		0.029776
3.009		0.029758
3.01		0.0297399
3.011		0.0297219
3.012		0.0297039
3.013		0.029686
3.014		0.029668
3.015		0.0296501
3.016		0.0296321
3.017		0.0296142
3.018		0.0295963
3.019		0.0295784
3.02		0.0295606
3.021		0.0295427
3.022		0.0295249
3.023		0.0295071
3.024		0.0294893
3.025		0.0294715
3.026		0.0294537
3.027		0.029436
3.028		0.0294182
3.029		0.0294005
3.03		0.0293828
3.031		0.0293651
3.032		0.0293474
3.033		0.0293298
3.034		0.0293121
3.035		0.0292945
3.036		0.0292769
3.037		0.0292593
3.038		0.0292417
3.039		0.0292241
3.04		0.0292066
3.041		0.0291891
3.042		0.0291715
3.043		0.029154
3.044		0.0291366
3.045		0.0291191
3.046		0.0291016
3.047		0.0290842
3.048		0.0290667
3.049		0.0290493
3.05		0.0290319
3.051		0.0290146
3.052		0.0289972
3.053		0.0289798
3.054		0.0289625
3.055		0.0289452
3.056		0.0289279
3.057		0.0289106
3.058		0.0288933
3.059		0.0288761
3.06		0.0288588
3.061		0.0288416
3.062		0.0288244
3.063		0.0288072
3.064		0.02879
3.065		0.0287728
3.066		0.0287557
3.067		0.0287385
3.068		0.0287214
3.069		0.0287043
3.07		0.0286872
3.071		0.0286701
3.072		0.0286531
3.073		0.028636
3.074		0.028619
3.075		0.028602
3.076		0.0285849
3.077		0.028568
3.078		0.028551
3.079		0.028534
3.08		0.0285171
3.081		0.0285002
3.082		0.0284832
3.083		0.0284663
3.084		0.0284494
3.085		0.0284326
3.086		0.0284157
3.087		0.0283989
3.088		0.0283821
3.089		0.0283652
3.09		0.0283484
3.091		0.0283317
3.092		0.0283149
3.093		0.0282981
3.094		0.0282814
3.095		0.0282647
3.096		0.028248
3.097		0.0282313
3.098		0.0282146
3.099		0.0281979
3.1		0.0281813
3.101		0.0281646
3.102		0.028148
3.103		0.0281314
3.104		0.0281148
3.105		0.0280982
3.106		0.0280817
3.107		0.0280651
3.108		0.0280486
3.109		0.028032
3.11		0.0280155
3.111		0.027999
3.112		0.0279826
3.113		0.0279661
3.114		0.0279496
3.115		0.0279332
3.116		0.0279168
3.117		0.0279004
3.118		0.027884
3.119		0.0278676
3.12		0.0278512
3.121		0.0278349
3.122		0.0278185
3.123		0.0278022
3.124		0.0277859
3.125		0.0277696
3.126		0.0277533
3.127		0.0277371
3.128		0.0277208
3.129		0.0277046
3.13		0.0276884
3.131		0.0276721
3.132		0.0276559
3.133		0.0276398
3.134		0.0276236
3.135		0.0276074
3.136		0.0275913
3.137		0.0275752
3.138		0.0275591
3.139		0.027543
3.14		0.0275269
3.141		0.0275108
3.142		0.0274947
3.143		0.0274787
3.144		0.0274627
3.145		0.0274466
3.146		0.0274306
3.147		0.0274146
3.148		0.0273987
3.149		0.0273827
3.15		0.0273668
3.151		0.0273508
3.152		0.0273349
3.153		0.027319
3.154		0.0273031
3.155		0.0272872
3.156		0.0272714
3.157		0.0272555
3.158		0.0272397
3.159		0.0272238
3.16		0.027208
3.161		0.0271922
3.162		0.0271764
3.163		0.0271607
3.164		0.0271449
3.165		0.0271292
3.166		0.0271134
3.167		0.0270977
3.168		0.027082
3.169		0.0270663
3.17		0.0270506
3.171		0.027035
3.172		0.0270193
3.173		0.0270037
3.174		0.0269881
3.175		0.0269724
3.176		0.0269568
3.177		0.0269413
3.178		0.0269257
3.179		0.0269101
3.18		0.0268946
3.181		0.0268791
3.182		0.0268635
3.183		0.026848
3.184		0.0268325
3.185		0.0268171
3.186		0.0268016
3.187		0.0267861
3.188		0.0267707
3.189		0.0267553
3.19		0.0267399
3.191		0.0267245
3.192		0.0267091
3.193		0.0266937
3.194		0.0266783
3.195		0.026663
3.196		0.0266477
3.197		0.0266323
3.198		0.026617
3.199		0.0266017
3.2		0.0265864
3.201		0.0265712
3.202		0.0265559
3.203		0.0265407
3.204		0.0265254
3.205		0.0265102
3.206		0.026495
3.207		0.0264798
3.208		0.0264646
3.209		0.0264495
3.21		0.0264343
3.211		0.0264192
3.212		0.026404
3.213		0.0263889
3.214		0.0263738
3.215		0.0263587
3.216		0.0263437
3.217		0.0263286
3.218		0.0263135
3.219		0.0262985
3.22		0.0262835
3.221		0.0262684
3.222		0.0262534
3.223		0.0262385
3.224		0.0262235
3.225		0.0262085
3.226		0.0261936
3.227		0.0261786
3.228		0.0261637
3.229		0.0261488
3.23		0.0261339
3.231		0.026119
3.232		0.0261041
3.233		0.0260892
3.234		0.0260744
3.235		0.0260596
3.236		0.0260447
3.237		0.0260299
3.238		0.0260151
3.239		0.0260003
3.24		0.0259855
3.241		0.0259708
3.242		0.025956
3.243		0.0259413
3.244		0.0259266
3.245		0.0259118
3.246		0.0258971
3.247		0.0258825
3.248		0.0258678
3.249		0.0258531
3.25		0.0258385
3.251		0.0258238
3.252		0.0258092
3.253		0.0257946
3.254		0.02578
3.255		0.0257654
3.256		0.0257508
3.257		0.0257362
3.258		0.0257217
3.259		0.0257071
3.26		0.0256926
3.261		0.0256781
3.262		0.0256636
3.263		0.0256491
3.264		0.0256346
3.265		0.0256201
3.266		0.0256056
3.267		0.0255912
3.268		0.0255768
3.269		0.0255623
3.27		0.0255479
3.271		0.0255335
3.272		0.0255191
3.273		0.0255048
3.274		0.0254904
3.275		0.025476
3.276		0.0254617
3.277		0.0254474
3.278		0.0254331
3.279		0.0254187
3.28		0.0254045
3.281		0.0253902
3.282		0.0253759
3.283		0.0253616
3.284		0.0253474
3.285		0.0253332
3.286		0.0253189
3.287		0.0253047
3.288		0.0252905
3.289		0.0252763
3.29		0.0252622
3.291		0.025248
3.292		0.0252339
3.293		0.0252197
3.294		0.0252056
3.295		0.0251915
3.296		0.0251774
3.297		0.0251633
3.298		0.0251492
3.299		0.0251351
3.3		0.0251211
3.301		0.025107
3.302		0.025093
3.303		0.025079
3.304		0.0250649
3.305		0.0250509
3.306		0.025037
3.307		0.025023
3.308		0.025009
3.309		0.0249951
3.31		0.0249811
3.311		0.0249672
3.312		0.0249533
3.313		0.0249394
3.314		0.0249255
3.315		0.0249116
3.316		0.0248977
3.317		0.0248838
3.318		0.02487
3.319		0.0248561
3.32		0.0248423
3.321		0.0248285
3.322		0.0248147
3.323		0.0248009
3.324		0.0247871
3.325		0.0247733
3.326		0.0247596
3.327		0.0247458
3.328		0.0247321
3.329		0.0247184
3.33		0.0247046
3.331		0.0246909
3.332		0.0246772
3.333		0.0246636
3.334		0.0246499
3.335		0.0246362
3.336		0.0246226
3.337		0.0246089
3.338		0.0245953
3.339		0.0245817
3.34		0.0245681
3.341		0.0245545
3.342		0.0245409
3.343		0.0245274
3.344		0.0245138
3.345		0.0245002
3.346		0.0244867
3.347		0.0244732
3.348		0.0244597
3.349		0.0244462
3.35		0.0244327
3.351		0.0244192
3.352		0.0244057
3.353		0.0243923
3.354		0.0243788
3.355		0.0243654
3.356		0.0243519
3.357		0.0243385
3.358		0.0243251
3.359		0.0243117
3.36		0.0242983
3.361		0.024285
3.362		0.0242716
3.363		0.0242582
3.364		0.0242449
3.365		0.0242316
3.366		0.0242182
3.367		0.0242049
3.368		0.0241916
3.369		0.0241784
3.37		0.0241651
3.371		0.0241518
3.372		0.0241386
3.373		0.0241253
3.374		0.0241121
3.375		0.0240989
3.376		0.0240856
3.377		0.0240724
3.378		0.0240593
3.379		0.0240461
3.38		0.0240329
3.381		0.0240197
3.382		0.0240066
3.383		0.0239935
3.384		0.0239803
3.385		0.0239672
3.386		0.0239541
3.387		0.023941
3.388		0.0239279
3.389		0.0239149
3.39		0.0239018
3.391		0.0238887
3.392		0.0238757
3.393		0.0238627
3.394		0.0238496
3.395		0.0238366
3.396		0.0238236
3.397		0.0238106
3.398		0.0237977
3.399		0.0237847
3.4		0.0237717
3.401		0.0237588
3.402		0.0237459
3.403		0.0237329
3.404		0.02372
3.405		0.0237071
3.406		0.0236942
3.407		0.0236813
3.408		0.0236684
3.409		0.0236556
3.41		0.0236427
3.411		0.0236299
3.412		0.023617
3.413		0.0236042
3.414		0.0235914
3.415		0.0235786
3.416		0.0235658
3.417		0.023553
3.418		0.0235403
3.419		0.0235275
3.42		0.0235147
3.421		0.023502
3.422		0.0234893
3.423		0.0234765
3.424		0.0234638
3.425		0.0234511
3.426		0.0234384
3.427		0.0234258
3.428		0.0234131
3.429		0.0234004
3.43		0.0233878
3.431		0.0233751
3.432		0.0233625
3.433		0.0233499
3.434		0.0233373
3.435		0.0233247
3.436		0.0233121
3.437		0.0232995
3.438		0.0232869
3.439		0.0232744
3.44		0.0232618
3.441		0.0232493
3.442		0.0232367
3.443		0.0232242
3.444		0.0232117
3.445		0.0231992
3.446		0.0231867
3.447		0.0231742
3.448		0.0231618
3.449		0.0231493
3.45		0.0231369
3.451		0.0231244
3.452		0.023112
3.453		0.0230996
3.454		0.0230872
3.455		0.0230748
3.456		0.0230624
3.457		0.02305
3.458		0.0230376
3.459		0.0230252
3.46		0.0230129
3.461		0.0230005
3.462		0.0229882
3.463		0.0229759
3.464		0.0229636
3.465		0.0229513
3.466		0.022939
3.467		0.0229267
3.468		0.0229144
3.469		0.0229022
3.47		0.0228899
3.471		0.0228777
3.472		0.0228654
3.473		0.0228532
3.474		0.022841
3.475		0.0228288
3.476		0.0228166
3.477		0.0228044
3.478		0.0227922
3.479		0.02278
3.48		0.0227679
3.481		0.0227557
3.482		0.0227436
3.483		0.0227315
3.484		0.0227193
3.485		0.0227072
3.486		0.0226951
3.487		0.022683
3.488		0.022671
3.489		0.0226589
3.49		0.0226468
3.491		0.0226348
3.492		0.0226227
3.493		0.0226107
3.494		0.0225987
3.495		0.0225866
3.496		0.0225746
3.497		0.0225626
3.498		0.0225507
3.499		0.0225387
3.5		0.0225267
3.501		0.0225147
3.502		0.0225028
3.503		0.0224909
3.504		0.0224789
3.505		0.022467
3.506		0.0224551
3.507		0.0224432
3.508		0.0224313
3.509		0.0224194
3.51		0.0224075
3.511		0.0223957
3.512		0.0223838
3.513		0.022372
3.514		0.0223601
3.515		0.0223483
3.516		0.0223365
3.517		0.0223247
3.518		0.0223129
3.519		0.0223011
3.52		0.0222893
3.521		0.0222775
3.522		0.0222657
3.523		0.022254
3.524		0.0222422
3.525		0.0222305
3.526		0.0222188
3.527		0.0222071
3.528		0.0221953
3.529		0.0221836
3.53		0.022172
3.531		0.0221603
3.532		0.0221486
3.533		0.0221369
3.534		0.0221253
3.535		0.0221136
3.536		0.022102
3.537		0.0220904
3.538		0.0220787
3.539		0.0220671
3.54		0.0220555
3.541		0.0220439
3.542		0.0220324
3.543		0.0220208
3.544		0.0220092
3.545		0.0219977
3.546		0.0219861
3.547		0.0219746
3.548		0.0219631
3.549		0.0219515
3.55		0.02194
3.551		0.0219285
3.552		0.021917
3.553		0.0219055
3.554		0.0218941
3.555		0.0218826
3.556		0.0218711
3.557		0.0218597
3.558		0.0218483
3.559		0.0218368
3.56		0.0218254
3.561		0.021814
3.562		0.0218026
3.563		0.0217912
3.564		0.0217798
3.565		0.0217684
3.566		0.021757
3.567		0.0217457
3.568		0.0217343
3.569		0.021723
3.57		0.0217117
3.571		0.0217003
3.572		0.021689
3.573		0.0216777
3.574		0.0216664
3.575		0.0216551
3.576		0.0216438
3.577		0.0216326
3.578		0.0216213
3.579		0.02161
3.58		0.0215988
3.581		0.0215876
3.582		0.0215763
3.583		0.0215651
3.584		0.0215539
3.585		0.0215427
3.586		0.0215315
3.587		0.0215203
3.588		0.0215091
3.589		0.021498
3.59		0.0214868
3.591		0.0214756
3.592		0.0214645
3.593		0.0214534
3.594		0.0214422
3.595		0.0214311
3.596		0.02142
3.597		0.0214089
3.598		0.0213978
3.599		0.0213867
3.6		0.0213756
3.601		0.0213646
3.602		0.0213535
3.603		0.0213425
3.604		0.0213314
3.605		0.0213204
3.606		0.0213094
3.607		0.0212983
3.608		0.0212873
3.609		0.0212763
3.61		0.0212653
3.611		0.0212544
3.612		0.0212434
3.613		0.0212324
3.614		0.0212215
3.615		0.0212105
3.616		0.0211996
3.617		0.0211886
3.618		0.0211777
3.619		0.0211668
3.62		0.0211559
3.621		0.021145
3.622		0.0211341
3.623		0.0211232
3.624		0.0211123
3.625		0.0211015
3.626		0.0210906
3.627		0.0210798
3.628		0.0210689
3.629		0.0210581
3.63		0.0210473
3.631		0.0210364
3.632		0.0210256
3.633		0.0210148
3.634		0.021004
3.635		0.0209933
3.636		0.0209825
3.637		0.0209717
3.638		0.020961
3.639		0.0209502
3.64		0.0209395
3.641		0.0209287
3.642		0.020918
3.643		0.0209073
3.644		0.0208966
3.645		0.0208859
3.646		0.0208752
3.647		0.0208645
3.648		0.0208538
3.649		0.0208431
3.65		0.0208325
3.651		0.0208218
3.652		0.0208112
3.653		0.0208005
3.654		0.0207899
3.655		0.0207793
3.656		0.0207687
3.657		0.0207581
3.658		0.0207475
3.659		0.0207369
3.66		0.0207263
3.661		0.0207157
3.662		0.0207051
3.663		0.0206946
3.664		0.020684
3.665		0.0206735
3.666		0.020663
3.667		0.0206524
3.668		0.0206419
3.669		0.0206314
3.67		0.0206209
3.671		0.0206104
3.672		0.0205999
3.673		0.0205894
3.674		0.020579
3.675		0.0205685
3.676		0.0205581
3.677		0.0205476
3.678		0.0205372
3.679		0.0205267
3.68		0.0205163
3.681		0.0205059
3.682		0.0204955
3.683		0.0204851
3.684		0.0204747
3.685		0.0204643
3.686		0.0204539
3.687		0.0204436
3.688		0.0204332
3.689		0.0204228
3.69		0.0204125
3.691		0.0204022
3.692		0.0203918
3.693		0.0203815
3.694		0.0203712
3.695		0.0203609
3.696		0.0203506
3.697		0.0203403
3.698		0.02033
3.699		0.0203197
3.7		0.0203095
3.701		0.0202992
3.702		0.020289
3.703		0.0202787
3.704		0.0202685
3.705		0.0202582
3.706		0.020248
3.707		0.0202378
3.708		0.0202276
3.709		0.0202174
3.71		0.0202072
3.711		0.020197
3.712		0.0201868
3.713		0.0201767
3.714		0.0201665
3.715		0.0201564
3.716		0.0201462
3.717		0.0201361
3.718		0.0201259
3.719		0.0201158
3.72		0.0201057
3.721		0.0200956
3.722		0.0200855
3.723		0.0200754
3.724		0.0200653
3.725		0.0200552
3.726		0.0200451
3.727		0.0200351
3.728		0.020025
3.729		0.020015
3.73		0.0200049
3.731		0.0199949
3.732		0.0199849
3.733		0.0199749
3.734		0.0199648
3.735		0.0199548
3.736		0.0199448
3.737		0.0199349
3.738		0.0199249
3.739		0.0199149
3.74		0.0199049
3.741		0.019895
3.742		0.019885
3.743		0.0198751
3.744		0.0198651
3.745		0.0198552
3.746		0.0198453
3.747		0.0198354
3.748		0.0198255
3.749		0.0198156
3.75		0.0198057
3.751		0.0197958
3.752		0.0197859
3.753		0.019776
3.754		0.0197662
3.755		0.0197563
3.756		0.0197464
3.757		0.0197366
3.758		0.0197268
3.759		0.0197169
3.76		0.0197071
3.761		0.0196973
3.762		0.0196875
3.763		0.0196777
3.764		0.0196679
3.765		0.0196581
3.766		0.0196483
3.767		0.0196386
3.768		0.0196288
3.769		0.0196191
3.77		0.0196093
3.771		0.0195996
3.772		0.0195898
3.773		0.0195801
3.774		0.0195704
3.775		0.0195607
3.776		0.019551
3.777		0.0195413
3.778		0.0195316
3.779		0.0195219
3.78		0.0195122
3.781		0.0195025
3.782		0.0194929
3.783		0.0194832
3.784		0.0194736
3.785		0.0194639
3.786		0.0194543
3.787		0.0194447
3.788		0.019435
3.789		0.0194254
3.79		0.0194158
3.791		0.0194062
3.792		0.0193966
3.793		0.019387
3.794		0.0193775
3.795		0.0193679
3.796		0.0193583
3.797		0.0193488
3.798		0.0193392
3.799		0.0193297
3.8		0.0193201
3.801		0.0193106
3.802		0.0193011
3.803		0.0192916
3.804		0.0192821
3.805		0.0192726
3.806		0.0192631
3.807		0.0192536
3.808		0.0192441
3.809		0.0192346
3.81		0.0192251
3.811		0.0192157
3.812		0.0192062
3.813		0.0191968
3.814		0.0191873
3.815		0.0191779
3.816		0.0191685
3.817		0.0191591
3.818		0.0191496
3.819		0.0191402
3.82		0.0191308
3.821		0.0191215
3.822		0.0191121
3.823		0.0191027
3.824		0.0190933
3.825		0.019084
3.826		0.0190746
3.827		0.0190652
3.828		0.0190559
3.829		0.0190466
3.83		0.0190372
3.831		0.0190279
3.832		0.0190186
3.833		0.0190093
3.834		0.019
3.835		0.0189907
3.836		0.0189814
3.837		0.0189721
3.838		0.0189628
3.839		0.0189536
3.84		0.0189443
3.841		0.018935
3.842		0.0189258
3.843		0.0189165
3.844		0.0189073
3.845		0.0188981
3.846		0.0188888
3.847		0.0188796
3.848		0.0188704
3.849		0.0188612
3.85		0.018852
3.851		0.0188428
3.852		0.0188336
3.853		0.0188245
3.854		0.0188153
3.855		0.0188061
3.856		0.018797
3.857		0.0187878
3.858		0.0187787
3.859		0.0187695
3.86		0.0187604
3.861		0.0187513
3.862		0.0187422
3.863		0.0187331
3.864		0.018724
3.865		0.0187149
3.866		0.0187058
3.867		0.0186967
3.868		0.0186876
3.869		0.0186785
3.87		0.0186695
3.871		0.0186604
3.872		0.0186514
3.873		0.0186423
3.874		0.0186333
3.875		0.0186242
3.876		0.0186152
3.877		0.0186062
3.878		0.0185972
3.879		0.0185882
3.88		0.0185792
3.881		0.0185702
3.882		0.0185612
3.883		0.0185522
3.884		0.0185432
3.885		0.0185343
3.886		0.0185253
3.887		0.0185164
3.888		0.0185074
3.889		0.0184985
3.89		0.0184895
3.891		0.0184806
3.892		0.0184717
3.893		0.0184628
3.894		0.0184538
3.895		0.0184449
3.896		0.018436
3.897		0.0184272
3.898		0.0184183
3.899		0.0184094
3.9		0.0184005
3.901		0.0183917
3.902		0.0183828
3.903		0.0183739
3.904		0.0183651
3.905		0.0183563
3.906		0.0183474
3.907		0.0183386
3.908		0.0183298
3.909		0.018321
3.91		0.0183121
3.911		0.0183033
3.912		0.0182945
3.913		0.0182858
3.914		0.018277
3.915		0.0182682
3.916		0.0182594
3.917		0.0182507
3.918		0.0182419
3.919		0.0182331
3.92		0.0182244
3.921		0.0182157
3.922		0.0182069
3.923		0.0181982
3.924		0.0181895
3.925		0.0181808
3.926		0.018172
3.927		0.0181633
3.928		0.0181546
3.929		0.018146
3.93		0.0181373
3.931		0.0181286
3.932		0.0181199
3.933		0.0181113
3.934		0.0181026
3.935		0.0180939
3.936		0.0180853
3.937		0.0180766
3.938		0.018068
3.939		0.0180594
3.94		0.0180508
3.941		0.0180421
3.942		0.0180335
3.943		0.0180249
3.944		0.0180163
3.945		0.0180077
3.946		0.0179991
3.947		0.0179906
3.948		0.017982
3.949		0.0179734
3.95		0.0179649
3.951		0.0179563
3.952		0.0179477
3.953		0.0179392
3.954		0.0179307
3.955		0.0179221
3.956		0.0179136
3.957		0.0179051
3.958		0.0178966
3.959		0.0178881
3.96		0.0178796
3.961		0.0178711
3.962		0.0178626
3.963		0.0178541
3.964		0.0178456
3.965		0.0178371
3.966		0.0178287
3.967		0.0178202
3.968		0.0178118
3.969		0.0178033
3.97		0.0177949
3.971		0.0177864
3.972		0.017778
3.973		0.0177696
3.974		0.0177612
3.975		0.0177527
3.976		0.0177443
3.977		0.0177359
3.978		0.0177275
3.979		0.0177191
3.98		0.0177108
3.981		0.0177024
3.982		0.017694
3.983		0.0176856
3.984		0.0176773
3.985		0.0176689
3.986		0.0176606
3.987		0.0176522
3.988		0.0176439
3.989		0.0176356
3.99		0.0176272
3.991		0.0176189
3.992		0.0176106
3.993		0.0176023
3.994		0.017594
3.995		0.0175857
3.996		0.0175774
3.997		0.0175691
3.998		0.0175608
3.999		0.0175526
4		0.0175443
4.001		0.017536
4.002		0.0175278
4.003		0.0175195
4.004		0.0175113
4.005		0.0175031
4.006		0.0174948
4.007		0.0174866
4.008		0.0174784
4.009		0.0174702
4.01		0.017462
4.011		0.0174537
4.012		0.0174455
4.013		0.0174374
4.014		0.0174292
4.015		0.017421
4.016		0.0174128
4.017		0.0174046
4.018		0.0173965
4.019		0.0173883
4.02		0.0173802
4.021		0.017372
4.022		0.0173639
4.023		0.0173557
4.024		0.0173476
4.025		0.0173395
4.026		0.0173314
4.027		0.0173233
4.028		0.0173151
4.029		0.017307
4.03		0.0172989
4.031		0.0172909
4.032		0.0172828
4.033		0.0172747
4.034		0.0172666
4.035		0.0172586
4.036		0.0172505
4.037		0.0172424
4.038		0.0172344
4.039		0.0172263
4.04		0.0172183
4.041		0.0172103
4.042		0.0172022
4.043		0.0171942
4.044		0.0171862
4.045		0.0171782
4.046		0.0171702
4.047		0.0171622
4.048		0.0171542
4.049		0.0171462
4.05		0.0171382
4.051		0.0171302
4.052		0.0171222
4.053		0.0171143
4.054		0.0171063
4.055		0.0170984
4.056		0.0170904
4.057		0.0170825
4.058		0.0170745
4.059		0.0170666
4.06		0.0170586
4.061		0.0170507
4.062		0.0170428
4.063		0.0170349
4.064		0.017027
4.065		0.0170191
4.066		0.0170112
4.067		0.0170033
4.068		0.0169954
4.069		0.0169875
4.07		0.0169796
4.071		0.0169718
4.072		0.0169639
4.073		0.016956
4.074		0.0169482
4.075		0.0169403
4.076		0.0169325
4.077		0.0169247
4.078		0.0169168
4.079		0.016909
4.08		0.0169012
4.081		0.0168934
4.082		0.0168856
4.083		0.0168777
4.084		0.0168699
4.085		0.0168622
4.086		0.0168544
4.087		0.0168466
4.088		0.0168388
4.089		0.016831
4.09		0.0168233
4.091		0.0168155
4.092		0.0168077
4.093		0.0168
4.094		0.0167922
4.095		0.0167845
4.096		0.0167768
4.097		0.016769
4.098		0.0167613
4.099		0.0167536
4.1		0.0167459
4.101		0.0167382
4.102		0.0167304
4.103		0.0167228
4.104		0.0167151
4.105		0.0167074
4.106		0.0166997
4.107		0.016692
4.108		0.0166843
4.109		0.0166767
4.11		0.016669
4.111		0.0166613
4.112		0.0166537
4.113		0.016646
4.114		0.0166384
4.115		0.0166308
4.116		0.0166231
4.117		0.0166155
4.118		0.0166079
4.119		0.0166003
4.12		0.0165927
4.121		0.0165851
4.122		0.0165774
4.123		0.0165699
4.124		0.0165623
4.125		0.0165547
4.126		0.0165471
4.127		0.0165395
4.128		0.016532
4.129		0.0165244
4.13		0.0165168
4.131		0.0165093
4.132		0.0165017
4.133		0.0164942
4.134		0.0164866
4.135		0.0164791
4.136		0.0164716
4.137		0.0164641
4.138		0.0164565
4.139		0.016449
4.14		0.0164415
4.141		0.016434
4.142		0.0164265
4.143		0.016419
4.144		0.0164115
4.145		0.0164041
4.146		0.0163966
4.147		0.0163891
4.148		0.0163816
4.149		0.0163742
4.15		0.0163667
4.151		0.0163593
4.152		0.0163518
4.153		0.0163444
4.154		0.0163369
4.155		0.0163295
4.156		0.0163221
4.157		0.0163147
4.158		0.0163072
4.159		0.0162998
4.16		0.0162924
4.161		0.016285
4.162		0.0162776
4.163		0.0162702
4.164		0.0162628
4.165		0.0162555
4.166		0.0162481
4.167		0.0162407
4.168		0.0162333
4.169		0.016226
4.17		0.0162186
4.171		0.0162113
4.172		0.0162039
4.173		0.0161966
4.174		0.0161892
4.175		0.0161819
4.176		0.0161746
4.177		0.0161672
4.178		0.0161599
4.179		0.0161526
4.18		0.0161453
4.181		0.016138
4.182		0.0161307
4.183		0.0161234
4.184		0.0161161
4.185		0.0161088
4.186		0.0161016
4.187		0.0160943
4.188		0.016087
4.189		0.0160798
4.19		0.0160725
4.191		0.0160652
4.192		0.016058
4.193		0.0160507
4.194		0.0160435
4.195		0.0160363
4.196		0.016029
4.197		0.0160218
4.198		0.0160146
4.199		0.0160074
4.2		0.0160002
4.201		0.015993
4.202		0.0159858
4.203		0.0159786
4.204		0.0159714
4.205		0.0159642
4.206		0.015957
4.207		0.0159498
4.208		0.0159426
4.209		0.0159355
4.21		0.0159283
4.211		0.0159212
4.212		0.015914
4.213		0.0159069
4.214		0.0158997
4.215		0.0158926
4.216		0.0158854
4.217		0.0158783
4.218		0.0158712
4.219		0.0158641
4.22		0.0158569
4.221		0.0158498
4.222		0.0158427
4.223		0.0158356
4.224		0.0158285
4.225		0.0158214
4.226		0.0158144
4.227		0.0158073
4.228		0.0158002
4.229		0.0157931
4.23		0.015786
4.231		0.015779
4.232		0.0157719
4.233		0.0157649
4.234		0.0157578
4.235		0.0157508
4.236		0.0157437
4.237		0.0157367
4.238		0.0157297
4.239		0.0157226
4.24		0.0157156
4.241		0.0157086
4.242		0.0157016
4.243		0.0156946
4.244		0.0156876
4.245		0.0156806
4.246		0.0156736
4.247		0.0156666
4.248		0.0156596
4.249		0.0156526
4.25		0.0156457
4.251		0.0156387
4.252		0.0156317
4.253		0.0156248
4.254		0.0156178
4.255		0.0156109
4.256		0.0156039
4.257		0.015597
4.258		0.01559
4.259		0.0155831
4.26		0.0155762
4.261		0.0155692
4.262		0.0155623
4.263		0.0155554
4.264		0.0155485
4.265		0.0155416
4.266		0.0155347
4.267		0.0155278
4.268		0.0155209
4.269		0.015514
4.27		0.0155071
4.271		0.0155002
4.272		0.0154934
4.273		0.0154865
4.274		0.0154796
4.275		0.0154728
4.276		0.0154659
4.277		0.0154591
4.278		0.0154522
4.279		0.0154454
4.28		0.0154385
4.281		0.0154317
4.282		0.0154249
4.283		0.015418
4.284		0.0154112
4.285		0.0154044
4.286		0.0153976
4.287		0.0153908
4.288		0.015384
4.289		0.0153772
4.29		0.0153704
4.291		0.0153636
4.292		0.0153568
4.293		0.01535
4.294		0.0153433
4.295		0.0153365
4.296		0.0153297
4.297		0.015323
4.298		0.0153162
4.299		0.0153095
4.3		0.0153027
4.301		0.015296
4.302		0.0152892
4.303		0.0152825
4.304		0.0152757
4.305		0.015269
4.306		0.0152623
4.307		0.0152556
4.308		0.0152489
4.309		0.0152422
4.31		0.0152354
4.311		0.0152287
4.312		0.0152221
4.313		0.0152154
4.314		0.0152087
4.315		0.015202
4.316		0.0151953
4.317		0.0151886
4.318		0.015182
4.319		0.0151753
4.32		0.0151686
4.321		0.015162
4.322		0.0151553
4.323		0.0151487
4.324		0.015142
4.325		0.0151354
4.326		0.0151288
4.327		0.0151221
4.328		0.0151155
4.329		0.0151089
4.33		0.0151023
4.331		0.0150956
4.332		0.015089
4.333		0.0150824
4.334		0.0150758
4.335		0.0150692
4.336		0.0150626
4.337		0.015056
4.338		0.0150495
4.339		0.0150429
4.34		0.0150363
4.341		0.0150297
4.342		0.0150232
4.343		0.0150166
4.344		0.01501
4.345		0.0150035
4.346		0.0149969
4.347		0.0149904
4.348		0.0149839
4.349		0.0149773
4.35		0.0149708
4.351		0.0149643
4.352		0.0149577
4.353		0.0149512
4.354		0.0149447
4.355		0.0149382
4.356		0.0149317
4.357		0.0149252
4.358		0.0149187
4.359		0.0149122
4.36		0.0149057
4.361		0.0148992
4.362		0.0148927
4.363		0.0148862
4.364		0.0148798
4.365		0.0148733
4.366		0.0148668
4.367		0.0148604
4.368		0.0148539
4.369		0.0148475
4.37		0.014841
4.371		0.0148346
4.372		0.0148281
4.373		0.0148217
4.374		0.0148153
4.375		0.0148088
4.376		0.0148024
4.377		0.014796
4.378		0.0147896
4.379		0.0147832
4.38		0.0147767
4.381		0.0147703
4.382		0.0147639
4.383		0.0147575
4.384		0.0147512
4.385		0.0147448
4.386		0.0147384
4.387		0.014732
4.388		0.0147256
4.389		0.0147193
4.39		0.0147129
4.391		0.0147065
4.392		0.0147002
4.393		0.0146938
4.394		0.0146875
4.395		0.0146811
4.396		0.0146748
4.397		0.0146684
4.398		0.0146621
4.399		0.0146558
4.4		0.0146494
4.401		0.0146431
4.402		0.0146368
4.403		0.0146305
4.404		0.0146242
4.405		0.0146179
4.406		0.0146116
4.407		0.0146053
4.408		0.014599
4.409		0.0145927
4.41		0.0145864
4.411		0.0145801
4.412		0.0145739
4.413		0.0145676
4.414		0.0145613
4.415		0.014555
4.416		0.0145488
4.417		0.0145425
4.418		0.0145363
4.419		0.01453
4.42		0.0145238
4.421		0.0145175
4.422		0.0145113
4.423		0.0145051
4.424		0.0144988
4.425		0.0144926
4.426		0.0144864
4.427		0.0144802
4.428		0.014474
4.429		0.0144677
4.43		0.0144615
4.431		0.0144553
4.432		0.0144491
4.433		0.014443
4.434		0.0144368
4.435		0.0144306
4.436		0.0144244
4.437		0.0144182
4.438		0.014412
4.439		0.0144059
4.44		0.0143997
4.441		0.0143935
4.442		0.0143874
4.443		0.0143812
4.444		0.0143751
4.445		0.0143689
4.446		0.0143628
4.447		0.0143566
4.448		0.0143505
4.449		0.0143444
4.45		0.0143383
4.451		0.0143321
4.452		0.014326
4.453		0.0143199
4.454		0.0143138
4.455		0.0143077
4.456		0.0143016
4.457		0.0142955
4.458		0.0142894
4.459		0.0142833
4.46		0.0142772
4.461		0.0142711
4.462		0.014265
4.463		0.014259
4.464		0.0142529
4.465		0.0142468
4.466		0.0142407
4.467		0.0142347
4.468		0.0142286
4.469		0.0142226
4.47		0.0142165
4.471		0.0142105
4.472		0.0142044
4.473		0.0141984
4.474		0.0141924
4.475		0.0141863
4.476		0.0141803
4.477		0.0141743
4.478		0.0141683
4.479		0.0141622
4.48		0.0141562
4.481		0.0141502
4.482		0.0141442
4.483		0.0141382
4.484		0.0141322
4.485		0.0141262
4.486		0.0141202
4.487		0.0141143
4.488		0.0141083
4.489		0.0141023
4.49		0.0140963
4.491		0.0140903
4.492		0.0140844
4.493		0.0140784
4.494		0.0140725
4.495		0.0140665
4.496		0.0140606
4.497		0.0140546
4.498		0.0140487
4.499		0.0140427
4.5		0.0140368
4.501		0.0140309
4.502		0.0140249
4.503		0.014019
4.504		0.0140131
4.505		0.0140072
4.506		0.0140012
4.507		0.0139953
4.508		0.0139894
4.509		0.0139835
4.51		0.0139776
4.511		0.0139717
4.512		0.0139658
4.513		0.0139599
4.514		0.0139541
4.515		0.0139482
4.516		0.0139423
4.517		0.0139364
4.518		0.0139306
4.519		0.0139247
4.52		0.0139188
4.521		0.013913
4.522		0.0139071
4.523		0.0139013
4.524		0.0138954
4.525		0.0138896
4.526		0.0138837
4.527		0.0138779
4.528		0.0138721
4.529		0.0138662
4.53		0.0138604
4.531		0.0138546
4.532		0.0138488
4.533		0.0138429
4.534		0.0138371
4.535		0.0138313
4.536		0.0138255
4.537		0.0138197
4.538		0.0138139
4.539		0.0138081
4.54		0.0138023
4.541		0.0137966
4.542		0.0137908
4.543		0.013785
4.544		0.0137792
4.545		0.0137734
4.546		0.0137677
4.547		0.0137619
4.548		0.0137561
4.549		0.0137504
4.55		0.0137446
4.551		0.0137389
4.552		0.0137331
4.553		0.0137274
4.554		0.0137217
4.555		0.0137159
4.556		0.0137102
4.557		0.0137045
4.558		0.0136987
4.559		0.013693
4.56		0.0136873
4.561		0.0136816
4.562		0.0136759
4.563		0.0136702
4.564		0.0136645
4.565		0.0136588
4.566		0.0136531
4.567		0.0136474
4.568		0.0136417
4.569		0.013636
4.57		0.0136303
4.571		0.0136246
4.572		0.0136189
4.573		0.0136133
4.574		0.0136076
4.575		0.0136019
4.576		0.0135963
4.577		0.0135906
4.578		0.013585
4.579		0.0135793
4.58		0.0135737
4.581		0.013568
4.582		0.0135624
4.583		0.0135567
4.584		0.0135511
4.585		0.0135455
4.586		0.0135399
4.587		0.0135342
4.588		0.0135286
4.589		0.013523
4.59		0.0135174
4.591		0.0135118
4.592		0.0135062
4.593		0.0135006
4.594		0.013495
4.595		0.0134894
4.596		0.0134838
4.597		0.0134782
4.598		0.0134726
4.599		0.013467
4.6		0.0134614
4.601		0.0134559
4.602		0.0134503
4.603		0.0134447
4.604		0.0134392
4.605		0.0134336
4.606		0.013428
4.607		0.0134225
4.608		0.0134169
4.609		0.0134114
4.61		0.0134058
4.611		0.0134003
4.612		0.0133948
4.613		0.0133892
4.614		0.0133837
4.615		0.0133782
4.616		0.0133726
4.617		0.0133671
4.618		0.0133616
4.619		0.0133561
4.62		0.0133506
4.621		0.0133451
4.622		0.0133396
4.623		0.0133341
4.624		0.0133286
4.625		0.0133231
4.626		0.0133176
4.627		0.0133121
4.628		0.0133066
4.629		0.0133011
4.63		0.0132957
4.631		0.0132902
4.632		0.0132847
4.633		0.0132793
4.634		0.0132738
4.635		0.0132683
4.636		0.0132629
4.637		0.0132574
4.638		0.013252
4.639		0.0132465
4.64		0.0132411
4.641		0.0132356
4.642		0.0132302
4.643		0.0132248
4.644		0.0132193
4.645		0.0132139
4.646		0.0132085
4.647		0.0132031
4.648		0.0131977
4.649		0.0131922
4.65		0.0131868
4.651		0.0131814
4.652		0.013176
4.653		0.0131706
4.654		0.0131652
4.655		0.0131598
4.656		0.0131544
4.657		0.013149
4.658		0.0131437
4.659		0.0131383
4.66		0.0131329
4.661		0.0131275
4.662		0.0131222
4.663		0.0131168
4.664		0.0131114
4.665		0.0131061
4.666		0.0131007
4.667		0.0130954
4.668		0.01309
4.669		0.0130847
4.67		0.0130793
4.671		0.013074
4.672		0.0130686
4.673		0.0130633
4.674		0.013058
4.675		0.0130526
4.676		0.0130473
4.677		0.013042
4.678		0.0130367
4.679		0.0130314
4.68		0.013026
4.681		0.0130207
4.682		0.0130154
4.683		0.0130101
4.684		0.0130048
4.685		0.0129995
4.686		0.0129942
4.687		0.0129889
4.688		0.0129837
4.689		0.0129784
4.69		0.0129731
4.691		0.0129678
4.692		0.0129625
4.693		0.0129573
4.694		0.012952
4.695		0.0129467
4.696		0.0129415
4.697		0.0129362
4.698		0.012931
4.699		0.0129257
4.7		0.0129205
4.701		0.0129152
4.702		0.01291
4.703		0.0129047
4.704		0.0128995
4.705		0.0128943
4.706		0.012889
4.707		0.0128838
4.708		0.0128786
4.709		0.0128734
4.71		0.0128682
4.711		0.0128629
4.712		0.0128577
4.713		0.0128525
4.714		0.0128473
4.715		0.0128421
4.716		0.0128369
4.717		0.0128317
4.718		0.0128265
4.719		0.0128213
4.72		0.0128162
4.721		0.012811
4.722		0.0128058
4.723		0.0128006
4.724		0.0127954
4.725		0.0127903
4.726		0.0127851
4.727		0.0127799
4.728		0.0127748
4.729		0.0127696
4.73		0.0127645
4.731		0.0127593
4.732		0.0127542
4.733		0.012749
4.734		0.0127439
4.735		0.0127387
4.736		0.0127336
4.737		0.0127285
4.738		0.0127233
4.739		0.0127182
4.74		0.0127131
4.741		0.012708
4.742		0.0127029
4.743		0.0126977
4.744		0.0126926
4.745		0.0126875
4.746		0.0126824
4.747		0.0126773
4.748		0.0126722
4.749		0.0126671
4.75		0.012662
4.751		0.0126569
4.752		0.0126519
4.753		0.0126468
4.754		0.0126417
4.755		0.0126366
4.756		0.0126315
4.757		0.0126265
4.758		0.0126214
4.759		0.0126163
4.76		0.0126113
4.761		0.0126062
4.762		0.0126012
4.763		0.0125961
4.764		0.012591
4.765		0.012586
4.766		0.012581
4.767		0.0125759
4.768		0.0125709
4.769		0.0125658
4.77		0.0125608
4.771		0.0125558
4.772		0.0125507
4.773		0.0125457
4.774		0.0125407
4.775		0.0125357
4.776		0.0125307
4.777		0.0125257
4.778		0.0125207
4.779		0.0125156
4.78		0.0125106
4.781		0.0125056
4.782		0.0125006
4.783		0.0124957
4.784		0.0124907
4.785		0.0124857
4.786		0.0124807
4.787		0.0124757
4.788		0.0124707
4.789		0.0124658
4.79		0.0124608
4.791		0.0124558
4.792		0.0124508
4.793		0.0124459
4.794		0.0124409
4.795		0.012436
4.796		0.012431
4.797		0.012426
4.798		0.0124211
4.799		0.0124162
4.8		0.0124112
4.801		0.0124063
4.802		0.0124013
4.803		0.0123964
4.804		0.0123915
4.805		0.0123865
4.806		0.0123816
4.807		0.0123767
4.808		0.0123718
4.809		0.0123668
4.81		0.0123619
4.811		0.012357
4.812		0.0123521
4.813		0.0123472
4.814		0.0123423
4.815		0.0123374
4.816		0.0123325
4.817		0.0123276
4.818		0.0123227
4.819		0.0123178
4.82		0.0123129
4.821		0.0123081
4.822		0.0123032
4.823		0.0122983
4.824		0.0122934
4.825		0.0122886
4.826		0.0122837
4.827		0.0122788
4.828		0.012274
4.829		0.0122691
4.83		0.0122642
4.831		0.0122594
4.832		0.0122545
4.833		0.0122497
4.834		0.0122449
4.835		0.01224
4.836		0.0122352
4.837		0.0122303
4.838		0.0122255
4.839		0.0122207
4.84		0.0122158
4.841		0.012211
4.842		0.0122062
4.843		0.0122014
4.844		0.0121966
4.845		0.0121917
4.846		0.0121869
4.847		0.0121821
4.848		0.0121773
4.849		0.0121725
4.85		0.0121677
4.851		0.0121629
4.852		0.0121581
4.853		0.0121533
4.854		0.0121485
4.855		0.0121438
4.856		0.012139
4.857		0.0121342
4.858		0.0121294
4.859		0.0121246
4.86		0.0121199
4.861		0.0121151
4.862		0.0121103
4.863		0.0121056
4.864		0.0121008
4.865		0.012096
4.866		0.0120913
4.867		0.0120865
4.868		0.0120818
4.869		0.012077
4.87		0.0120723
4.871		0.0120676
4.872		0.0120628
4.873		0.0120581
4.874		0.0120533
4.875		0.0120486
4.876		0.0120439
4.877		0.0120392
4.878		0.0120344
4.879		0.0120297
4.88		0.012025
4.881		0.0120203
4.882		0.0120156
4.883		0.0120109
4.884		0.0120062
4.885		0.0120015
4.886		0.0119968
4.887		0.0119921
4.888		0.0119874
4.889		0.0119827
4.89		0.011978
4.891		0.0119733
4.892		0.0119686
4.893		0.0119639
4.894		0.0119593
4.895		0.0119546
4.896		0.0119499
4.897		0.0119452
4.898		0.0119406
4.899		0.0119359
4.9		0.0119313
4.901		0.0119266
4.902		0.0119219
4.903		0.0119173
4.904		0.0119126
4.905		0.011908
4.906		0.0119033
4.907		0.0118987
4.908		0.0118941
4.909		0.0118894
4.91		0.0118848
4.911		0.0118802
4.912		0.0118755
4.913		0.0118709
4.914		0.0118663
4.915		0.0118616
4.916		0.011857
4.917		0.0118524
4.918		0.0118478
4.919		0.0118432
4.92		0.0118386
4.921		0.011834
4.922		0.0118294
4.923		0.0118248
4.924		0.0118202
4.925		0.0118156
4.926		0.011811
4.927		0.0118064
4.928		0.0118018
4.929		0.0117972
4.93		0.0117926
4.931		0.0117881
4.932		0.0117835
4.933		0.0117789
4.934		0.0117743
4.935		0.0117698
4.936		0.0117652
4.937		0.0117607
4.938		0.0117561
4.939		0.0117515
4.94		0.011747
4.941		0.0117424
4.942		0.0117379
4.943		0.0117333
4.944		0.0117288
4.945		0.0117242
4.946		0.0117197
4.947		0.0117152
4.948		0.0117106
4.949		0.0117061
4.95		0.0117016
4.951		0.011697
4.952		0.0116925
4.953		0.011688
4.954		0.0116835
4.955		0.011679
4.956		0.0116745
4.957		0.0116699
4.958		0.0116654
4.959		0.0116609
4.96		0.0116564
4.961		0.0116519
4.962		0.0116474
4.963		0.0116429
4.964		0.0116384
4.965		0.0116339
4.966		0.0116295
4.967		0.011625
4.968		0.0116205
4.969		0.011616
4.97		0.0116115
4.971		0.0116071
4.972		0.0116026
4.973		0.0115981
4.974		0.0115937
4.975		0.0115892
4.976		0.0115847
4.977		0.0115803
4.978		0.0115758
4.979		0.0115714
4.98		0.0115669
4.981		0.0115625
4.982		0.011558
4.983		0.0115536
4.984		0.0115491
4.985		0.0115447
4.986		0.0115403
4.987		0.0115358
4.988		0.0115314
4.989		0.011527
4.99		0.0115225
4.991		0.0115181
4.992		0.0115137
4.993		0.0115093
4.994		0.0115049
4.995		0.0115004
4.996		0.011496
4.997		0.0114916
4.998		0.0114872
4.999		0.0114828
