0.005		0.129316
0.006		0.145316
0.007		0.153696
0.008		0.158236
0.009		0.16116
0.01		0.163458
0.011		0.165448
0.012		0.167167
0.013		0.168572
0.014		0.169624
0.015		0.170316
0.016		0.170666
0.017		0.170716
0.018		0.170513
0.019		0.170111
0.02		0.169557
0.021		0.168897
0.022		0.168168
0.023		0.167401
0.024		0.166622
0.025		0.16585
0.026		0.1651
0.027		0.164383
0.028		0.163707
0.029		0.163078
0.03		0.162498
0.031		0.16197
0.032		0.161495
0.033		0.161071
0.034		0.1607
0.035		0.160379
0.036		0.160107
0.037		0.159882
0.038		0.159704
0.039		0.159569
0.04		0.159478
0.041		0.159427
0.042		0.159416
0.043		0.159443
0.044		0.159507
0.045		0.159607
0.046		0.15974
0.047		0.159907
0.048		0.160106
0.049		0.160336
0.05		0.160597
0.051		0.160886
0.052		0.161204
0.053		0.16155
0.054		0.161923
0.055		0.162322
0.056		0.162747
0.057		0.163196
0.058		0.16367
0.059		0.164167
0.06		0.164687
0.061		0.165229
0.062		0.165794
0.063		0.166379
0.064		0.166985
0.065		0.16761
0.066		0.168256
0.067		0.16892
0.068		0.169602
0.069		0.170302
0.07		0.171019
0.071		0.171752
0.072		0.172502
0.073		0.173267
0.074		0.174047
0.075		0.174841
0.076		0.17565
0.077		0.176471
0.078		0.177306
0.079		0.178153
0.08		0.179011
0.081		0.179881
0.082		0.180762
0.083		0.181653
0.084		0.182554
0.085		0.183464
0.086		0.184383
0.087		0.18531
0.088		0.186246
0.089		0.187188
0.09		0.188138
0.091		0.189095
0.092		0.190057
0.093		0.191026
0.094		0.191999
0.095		0.192978
0.096		0.193961
0.097		0.194948
0.098		0.195939
0.099		0.196933
0.1		0.197931
0.101		0.198931
0.102		0.199933
0.103		0.200938
0.104		0.201944
0.105		0.202951
0.106		0.203959
0.107		0.204968
0.108		0.205978
0.109		0.206988
0.11		0.207997
0.111		0.209007
0.112		0.210015
0.113		0.211023
0.114		0.21203
0.115		0.213035
0.116		0.214039
0.117		0.215041
0.118		0.216041
0.119		0.217038
0.12		0.218034
0.121		0.219027
0.122		0.220017
0.123		0.221004
0.124		0.221988
0.125		0.222969
0.126		0.223947
0.127		0.224921
0.128		0.225892
0.129		0.226858
0.13		0.227821
0.131		0.22878
0.132		0.229735
0.133		0.230686
0.134		0.231632
0.135		0.232574
0.136		0.233512
0.137		0.234445
0.138		0.235373
0.139		0.236297
0.14		0.237216
0.141		0.23813
0.142		0.239039
0.143		0.239943
0.144		0.240843
0.145		0.241737
0.146		0.242626
0.147		0.24351
0.148		0.244389
0.149		0.245263
0.15		0.246131
0.151		0.246995
0.152		0.247853
0.153		0.248705
0.154		0.249553
0.155		0.250395
0.156		0.251231
0.157		0.252063
0.158		0.252889
0.159		0.253709
0.16		0.254525
0.161		0.255334
0.162		0.256139
0.163		0.256938
0.164		0.257731
0.165		0.25852
0.166		0.259303
0.167		0.26008
0.168		0.260852
0.169		0.261619
0.17		0.26238
0.171		0.263136
0.172		0.263887
0.173		0.264632
0.174		0.265372
0.175		0.266107
0.176		0.266836
0.177		0.26756
0.178		0.268279
0.179		0.268992
0.18		0.269701
0.181		0.270404
0.182		0.271102
0.183		0.271794
0.184		0.272482
0.185		0.273164
0.186		0.273841
0.187		0.274513
0.188		0.27518
0.189		0.275841
0.19		0.276498
0.191		0.27715
0.192		0.277796
0.193		0.278438
0.194		0.279074
0.195		0.279706
0.196		0.280332
0.197		0.280954
0.198		0.28157
0.199		0.282182
0.2		0.282789
0.201		0.283391
0.202		0.283988
0.203		0.28458
0.204		0.285167
0.205		0.28575
0.206		0.286328
0.207		0.286901
0.208		0.287469
0.209		0.288033
0.21		0.288591
0.211		0.289146
0.212		0.289695
0.213		0.29024
0.214		0.29078
0.215		0.291315
0.216		0.291846
0.217		0.292373
0.218		0.292895
0.219		0.293412
0.22		0.293925
0.221		0.294433
0.222		0.294936
0.223		0.295436
0.224		0.29593
0.225		0.296421
0.226		0.296907
0.227		0.297388
0.228		0.297865
0.229		0.298338
0.23		0.298806
0.231		0.299271
0.232		0.29973
0.233		0.300186
0.234		0.300637
0.235		0.301084
0.236		0.301526
0.237		0.301965
0.238		0.302399
0.239		0.302829
0.24		0.303255
0.241		0.303677
0.242		0.304094
0.243		0.304508
0.244		0.304917
0.245		0.305322
0.246		0.305723
0.247		0.306121
0.248		0.306514
0.249		0.306903
0.25		0.307288
0.251		0.307669
0.252		0.308046
0.253		0.308419
0.254		0.308788
0.255		0.309154
0.256		0.309515
0.257		0.309873
0.258		0.310226
0.259		0.310576
0.26		0.310922
0.261		0.311264
0.262		0.311603
0.263		0.311937
0.264		0.312268
0.265		0.312595
0.266		0.312919
0.267		0.313239
0.268		0.313555
0.269		0.313867
0.27		0.314176
0.271		0.314481
0.272		0.314782
0.273		0.31508
0.274		0.315374
0.275		0.315665
0.276		0.315952
0.277		0.316236
0.278		0.316516
0.279		0.316793
0.28		0.317066
0.281		0.317336
0.282		0.317602
0.283		0.317865
0.284		0.318125
0.285		0.318381
0.286		0.318634
0.287		0.318883
0.288		0.31913
0.289		0.319372
0.29		0.319612
0.291		0.319848
0.292		0.320081
0.293		0.320311
0.294		0.320538
0.295		0.320761
0.296		0.320982
0.297		0.321199
0.298		0.321413
0.299		0.321624
0.3		0.321832
0.301		0.322036
0.302		0.322238
0.303		0.322437
0.304		0.322632
0.305		0.322825
0.306		0.323014
0.307		0.323201
0.308		0.323385
0.309		0.323566
0.31		0.323744
0.311		0.323919
0.312		0.324091
0.313		0.32426
0.314		0.324426
0.315		0.32459
0.316		0.324751
0.317		0.324909
0.318		0.325064
0.319		0.325217
0.32		0.325367
0.321		0.325514
0.322		0.325659
0.323		0.3258
0.324		0.32594
0.325		0.326076
0.326		0.32621
0.327		0.326342
0.328		0.32647
0.329		0.326597
0.33		0.32672
0.331		0.326842
0.332		0.32696
0.333		0.327077
0.334		0.327191
0.335		0.327302
0.336		0.327411
0.337		0.327517
0.338		0.327622
0.339		0.327723
0.34		0.327823
0.341		0.32792
0.342		0.328015
0.343		0.328107
0.344		0.328198
0.345		0.328286
0.346		0.328371
0.347		0.328455
0.348		0.328536
0.349		0.328616
0.35		0.328693
0.351		0.328767
0.352		0.32884
0.353		0.328911
0.354		0.328979
0.355		0.329046
0.356		0.32911
0.357		0.329172
0.358		0.329233
0.359		0.329291
0.36		0.329347
0.361		0.329402
0.362		0.329454
0.363		0.329504
0.364		0.329553
0.365		0.329599
0.366		0.329644
0.367		0.329687
0.368		0.329728
0.369		0.329767
0.37		0.329804
0.371		0.32984
0.372		0.329873
0.373		0.329905
0.374		0.329935
0.375		0.329964
0.376		0.32999
0.377		0.330015
0.378		0.330038
0.379		0.33006
0.38		0.33008
0.381		0.330098
0.382		0.330114
0.383		0.330129
0.384		0.330143
0.385		0.330154
0.386		0.330165
0.387		0.330173
0.388		0.33018
0.389		0.330186
0.39		0.33019
0.391		0.330192
0.392		0.330193
0.393		0.330192
0.394		0.33019
0.395		0.330187
0.396		0.330182
0.397		0.330176
0.398		0.330168
0.399		0.330159
0.4		0.330148
0.401		0.330136
0.402		0.330123
0.403		0.330109
0.404		0.330093
0.405		0.330075
0.406		0.330057
0.407		0.330037
0.408		0.330016
0.409		0.329993
0.41		0.32997
0.411		0.329945
0.412		0.329919
0.413		0.329891
0.414		0.329863
0.415		0.329833
0.416		0.329802
0.417		0.32977
0.418		0.329737
0.419		0.329702
0.42		0.329667
0.421		0.32963
0.422		0.329592
0.423		0.329553
0.424		0.329513
0.425		0.329472
0.426		0.32943
0.427		0.329387
0.428		0.329342
0.429		0.329297
0.43		0.329251
0.431		0.329203
0.432		0.329155
0.433		0.329105
0.434		0.329055
0.435		0.329004
0.436		0.328951
0.437		0.328898
0.438		0.328844
0.439		0.328789
0.44		0.328733
0.441		0.328676
0.442		0.328618
0.443		0.328559
0.444		0.328499
0.445		0.328439
0.446		0.328377
0.447		0.328315
0.448		0.328251
0.449		0.328187
0.45		0.328123
0.451		0.328057
0.452		0.32799
0.453		0.327923
0.454		0.327855
0.455		0.327786
0.456		0.327716
0.457		0.327645
0.458		0.327574
0.459		0.327502
0.46		0.327429
0.461		0.327356
0.462		0.327281
0.463		0.327206
0.464		0.32713
0.465		0.327054
0.466		0.326977
0.467		0.326899
0.468		0.32682
0.469		0.326741
0.47		0.326661
0.471		0.32658
0.472		0.326499
0.473		0.326417
0.474		0.326334
0.475		0.326251
0.476		0.326167
0.477		0.326082
0.478		0.325997
0.479		0.325911
0.48		0.325824
0.481		0.325737
0.482		0.325649
0.483		0.325561
0.484		0.325472
0.485		0.325383
0.486		0.325293
0.487		0.325202
0.488		0.325111
0.489		0.325019
0.49		0.324926
0.491		0.324833
0.492		0.32474
0.493		0.324646
0.494		0.324551
0.495		0.324456
0.496		0.324361
0.497		0.324264
0.498		0.324168
0.499		0.324071
0.5		0.323973
0.501		0.323875
0.502		0.323776
0.503		0.323677
0.504		0.323577
0.505		0.323477
0.506		0.323376
0.507		0.323275
0.508		0.323173
0.509		0.323071
0.51		0.322969
0.511		0.322866
0.512		0.322762
0.513		0.322658
0.514		0.322554
0.515		0.322449
0.516		0.322344
0.517		0.322238
0.518		0.322132
0.519		0.322025
0.52		0.321918
0.521		0.321811
0.522		0.321703
0.523		0.321595
0.524		0.321486
0.525		0.321377
0.526		0.321268
0.527		0.321158
0.528		0.321048
0.529		0.320937
0.53		0.320826
0.531		0.320715
0.532		0.320603
0.533		0.32049
0.534		0.320378
0.535		0.320265
0.536		0.320152
0.537		0.320038
0.538		0.319924
0.539		0.31981
0.54		0.319695
0.541		0.31958
0.542		0.319464
0.543		0.319348
0.544		0.319232
0.545		0.319116
0.546		0.318999
0.547		0.318882
0.548		0.318764
0.549		0.318646
0.55		0.318528
0.551		0.318409
0.552		0.31829
0.553		0.318171
0.554		0.318052
0.555		0.317932
0.556		0.317812
0.557		0.317691
0.558		0.31757
0.559		0.317449
0.56		0.317328
0.561		0.317206
0.562		0.317084
0.563		0.316962
0.564		0.316839
0.565		0.316716
0.566		0.316593
0.567		0.316469
0.568		0.316346
0.569		0.316221
0.57		0.316097
0.571		0.315972
0.572		0.315847
0.573		0.315722
0.574		0.315597
0.575		0.315471
0.576		0.315345
0.577		0.315218
0.578		0.315092
0.579		0.314965
0.58		0.314837
0.581		0.31471
0.582		0.314582
0.583		0.314454
0.584		0.314326
0.585		0.314197
0.586		0.314069
0.587		0.313939
0.588		0.31381
0.589		0.313681
0.59		0.313551
0.591		0.313421
0.592		0.31329
0.593		0.31316
0.594		0.313029
0.595		0.312898
0.596		0.312766
0.597		0.312635
0.598		0.312503
0.599		0.312371
0.6		0.312238
0.601		0.312106
0.602		0.311973
0.603		0.31184
0.604		0.311706
0.605		0.311573
0.606		0.311439
0.607		0.311305
0.608		0.311171
0.609		0.311036
0.61		0.310902
0.611		0.310767
0.612		0.310631
0.613		0.310496
0.614		0.31036
0.615		0.310224
0.616		0.310088
0.617		0.309952
0.618		0.309815
0.619		0.309679
0.62		0.309542
0.621		0.309404
0.622		0.309267
0.623		0.309129
0.624		0.308991
0.625		0.308853
0.626		0.308715
0.627		0.308576
0.628		0.308437
0.629		0.308299
0.63		0.308159
0.631		0.30802
0.632		0.30788
0.633		0.30774
0.634		0.3076
0.635		0.30746
0.636		0.30732
0.637		0.307179
0.638		0.307038
0.639		0.306897
0.64		0.306756
0.641		0.306614
0.642		0.306472
0.643		0.306331
0.644		0.306188
0.645		0.306046
0.646		0.305904
0.647		0.305761
0.648		0.305618
0.649		0.305475
0.65		0.305331
0.651		0.305188
0.652		0.305044
0.653		0.3049
0.654		0.304756
0.655		0.304612
0.656		0.304467
0.657		0.304323
0.658		0.304178
0.659		0.304033
0.66		0.303887
0.661		0.303742
0.662		0.303596
0.663		0.30345
0.664		0.303304
0.665		0.303158
0.666		0.303012
0.667		0.302865
0.668		0.302718
0.669		0.302571
0.67		0.302424
0.671		0.302276
0.672		0.302129
0.673		0.301981
0.674		0.301833
0.675		0.301685
0.676		0.301537
0.677		0.301388
0.678		0.30124
0.679		0.301091
0.68		0.300942
0.681		0.300793
0.682		0.300643
0.683		0.300494
0.684		0.300344
0.685		0.300194
0.686		0.300044
0.687		0.299893
0.688		0.299743
0.689		0.299592
0.69		0.299442
0.691		0.299291
0.692		0.299139
0.693		0.298988
0.694		0.298836
0.695		0.298685
0.696		0.298533
0.697		0.298381
0.698		0.298229
0.699		0.298076
0.7		0.297924
0.701		0.297771
0.702		0.297618
0.703		0.297465
0.704		0.297312
0.705		0.297158
0.706		0.297005
0.707		0.296851
0.708		0.296697
0.709		0.296543
0.71		0.296389
0.711		0.296234
0.712		0.29608
0.713		0.295925
0.714		0.29577
0.715		0.295615
0.716		0.29546
0.717		0.295304
0.718		0.295149
0.719		0.294993
0.72		0.294837
0.721		0.294681
0.722		0.294525
0.723		0.294369
0.724		0.294212
0.725		0.294055
0.726		0.293899
0.727		0.293742
0.728		0.293584
0.729		0.293427
0.73		0.29327
0.731		0.293112
0.732		0.292954
0.733		0.292796
0.734		0.292638
0.735		0.29248
0.736		0.292322
0.737		0.292163
0.738		0.292004
0.739		0.291846
0.74		0.291687
0.741		0.291527
0.742		0.291368
0.743		0.291209
0.744		0.291049
0.745		0.290889
0.746		0.290729
0.747		0.290569
0.748		0.290409
0.749		0.290249
0.75		0.290088
0.751		0.289928
0.752		0.289767
0.753		0.289606
0.754		0.289445
0.755		0.289284
0.756		0.289122
0.757		0.288961
0.758		0.288799
0.759		0.288637
0.76		0.288476
0.761		0.288313
0.762		0.288151
0.763		0.287989
0.764		0.287826
0.765		0.287664
0.766		0.287501
0.767		0.287338
0.768		0.287175
0.769		0.287012
0.77		0.286849
0.771		0.286685
0.772		0.286522
0.773		0.286358
0.774		0.286194
0.775		0.28603
0.776		0.285866
0.777		0.285702
0.778		0.285538
0.779		0.285373
0.78		0.285208
0.781		0.285044
0.782		0.284879
0.783		0.284714
0.784		0.284549
0.785		0.284383
0.786		0.284218
0.787		0.284052
0.788		0.283887
0.789		0.283721
0.79		0.283555
0.791		0.283389
0.792		0.283223
0.793		0.283057
0.794		0.28289
0.795		0.282724
0.796		0.282557
0.797		0.282391
0.798		0.282224
0.799		0.282057
0.8		0.28189
0.801		0.281722
0.802		0.281555
0.803		0.281388
0.804		0.28122
0.805		0.281052
0.806		0.280884
0.807		0.280717
0.808		0.280549
0.809		0.28038
0.81		0.280212
0.811		0.280044
0.812		0.279875
0.813		0.279707
0.814		0.279538
0.815		0.279369
0.816		0.2792
0.817		0.279031
0.818		0.278862
0.819		0.278693
0.82		0.278523
0.821		0.278354
0.822		0.278184
0.823		0.278015
0.824		0.277845
0.825		0.277675
0.826		0.277505
0.827		0.277335
0.828		0.277165
0.829		0.276995
0.83		0.276824
0.831		0.276654
0.832		0.276483
0.833		0.276312
0.834		0.276142
0.835		0.275971
0.836		0.2758
0.837		0.275629
0.838		0.275457
0.839		0.275286
0.84		0.275115
0.841		0.274943
0.842		0.274772
0.843		0.2746
0.844		0.274428
0.845		0.274256
0.846		0.274085
0.847		0.273913
0.848		0.27374
0.849		0.273568
0.85		0.273396
0.851		0.273224
0.852		0.273051
0.853		0.272879
0.854		0.272706
0.855		0.272533
0.856		0.27236
0.857		0.272187
0.858		0.272014
0.859		0.271841
0.86		0.271668
0.861		0.271495
0.862		0.271322
0.863		0.271148
0.864		0.270975
0.865		0.270801
0.866		0.270628
0.867		0.270454
0.868		0.27028
0.869		0.270106
0.87		0.269932
0.871		0.269758
0.872		0.269584
0.873		0.26941
0.874		0.269236
0.875		0.269062
0.876		0.268887
0.877		0.268713
0.878		0.268538
0.879		0.268364
0.88		0.268189
0.881		0.268014
0.882		0.267839
0.883		0.267665
0.884		0.26749
0.885		0.267315
0.886		0.26714
0.887		0.266964
0.888		0.266789
0.889		0.266614
0.89		0.266439
0.891		0.266263
0.892		0.266088
0.893		0.265912
0.894		0.265737
0.895		0.265561
0.896		0.265385
0.897		0.265209
0.898		0.265034
0.899		0.264858
0.9		0.264682
0.901		0.264506
0.902		0.26433
0.903		0.264154
0.904		0.263977
0.905		0.263801
0.906		0.263625
0.907		0.263449
0.908		0.263272
0.909		0.263096
0.91		0.262919
0.911		0.262743
0.912		0.262566
0.913		0.26239
0.914		0.262213
0.915		0.262036
0.916		0.261859
0.917		0.261683
0.918		0.261506
0.919		0.261329
0.92		0.261152
0.921		0.260975
0.922		0.260798
0.923		0.260621
0.924		0.260444
0.925		0.260266
0.926		0.260089
0.927		0.259912
0.928		0.259735
0.929		0.259557
0.93		0.25938
0.931		0.259202
0.932		0.259025
0.933		0.258848
0.934		0.25867
0.935		0.258492
0.936		0.258315
0.937		0.258137
0.938		0.25796
0.939		0.257782
0.94		0.257604
0.941		0.257426
0.942		0.257249
0.943		0.257071
0.944		0.256893
0.945		0.256715
0.946		0.256537
0.947		0.256359
0.948		0.256181
0.949		0.256003
0.95		0.255825
0.951		0.255647
0.952		0.255469
0.953		0.255291
0.954		0.255113
0.955		0.254935
0.956		0.254756
0.957		0.254578
0.958		0.2544
0.959		0.254222
0.96		0.254043
0.961		0.253865
0.962		0.253687
0.963		0.253509
0.964		0.25333
0.965		0.253152
0.966		0.252973
0.967		0.252795
0.968		0.252617
0.969		0.252438
0.97		0.25226
0.971		0.252081
0.972		0.251903
0.973		0.251724
0.974		0.251546
0.975		0.251367
0.976		0.251189
0.977		0.25101
0.978		0.250832
0.979		0.250653
0.98		0.250475
0.981		0.250296
0.982		0.250118
0.983		0.249939
0.984		0.24976
0.985		0.249582
0.986		0.249403
0.987		0.249225
0.988		0.249046
0.989		0.248867
0.99		0.248689
0.991		0.24851
0.992		0.248332
0.993		0.248153
0.994		0.247974
0.995		0.247796
0.996		0.247617
0.997		0.247438
0.998		0.24726
0.999		0.247081
1		0.246903
1.001		0.246724
1.002		0.246545
1.003		0.246367
1.004		0.246188
1.005		0.24601
1.006		0.245831
1.007		0.245652
1.008		0.245474
1.009		0.245295
1.01		0.245117
1.011		0.244938
1.012		0.24476
1.013		0.244581
1.014		0.244403
1.015		0.244224
1.016		0.244046
1.017		0.243867
1.018		0.243689
1.019		0.24351
1.02		0.243332
1.021		0.243153
1.022		0.242975
1.023		0.242796
1.024		0.242618
1.025		0.24244
1.026		0.242261
1.027		0.242083
1.028		0.241905
1.029		0.241726
1.03		0.241548
1.031		0.24137
1.032		0.241191
1.033		0.241013
1.034		0.240835
1.035		0.240657
1.036		0.240479
1.037		0.2403
1.038		0.240122
1.039		0.239944
1.04		0.239766
1.041		0.239588
1.042		0.23941
1.043		0.239232
1.044		0.239054
1.045		0.238876
1.046		0.238698
1.047		0.23852
1.048		0.238342
1.049		0.238165
1.05		0.237987
1.051		0.237809
1.052		0.237631
1.053		0.237454
1.054		0.237276
1.055		0.237098
1.056		0.236921
1.057		0.236743
1.058		0.236565
1.059		0.236388
1.06		0.23621
1.061		0.236033
1.062		0.235855
1.063		0.235678
1.064		0.235501
1.065		0.235323
1.066		0.235146
1.067		0.234969
1.068		0.234792
1.069		0.234614
1.07		0.234437
1.071		0.23426
1.072		0.234083
1.073		0.233906
1.074		0.233729
1.075		0.233552
1.076		0.233375
1.077		0.233198
1.078		0.233022
1.079		0.232845
1.08		0.232668
1.081		0.232491
1.082		0.232315
1.083		0.232138
1.084		0.231962
1.085		0.231785
1.086		0.231609
1.087		0.231432
1.088		0.231256
1.089		0.231079
1.09		0.230903
1.091		0.230727
1.092		0.230551
1.093		0.230375
1.094		0.230198
1.095		0.230022
1.096		0.229846
1.097		0.22967
1.098		0.229495
1.099		0.229319
1.1		0.229143
1.101		0.228967
1.102		0.228792
1.103		0.228616
1.104		0.22844
1.105		0.228265
1.106		0.228089
1.107		0.227914
1.108		0.227739
1.109		0.227563
1.11		0.227388
1.111		0.227213
1.112		0.227038
1.113		0.226863
1.114		0.226688
1.115		0.226513
1.116		0.226338
1.117		0.226163
1.118		0.225988
1.119		0.225813
1.12		0.225639
1.121		0.225464
1.122		0.225289
1.123		0.225115
1.124		0.22494
1.125		0.224766
1.126		0.224592
1.127		0.224417
1.128		0.224243
1.129		0.224069
1.13		0.223895
1.131		0.223721
1.132		0.223547
1.133		0.223373
1.134		0.223199
1.135		0.223026
1.136		0.222852
1.137		0.222678
1.138		0.222505
1.139		0.222331
1.14		0.222158
1.141		0.221985
1.142		0.221811
1.143		0.221638
1.144		0.221465
1.145		0.221292
1.146		0.221119
1.147		0.220946
1.148		0.220773
1.149		0.2206
1.15		0.220428
1.151		0.220255
1.152		0.220082
1.153		0.21991
1.154		0.219737
1.155		0.219565
1.156		0.219393
1.157		0.21922
1.158		0.219048
1.159		0.218876
1.16		0.218704
1.161		0.218532
1.162		0.21836
1.163		0.218189
1.164		0.218017
1.165		0.217845
1.166		0.217674
1.167		0.217502
1.168		0.217331
1.169		0.217159
1.17		0.216988
1.171		0.216817
1.172		0.216646
1.173		0.216475
1.174		0.216304
1.175		0.216133
1.176		0.215962
1.177		0.215792
1.178		0.215621
1.179		0.21545
1.18		0.21528
1.181		0.21511
1.182		0.214939
1.183		0.214769
1.184		0.214599
1.185		0.214429
1.186		0.214259
1.187		0.214089
1.188		0.213919
1.189		0.213749
1.19		0.21358
1.191		0.21341
1.192		0.213241
1.193		0.213071
1.194		0.212902
1.195		0.212733
1.196		0.212564
1.197		0.212394
1.198		0.212225
1.199		0.212057
1.2		0.211888
1.201		0.211719
1.202		0.21155
1.203		0.211382
1.204		0.211213
1.205		0.211045
1.206		0.210877
1.207		0.210708
1.208		0.21054
1.209		0.210372
1.21		0.210204
1.211		0.210037
1.212		0.209869
1.213		0.209701
1.214		0.209533
1.215		0.209366
1.216		0.209199
1.217		0.209031
1.218		0.208864
1.219		0.208697
1.22		0.20853
1.221		0.208363
1.222		0.208196
1.223		0.208029
1.224		0.207863
1.225		0.207696
1.226		0.207529
1.227		0.207363
1.228		0.207197
1.229		0.207031
1.23		0.206864
1.231		0.206698
1.232		0.206532
1.233		0.206367
1.234		0.206201
1.235		0.206035
1.236		0.20587
1.237		0.205704
1.238		0.205539
1.239		0.205373
1.24		0.205208
1.241		0.205043
1.242		0.204878
1.243		0.204713
1.244		0.204548
1.245		0.204384
1.246		0.204219
1.247		0.204055
1.248		0.20389
1.249		0.203726
1.25		0.203562
1.251		0.203397
1.252		0.203233
1.253		0.20307
1.254		0.202906
1.255		0.202742
1.256		0.202578
1.257		0.202415
1.258		0.202251
1.259		0.202088
1.26		0.201925
1.261		0.201762
1.262		0.201599
1.263		0.201436
1.264		0.201273
1.265		0.20111
1.266		0.200947
1.267		0.200785
1.268		0.200622
1.269		0.20046
1.27		0.200298
1.271		0.200136
1.272		0.199974
1.273		0.199812
1.274		0.19965
1.275		0.199488
1.276		0.199327
1.277		0.199165
1.278		0.199004
1.279		0.198842
1.28		0.198681
1.281		0.19852
1.282		0.198359
1.283		0.198198
1.284		0.198037
1.285		0.197876
1.286		0.197716
1.287		0.197555
1.288		0.197395
1.289		0.197235
1.29		0.197075
1.291		0.196914
1.292		0.196754
1.293		0.196595
1.294		0.196435
1.295		0.196275
1.296		0.196116
1.297		0.195956
1.298		0.195797
1.299		0.195638
1.3		0.195478
1.301		0.195319
1.302		0.195161
1.303		0.195002
1.304		0.194843
1.305		0.194684
1.306		0.194526
1.307		0.194368
1.308		0.194209
1.309		0.194051
1.31		0.193893
1.311		0.193735
1.312		0.193577
1.313		0.19342
1.314		0.193262
1.315		0.193104
1.316		0.192947
1.317		0.19279
1.318		0.192632
1.319		0.192475
1.32		0.192318
1.321		0.192161
1.322		0.192005
1.323		0.191848
1.324		0.191692
1.325		0.191535
1.326		0.191379
1.327		0.191223
1.328		0.191066
1.329		0.19091
1.33		0.190755
1.331		0.190599
1.332		0.190443
1.333		0.190288
1.334		0.190132
1.335		0.189977
1.336		0.189822
1.337		0.189666
1.338		0.189511
1.339		0.189357
1.34		0.189202
1.341		0.189047
1.342		0.188892
1.343		0.188738
1.344		0.188584
1.345		0.188429
1.346		0.188275
1.347		0.188121
1.348		0.187967
1.349		0.187814
1.35		0.18766
1.351		0.187506
1.352		0.187353
1.353		0.1872
1.354		0.187046
1.355		0.186893
1.356		0.18674
1.357		0.186587
1.358		0.186435
1.359		0.186282
1.36		0.186129
1.361		0.185977
1.362		0.185825
1.363		0.185673
1.364		0.18552
1.365		0.185368
1.366		0.185217
1.367		0.185065
1.368		0.184913
1.369		0.184762
1.37		0.18461
1.371		0.184459
1.372		0.184308
1.373		0.184157
1.374		0.184006
1.375		0.183855
1.376		0.183704
1.377		0.183554
1.378		0.183403
1.379		0.183253
1.38		0.183102
1.381		0.182952
1.382		0.182802
1.383		0.182652
1.384		0.182502
1.385		0.182353
1.386		0.182203
1.387		0.182054
1.388		0.181904
1.389		0.181755
1.39		0.181606
1.391		0.181457
1.392		0.181308
1.393		0.181159
1.394		0.181011
1.395		0.180862
1.396		0.180714
1.397		0.180565
1.398		0.180417
1.399		0.180269
1.4		0.180121
1.401		0.179973
1.402		0.179825
1.403		0.179678
1.404		0.17953
1.405		0.179383
1.406		0.179236
1.407		0.179088
1.408		0.178941
1.409		0.178794
1.41		0.178648
1.411		0.178501
1.412		0.178354
1.413		0.178208
1.414		0.178062
1.415		0.177915
1.416		0.177769
1.417		0.177623
1.418		0.177477
1.419		0.177332
1.42		0.177186
1.421		0.17704
1.422		0.176895
1.423		0.17675
1.424		0.176604
1.425		0.176459
1.426		0.176314
1.427		0.17617
1.428		0.176025
1.429		0.17588
1.43		0.175736
1.431		0.175591
1.432		0.175447
1.433		0.175303
1.434		0.175159
1.435		0.175015
1.436		0.174871
1.437		0.174728
1.438		0.174584
1.439		0.174441
1.44		0.174297
1.441		0.174154
1.442		0.174011
1.443		0.173868
1.444		0.173725
1.445		0.173583
1.446		0.17344
1.447		0.173297
1.448		0.173155
1.449		0.173013
1.45		0.172871
1.451		0.172729
1.452		0.172587
1.453		0.172445
1.454		0.172303
1.455		0.172162
1.456		0.17202
1.457		0.171879
1.458		0.171738
1.459		0.171597
1.46		0.171456
1.461		0.171315
1.462		0.171174
1.463		0.171033
1.464		0.170893
1.465		0.170753
1.466		0.170612
1.467		0.170472
1.468		0.170332
1.469		0.170192
1.47		0.170052
1.471		0.169913
1.472		0.169773
1.473		0.169634
1.474		0.169494
1.475		0.169355
1.476		0.169216
1.477		0.169077
1.478		0.168938
1.479		0.1688
1.48		0.168661
1.481		0.168522
1.482		0.168384
1.483		0.168246
1.484		0.168108
1.485		0.16797
1.486		0.167832
1.487		0.167694
1.488		0.167556
1.489		0.167419
1.49		0.167281
1.491		0.167144
1.492		0.167007
1.493		0.16687
1.494		0.166733
1.495		0.166596
1.496		0.166459
1.497		0.166322
1.498		0.166186
1.499		0.16605
1.5		0.165913
1.501		0.165777
1.502		0.165641
1.503		0.165505
1.504		0.165369
1.505		0.165234
1.506		0.165098
1.507		0.164963
1.508		0.164827
1.509		0.164692
1.51		0.164557
1.511		0.164422
1.512		0.164287
1.513		0.164152
1.514		0.164018
1.515		0.163883
1.516		0.163749
1.517		0.163615
1.518		0.16348
1.519		0.163346
1.52		0.163213
1.521		0.163079
1.522		0.162945
1.523		0.162811
1.524		0.162678
1.525		0.162545
1.526		0.162411
1.527		0.162278
1.528		0.162145
1.529		0.162012
1.53		0.16188
1.531		0.161747
1.532		0.161615
1.533		0.161482
1.534		0.16135
1.535		0.161218
1.536		0.161086
1.537		0.160954
1.538		0.160822
1.539		0.16069
1.54		0.160559
1.541		0.160427
1.542		0.160296
1.543		0.160165
1.544		0.160033
1.545		0.159902
1.546		0.159772
1.547		0.159641
1.548		0.15951
1.549		0.15938
1.55		0.159249
1.551		0.159119
1.552		0.158989
1.553		0.158859
1.554		0.158729
1.555		0.158599
1.556		0.158469
1.557		0.158339
1.558		0.15821
1.559		0.158081
1.56		0.157951
1.561		0.157822
1.562		0.157693
1.563		0.157564
1.564		0.157435
1.565		0.157307
1.566		0.157178
1.567		0.15705
1.568		0.156921
1.569		0.156793
1.57		0.156665
1.571		0.156537
1.572		0.156409
1.573		0.156281
1.574		0.156154
1.575		0.156026
1.576		0.155899
1.577		0.155772
1.578		0.155644
1.579		0.155517
1.58		0.15539
1.581		0.155264
1.582		0.155137
1.583		0.15501
1.584		0.154884
1.585		0.154757
1.586		0.154631
1.587		0.154505
1.588		0.154379
1.589		0.154253
1.59		0.154127
1.591		0.154002
1.592		0.153876
1.593		0.153751
1.594		0.153625
1.595		0.1535
1.596		0.153375
1.597		0.15325
1.598		0.153125
1.599		0.153
1.6		0.152876
1.601		0.152751
1.602		0.152627
1.603		0.152502
1.604		0.152378
1.605		0.152254
1.606		0.15213
1.607		0.152006
1.608		0.151882
1.609		0.151759
1.61		0.151635
1.611		0.151512
1.612		0.151389
1.613		0.151265
1.614		0.151142
1.615		0.151019
1.616		0.150897
1.617		0.150774
1.618		0.150651
1.619		0.150529
1.62		0.150406
1.621		0.150284
1.622		0.150162
1.623		0.15004
1.624		0.149918
1.625		0.149796
1.626		0.149675
1.627		0.149553
1.628		0.149431
1.629		0.14931
1.63		0.149189
1.631		0.149068
1.632		0.148947
1.633		0.148826
1.634		0.148705
1.635		0.148584
1.636		0.148464
1.637		0.148343
1.638		0.148223
1.639		0.148103
1.64		0.147983
1.641		0.147863
1.642		0.147743
1.643		0.147623
1.644		0.147503
1.645		0.147384
1.646		0.147264
1.647		0.147145
1.648		0.147026
1.649		0.146906
1.65		0.146787
1.651		0.146668
1.652		0.14655
1.653		0.146431
1.654		0.146312
1.655		0.146194
1.656		0.146076
1.657		0.145957
1.658		0.145839
1.659		0.145721
1.66		0.145603
1.661		0.145486
1.662		0.145368
1.663		0.14525
1.664		0.145133
1.665		0.145016
1.666		0.144898
1.667		0.144781
1.668		0.144664
1.669		0.144547
1.67		0.144431
1.671		0.144314
1.672		0.144197
1.673		0.144081
1.674		0.143964
1.675		0.143848
1.676		0.143732
1.677		0.143616
1.678		0.1435
1.679		0.143384
1.68		0.143269
1.681		0.143153
1.682		0.143038
1.683		0.142922
1.684		0.142807
1.685		0.142692
1.686		0.142577
1.687		0.142462
1.688		0.142347
1.689		0.142232
1.69		0.142118
1.691		0.142003
1.692		0.141889
1.693		0.141774
1.694		0.14166
1.695		0.141546
1.696		0.141432
1.697		0.141318
1.698		0.141205
1.699		0.141091
1.7		0.140978
1.701		0.140864
1.702		0.140751
1.703		0.140638
1.704		0.140525
1.705		0.140412
1.706		0.140299
1.707		0.140186
1.708		0.140073
1.709		0.139961
1.71		0.139848
1.711		0.139736
1.712		0.139624
1.713		0.139512
1.714		0.1394
1.715		0.139288
1.716		0.139176
1.717		0.139064
1.718		0.138953
1.719		0.138841
1.72		0.13873
1.721		0.138618
1.722		0.138507
1.723		0.138396
1.724		0.138285
1.725		0.138174
1.726		0.138064
1.727		0.137953
1.728		0.137842
1.729		0.137732
1.73		0.137622
1.731		0.137512
1.732		0.137401
1.733		0.137291
1.734		0.137182
1.735		0.137072
1.736		0.136962
1.737		0.136853
1.738		0.136743
1.739		0.136634
1.74		0.136524
1.741		0.136415
1.742		0.136306
1.743		0.136197
1.744		0.136088
1.745		0.13598
1.746		0.135871
1.747		0.135763
1.748		0.135654
1.749		0.135546
1.75		0.135438
1.751		0.135329
1.752		0.135221
1.753		0.135114
1.754		0.135006
1.755		0.134898
1.756		0.13479
1.757		0.134683
1.758		0.134576
1.759		0.134468
1.76		0.134361
1.761		0.134254
1.762		0.134147
1.763		0.13404
1.764		0.133933
1.765		0.133827
1.766		0.13372
1.767		0.133614
1.768		0.133507
1.769		0.133401
1.77		0.133295
1.771		0.133189
1.772		0.133083
1.773		0.132977
1.774		0.132872
1.775		0.132766
1.776		0.13266
1.777		0.132555
1.778		0.13245
1.779		0.132344
1.78		0.132239
1.781		0.132134
1.782		0.132029
1.783		0.131925
1.784		0.13182
1.785		0.131715
1.786		0.131611
1.787		0.131506
1.788		0.131402
1.789		0.131298
1.79		0.131194
1.791		0.13109
1.792		0.130986
1.793		0.130882
1.794		0.130778
1.795		0.130675
1.796		0.130571
1.797		0.130468
1.798		0.130364
1.799		0.130261
1.8		0.130158
1.801		0.130055
1.802		0.129952
1.803		0.129849
1.804		0.129747
1.805		0.129644
1.806		0.129542
1.807		0.129439
1.808		0.129337
1.809		0.129235
1.81		0.129133
1.811		0.129031
1.812		0.128929
1.813		0.128827
1.814		0.128725
1.815		0.128624
1.816		0.128522
1.817		0.128421
1.818		0.128319
1.819		0.128218
1.82		0.128117
1.821		0.128016
1.822		0.127915
1.823		0.127814
1.824		0.127714
1.825		0.127613
1.826		0.127512
1.827		0.127412
1.828		0.127312
1.829		0.127211
1.83		0.127111
1.831		0.127011
1.832		0.126911
1.833		0.126811
1.834		0.126712
1.835		0.126612
1.836		0.126513
1.837		0.126413
1.838		0.126314
1.839		0.126214
1.84		0.126115
1.841		0.126016
1.842		0.125917
1.843		0.125818
1.844		0.12572
1.845		0.125621
1.846		0.125522
1.847		0.125424
1.848		0.125326
1.849		0.125227
1.85		0.125129
1.851		0.125031
1.852		0.124933
1.853		0.124835
1.854		0.124737
1.855		0.12464
1.856		0.124542
1.857		0.124444
1.858		0.124347
1.859		0.12425
1.86		0.124152
1.861		0.124055
1.862		0.123958
1.863		0.123861
1.864		0.123764
1.865		0.123668
1.866		0.123571
1.867		0.123474
1.868		0.123378
1.869		0.123282
1.87		0.123185
1.871		0.123089
1.872		0.122993
1.873		0.122897
1.874		0.122801
1.875		0.122705
1.876		0.122609
1.877		0.122514
1.878		0.122418
1.879		0.122323
1.88		0.122228
1.881		0.122132
1.882		0.122037
1.883		0.121942
1.884		0.121847
1.885		0.121752
1.886		0.121657
1.887		0.121563
1.888		0.121468
1.889		0.121374
1.89		0.121279
1.891		0.121185
1.892		0.121091
1.893		0.120996
1.894		0.120902
1.895		0.120808
1.896		0.120715
1.897		0.120621
1.898		0.120527
1.899		0.120434
1.9		0.12034
1.901		0.120247
1.902		0.120153
1.903		0.12006
1.904		0.119967
1.905		0.119874
1.906		0.119781
1.907		0.119688
1.908		0.119595
1.909		0.119503
1.91		0.11941
1.911		0.119318
1.912		0.119225
1.913		0.119133
1.914		0.119041
1.915		0.118949
1.916		0.118856
1.917		0.118765
1.918		0.118673
1.919		0.118581
1.92		0.118489
1.921		0.118398
1.922		0.118306
1.923		0.118215
1.924		0.118123
1.925		0.118032
1.926		0.117941
1.927		0.11785
1.928		0.117759
1.929		0.117668
1.93		0.117577
1.931		0.117487
1.932		0.117396
1.933		0.117306
1.934		0.117215
1.935		0.117125
1.936		0.117035
1.937		0.116944
1.938		0.116854
1.939		0.116764
1.94		0.116674
1.941		0.116585
1.942		0.116495
1.943		0.116405
1.944		0.116316
1.945		0.116226
1.946		0.116137
1.947		0.116048
1.948		0.115958
1.949		0.115869
1.95		0.11578
1.951		0.115691
1.952		0.115603
1.953		0.115514
1.954		0.115425
1.955		0.115337
1.956		0.115248
1.957		0.11516
1.958		0.115071
1.959		0.114983
1.96		0.114895
1.961		0.114807
1.962		0.114719
1.963		0.114631
1.964		0.114543
1.965		0.114456
1.966		0.114368
1.967		0.11428
1.968		0.114193
1.969		0.114106
1.97		0.114018
1.971		0.113931
1.972		0.113844
1.973		0.113757
1.974		0.11367
1.975		0.113583
1.976		0.113496
1.977		0.11341
1.978		0.113323
1.979		0.113237
1.98		0.11315
1.981		0.113064
1.982		0.112978
1.983		0.112891
1.984		0.112805
1.985		0.112719
1.986		0.112633
1.987		0.112548
1.988		0.112462
1.989		0.112376
1.99		0.112291
1.991		0.112205
1.992		0.11212
1.993		0.112034
1.994		0.111949
1.995		0.111864
1.996		0.111779
1.997		0.111694
1.998		0.111609
1.999		0.111524
2		0.111439
2.001		0.111355
2.002		0.11127
2.003		0.111186
2.004		0.111101
2.005		0.111017
2.006		0.110933
2.007		0.110849
2.008		0.110765
2.009		0.110681
2.01		0.110597
2.011		0.110513
2.012		0.110429
2.013		0.110345
2.014		0.110262
2.015		0.110178
2.016		0.110095
2.017		0.110012
2.018		0.109928
2.019		0.109845
2.02		0.109762
2.021		0.109679
2.022		0.109596
2.023		0.109513
2.024		0.10943
2.025		0.109348
2.026		0.109265
2.027		0.109183
2.028		0.1091
2.029		0.109018
2.03		0.108936
2.031		0.108853
2.032		0.108771
2.033		0.108689
2.034		0.108607
2.035		0.108525
2.036		0.108444
2.037		0.108362
2.038		0.10828
2.039		0.108199
2.04		0.108117
2.041		0.108036
2.042		0.107955
2.043		0.107873
2.044		0.107792
2.045		0.107711
2.046		0.10763
2.047		0.107549
2.048		0.107468
2.049		0.107388
2.05		0.107307
2.051		0.107226
2.052		0.107146
2.053		0.107065
2.054		0.106985
2.055		0.106905
2.056		0.106824
2.057		0.106744
2.058		0.106664
2.059		0.106584
2.06		0.106504
2.061		0.106425
2.062		0.106345
2.063		0.106265
2.064		0.106186
2.065		0.106106
2.066		0.106027
2.067		0.105947
2.068		0.105868
2.069		0.105789
2.07		0.10571
2.071		0.105631
2.072		0.105552
2.073		0.105473
2.074		0.105394
2.075		0.105315
2.076		0.105237
2.077		0.105158
2.078		0.10508
2.079		0.105001
2.08		0.104923
2.081		0.104845
2.082		0.104767
2.083		0.104688
2.084		0.10461
2.085		0.104532
2.086		0.104455
2.087		0.104377
2.088		0.104299
2.089		0.104221
2.09		0.104144
2.091		0.104066
2.092		0.103989
2.093		0.103912
2.094		0.103834
2.095		0.103757
2.096		0.10368
2.097		0.103603
2.098		0.103526
2.099		0.103449
2.1		0.103372
2.101		0.103295
2.102		0.103219
2.103		0.103142
2.104		0.103066
2.105		0.102989
2.106		0.102913
2.107		0.102837
2.108		0.10276
2.109		0.102684
2.11		0.102608
2.111		0.102532
2.112		0.102456
2.113		0.10238
2.114		0.102305
2.115		0.102229
2.116		0.102153
2.117		0.102078
2.118		0.102002
2.119		0.101927
2.12		0.101852
2.121		0.101776
2.122		0.101701
2.123		0.101626
2.124		0.101551
2.125		0.101476
2.126		0.101401
2.127		0.101326
2.128		0.101252
2.129		0.101177
2.13		0.101102
2.131		0.101028
2.132		0.100953
2.133		0.100879
2.134		0.100805
2.135		0.10073
2.136		0.100656
2.137		0.100582
2.138		0.100508
2.139		0.100434
2.14		0.10036
2.141		0.100287
2.142		0.100213
2.143		0.100139
2.144		0.100066
2.145		0.0999921
2.146		0.0999186
2.147		0.0998452
2.148		0.0997719
2.149		0.0996987
2.15		0.0996256
2.151		0.0995525
2.152		0.0994795
2.153		0.0994065
2.154		0.0993337
2.155		0.0992609
2.156		0.0991881
2.157		0.0991155
2.158		0.0990429
2.159		0.0989704
2.16		0.0988979
2.161		0.0988256
2.162		0.0987533
2.163		0.098681
2.164		0.0986089
2.165		0.0985368
2.166		0.0984647
2.167		0.0983928
2.168		0.0983209
2.169		0.0982491
2.17		0.0981774
2.171		0.0981057
2.172		0.0980341
2.173		0.0979626
2.174		0.0978911
2.175		0.0978197
2.176		0.0977484
2.177		0.0976771
2.178		0.0976059
2.179		0.0975348
2.18		0.0974638
2.181		0.0973928
2.182		0.0973219
2.183		0.097251
2.184		0.0971803
2.185		0.0971096
2.186		0.0970389
2.187		0.0969684
2.188		0.0968979
2.189		0.0968274
2.19		0.0967571
2.191		0.0966868
2.192		0.0966166
2.193		0.0965464
2.194		0.0964763
2.195		0.0964063
2.196		0.0963363
2.197		0.0962665
2.198		0.0961966
2.199		0.0961269
2.2		0.0960572
2.201		0.0959876
2.202		0.0959181
2.203		0.0958486
2.204		0.0957792
2.205		0.0957098
2.206		0.0956405
2.207		0.0955713
2.208		0.0955022
2.209		0.0954331
2.21		0.0953641
2.211		0.0952952
2.212		0.0952263
2.213		0.0951575
2.214		0.0950888
2.215		0.0950201
2.216		0.0949515
2.217		0.0948829
2.218		0.0948145
2.219		0.094746
2.22		0.0946777
2.221		0.0946094
2.222		0.0945412
2.223		0.0944731
2.224		0.094405
2.225		0.094337
2.226		0.094269
2.227		0.0942012
2.228		0.0941333
2.229		0.0940656
2.23		0.0939979
2.231		0.0939303
2.232		0.0938627
2.233		0.0937952
2.234		0.0937278
2.235		0.0936605
2.236		0.0935932
2.237		0.0935259
2.238		0.0934588
2.239		0.0933917
2.24		0.0933247
2.241		0.0932577
2.242		0.0931908
2.243		0.0931239
2.244		0.0930572
2.245		0.0929905
2.246		0.0929238
2.247		0.0928572
2.248		0.0927907
2.249		0.0927243
2.25		0.0926579
2.251		0.0925915
2.252		0.0925253
2.253		0.0924591
2.254		0.092393
2.255		0.0923269
2.256		0.0922609
2.257		0.0921949
2.258		0.0921291
2.259		0.0920632
2.26		0.0919975
2.261		0.0919318
2.262		0.0918662
2.263		0.0918006
2.264		0.0917351
2.265		0.0916697
2.266		0.0916043
2.267		0.091539
2.268		0.0914738
2.269		0.0914086
2.27		0.0913434
2.271		0.0912784
2.272		0.0912134
2.273		0.0911485
2.274		0.0910836
2.275		0.0910188
2.276		0.090954
2.277		0.0908893
2.278		0.0908247
2.279		0.0907602
2.28		0.0906957
2.281		0.0906312
2.282		0.0905669
2.283		0.0905025
2.284		0.0904383
2.285		0.0903741
2.286		0.09031
2.287		0.0902459
2.288		0.0901819
2.289		0.090118
2.29		0.0900541
2.291		0.0899903
2.292		0.0899265
2.293		0.0898628
2.294		0.0897992
2.295		0.0897356
2.296		0.0896721
2.297		0.0896086
2.298		0.0895452
2.299		0.0894819
2.3		0.0894186
2.301		0.0893554
2.302		0.0892923
2.303		0.0892292
2.304		0.0891662
2.305		0.0891032
2.306		0.0890403
2.307		0.0889774
2.308		0.0889146
2.309		0.0888519
2.31		0.0887892
2.311		0.0887266
2.312		0.0886641
2.313		0.0886016
2.314		0.0885392
2.315		0.0884768
2.316		0.0884145
2.317		0.0883522
2.318		0.0882901
2.319		0.0882279
2.32		0.0881658
2.321		0.0881038
2.322		0.0880419
2.323		0.08798
2.324		0.0879182
2.325		0.0878564
2.326		0.0877947
2.327		0.087733
2.328		0.0876714
2.329		0.0876099
2.33		0.0875484
2.331		0.087487
2.332		0.0874256
2.333		0.0873643
2.334		0.087303
2.335		0.0872419
2.336		0.0871807
2.337		0.0871197
2.338		0.0870586
2.339		0.0869977
2.34		0.0869368
2.341		0.086876
2.342		0.0868152
2.343		0.0867544
2.344		0.0866938
2.345		0.0866332
2.346		0.0865726
2.347		0.0865121
2.348		0.0864517
2.349		0.0863913
2.35		0.086331
2.351		0.0862707
2.352		0.0862105
2.353		0.0861504
2.354		0.0860903
2.355		0.0860303
2.356		0.0859703
2.357		0.0859104
2.358		0.0858505
2.359		0.0857907
2.36		0.0857309
2.361		0.0856713
2.362		0.0856116
2.363		0.085552
2.364		0.0854925
2.365		0.0854331
2.366		0.0853736
2.367		0.0853143
2.368		0.085255
2.369		0.0851958
2.37		0.0851366
2.371		0.0850774
2.372		0.0850184
2.373		0.0849594
2.374		0.0849004
2.375		0.0848415
2.376		0.0847826
2.377		0.0847239
2.378		0.0846651
2.379		0.0846064
2.38		0.0845478
2.381		0.0844892
2.382		0.0844307
2.383		0.0843723
2.384		0.0843139
2.385		0.0842555
2.386		0.0841972
2.387		0.084139
2.388		0.0840808
2.389		0.0840227
2.39		0.0839646
2.391		0.0839066
2.392		0.0838486
2.393		0.0837907
2.394		0.0837329
2.395		0.0836751
2.396		0.0836173
2.397		0.0835596
2.398		0.083502
2.399		0.0834444
2.4		0.0833869
2.401		0.0833294
2.402		0.083272
2.403		0.0832146
2.404		0.0831573
2.405		0.0831001
2.406		0.0830429
2.407		0.0829857
2.408		0.0829286
2.409		0.0828716
2.41		0.0828146
2.411		0.0827577
2.412		0.0827008
2.413		0.082644
2.414		0.0825872
2.415		0.0825305
2.416		0.0824738
2.417		0.0824172
2.418		0.0823606
2.419		0.0823041
2.42		0.0822477
2.421		0.0821913
2.422		0.0821349
2.423		0.0820786
2.424		0.0820224
2.425		0.0819662
2.426		0.0819101
2.427		0.081854
2.428		0.081798
2.429		0.081742
2.43		0.0816861
2.431		0.0816302
2.432		0.0815744
2.433		0.0815186
2.434		0.0814629
2.435		0.0814073
2.436		0.0813516
2.437		0.0812961
2.438		0.0812406
2.439		0.0811851
2.44		0.0811297
2.441		0.0810744
2.442		0.0810191
2.443		0.0809639
2.444		0.0809087
2.445		0.0808535
2.446		0.0807984
2.447		0.0807434
2.448		0.0806884
2.449		0.0806335
2.45		0.0805786
2.451		0.0805238
2.452		0.080469
2.453		0.0804143
2.454		0.0803596
2.455		0.0803049
2.456		0.0802504
2.457		0.0801958
2.458		0.0801414
2.459		0.080087
2.46		0.0800326
2.461		0.0799783
2.462		0.079924
2.463		0.0798698
2.464		0.0798156
2.465		0.0797615
2.466		0.0797074
2.467		0.0796534
2.468		0.0795994
2.469		0.0795455
2.47		0.0794917
2.471		0.0794378
2.472		0.0793841
2.473		0.0793304
2.474		0.0792767
2.475		0.0792231
2.476		0.0791695
2.477		0.079116
2.478		0.0790625
2.479		0.0790091
2.48		0.0789558
2.481		0.0789024
2.482		0.0788492
2.483		0.078796
2.484		0.0787428
2.485		0.0786897
2.486		0.0786366
2.487		0.0785836
2.488		0.0785306
2.489		0.0784777
2.49		0.0784248
2.491		0.078372
2.492		0.0783192
2.493		0.0782665
2.494		0.0782139
2.495		0.0781612
2.496		0.0781087
2.497		0.0780561
2.498		0.0780036
2.499		0.0779512
2.5		0.0778988
2.501		0.0778465
2.502		0.0777942
2.503		0.077742
2.504		0.0776898
2.505		0.0776377
2.506		0.0775856
2.507		0.0775335
2.508		0.0774815
2.509		0.0774296
2.51		0.0773777
2.511		0.0773258
2.512		0.077274
2.513		0.0772223
2.514		0.0771706
2.515		0.0771189
2.516		0.0770673
2.517		0.0770158
2.518		0.0769643
2.519		0.0769128
2.52		0.0768614
2.521		0.07681
2.522		0.0767587
2.523		0.0767074
2.524		0.0766562
2.525		0.076605
2.526		0.0765539
2.527		0.0765028
2.528		0.0764517
2.529		0.0764007
2.53		0.0763498
2.531		0.0762989
2.532		0.076248
2.533		0.0761972
2.534		0.0761465
2.535		0.0760958
2.536		0.0760451
2.537		0.0759945
2.538		0.0759439
2.539		0.0758934
2.54		0.0758429
2.541		0.0757925
2.542		0.0757421
2.543		0.0756918
2.544		0.0756415
2.545		0.0755912
2.546		0.0755411
2.547		0.0754909
2.548		0.0754408
2.549		0.0753907
2.55		0.0753407
2.551		0.0752908
2.552		0.0752408
2.553		0.075191
2.554		0.0751411
2.555		0.0750913
2.556		0.0750416
2.557		0.0749919
2.558		0.0749423
2.559		0.0748927
2.56		0.0748431
2.561		0.0747936
2.562		0.0747441
2.563		0.0746947
2.564		0.0746454
2.565		0.074596
2.566		0.0745467
2.567		0.0744975
2.568		0.0744483
2.569		0.0743992
2.57		0.0743501
2.571		0.074301
2.572		0.074252
2.573		0.074203
2.574		0.0741541
2.575		0.0741052
2.576		0.0740564
2.577		0.0740076
2.578		0.0739589
2.579		0.0739102
2.58		0.0738615
2.581		0.0738129
2.582		0.0737643
2.583		0.0737158
2.584		0.0736673
2.585		0.0736189
2.586		0.0735705
2.587		0.0735222
2.588		0.0734739
2.589		0.0734256
2.59		0.0733774
2.591		0.0733293
2.592		0.0732811
2.593		0.0732331
2.594		0.073185
2.595		0.073137
2.596		0.0730891
2.597		0.0730412
2.598		0.0729933
2.599		0.0729455
2.6		0.0728977
2.601		0.07285
2.602		0.0728023
2.603		0.0727547
2.604		0.0727071
2.605		0.0726595
2.606		0.072612
2.607		0.0725645
2.608		0.0725171
2.609		0.0724697
2.61		0.0724224
2.611		0.0723751
2.612		0.0723278
2.613		0.0722806
2.614		0.0722335
2.615		0.0721863
2.616		0.0721393
2.617		0.0720922
2.618		0.0720452
2.619		0.0719983
2.62		0.0719514
2.621		0.0719045
2.622		0.0718577
2.623		0.0718109
2.624		0.0717642
2.625		0.0717175
2.626		0.0716708
2.627		0.0716242
2.628		0.0715776
2.629		0.0715311
2.63		0.0714846
2.631		0.0714382
2.632		0.0713918
2.633		0.0713454
2.634		0.0712991
2.635		0.0712528
2.636		0.0712066
2.637		0.0711604
2.638		0.0711142
2.639		0.0710681
2.64		0.0710221
2.641		0.070976
2.642		0.0709301
2.643		0.0708841
2.644		0.0708382
2.645		0.0707924
2.646		0.0707465
2.647		0.0707008
2.648		0.070655
2.649		0.0706093
2.65		0.0705637
2.651		0.0705181
2.652		0.0704725
2.653		0.070427
2.654		0.0703815
2.655		0.070336
2.656		0.0702906
2.657		0.0702453
2.658		0.0702
2.659		0.0701547
2.66		0.0701094
2.661		0.0700642
2.662		0.0700191
2.663		0.069974
2.664		0.0699289
2.665		0.0698838
2.666		0.0698388
2.667		0.0697939
2.668		0.069749
2.669		0.0697041
2.67		0.0696593
2.671		0.0696145
2.672		0.0695697
2.673		0.069525
2.674		0.0694803
2.675		0.0694357
2.676		0.0693911
2.677		0.0693465
2.678		0.069302
2.679		0.0692576
2.68		0.0692131
2.681		0.0691687
2.682		0.0691244
2.683		0.0690801
2.684		0.0690358
2.685		0.0689916
2.686		0.0689474
2.687		0.0689032
2.688		0.0688591
2.689		0.068815
2.69		0.068771
2.691		0.068727
2.692		0.068683
2.693		0.0686391
2.694		0.0685952
2.695		0.0685514
2.696		0.0685076
2.697		0.0684638
2.698		0.0684201
2.699		0.0683764
2.7		0.0683328
2.701		0.0682892
2.702		0.0682456
2.703		0.0682021
2.704		0.0681586
2.705		0.0681152
2.706		0.0680717
2.707		0.0680284
2.708		0.067985
2.709		0.0679418
2.71		0.0678985
2.711		0.0678553
2.712		0.0678121
2.713		0.067769
2.714		0.0677259
2.715		0.0676828
2.716		0.0676398
2.717		0.0675968
2.718		0.0675539
2.719		0.0675109
2.72		0.0674681
2.721		0.0674252
2.722		0.0673824
2.723		0.0673397
2.724		0.067297
2.725		0.0672543
2.726		0.0672117
2.727		0.067169
2.728		0.0671265
2.729		0.067084
2.73		0.0670415
2.731		0.066999
2.732		0.0669566
2.733		0.0669142
2.734		0.0668719
2.735		0.0668296
2.736		0.0667873
2.737		0.0667451
2.738		0.0667029
2.739		0.0666608
2.74		0.0666186
2.741		0.0665766
2.742		0.0665345
2.743		0.0664925
2.744		0.0664506
2.745		0.0664086
2.746		0.0663667
2.747		0.0663249
2.748		0.0662831
2.749		0.0662413
2.75		0.0661996
2.751		0.0661578
2.752		0.0661162
2.753		0.0660745
2.754		0.066033
2.755		0.0659914
2.756		0.0659499
2.757		0.0659084
2.758		0.0658669
2.759		0.0658255
2.76		0.0657842
2.761		0.0657428
2.762		0.0657015
2.763		0.0656603
2.764		0.065619
2.765		0.0655778
2.766		0.0655367
2.767		0.0654956
2.768		0.0654545
2.769		0.0654134
2.77		0.0653724
2.771		0.0653315
2.772		0.0652905
2.773		0.0652496
2.774		0.0652088
2.775		0.0651679
2.776		0.0651271
2.777		0.0650864
2.778		0.0650457
2.779		0.065005
2.78		0.0649643
2.781		0.0649237
2.782		0.0648831
2.783		0.0648426
2.784		0.0648021
2.785		0.0647616
2.786		0.0647212
2.787		0.0646808
2.788		0.0646404
2.789		0.0646001
2.79		0.0645598
2.791		0.0645195
2.792		0.0644793
2.793		0.0644391
2.794		0.064399
2.795		0.0643589
2.796		0.0643188
2.797		0.0642787
2.798		0.0642387
2.799		0.0641987
2.8		0.0641588
2.801		0.0641189
2.802		0.064079
2.803		0.0640392
2.804		0.0639994
2.805		0.0639596
2.806		0.0639199
2.807		0.0638802
2.808		0.0638405
2.809		0.0638009
2.81		0.0637613
2.811		0.0637218
2.812		0.0636822
2.813		0.0636427
2.814		0.0636033
2.815		0.0635639
2.816		0.0635245
2.817		0.0634851
2.818		0.0634458
2.819		0.0634065
2.82		0.0633673
2.821		0.0633281
2.822		0.0632889
2.823		0.0632498
2.824		0.0632107
2.825		0.0631716
2.826		0.0631325
2.827		0.0630935
2.828		0.0630546
2.829		0.0630156
2.83		0.0629767
2.831		0.0629378
2.832		0.062899
2.833		0.0628602
2.834		0.0628214
2.835		0.0627827
2.836		0.062744
2.837		0.0627053
2.838		0.0626667
2.839		0.0626281
2.84		0.0625895
2.841		0.062551
2.842		0.0625125
2.843		0.062474
2.844		0.0624356
2.845		0.0623972
2.846		0.0623588
2.847		0.0623205
2.848		0.0622822
2.849		0.0622439
2.85		0.0622057
2.851		0.0621675
2.852		0.0621293
2.853		0.0620912
2.854		0.0620531
2.855		0.062015
2.856		0.061977
2.857		0.061939
2.858		0.061901
2.859		0.061863
2.86		0.0618251
2.861		0.0617873
2.862		0.0617494
2.863		0.0617116
2.864		0.0616739
2.865		0.0616361
2.866		0.0615984
2.867		0.0615607
2.868		0.0615231
2.869		0.0614855
2.87		0.0614479
2.871		0.0614104
2.872		0.0613729
2.873		0.0613354
2.874		0.0612979
2.875		0.0612605
2.876		0.0612231
2.877		0.0611858
2.878		0.0611485
2.879		0.0611112
2.88		0.0610739
2.881		0.0610367
2.882		0.0609995
2.883		0.0609624
2.884		0.0609252
2.885		0.0608881
2.886		0.0608511
2.887		0.060814
2.888		0.0607771
2.889		0.0607401
2.89		0.0607032
2.891		0.0606663
2.892		0.0606294
2.893		0.0605925
2.894		0.0605557
2.895		0.060519
2.896		0.0604822
2.897		0.0604455
2.898		0.0604088
2.899		0.0603722
2.9		0.0603356
2.901		0.060299
2.902		0.0602624
2.903		0.0602259
2.904		0.0601894
2.905		0.0601529
2.906		0.0601165
2.907		0.0600801
2.908		0.0600438
2.909		0.0600074
2.91		0.0599711
2.911		0.0599348
2.912		0.0598986
2.913		0.0598624
2.914		0.0598262
2.915		0.0597901
2.916		0.059754
2.917		0.0597179
2.918		0.0596818
2.919		0.0596458
2.92		0.0596098
2.921		0.0595738
2.922		0.0595379
2.923		0.059502
2.924		0.0594661
2.925		0.0594303
2.926		0.0593945
2.927		0.0593587
2.928		0.0593229
2.929		0.0592872
2.93		0.0592515
2.931		0.0592159
2.932		0.0591803
2.933		0.0591447
2.934		0.0591091
2.935		0.0590736
2.936		0.0590381
2.937		0.0590026
2.938		0.0589671
2.939		0.0589317
2.94		0.0588963
2.941		0.058861
2.942		0.0588257
2.943		0.0587904
2.944		0.0587551
2.945		0.0587199
2.946		0.0586847
2.947		0.0586495
2.948		0.0586144
2.949		0.0585792
2.95		0.0585442
2.951		0.0585091
2.952		0.0584741
2.953		0.0584391
2.954		0.0584041
2.955		0.0583692
2.956		0.0583343
2.957		0.0582994
2.958		0.0582646
2.959		0.0582297
2.96		0.058195
2.961		0.0581602
2.962		0.0581255
2.963		0.0580908
2.964		0.0580561
2.965		0.0580215
2.966		0.0579869
2.967		0.0579523
2.968		0.0579177
2.969		0.0578832
2.97		0.0578487
2.971		0.0578143
2.972		0.0577798
2.973		0.0577454
2.974		0.057711
2.975		0.0576767
2.976		0.0576424
2.977		0.0576081
2.978		0.0575738
2.979		0.0575396
2.98		0.0575054
2.981		0.0574712
2.982		0.0574371
2.983		0.057403
2.984		0.0573689
2.985		0.0573348
2.986		0.0573008
2.987		0.0572668
2.988		0.0572328
2.989		0.0571989
2.99		0.057165
2.991		0.0571311
2.992		0.0570972
2.993		0.0570634
2.994		0.0570296
2.995		0.0569958
2.996		0.0569621
2.997		0.0569284
2.998		0.0568947
2.999		0.056861
3		0.0568274
3.001		0.0567938
3.002		0.0567602
3.003		0.0567267
3.004		0.0566932
3.005		0.0566597
3.006		0.0566262
3.007		0.0565928
3.008		0.0565594
3.009		0.056526
3.01		0.0564927
3.011		0.0564593
3.012		0.056426
3.013		0.0563928
3.014		0.0563595
3.015		0.0563263
3.016		0.0562932
3.017		0.05626
3.018		0.0562269
3.019		0.0561938
3.02		0.0561607
3.021		0.0561277
3.022		0.0560947
3.023		0.0560617
3.024		0.0560287
3.025		0.0559958
3.026		0.0559629
3.027		0.05593
3.028		0.0558972
3.029		0.0558643
3.03		0.0558316
3.031		0.0557988
3.032		0.055766
3.033		0.0557333
3.034		0.0557007
3.035		0.055668
3.036		0.0556354
3.037		0.0556028
3.038		0.0555702
3.039		0.0555376
3.04		0.0555051
3.041		0.0554726
3.042		0.0554402
3.043		0.0554077
3.044		0.0553753
3.045		0.0553429
3.046		0.0553106
3.047		0.0552783
3.048		0.0552459
3.049		0.0552137
3.05		0.0551814
3.051		0.0551492
3.052		0.055117
3.053		0.0550848
3.054		0.0550527
3.055		0.0550206
3.056		0.0549885
3.057		0.0549564
3.058		0.0549244
3.059		0.0548924
3.06		0.0548604
3.061		0.0548284
3.062		0.0547965
3.063		0.0547646
3.064		0.0547327
3.065		0.0547009
3.066		0.0546691
3.067		0.0546373
3.068		0.0546055
3.069		0.0545738
3.07		0.054542
3.071		0.0545104
3.072		0.0544787
3.073		0.054447
3.074		0.0544154
3.075		0.0543839
3.076		0.0543523
3.077		0.0543208
3.078		0.0542892
3.079		0.0542578
3.08		0.0542263
3.081		0.0541949
3.082		0.0541635
3.083		0.0541321
3.084		0.0541008
3.085		0.0540694
3.086		0.0540381
3.087		0.0540069
3.088		0.0539756
3.089		0.0539444
3.09		0.0539132
3.091		0.053882
3.092		0.0538509
3.093		0.0538198
3.094		0.0537887
3.095		0.0537576
3.096		0.0537266
3.097		0.0536955
3.098		0.0536645
3.099		0.0536336
3.1		0.0536026
3.101		0.0535717
3.102		0.0535408
3.103		0.05351
3.104		0.0534791
3.105		0.0534483
3.106		0.0534175
3.107		0.0533868
3.108		0.053356
3.109		0.0533253
3.11		0.0532946
3.111		0.053264
3.112		0.0532333
3.113		0.0532027
3.114		0.0531722
3.115		0.0531416
3.116		0.0531111
3.117		0.0530805
3.118		0.0530501
3.119		0.0530196
3.12		0.0529892
3.121		0.0529588
3.122		0.0529284
3.123		0.052898
3.124		0.0528677
3.125		0.0528374
3.126		0.0528071
3.127		0.0527768
3.128		0.0527466
3.129		0.0527164
3.13		0.0526862
3.131		0.052656
3.132		0.0526259
3.133		0.0525958
3.134		0.0525657
3.135		0.0525356
3.136		0.0525056
3.137		0.0524756
3.138		0.0524456
3.139		0.0524156
3.14		0.0523857
3.141		0.0523558
3.142		0.0523259
3.143		0.052296
3.144		0.0522662
3.145		0.0522364
3.146		0.0522066
3.147		0.0521768
3.148		0.0521471
3.149		0.0521173
3.15		0.0520876
3.151		0.052058
3.152		0.0520283
3.153		0.0519987
3.154		0.0519691
3.155		0.0519395
3.156		0.05191
3.157		0.0518804
3.158		0.0518509
3.159		0.0518215
3.16		0.051792
3.161		0.0517626
3.162		0.0517332
3.163		0.0517038
3.164		0.0516744
3.165		0.0516451
3.166		0.0516158
3.167		0.0515865
3.168		0.0515572
3.169		0.051528
3.17		0.0514988
3.171		0.0514696
3.172		0.0514404
3.173		0.0514113
3.174		0.0513821
3.175		0.051353
3.176		0.051324
3.177		0.0512949
3.178		0.0512659
3.179		0.0512369
3.18		0.0512079
3.181		0.051179
3.182		0.05115
3.183		0.0511211
3.184		0.0510922
3.185		0.0510634
3.186		0.0510345
3.187		0.0510057
3.188		0.0509769
3.189		0.0509481
3.19		0.0509194
3.191		0.0508907
3.192		0.050862
3.193		0.0508333
3.194		0.0508046
3.195		0.050776
3.196		0.0507474
3.197		0.0507188
3.198		0.0506903
3.199		0.0506617
3.2		0.0506332
3.201		0.0506047
3.202		0.0505762
3.203		0.0505478
3.204		0.0505194
3.205		0.050491
3.206		0.0504626
3.207		0.0504343
3.208		0.0504059
3.209		0.0503776
3.21		0.0503493
3.211		0.0503211
3.212		0.0502928
3.213		0.0502646
3.214		0.0502364
3.215		0.0502082
3.216		0.0501801
3.217		0.050152
3.218		0.0501239
3.219		0.0500958
3.22		0.0500677
3.221		0.0500397
3.222		0.0500117
3.223		0.0499837
3.224		0.0499557
3.225		0.0499278
3.226		0.0498998
3.227		0.0498719
3.228		0.0498441
3.229		0.0498162
3.23		0.0497884
3.231		0.0497606
3.232		0.0497328
3.233		0.049705
3.234		0.0496773
3.235		0.0496495
3.236		0.0496218
3.237		0.0495942
3.238		0.0495665
3.239		0.0495389
3.24		0.0495112
3.241		0.0494837
3.242		0.0494561
3.243		0.0494285
3.244		0.049401
3.245		0.0493735
3.246		0.049346
3.247		0.0493186
3.248		0.0492911
3.249		0.0492637
3.25		0.0492363
3.251		0.049209
3.252		0.0491816
3.253		0.0491543
3.254		0.049127
3.255		0.0490997
3.256		0.0490724
3.257		0.0490452
3.258		0.049018
3.259		0.0489908
3.26		0.0489636
3.261		0.0489365
3.262		0.0489093
3.263		0.0488822
3.264		0.0488551
3.265		0.0488281
3.266		0.048801
3.267		0.048774
3.268		0.048747
3.269		0.04872
3.27		0.0486931
3.271		0.0486661
3.272		0.0486392
3.273		0.0486123
3.274		0.0485854
3.275		0.0485586
3.276		0.0485318
3.277		0.048505
3.278		0.0484782
3.279		0.0484514
3.28		0.0484247
3.281		0.0483979
3.282		0.0483712
3.283		0.0483445
3.284		0.0483179
3.285		0.0482912
3.286		0.0482646
3.287		0.048238
3.288		0.0482115
3.289		0.0481849
3.29		0.0481584
3.291		0.0481318
3.292		0.0481054
3.293		0.0480789
3.294		0.0480524
3.295		0.048026
3.296		0.0479996
3.297		0.0479732
3.298		0.0479468
3.299		0.0479205
3.3		0.0478942
3.301		0.0478679
3.302		0.0478416
3.303		0.0478153
3.304		0.0477891
3.305		0.0477629
3.306		0.0477367
3.307		0.0477105
3.308		0.0476843
3.309		0.0476582
3.31		0.0476321
3.311		0.047606
3.312		0.0475799
3.313		0.0475538
3.314		0.0475278
3.315		0.0475018
3.316		0.0474758
3.317		0.0474498
3.318		0.0474239
3.319		0.0473979
3.32		0.047372
3.321		0.0473461
3.322		0.0473203
3.323		0.0472944
3.324		0.0472686
3.325		0.0472428
3.326		0.047217
3.327		0.0471912
3.328		0.0471655
3.329		0.0471397
3.33		0.047114
3.331		0.0470883
3.332		0.0470627
3.333		0.047037
3.334		0.0470114
3.335		0.0469858
3.336		0.0469602
3.337		0.0469346
3.338		0.0469091
3.339		0.0468835
3.34		0.046858
3.341		0.0468325
3.342		0.0468071
3.343		0.0467816
3.344		0.0467562
3.345		0.0467308
3.346		0.0467054
3.347		0.04668
3.348		0.0466547
3.349		0.0466293
3.35		0.046604
3.351		0.0465787
3.352		0.0465535
3.353		0.0465282
3.354		0.046503
3.355		0.0464778
3.356		0.0464526
3.357		0.0464274
3.358		0.0464023
3.359		0.0463771
3.36		0.046352
3.361		0.0463269
3.362		0.0463019
3.363		0.0462768
3.364		0.0462518
3.365		0.0462267
3.366		0.0462018
3.367		0.0461768
3.368		0.0461518
3.369		0.0461269
3.37		0.046102
3.371		0.0460771
3.372		0.0460522
3.373		0.0460273
3.374		0.0460025
3.375		0.0459777
3.376		0.0459529
3.377		0.0459281
3.378		0.0459033
3.379		0.0458786
3.38		0.0458539
3.381		0.0458292
3.382		0.0458045
3.383		0.0457798
3.384		0.0457552
3.385		0.0457305
3.386		0.0457059
3.387		0.0456813
3.388		0.0456568
3.389		0.0456322
3.39		0.0456077
3.391		0.0455832
3.392		0.0455587
3.393		0.0455342
3.394		0.0455097
3.395		0.0454853
3.396		0.0454609
3.397		0.0454365
3.398		0.0454121
3.399		0.0453877
3.4		0.0453634
3.401		0.0453391
3.402		0.0453147
3.403		0.0452905
3.404		0.0452662
3.405		0.0452419
3.406		0.0452177
3.407		0.0451935
3.408		0.0451693
3.409		0.0451451
3.41		0.045121
3.411		0.0450968
3.412		0.0450727
3.413		0.0450486
3.414		0.0450245
3.415		0.0450005
3.416		0.0449764
3.417		0.0449524
3.418		0.0449284
3.419		0.0449044
3.42		0.0448804
3.421		0.0448565
3.422		0.0448325
3.423		0.0448086
3.424		0.0447847
3.425		0.0447609
3.426		0.044737
3.427		0.0447132
3.428		0.0446893
3.429		0.0446655
3.43		0.0446417
3.431		0.044618
3.432		0.0445942
3.433		0.0445705
3.434		0.0445468
3.435		0.0445231
3.436		0.0444994
3.437		0.0444757
3.438		0.0444521
3.439		0.0444285
3.44		0.0444049
3.441		0.0443813
3.442		0.0443577
3.443		0.0443342
3.444		0.0443106
3.445		0.0442871
3.446		0.0442636
3.447		0.0442402
3.448		0.0442167
3.449		0.0441932
3.45		0.0441698
3.451		0.0441464
3.452		0.044123
3.453		0.0440997
3.454		0.0440763
3.455		0.044053
3.456		0.0440297
3.457		0.0440064
3.458		0.0439831
3.459		0.0439598
3.46		0.0439366
3.461		0.0439133
3.462		0.0438901
3.463		0.0438669
3.464		0.0438438
3.465		0.0438206
3.466		0.0437975
3.467		0.0437743
3.468		0.0437512
3.469		0.0437282
3.47		0.0437051
3.471		0.043682
3.472		0.043659
3.473		0.043636
3.474		0.043613
3.475		0.04359
3.476		0.043567
3.477		0.0435441
3.478		0.0435212
3.479		0.0434983
3.48		0.0434754
3.481		0.0434525
3.482		0.0434296
3.483		0.0434068
3.484		0.043384
3.485		0.0433612
3.486		0.0433384
3.487		0.0433156
3.488		0.0432928
3.489		0.0432701
3.49		0.0432474
3.491		0.0432247
3.492		0.043202
3.493		0.0431793
3.494		0.0431567
3.495		0.043134
3.496		0.0431114
3.497		0.0430888
3.498		0.0430662
3.499		0.0430437
3.5		0.0430211
3.501		0.0429986
3.502		0.0429761
3.503		0.0429536
3.504		0.0429311
3.505		0.0429086
3.506		0.0428862
3.507		0.0428638
3.508		0.0428413
3.509		0.0428189
3.51		0.0427966
3.511		0.0427742
3.512		0.0427519
3.513		0.0427295
3.514		0.0427072
3.515		0.0426849
3.516		0.0426627
3.517		0.0426404
3.518		0.0426181
3.519		0.0425959
3.52		0.0425737
3.521		0.0425515
3.522		0.0425293
3.523		0.0425072
3.524		0.042485
3.525		0.0424629
3.526		0.0424408
3.527		0.0424187
3.528		0.0423966
3.529		0.0423746
3.53		0.0423525
3.531		0.0423305
3.532		0.0423085
3.533		0.0422865
3.534		0.0422645
3.535		0.0422426
3.536		0.0422206
3.537		0.0421987
3.538		0.0421768
3.539		0.0421549
3.54		0.042133
3.541		0.0421111
3.542		0.0420893
3.543		0.0420675
3.544		0.0420457
3.545		0.0420239
3.546		0.0420021
3.547		0.0419803
3.548		0.0419586
3.549		0.0419368
3.55		0.0419151
3.551		0.0418934
3.552		0.0418718
3.553		0.0418501
3.554		0.0418284
3.555		0.0418068
3.556		0.0417852
3.557		0.0417636
3.558		0.041742
3.559		0.0417204
3.56		0.0416989
3.561		0.0416773
3.562		0.0416558
3.563		0.0416343
3.564		0.0416128
3.565		0.0415914
3.566		0.0415699
3.567		0.0415485
3.568		0.041527
3.569		0.0415056
3.57		0.0414842
3.571		0.0414629
3.572		0.0414415
3.573		0.0414202
3.574		0.0413988
3.575		0.0413775
3.576		0.0413562
3.577		0.0413349
3.578		0.0413137
3.579		0.0412924
3.58		0.0412712
3.581		0.04125
3.582		0.0412288
3.583		0.0412076
3.584		0.0411864
3.585		0.0411653
3.586		0.0411441
3.587		0.041123
3.588		0.0411019
3.589		0.0410808
3.59		0.0410597
3.591		0.0410387
3.592		0.0410176
3.593		0.0409966
3.594		0.0409756
3.595		0.0409546
3.596		0.0409336
3.597		0.0409127
3.598		0.0408917
3.599		0.0408708
3.6		0.0408499
3.601		0.0408289
3.602		0.0408081
3.603		0.0407872
3.604		0.0407663
3.605		0.0407455
3.606		0.0407247
3.607		0.0407039
3.608		0.0406831
3.609		0.0406623
3.61		0.0406415
3.611		0.0406208
3.612		0.0406
3.613		0.0405793
3.614		0.0405586
3.615		0.0405379
3.616		0.0405172
3.617		0.0404966
3.618		0.0404759
3.619		0.0404553
3.62		0.0404347
3.621		0.0404141
3.622		0.0403935
3.623		0.040373
3.624		0.0403524
3.625		0.0403319
3.626		0.0403114
3.627		0.0402909
3.628		0.0402704
3.629		0.0402499
3.63		0.0402294
3.631		0.040209
3.632		0.0401886
3.633		0.0401681
3.634		0.0401477
3.635		0.0401274
3.636		0.040107
3.637		0.0400866
3.638		0.0400663
3.639		0.040046
3.64		0.0400257
3.641		0.0400054
3.642		0.0399851
3.643		0.0399648
3.644		0.0399446
3.645		0.0399243
3.646		0.0399041
3.647		0.0398839
3.648		0.0398637
3.649		0.0398435
3.65		0.0398234
3.651		0.0398032
3.652		0.0397831
3.653		0.039763
3.654		0.0397429
3.655		0.0397228
3.656		0.0397027
3.657		0.0396827
3.658		0.0396626
3.659		0.0396426
3.66		0.0396226
3.661		0.0396026
3.662		0.0395826
3.663		0.0395626
3.664		0.0395427
3.665		0.0395227
3.666		0.0395028
3.667		0.0394829
3.668		0.039463
3.669		0.0394431
3.67		0.0394233
3.671		0.0394034
3.672		0.0393836
3.673		0.0393637
3.674		0.0393439
3.675		0.0393241
3.676		0.0393044
3.677		0.0392846
3.678		0.0392648
3.679		0.0392451
3.68		0.0392254
3.681		0.0392057
3.682		0.039186
3.683		0.0391663
3.684		0.0391466
3.685		0.039127
3.686		0.0391073
3.687		0.0390877
3.688		0.0390681
3.689		0.0390485
3.69		0.0390289
3.691		0.0390094
3.692		0.0389898
3.693		0.0389703
3.694		0.0389508
3.695		0.0389313
3.696		0.0389118
3.697		0.0388923
3.698		0.0388728
3.699		0.0388534
3.7		0.0388339
3.701		0.0388145
3.702		0.0387951
3.703		0.0387757
3.704		0.0387563
3.705		0.038737
3.706		0.0387176
3.707		0.0386983
3.708		0.0386789
3.709		0.0386596
3.71		0.0386403
3.711		0.038621
3.712		0.0386018
3.713		0.0385825
3.714		0.0385633
3.715		0.0385441
3.716		0.0385248
3.717		0.0385056
3.718		0.0384865
3.719		0.0384673
3.72		0.0384481
3.721		0.038429
3.722		0.0384099
3.723		0.0383907
3.724		0.0383716
3.725		0.0383525
3.726		0.0383335
3.727		0.0383144
3.728		0.0382954
3.729		0.0382763
3.73		0.0382573
3.731		0.0382383
3.732		0.0382193
3.733		0.0382003
3.734		0.0381814
3.735		0.0381624
3.736		0.0381435
3.737		0.0381246
3.738		0.0381057
3.739		0.0380868
3.74		0.0380679
3.741		0.038049
3.742		0.0380302
3.743		0.0380113
3.744		0.0379925
3.745		0.0379737
3.746		0.0379549
3.747		0.0379361
3.748		0.0379173
3.749		0.0378985
3.75		0.0378798
3.751		0.0378611
3.752		0.0378423
3.753		0.0378236
3.754		0.0378049
3.755		0.0377863
3.756		0.0377676
3.757		0.0377489
3.758		0.0377303
3.759		0.0377117
3.76		0.0376931
3.761		0.0376745
3.762		0.0376559
3.763		0.0376373
3.764		0.0376187
3.765		0.0376002
3.766		0.0375817
3.767		0.0375631
3.768		0.0375446
3.769		0.0375261
3.77		0.0375077
3.771		0.0374892
3.772		0.0374707
3.773		0.0374523
3.774		0.0374339
3.775		0.0374155
3.776		0.0373971
3.777		0.0373787
3.778		0.0373603
3.779		0.0373419
3.78		0.0373236
3.781		0.0373053
3.782		0.0372869
3.783		0.0372686
3.784		0.0372503
3.785		0.0372321
3.786		0.0372138
3.787		0.0371955
3.788		0.0371773
3.789		0.0371591
3.79		0.0371408
3.791		0.0371226
3.792		0.0371044
3.793		0.0370863
3.794		0.0370681
3.795		0.0370499
3.796		0.0370318
3.797		0.0370137
3.798		0.0369956
3.799		0.0369775
3.8		0.0369594
3.801		0.0369413
3.802		0.0369232
3.803		0.0369052
3.804		0.0368872
3.805		0.0368691
3.806		0.0368511
3.807		0.0368331
3.808		0.0368151
3.809		0.0367972
3.81		0.0367792
3.811		0.0367613
3.812		0.0367433
3.813		0.0367254
3.814		0.0367075
3.815		0.0366896
3.816		0.0366717
3.817		0.0366538
3.818		0.036636
3.819		0.0366181
3.82		0.0366003
3.821		0.0365825
3.822		0.0365647
3.823		0.0365469
3.824		0.0365291
3.825		0.0365113
3.826		0.0364936
3.827		0.0364758
3.828		0.0364581
3.829		0.0364404
3.83		0.0364227
3.831		0.036405
3.832		0.0363873
3.833		0.0363696
3.834		0.036352
3.835		0.0363343
3.836		0.0363167
3.837		0.0362991
3.838		0.0362815
3.839		0.0362639
3.84		0.0362463
3.841		0.0362287
3.842		0.0362112
3.843		0.0361936
3.844		0.0361761
3.845		0.0361586
3.846		0.0361411
3.847		0.0361236
3.848		0.0361061
3.849		0.0360886
3.85		0.0360712
3.851		0.0360537
3.852		0.0360363
3.853		0.0360189
3.854		0.0360014
3.855		0.0359841
3.856		0.0359667
3.857		0.0359493
3.858		0.0359319
3.859		0.0359146
3.86		0.0358973
3.861		0.0358799
3.862		0.0358626
3.863		0.0358453
3.864		0.035828
3.865		0.0358108
3.866		0.0357935
3.867		0.0357762
3.868		0.035759
3.869		0.0357418
3.87		0.0357246
3.871		0.0357074
3.872		0.0356902
3.873		0.035673
3.874		0.0356558
3.875		0.0356387
3.876		0.0356215
3.877		0.0356044
3.878		0.0355873
3.879		0.0355702
3.88		0.0355531
3.881		0.035536
3.882		0.0355189
3.883		0.0355019
3.884		0.0354848
3.885		0.0354678
3.886		0.0354508
3.887		0.0354338
3.888		0.0354168
3.889		0.0353998
3.89		0.0353828
3.891		0.0353658
3.892		0.0353489
3.893		0.0353319
3.894		0.035315
3.895		0.0352981
3.896		0.0352812
3.897		0.0352643
3.898		0.0352474
3.899		0.0352306
3.9		0.0352137
3.901		0.0351969
3.902		0.03518
3.903		0.0351632
3.904		0.0351464
3.905		0.0351296
3.906		0.0351128
3.907		0.035096
3.908		0.0350793
3.909		0.0350625
3.91		0.0350458
3.911		0.0350291
3.912		0.0350123
3.913		0.0349956
3.914		0.0349789
3.915		0.0349623
3.916		0.0349456
3.917		0.0349289
3.918		0.0349123
3.919		0.0348956
3.92		0.034879
3.921		0.0348624
3.922		0.0348458
3.923		0.0348292
3.924		0.0348126
3.925		0.0347961
3.926		0.0347795
3.927		0.034763
3.928		0.0347464
3.929		0.0347299
3.93		0.0347134
3.931		0.0346969
3.932		0.0346804
3.933		0.034664
3.934		0.0346475
3.935		0.034631
3.936		0.0346146
3.937		0.0345982
3.938		0.0345818
3.939		0.0345654
3.94		0.034549
3.941		0.0345326
3.942		0.0345162
3.943		0.0344998
3.944		0.0344835
3.945		0.0344672
3.946		0.0344508
3.947		0.0344345
3.948		0.0344182
3.949		0.0344019
3.95		0.0343856
3.951		0.0343694
3.952		0.0343531
3.953		0.0343369
3.954		0.0343206
3.955		0.0343044
3.956		0.0342882
3.957		0.034272
3.958		0.0342558
3.959		0.0342396
3.96		0.0342234
3.961		0.0342073
3.962		0.0341911
3.963		0.034175
3.964		0.0341589
3.965		0.0341428
3.966		0.0341267
3.967		0.0341106
3.968		0.0340945
3.969		0.0340784
3.97		0.0340624
3.971		0.0340463
3.972		0.0340303
3.973		0.0340142
3.974		0.0339982
3.975		0.0339822
3.976		0.0339662
3.977		0.0339503
3.978		0.0339343
3.979		0.0339183
3.98		0.0339024
3.981		0.0338864
3.982		0.0338705
3.983		0.0338546
3.984		0.0338387
3.985		0.0338228
3.986		0.0338069
3.987		0.033791
3.988		0.0337752
3.989		0.0337593
3.99		0.0337435
3.991		0.0337277
3.992		0.0337118
3.993		0.033696
3.994		0.0336802
3.995		0.0336645
3.996		0.0336487
3.997		0.0336329
3.998		0.0336172
3.999		0.0336014
4		0.0335857
4.001		0.03357
4.002		0.0335543
4.003		0.0335386
4.004		0.0335229
4.005		0.0335072
4.006		0.0334915
4.007		0.0334759
4.008		0.0334602
4.009		0.0334446
4.01		0.033429
4.011		0.0334134
4.012		0.0333978
4.013		0.0333822
4.014		0.0333666
4.015		0.033351
4.016		0.0333354
4.017		0.0333199
4.018		0.0333044
4.019		0.0332888
4.02		0.0332733
4.021		0.0332578
4.022		0.0332423
4.023		0.0332268
4.024		0.0332113
4.025		0.0331959
4.026		0.0331804
4.027		0.033165
4.028		0.0331495
4.029		0.0331341
4.03		0.0331187
4.031		0.0331033
4.032		0.0330879
4.033		0.0330725
4.034		0.0330572
4.035		0.0330418
4.036		0.0330265
4.037		0.0330111
4.038		0.0329958
4.039		0.0329805
4.04		0.0329652
4.041		0.0329499
4.042		0.0329346
4.043		0.0329193
4.044		0.032904
4.045		0.0328888
4.046		0.0328735
4.047		0.0328583
4.048		0.0328431
4.049		0.0328278
4.05		0.0328126
4.051		0.0327974
4.052		0.0327823
4.053		0.0327671
4.054		0.0327519
4.055		0.0327368
4.056		0.0327216
4.057		0.0327065
4.058		0.0326914
4.059		0.0326763
4.06		0.0326612
4.061		0.0326461
4.062		0.032631
4.063		0.0326159
4.064		0.0326008
4.065		0.0325858
4.066		0.0325707
4.067		0.0325557
4.068		0.0325407
4.069		0.0325257
4.07		0.0325107
4.071		0.0324957
4.072		0.0324807
4.073		0.0324657
4.074		0.0324508
4.075		0.0324358
4.076		0.0324209
4.077		0.032406
4.078		0.032391
4.079		0.0323761
4.08		0.0323612
4.081		0.0323463
4.082		0.0323315
4.083		0.0323166
4.084		0.0323017
4.085		0.0322869
4.086		0.032272
4.087		0.0322572
4.088		0.0322424
4.089		0.0322276
4.09		0.0322128
4.091		0.032198
4.092		0.0321832
4.093		0.0321684
4.094		0.0321537
4.095		0.0321389
4.096		0.0321242
4.097		0.0321094
4.098		0.0320947
4.099		0.03208
4.1		0.0320653
4.101		0.0320506
4.102		0.0320359
4.103		0.0320213
4.104		0.0320066
4.105		0.031992
4.106		0.0319773
4.107		0.0319627
4.108		0.0319481
4.109		0.0319334
4.11		0.0319188
4.111		0.0319042
4.112		0.0318897
4.113		0.0318751
4.114		0.0318605
4.115		0.031846
4.116		0.0318314
4.117		0.0318169
4.118		0.0318024
4.119		0.0317878
4.12		0.0317733
4.121		0.0317588
4.122		0.0317444
4.123		0.0317299
4.124		0.0317154
4.125		0.031701
4.126		0.0316865
4.127		0.0316721
4.128		0.0316576
4.129		0.0316432
4.13		0.0316288
4.131		0.0316144
4.132		0.0316
4.133		0.0315856
4.134		0.0315713
4.135		0.0315569
4.136		0.0315426
4.137		0.0315282
4.138		0.0315139
4.139		0.0314996
4.14		0.0314852
4.141		0.0314709
4.142		0.0314566
4.143		0.0314424
4.144		0.0314281
4.145		0.0314138
4.146		0.0313996
4.147		0.0313853
4.148		0.0313711
4.149		0.0313568
4.15		0.0313426
4.151		0.0313284
4.152		0.0313142
4.153		0.0313
4.154		0.0312858
4.155		0.0312717
4.156		0.0312575
4.157		0.0312434
4.158		0.0312292
4.159		0.0312151
4.16		0.0312009
4.161		0.0311868
4.162		0.0311727
4.163		0.0311586
4.164		0.0311445
4.165		0.0311305
4.166		0.0311164
4.167		0.0311023
4.168		0.0310883
4.169		0.0310742
4.17		0.0310602
4.171		0.0310462
4.172		0.0310322
4.173		0.0310182
4.174		0.0310042
4.175		0.0309902
4.176		0.0309762
4.177		0.0309622
4.178		0.0309483
4.179		0.0309343
4.18		0.0309204
4.181		0.0309065
4.182		0.0308925
4.183		0.0308786
4.184		0.0308647
4.185		0.0308508
4.186		0.030837
4.187		0.0308231
4.188		0.0308092
4.189		0.0307954
4.19		0.0307815
4.191		0.0307677
4.192		0.0307538
4.193		0.03074
4.194		0.0307262
4.195		0.0307124
4.196		0.0306986
4.197		0.0306848
4.198		0.030671
4.199		0.0306573
4.2		0.0306435
4.201		0.0306298
4.202		0.030616
4.203		0.0306023
4.204		0.0305886
4.205		0.0305749
4.206		0.0305612
4.207		0.0305475
4.208		0.0305338
4.209		0.0305201
4.21		0.0305064
4.211		0.0304928
4.212		0.0304791
4.213		0.0304655
4.214		0.0304519
4.215		0.0304382
4.216		0.0304246
4.217		0.030411
4.218		0.0303974
4.219		0.0303838
4.22		0.0303703
4.221		0.0303567
4.222		0.0303431
4.223		0.0303296
4.224		0.030316
4.225		0.0303025
4.226		0.030289
4.227		0.0302755
4.228		0.030262
4.229		0.0302485
4.23		0.030235
4.231		0.0302215
4.232		0.030208
4.233		0.0301946
4.234		0.0301811
4.235		0.0301677
4.236		0.0301542
4.237		0.0301408
4.238		0.0301274
4.239		0.030114
4.24		0.0301006
4.241		0.0300872
4.242		0.0300738
4.243		0.0300604
4.244		0.030047
4.245		0.0300337
4.246		0.0300203
4.247		0.030007
4.248		0.0299937
4.249		0.0299803
4.25		0.029967
4.251		0.0299537
4.252		0.0299404
4.253		0.0299271
4.254		0.0299139
4.255		0.0299006
4.256		0.0298873
4.257		0.0298741
4.258		0.0298608
4.259		0.0298476
4.26		0.0298344
4.261		0.0298211
4.262		0.0298079
4.263		0.0297947
4.264		0.0297815
4.265		0.0297683
4.266		0.0297552
4.267		0.029742
4.268		0.0297288
4.269		0.0297157
4.27		0.0297025
4.271		0.0296894
4.272		0.0296763
4.273		0.0296632
4.274		0.0296501
4.275		0.029637
4.276		0.0296239
4.277		0.0296108
4.278		0.0295977
4.279		0.0295846
4.28		0.0295716
4.281		0.0295585
4.282		0.0295455
4.283		0.0295325
4.284		0.0295194
4.285		0.0295064
4.286		0.0294934
4.287		0.0294804
4.288		0.0294674
4.289		0.0294544
4.29		0.0294415
4.291		0.0294285
4.292		0.0294155
4.293		0.0294026
4.294		0.0293897
4.295		0.0293767
4.296		0.0293638
4.297		0.0293509
4.298		0.029338
4.299		0.0293251
4.3		0.0293122
4.301		0.0292993
4.302		0.0292864
4.303		0.0292736
4.304		0.0292607
4.305		0.0292479
4.306		0.029235
4.307		0.0292222
4.308		0.0292094
4.309		0.0291966
4.31		0.0291837
4.311		0.0291709
4.312		0.0291582
4.313		0.0291454
4.314		0.0291326
4.315		0.0291198
4.316		0.0291071
4.317		0.0290943
4.318		0.0290816
4.319		0.0290688
4.32		0.0290561
4.321		0.0290434
4.322		0.0290307
4.323		0.029018
4.324		0.0290053
4.325		0.0289926
4.326		0.0289799
4.327		0.0289673
4.328		0.0289546
4.329		0.028942
4.33		0.0289293
4.331		0.0289167
4.332		0.0289041
4.333		0.0288914
4.334		0.0288788
4.335		0.0288662
4.336		0.0288536
4.337		0.028841
4.338		0.0288285
4.339		0.0288159
4.34		0.0288033
4.341		0.0287908
4.342		0.0287782
4.343		0.0287657
4.344		0.0287531
4.345		0.0287406
4.346		0.0287281
4.347		0.0287156
4.348		0.0287031
4.349		0.0286906
4.35		0.0286781
4.351		0.0286657
4.352		0.0286532
4.353		0.0286407
4.354		0.0286283
4.355		0.0286158
4.356		0.0286034
4.357		0.028591
4.358		0.0285785
4.359		0.0285661
4.36		0.0285537
4.361		0.0285413
4.362		0.0285289
4.363		0.0285166
4.364		0.0285042
4.365		0.0284918
4.366		0.0284795
4.367		0.0284671
4.368		0.0284548
4.369		0.0284425
4.37		0.0284301
4.371		0.0284178
4.372		0.0284055
4.373		0.0283932
4.374		0.0283809
4.375		0.0283686
4.376		0.0283563
4.377		0.0283441
4.378		0.0283318
4.379		0.0283196
4.38		0.0283073
4.381		0.0282951
4.382		0.0282828
4.383		0.0282706
4.384		0.0282584
4.385		0.0282462
4.386		0.028234
4.387		0.0282218
4.388		0.0282096
4.389		0.0281974
4.39		0.0281853
4.391		0.0281731
4.392		0.0281609
4.393		0.0281488
4.394		0.0281367
4.395		0.0281245
4.396		0.0281124
4.397		0.0281003
4.398		0.0280882
4.399		0.0280761
4.4		0.028064
4.401		0.0280519
4.402		0.0280398
4.403		0.0280278
4.404		0.0280157
4.405		0.0280036
4.406		0.0279916
4.407		0.0279795
4.408		0.0279675
4.409		0.0279555
4.41		0.0279435
4.411		0.0279315
4.412		0.0279195
4.413		0.0279075
4.414		0.0278955
4.415		0.0278835
4.416		0.0278715
4.417		0.0278596
4.418		0.0278476
4.419		0.0278357
4.42		0.0278237
4.421		0.0278118
4.422		0.0277999
4.423		0.0277879
4.424		0.027776
4.425		0.0277641
4.426		0.0277522
4.427		0.0277403
4.428		0.0277285
4.429		0.0277166
4.43		0.0277047
4.431		0.0276929
4.432		0.027681
4.433		0.0276692
4.434		0.0276573
4.435		0.0276455
4.436		0.0276337
4.437		0.0276219
4.438		0.0276101
4.439		0.0275983
4.44		0.0275865
4.441		0.0275747
4.442		0.0275629
4.443		0.0275511
4.444		0.0275394
4.445		0.0275276
4.446		0.0275159
4.447		0.0275041
4.448		0.0274924
4.449		0.0274807
4.45		0.027469
4.451		0.0274572
4.452		0.0274455
4.453		0.0274338
4.454		0.0274222
4.455		0.0274105
4.456		0.0273988
4.457		0.0273871
4.458		0.0273755
4.459		0.0273638
4.46		0.0273522
4.461		0.0273405
4.462		0.0273289
4.463		0.0273173
4.464		0.0273057
4.465		0.0272941
4.466		0.0272825
4.467		0.0272709
4.468		0.0272593
4.469		0.0272477
4.47		0.0272361
4.471		0.0272246
4.472		0.027213
4.473		0.0272014
4.474		0.0271899
4.475		0.0271784
4.476		0.0271668
4.477		0.0271553
4.478		0.0271438
4.479		0.0271323
4.48		0.0271208
4.481		0.0271093
4.482		0.0270978
4.483		0.0270863
4.484		0.0270749
4.485		0.0270634
4.486		0.0270519
4.487		0.0270405
4.488		0.027029
4.489		0.0270176
4.49		0.0270062
4.491		0.0269948
4.492		0.0269833
4.493		0.0269719
4.494		0.0269605
4.495		0.0269491
4.496		0.0269378
4.497		0.0269264
4.498		0.026915
4.499		0.0269036
4.5		0.0268923
4.501		0.0268809
4.502		0.0268696
4.503		0.0268582
4.504		0.0268469
4.505		0.0268356
4.506		0.0268243
4.507		0.026813
4.508		0.0268017
4.509		0.0267904
4.51		0.0267791
4.511		0.0267678
4.512		0.0267565
4.513		0.0267453
4.514		0.026734
4.515		0.0267227
4.516		0.0267115
4.517		0.0267003
4.518		0.026689
4.519		0.0266778
4.52		0.0266666
4.521		0.0266554
4.522		0.0266442
4.523		0.026633
4.524		0.0266218
4.525		0.0266106
4.526		0.0265994
4.527		0.0265882
4.528		0.0265771
4.529		0.0265659
4.53		0.0265548
4.531		0.0265436
4.532		0.0265325
4.533		0.0265214
4.534		0.0265102
4.535		0.0264991
4.536		0.026488
4.537		0.0264769
4.538		0.0264658
4.539		0.0264547
4.54		0.0264436
4.541		0.0264326
4.542		0.0264215
4.543		0.0264104
4.544		0.0263994
4.545		0.0263883
4.546		0.0263773
4.547		0.0263663
4.548		0.0263552
4.549		0.0263442
4.55		0.0263332
4.551		0.0263222
4.552		0.0263112
4.553		0.0263002
4.554		0.0262892
4.555		0.0262782
4.556		0.0262673
4.557		0.0262563
4.558		0.0262453
4.559		0.0262344
4.56		0.0262235
4.561		0.0262125
4.562		0.0262016
4.563		0.0261907
4.564		0.0261797
4.565		0.0261688
4.566		0.0261579
4.567		0.026147
4.568		0.0261361
4.569		0.0261252
4.57		0.0261144
4.571		0.0261035
4.572		0.0260926
4.573		0.0260818
4.574		0.0260709
4.575		0.0260601
4.576		0.0260492
4.577		0.0260384
4.578		0.0260276
4.579		0.0260168
4.58		0.0260059
4.581		0.0259951
4.582		0.0259843
4.583		0.0259735
4.584		0.0259628
4.585		0.025952
4.586		0.0259412
4.587		0.0259304
4.588		0.0259197
4.589		0.0259089
4.59		0.0258982
4.591		0.0258874
4.592		0.0258767
4.593		0.025866
4.594		0.0258553
4.595		0.0258445
4.596		0.0258338
4.597		0.0258231
4.598		0.0258124
4.599		0.0258018
4.6		0.0257911
4.601		0.0257804
4.602		0.0257697
4.603		0.0257591
4.604		0.0257484
4.605		0.0257378
4.606		0.0257271
4.607		0.0257165
4.608		0.0257059
4.609		0.0256952
4.61		0.0256846
4.611		0.025674
4.612		0.0256634
4.613		0.0256528
4.614		0.0256422
4.615		0.0256316
4.616		0.025621
4.617		0.0256105
4.618		0.0255999
4.619		0.0255894
4.62		0.0255788
4.621		0.0255683
4.622		0.0255577
4.623		0.0255472
4.624		0.0255367
4.625		0.0255261
4.626		0.0255156
4.627		0.0255051
4.628		0.0254946
4.629		0.0254841
4.63		0.0254736
4.631		0.0254631
4.632		0.0254527
4.633		0.0254422
4.634		0.0254317
4.635		0.0254213
4.636		0.0254108
4.637		0.0254004
4.638		0.0253899
4.639		0.0253795
4.64		0.0253691
4.641		0.0253587
4.642		0.0253483
4.643		0.0253379
4.644		0.0253275
4.645		0.0253171
4.646		0.0253067
4.647		0.0252963
4.648		0.0252859
4.649		0.0252755
4.65		0.0252652
4.651		0.0252548
4.652		0.0252445
4.653		0.0252341
4.654		0.0252238
4.655		0.0252135
4.656		0.0252031
4.657		0.0251928
4.658		0.0251825
4.659		0.0251722
4.66		0.0251619
4.661		0.0251516
4.662		0.0251413
4.663		0.025131
4.664		0.0251208
4.665		0.0251105
4.666		0.0251002
4.667		0.02509
4.668		0.0250797
4.669		0.0250695
4.67		0.0250592
4.671		0.025049
4.672		0.0250388
4.673		0.0250286
4.674		0.0250184
4.675		0.0250081
4.676		0.0249979
4.677		0.0249877
4.678		0.0249776
4.679		0.0249674
4.68		0.0249572
4.681		0.024947
4.682		0.0249369
4.683		0.0249267
4.684		0.0249166
4.685		0.0249064
4.686		0.0248963
4.687		0.0248861
4.688		0.024876
4.689		0.0248659
4.69		0.0248558
4.691		0.0248457
4.692		0.0248355
4.693		0.0248255
4.694		0.0248154
4.695		0.0248053
4.696		0.0247952
4.697		0.0247851
4.698		0.0247751
4.699		0.024765
4.7		0.0247549
4.701		0.0247449
4.702		0.0247348
4.703		0.0247248
4.704		0.0247148
4.705		0.0247047
4.706		0.0246947
4.707		0.0246847
4.708		0.0246747
4.709		0.0246647
4.71		0.0246547
4.711		0.0246447
4.712		0.0246347
4.713		0.0246248
4.714		0.0246148
4.715		0.0246048
4.716		0.0245949
4.717		0.0245849
4.718		0.024575
4.719		0.024565
4.72		0.0245551
4.721		0.0245451
4.722		0.0245352
4.723		0.0245253
4.724		0.0245154
4.725		0.0245055
4.726		0.0244956
4.727		0.0244857
4.728		0.0244758
4.729		0.0244659
4.73		0.024456
4.731		0.0244462
4.732		0.0244363
4.733		0.0244264
4.734		0.0244166
4.735		0.0244067
4.736		0.0243969
4.737		0.0243871
4.738		0.0243772
4.739		0.0243674
4.74		0.0243576
4.741		0.0243478
4.742		0.024338
4.743		0.0243282
4.744		0.0243184
4.745		0.0243086
4.746		0.0242988
4.747		0.024289
4.748		0.0242792
4.749		0.0242695
4.75		0.0242597
4.751		0.02425
4.752		0.0242402
4.753		0.0242305
4.754		0.0242207
4.755		0.024211
4.756		0.0242013
4.757		0.0241915
4.758		0.0241818
4.759		0.0241721
4.76		0.0241624
4.761		0.0241527
4.762		0.024143
4.763		0.0241333
4.764		0.0241237
4.765		0.024114
4.766		0.0241043
4.767		0.0240947
4.768		0.024085
4.769		0.0240753
4.77		0.0240657
4.771		0.0240561
4.772		0.0240464
4.773		0.0240368
4.774		0.0240272
4.775		0.0240176
4.776		0.0240079
4.777		0.0239983
4.778		0.0239887
4.779		0.0239791
4.78		0.0239695
4.781		0.02396
4.782		0.0239504
4.783		0.0239408
4.784		0.0239312
4.785		0.0239217
4.786		0.0239121
4.787		0.0239026
4.788		0.023893
4.789		0.0238835
4.79		0.023874
4.791		0.0238644
4.792		0.0238549
4.793		0.0238454
4.794		0.0238359
4.795		0.0238264
4.796		0.0238169
4.797		0.0238074
4.798		0.0237979
4.799		0.0237884
4.8		0.0237789
4.801		0.0237695
4.802		0.02376
4.803		0.0237505
4.804		0.0237411
4.805		0.0237316
4.806		0.0237222
4.807		0.0237128
4.808		0.0237033
4.809		0.0236939
4.81		0.0236845
4.811		0.0236751
4.812		0.0236656
4.813		0.0236562
4.814		0.0236468
4.815		0.0236374
4.816		0.0236281
4.817		0.0236187
4.818		0.0236093
4.819		0.0235999
4.82		0.0235906
4.821		0.0235812
4.822		0.0235718
4.823		0.0235625
4.824		0.0235531
4.825		0.0235438
4.826		0.0235345
4.827		0.0235251
4.828		0.0235158
4.829		0.0235065
4.83		0.0234972
4.831		0.0234879
4.832		0.0234786
4.833		0.0234693
4.834		0.02346
4.835		0.0234507
4.836		0.0234414
4.837		0.0234322
4.838		0.0234229
4.839		0.0234136
4.84		0.0234044
4.841		0.0233951
4.842		0.0233859
4.843		0.0233766
4.844		0.0233674
4.845		0.0233582
4.846		0.0233489
4.847		0.0233397
4.848		0.0233305
4.849		0.0233213
4.85		0.0233121
4.851		0.0233029
4.852		0.0232937
4.853		0.0232845
4.854		0.0232753
4.855		0.0232661
4.856		0.023257
4.857		0.0232478
4.858		0.0232386
4.859		0.0232295
4.86		0.0232203
4.861		0.0232112
4.862		0.023202
4.863		0.0231929
4.864		0.0231838
4.865		0.0231747
4.866		0.0231655
4.867		0.0231564
4.868		0.0231473
4.869		0.0231382
4.87		0.0231291
4.871		0.02312
4.872		0.0231109
4.873		0.0231018
4.874		0.0230928
4.875		0.0230837
4.876		0.0230746
4.877		0.0230656
4.878		0.0230565
4.879		0.0230475
4.88		0.0230384
4.881		0.0230294
4.882		0.0230203
4.883		0.0230113
4.884		0.0230023
4.885		0.0229933
4.886		0.0229843
4.887		0.0229752
4.888		0.0229662
4.889		0.0229572
4.89		0.0229483
4.891		0.0229393
4.892		0.0229303
4.893		0.0229213
4.894		0.0229123
4.895		0.0229034
4.896		0.0228944
4.897		0.0228854
4.898		0.0228765
4.899		0.0228675
4.9		0.0228586
4.901		0.0228497
4.902		0.0228407
4.903		0.0228318
4.904		0.0228229
4.905		0.022814
4.906		0.0228051
4.907		0.0227962
4.908		0.0227873
4.909		0.0227784
4.91		0.0227695
4.911		0.0227606
4.912		0.0227517
4.913		0.0227428
4.914		0.022734
4.915		0.0227251
4.916		0.0227162
4.917		0.0227074
4.918		0.0226985
4.919		0.0226897
4.92		0.0226808
4.921		0.022672
4.922		0.0226632
4.923		0.0226544
4.924		0.0226455
4.925		0.0226367
4.926		0.0226279
4.927		0.0226191
4.928		0.0226103
4.929		0.0226015
4.93		0.0225927
4.931		0.022584
4.932		0.0225752
4.933		0.0225664
4.934		0.0225576
4.935		0.0225489
4.936		0.0225401
4.937		0.0225314
4.938		0.0225226
4.939		0.0225139
4.94		0.0225051
4.941		0.0224964
4.942		0.0224877
4.943		0.0224789
4.944		0.0224702
4.945		0.0224615
4.946		0.0224528
4.947		0.0224441
4.948		0.0224354
4.949		0.0224267
4.95		0.022418
4.951		0.0224093
4.952		0.0224007
4.953		0.022392
4.954		0.0223833
4.955		0.0223746
4.956		0.022366
4.957		0.0223573
4.958		0.0223487
4.959		0.02234
4.96		0.0223314
4.961		0.0223228
4.962		0.0223141
4.963		0.0223055
4.964		0.0222969
4.965		0.0222883
4.966		0.0222797
4.967		0.0222711
4.968		0.0222625
4.969		0.0222539
4.97		0.0222453
4.971		0.0222367
4.972		0.0222281
4.973		0.0222195
4.974		0.022211
4.975		0.0222024
4.976		0.0221938
4.977		0.0221853
4.978		0.0221767
4.979		0.0221682
4.98		0.0221597
4.981		0.0221511
4.982		0.0221426
4.983		0.0221341
4.984		0.0221255
4.985		0.022117
4.986		0.0221085
4.987		0.0221
4.988		0.0220915
4.989		0.022083
4.99		0.0220745
4.991		0.022066
4.992		0.0220575
4.993		0.0220491
4.994		0.0220406
4.995		0.0220321
4.996		0.0220237
4.997		0.0220152
4.998		0.0220067
4.999		0.0219983
