0.005		2.47984e-05
0.006		0.000180758
0.007		0.000712042
0.008		0.00192079
0.009		0.0040418
0.01		0.00716808
0.011		0.0112506
0.012		0.0161416
0.013		0.0216467
0.014		0.0275682
0.015		0.0337318
0.016		0.0400004
0.017		0.0462766
0.018		0.0524997
0.019		0.0586395
0.02		0.064689
0.021		0.0706573
0.022		0.0765643
0.023		0.0824349
0.024		0.0882964
0.025		0.094175
0.026		0.100095
0.027		0.106076
0.028		0.112135
0.029		0.118283
0.03		0.124529
0.031		0.130877
0.032		0.137326
0.033		0.143873
0.034		0.150514
0.035		0.15724
0.036		0.164042
0.037		0.170909
0.038		0.17783
0.039		0.184792
0.04		0.191783
0.041		0.198788
0.042		0.205797
0.043		0.212797
0.044		0.219775
0.045		0.226721
0.046		0.233624
0.047		0.240474
0.048		0.247261
0.049		0.253978
0.05		0.260616
0.051		0.267169
0.052		0.27363
0.053		0.279994
0.054		0.286256
0.055		0.292412
0.056		0.298459
0.057		0.304393
0.058		0.310213
0.059		0.315915
0.06		0.321499
0.061		0.326964
0.062		0.332309
0.063		0.337533
0.064		0.342637
0.065		0.347621
0.066		0.352486
0.067		0.357232
0.068		0.361859
0.069		0.36637
0.07		0.370766
0.071		0.375047
0.072		0.379216
0.073		0.383274
0.074		0.387223
0.075		0.391064
0.076		0.394799
0.077		0.39843
0.078		0.40196
0.079		0.40539
0.08		0.408721
0.081		0.411957
0.082		0.415098
0.083		0.418147
0.084		0.421107
0.085		0.423978
0.086		0.426763
0.087		0.429464
0.088		0.432082
0.089		0.434621
0.09		0.437081
0.091		0.439464
0.092		0.441773
0.093		0.444009
0.094		0.446174
0.095		0.44827
0.096		0.450298
0.097		0.452261
0.098		0.45416
0.099		0.455997
0.1		0.457773
0.101		0.45949
0.102		0.46115
0.103		0.462754
0.104		0.464304
0.105		0.465801
0.106		0.467247
0.107		0.468643
0.108		0.469991
0.109		0.471292
0.11		0.472547
0.111		0.473759
0.112		0.474927
0.113		0.476054
0.114		0.47714
0.115		0.478188
0.116		0.479197
0.117		0.48017
0.118		0.481108
0.119		0.482011
0.12		0.482881
0.121		0.483718
0.122		0.484524
0.123		0.485301
0.124		0.486048
0.125		0.486767
0.126		0.487459
0.127		0.488124
0.128		0.488765
0.129		0.489381
0.13		0.489973
0.131		0.490542
0.132		0.49109
0.133		0.491616
0.134		0.492122
0.135		0.492608
0.136		0.493076
0.137		0.493525
0.138		0.493956
0.139		0.494371
0.14		0.49477
0.141		0.495153
0.142		0.495521
0.143		0.495875
0.144		0.496214
0.145		0.496541
0.146		0.496855
0.147		0.497156
0.148		0.497446
0.149		0.497725
0.15		0.497993
0.151		0.498251
0.152		0.498498
0.153		0.498737
0.154		0.498966
0.155		0.499187
0.156		0.499399
0.157		0.499603
0.158		0.4998
0.159		0.49999
0.16		0.500172
0.161		0.500349
0.162		0.500518
0.163		0.500682
0.164		0.50084
0.165		0.500993
0.166		0.50114
0.167		0.501282
0.168		0.50142
0.169		0.501553
0.17		0.501682
0.171		0.501806
0.172		0.501927
0.173		0.502044
0.174		0.502157
0.175		0.502267
0.176		0.502374
0.177		0.502477
0.178		0.502578
0.179		0.502676
0.18		0.502771
0.181		0.502863
0.182		0.502953
0.183		0.503041
0.184		0.503126
0.185		0.503209
0.186		0.50329
0.187		0.503369
0.188		0.503446
0.189		0.503522
0.19		0.503595
0.191		0.503667
0.192		0.503737
0.193		0.503805
0.194		0.503872
0.195		0.503937
0.196		0.504001
0.197		0.504063
0.198		0.504124
0.199		0.504183
0.2		0.504241
0.201		0.504297
0.202		0.504353
0.203		0.504406
0.204		0.504459
0.205		0.50451
0.206		0.50456
0.207		0.504608
0.208		0.504655
0.209		0.504701
0.21		0.504745
0.211		0.504788
0.212		0.50483
0.213		0.50487
0.214		0.504909
0.215		0.504947
0.216		0.504983
0.217		0.505018
0.218		0.505051
0.219		0.505083
0.22		0.505113
0.221		0.505142
0.222		0.505169
0.223		0.505194
0.224		0.505218
0.225		0.505241
0.226		0.505261
0.227		0.505281
0.228		0.505298
0.229		0.505314
0.23		0.505327
0.231		0.505339
0.232		0.50535
0.233		0.505358
0.234		0.505364
0.235		0.505369
0.236		0.505372
0.237		0.505372
0.238		0.505371
0.239		0.505367
0.24		0.505362
0.241		0.505354
0.242		0.505344
0.243		0.505332
0.244		0.505318
0.245		0.505301
0.246		0.505282
0.247		0.505261
0.248		0.505238
0.249		0.505212
0.25		0.505184
0.251		0.505153
0.252		0.50512
0.253		0.505084
0.254		0.505046
0.255		0.505005
0.256		0.504961
0.257		0.504915
0.258		0.504867
0.259		0.504815
0.26		0.504761
0.261		0.504704
0.262		0.504644
0.263		0.504582
0.264		0.504517
0.265		0.504449
0.266		0.504378
0.267		0.504304
0.268		0.504227
0.269		0.504147
0.27		0.504065
0.271		0.503979
0.272		0.50389
0.273		0.503798
0.274		0.503704
0.275		0.503606
0.276		0.503505
0.277		0.503401
0.278		0.503293
0.279		0.503183
0.28		0.50307
0.281		0.502953
0.282		0.502833
0.283		0.50271
0.284		0.502584
0.285		0.502454
0.286		0.502321
0.287		0.502185
0.288		0.502046
0.289		0.501903
0.29		0.501757
0.291		0.501608
0.292		0.501455
0.293		0.501299
0.294		0.50114
0.295		0.500977
0.296		0.500811
0.297		0.500642
0.298		0.500469
0.299		0.500293
0.3		0.500114
0.301		0.499931
0.302		0.499745
0.303		0.499555
0.304		0.499362
0.305		0.499166
0.306		0.498966
0.307		0.498763
0.308		0.498556
0.309		0.498346
0.31		0.498133
0.311		0.497916
0.312		0.497696
0.313		0.497472
0.314		0.497245
0.315		0.497015
0.316		0.496781
0.317		0.496544
0.318		0.496304
0.319		0.49606
0.32		0.495812
0.321		0.495562
0.322		0.495308
0.323		0.49505
0.324		0.49479
0.325		0.494525
0.326		0.494258
0.327		0.493987
0.328		0.493713
0.329		0.493436
0.33		0.493155
0.331		0.492871
0.332		0.492584
0.333		0.492294
0.334		0.492
0.335		0.491703
0.336		0.491402
0.337		0.491099
0.338		0.490792
0.339		0.490482
0.34		0.490169
0.341		0.489853
0.342		0.489533
0.343		0.489211
0.344		0.488885
0.345		0.488556
0.346		0.488224
0.347		0.487889
0.348		0.487551
0.349		0.48721
0.35		0.486865
0.351		0.486518
0.352		0.486167
0.353		0.485814
0.354		0.485458
0.355		0.485098
0.356		0.484736
0.357		0.484371
0.358		0.484003
0.359		0.483631
0.36		0.483257
0.361		0.482881
0.362		0.482501
0.363		0.482118
0.364		0.481733
0.365		0.481345
0.366		0.480954
0.367		0.48056
0.368		0.480163
0.369		0.479764
0.37		0.479362
0.371		0.478957
0.372		0.47855
0.373		0.47814
0.374		0.477728
0.375		0.477312
0.376		0.476894
0.377		0.476474
0.378		0.476051
0.379		0.475626
0.38		0.475198
0.381		0.474767
0.382		0.474334
0.383		0.473898
0.384		0.473461
0.385		0.47302
0.386		0.472578
0.387		0.472132
0.388		0.471685
0.389		0.471235
0.39		0.470783
0.391		0.470329
0.392		0.469872
0.393		0.469413
0.394		0.468952
0.395		0.468488
0.396		0.468023
0.397		0.467555
0.398		0.467085
0.399		0.466613
0.4		0.466139
0.401		0.465662
0.402		0.465184
0.403		0.464703
0.404		0.464221
0.405		0.463737
0.406		0.46325
0.407		0.462762
0.408		0.462271
0.409		0.461779
0.41		0.461285
0.411		0.460789
0.412		0.460291
0.413		0.459791
0.414		0.459289
0.415		0.458786
0.416		0.458281
0.417		0.457774
0.418		0.457265
0.419		0.456755
0.42		0.456242
0.421		0.455729
0.422		0.455213
0.423		0.454696
0.424		0.454177
0.425		0.453657
0.426		0.453135
0.427		0.452611
0.428		0.452086
0.429		0.45156
0.43		0.451032
0.431		0.450502
0.432		0.449971
0.433		0.449439
0.434		0.448905
0.435		0.448369
0.436		0.447833
0.437		0.447295
0.438		0.446755
0.439		0.446214
0.44		0.445672
0.441		0.445129
0.442		0.444584
0.443		0.444039
0.444		0.443491
0.445		0.442943
0.446		0.442394
0.447		0.441843
0.448		0.441291
0.449		0.440738
0.45		0.440184
0.451		0.439629
0.452		0.439072
0.453		0.438515
0.454		0.437956
0.455		0.437397
0.456		0.436836
0.457		0.436275
0.458		0.435713
0.459		0.435149
0.46		0.434585
0.461		0.434019
0.462		0.433453
0.463		0.432886
0.464		0.432318
0.465		0.431749
0.466		0.431179
0.467		0.430609
0.468		0.430038
0.469		0.429465
0.47		0.428892
0.471		0.428319
0.472		0.427744
0.473		0.427169
0.474		0.426593
0.475		0.426017
0.476		0.42544
0.477		0.424862
0.478		0.424283
0.479		0.423704
0.48		0.423124
0.481		0.422544
0.482		0.421963
0.483		0.421381
0.484		0.420799
0.485		0.420216
0.486		0.419633
0.487		0.419049
0.488		0.418465
0.489		0.41788
0.49		0.417295
0.491		0.416709
0.492		0.416123
0.493		0.415537
0.494		0.41495
0.495		0.414362
0.496		0.413775
0.497		0.413186
0.498		0.412598
0.499		0.412009
0.5		0.41142
0.501		0.410831
0.502		0.410241
0.503		0.409651
0.504		0.40906
0.505		0.40847
0.506		0.407879
0.507		0.407288
0.508		0.406696
0.509		0.406105
0.51		0.405513
0.511		0.404921
0.512		0.404329
0.513		0.403737
0.514		0.403144
0.515		0.402551
0.516		0.401959
0.517		0.401366
0.518		0.400773
0.519		0.40018
0.52		0.399587
0.521		0.398993
0.522		0.3984
0.523		0.397807
0.524		0.397213
0.525		0.39662
0.526		0.396026
0.527		0.395433
0.528		0.39484
0.529		0.394246
0.53		0.393653
0.531		0.393059
0.532		0.392466
0.533		0.391873
0.534		0.391279
0.535		0.390686
0.536		0.390093
0.537		0.3895
0.538		0.388907
0.539		0.388314
0.54		0.387722
0.541		0.387129
0.542		0.386537
0.543		0.385945
0.544		0.385353
0.545		0.384761
0.546		0.384169
0.547		0.383577
0.548		0.382986
0.549		0.382395
0.55		0.381804
0.551		0.381213
0.552		0.380623
0.553		0.380033
0.554		0.379443
0.555		0.378853
0.556		0.378263
0.557		0.377674
0.558		0.377085
0.559		0.376497
0.56		0.375908
0.561		0.37532
0.562		0.374732
0.563		0.374145
0.564		0.373558
0.565		0.372971
0.566		0.372385
0.567		0.371799
0.568		0.371213
0.569		0.370628
0.57		0.370043
0.571		0.369458
0.572		0.368874
0.573		0.36829
0.574		0.367707
0.575		0.367123
0.576		0.366541
0.577		0.365959
0.578		0.365377
0.579		0.364796
0.58		0.364215
0.581		0.363634
0.582		0.363054
0.583		0.362475
0.584		0.361895
0.585		0.361317
0.586		0.360739
0.587		0.360161
0.588		0.359584
0.589		0.359007
0.59		0.358431
0.591		0.357855
0.592		0.35728
0.593		0.356705
0.594		0.356131
0.595		0.355557
0.596		0.354984
0.597		0.354411
0.598		0.353839
0.599		0.353268
0.6		0.352697
0.601		0.352126
0.602		0.351557
0.603		0.350987
0.604		0.350419
0.605		0.34985
0.606		0.349283
0.607		0.348716
0.608		0.348149
0.609		0.347584
0.61		0.347018
0.611		0.346454
0.612		0.34589
0.613		0.345326
0.614		0.344764
0.615		0.344201
0.616		0.34364
0.617		0.343079
0.618		0.342519
0.619		0.341959
0.62		0.3414
0.621		0.340841
0.622		0.340284
0.623		0.339727
0.624		0.33917
0.625		0.338614
0.626		0.338059
0.627		0.337505
0.628		0.336951
0.629		0.336398
0.63		0.335845
0.631		0.335294
0.632		0.334742
0.633		0.334192
0.634		0.333642
0.635		0.333093
0.636		0.332545
0.637		0.331997
0.638		0.33145
0.639		0.330904
0.64		0.330359
0.641		0.329814
0.642		0.32927
0.643		0.328726
0.644		0.328183
0.645		0.327641
0.646		0.3271
0.647		0.32656
0.648		0.32602
0.649		0.325481
0.65		0.324942
0.651		0.324405
0.652		0.323868
0.653		0.323332
0.654		0.322796
0.655		0.322262
0.656		0.321728
0.657		0.321194
0.658		0.320662
0.659		0.32013
0.66		0.319599
0.661		0.319069
0.662		0.31854
0.663		0.318011
0.664		0.317483
0.665		0.316956
0.666		0.31643
0.667		0.315904
0.668		0.315379
0.669		0.314855
0.67		0.314332
0.671		0.31381
0.672		0.313288
0.673		0.312767
0.674		0.312247
0.675		0.311727
0.676		0.311209
0.677		0.310691
0.678		0.310174
0.679		0.309658
0.68		0.309142
0.681		0.308627
0.682		0.308113
0.683		0.3076
0.684		0.307088
0.685		0.306577
0.686		0.306066
0.687		0.305556
0.688		0.305047
0.689		0.304538
0.69		0.304031
0.691		0.303524
0.692		0.303018
0.693		0.302513
0.694		0.302009
0.695		0.301505
0.696		0.301003
0.697		0.300501
0.698		0.3
0.699		0.299499
0.7		0.299
0.701		0.298501
0.702		0.298003
0.703		0.297506
0.704		0.29701
0.705		0.296515
0.706		0.29602
0.707		0.295526
0.708		0.295033
0.709		0.294541
0.71		0.29405
0.711		0.293559
0.712		0.293069
0.713		0.292581
0.714		0.292092
0.715		0.291605
0.716		0.291119
0.717		0.290633
0.718		0.290148
0.719		0.289664
0.72		0.289181
0.721		0.288699
0.722		0.288217
0.723		0.287737
0.724		0.287257
0.725		0.286778
0.726		0.286299
0.727		0.285822
0.728		0.285345
0.729		0.28487
0.73		0.284395
0.731		0.28392
0.732		0.283447
0.733		0.282975
0.734		0.282503
0.735		0.282032
0.736		0.281562
0.737		0.281093
0.738		0.280625
0.739		0.280157
0.74		0.27969
0.741		0.279224
0.742		0.278759
0.743		0.278295
0.744		0.277832
0.745		0.277369
0.746		0.276907
0.747		0.276446
0.748		0.275986
0.749		0.275527
0.75		0.275068
0.751		0.27461
0.752		0.274154
0.753		0.273697
0.754		0.273242
0.755		0.272788
0.756		0.272334
0.757		0.271881
0.758		0.271429
0.759		0.270978
0.76		0.270528
0.761		0.270078
0.762		0.26963
0.763		0.269182
0.764		0.268735
0.765		0.268289
0.766		0.267843
0.767		0.267399
0.768		0.266955
0.769		0.266512
0.77		0.26607
0.771		0.265628
0.772		0.265188
0.773		0.264748
0.774		0.264309
0.775		0.263871
0.776		0.263434
0.777		0.262997
0.778		0.262562
0.779		0.262127
0.78		0.261693
0.781		0.261259
0.782		0.260827
0.783		0.260395
0.784		0.259964
0.785		0.259534
0.786		0.259105
0.787		0.258677
0.788		0.258249
0.789		0.257822
0.79		0.257396
0.791		0.256971
0.792		0.256547
0.793		0.256123
0.794		0.2557
0.795		0.255278
0.796		0.254857
0.797		0.254437
0.798		0.254017
0.799		0.253598
0.8		0.25318
0.801		0.252763
0.802		0.252346
0.803		0.251931
0.804		0.251516
0.805		0.251102
0.806		0.250688
0.807		0.250276
0.808		0.249864
0.809		0.249453
0.81		0.249043
0.811		0.248634
0.812		0.248225
0.813		0.247817
0.814		0.24741
0.815		0.247004
0.816		0.246599
0.817		0.246194
0.818		0.24579
0.819		0.245387
0.82		0.244985
0.821		0.244583
0.822		0.244182
0.823		0.243782
0.824		0.243383
0.825		0.242984
0.826		0.242587
0.827		0.24219
0.828		0.241794
0.829		0.241398
0.83		0.241003
0.831		0.24061
0.832		0.240216
0.833		0.239824
0.834		0.239433
0.835		0.239042
0.836		0.238652
0.837		0.238262
0.838		0.237874
0.839		0.237486
0.84		0.237099
0.841		0.236713
0.842		0.236327
0.843		0.235942
0.844		0.235558
0.845		0.235175
0.846		0.234793
0.847		0.234411
0.848		0.23403
0.849		0.233649
0.85		0.23327
0.851		0.232891
0.852		0.232513
0.853		0.232136
0.854		0.231759
0.855		0.231383
0.856		0.231008
0.857		0.230634
0.858		0.23026
0.859		0.229887
0.86		0.229515
0.861		0.229144
0.862		0.228773
0.863		0.228403
0.864		0.228034
0.865		0.227666
0.866		0.227298
0.867		0.226931
0.868		0.226564
0.869		0.226199
0.87		0.225834
0.871		0.22547
0.872		0.225106
0.873		0.224744
0.874		0.224382
0.875		0.22402
0.876		0.22366
0.877		0.2233
0.878		0.222941
0.879		0.222582
0.88		0.222225
0.881		0.221868
0.882		0.221511
0.883		0.221156
0.884		0.220801
0.885		0.220447
0.886		0.220093
0.887		0.21974
0.888		0.219388
0.889		0.219037
0.89		0.218686
0.891		0.218336
0.892		0.217987
0.893		0.217639
0.894		0.217291
0.895		0.216943
0.896		0.216597
0.897		0.216251
0.898		0.215906
0.899		0.215562
0.9		0.215218
0.901		0.214875
0.902		0.214532
0.903		0.214191
0.904		0.21385
0.905		0.213509
0.906		0.21317
0.907		0.212831
0.908		0.212492
0.909		0.212155
0.91		0.211818
0.911		0.211481
0.912		0.211146
0.913		0.210811
0.914		0.210477
0.915		0.210143
0.916		0.20981
0.917		0.209478
0.918		0.209146
0.919		0.208815
0.92		0.208485
0.921		0.208155
0.922		0.207826
0.923		0.207498
0.924		0.20717
0.925		0.206843
0.926		0.206517
0.927		0.206191
0.928		0.205866
0.929		0.205542
0.93		0.205218
0.931		0.204895
0.932		0.204573
0.933		0.204251
0.934		0.20393
0.935		0.203609
0.936		0.203289
0.937		0.20297
0.938		0.202652
0.939		0.202334
0.94		0.202016
0.941		0.2017
0.942		0.201384
0.943		0.201068
0.944		0.200753
0.945		0.200439
0.946		0.200126
0.947		0.199813
0.948		0.199501
0.949		0.199189
0.95		0.198878
0.951		0.198568
0.952		0.198258
0.953		0.197949
0.954		0.19764
0.955		0.197332
0.956		0.197025
0.957		0.196718
0.958		0.196412
0.959		0.196107
0.96		0.195802
0.961		0.195498
0.962		0.195194
0.963		0.194891
0.964		0.194589
0.965		0.194287
0.966		0.193986
0.967		0.193685
0.968		0.193385
0.969		0.193086
0.97		0.192787
0.971		0.192489
0.972		0.192192
0.973		0.191895
0.974		0.191598
0.975		0.191302
0.976		0.191007
0.977		0.190713
0.978		0.190419
0.979		0.190125
0.98		0.189832
0.981		0.18954
0.982		0.189248
0.983		0.188957
0.984		0.188667
0.985		0.188377
0.986		0.188088
0.987		0.187799
0.988		0.187511
0.989		0.187223
0.99		0.186936
0.991		0.18665
0.992		0.186364
0.993		0.186078
0.994		0.185794
0.995		0.18551
0.996		0.185226
0.997		0.184943
0.998		0.184661
0.999		0.184379
1		0.184097
1.001		0.183817
1.002		0.183536
1.003		0.183257
1.004		0.182978
1.005		0.182699
1.006		0.182421
1.007		0.182144
1.008		0.181867
1.009		0.181591
1.01		0.181315
1.011		0.18104
1.012		0.180765
1.013		0.180491
1.014		0.180217
1.015		0.179944
1.016		0.179672
1.017		0.1794
1.018		0.179129
1.019		0.178858
1.02		0.178587
1.021		0.178318
1.022		0.178048
1.023		0.17778
1.024		0.177512
1.025		0.177244
1.026		0.176977
1.027		0.17671
1.028		0.176444
1.029		0.176179
1.03		0.175914
1.031		0.17565
1.032		0.175386
1.033		0.175122
1.034		0.174859
1.035		0.174597
1.036		0.174335
1.037		0.174074
1.038		0.173813
1.039		0.173553
1.04		0.173293
1.041		0.173034
1.042		0.172775
1.043		0.172517
1.044		0.17226
1.045		0.172002
1.046		0.171746
1.047		0.17149
1.048		0.171234
1.049		0.170979
1.05		0.170724
1.051		0.17047
1.052		0.170217
1.053		0.169964
1.054		0.169711
1.055		0.169459
1.056		0.169207
1.057		0.168956
1.058		0.168706
1.059		0.168455
1.06		0.168206
1.061		0.167957
1.062		0.167708
1.063		0.16746
1.064		0.167212
1.065		0.166965
1.066		0.166719
1.067		0.166472
1.068		0.166227
1.069		0.165982
1.07		0.165737
1.071		0.165493
1.072		0.165249
1.073		0.165006
1.074		0.164763
1.075		0.164521
1.076		0.164279
1.077		0.164037
1.078		0.163797
1.079		0.163556
1.08		0.163316
1.081		0.163077
1.082		0.162838
1.083		0.162599
1.084		0.162361
1.085		0.162124
1.086		0.161887
1.087		0.16165
1.088		0.161414
1.089		0.161178
1.09		0.160943
1.091		0.160708
1.092		0.160474
1.093		0.16024
1.094		0.160007
1.095		0.159774
1.096		0.159541
1.097		0.159309
1.098		0.159078
1.099		0.158847
1.1		0.158616
1.101		0.158386
1.102		0.158156
1.103		0.157927
1.104		0.157698
1.105		0.15747
1.106		0.157242
1.107		0.157014
1.108		0.156787
1.109		0.156561
1.11		0.156334
1.111		0.156109
1.112		0.155883
1.113		0.155659
1.114		0.155434
1.115		0.15521
1.116		0.154987
1.117		0.154764
1.118		0.154541
1.119		0.154319
1.12		0.154097
1.121		0.153876
1.122		0.153655
1.123		0.153434
1.124		0.153214
1.125		0.152995
1.126		0.152775
1.127		0.152557
1.128		0.152338
1.129		0.15212
1.13		0.151903
1.131		0.151686
1.132		0.151469
1.133		0.151253
1.134		0.151037
1.135		0.150822
1.136		0.150607
1.137		0.150392
1.138		0.150178
1.139		0.149964
1.14		0.149751
1.141		0.149538
1.142		0.149326
1.143		0.149114
1.144		0.148902
1.145		0.148691
1.146		0.14848
1.147		0.148269
1.148		0.148059
1.149		0.14785
1.15		0.147641
1.151		0.147432
1.152		0.147223
1.153		0.147015
1.154		0.146808
1.155		0.146601
1.156		0.146394
1.157		0.146187
1.158		0.145981
1.159		0.145776
1.16		0.145571
1.161		0.145366
1.162		0.145161
1.163		0.144957
1.164		0.144754
1.165		0.144551
1.166		0.144348
1.167		0.144145
1.168		0.143943
1.169		0.143742
1.17		0.14354
1.171		0.143339
1.172		0.143139
1.173		0.142939
1.174		0.142739
1.175		0.14254
1.176		0.142341
1.177		0.142142
1.178		0.141944
1.179		0.141746
1.18		0.141549
1.181		0.141352
1.182		0.141155
1.183		0.140959
1.184		0.140763
1.185		0.140567
1.186		0.140372
1.187		0.140177
1.188		0.139983
1.189		0.139788
1.19		0.139595
1.191		0.139401
1.192		0.139208
1.193		0.139016
1.194		0.138824
1.195		0.138632
1.196		0.13844
1.197		0.138249
1.198		0.138058
1.199		0.137868
1.2		0.137678
1.201		0.137488
1.202		0.137299
1.203		0.13711
1.204		0.136921
1.205		0.136733
1.206		0.136545
1.207		0.136358
1.208		0.13617
1.209		0.135984
1.21		0.135797
1.211		0.135611
1.212		0.135425
1.213		0.13524
1.214		0.135055
1.215		0.13487
1.216		0.134686
1.217		0.134502
1.218		0.134318
1.219		0.134135
1.22		0.133952
1.221		0.133769
1.222		0.133587
1.223		0.133405
1.224		0.133223
1.225		0.133042
1.226		0.132861
1.227		0.132681
1.228		0.1325
1.229		0.132321
1.23		0.132141
1.231		0.131962
1.232		0.131783
1.233		0.131604
1.234		0.131426
1.235		0.131248
1.236		0.131071
1.237		0.130894
1.238		0.130717
1.239		0.13054
1.24		0.130364
1.241		0.130188
1.242		0.130013
1.243		0.129837
1.244		0.129662
1.245		0.129488
1.246		0.129314
1.247		0.12914
1.248		0.128966
1.249		0.128793
1.25		0.12862
1.251		0.128447
1.252		0.128275
1.253		0.128103
1.254		0.127932
1.255		0.12776
1.256		0.127589
1.257		0.127418
1.258		0.127248
1.259		0.127078
1.26		0.126908
1.261		0.126739
1.262		0.12657
1.263		0.126401
1.264		0.126233
1.265		0.126064
1.266		0.125897
1.267		0.125729
1.268		0.125562
1.269		0.125395
1.27		0.125228
1.271		0.125062
1.272		0.124896
1.273		0.12473
1.274		0.124565
1.275		0.1244
1.276		0.124235
1.277		0.124071
1.278		0.123906
1.279		0.123743
1.28		0.123579
1.281		0.123416
1.282		0.123253
1.283		0.12309
1.284		0.122928
1.285		0.122766
1.286		0.122604
1.287		0.122443
1.288		0.122282
1.289		0.122121
1.29		0.12196
1.291		0.1218
1.292		0.12164
1.293		0.12148
1.294		0.121321
1.295		0.121162
1.296		0.121003
1.297		0.120844
1.298		0.120686
1.299		0.120528
1.3		0.120371
1.301		0.120213
1.302		0.120056
1.303		0.119899
1.304		0.119743
1.305		0.119587
1.306		0.119431
1.307		0.119275
1.308		0.11912
1.309		0.118965
1.31		0.11881
1.311		0.118656
1.312		0.118501
1.313		0.118347
1.314		0.118194
1.315		0.11804
1.316		0.117887
1.317		0.117734
1.318		0.117582
1.319		0.11743
1.32		0.117278
1.321		0.117126
1.322		0.116975
1.323		0.116823
1.324		0.116673
1.325		0.116522
1.326		0.116372
1.327		0.116222
1.328		0.116072
1.329		0.115922
1.33		0.115773
1.331		0.115624
1.332		0.115475
1.333		0.115327
1.334		0.115179
1.335		0.115031
1.336		0.114883
1.337		0.114736
1.338		0.114589
1.339		0.114442
1.34		0.114295
1.341		0.114149
1.342		0.114003
1.343		0.113857
1.344		0.113712
1.345		0.113566
1.346		0.113421
1.347		0.113277
1.348		0.113132
1.349		0.112988
1.35		0.112844
1.351		0.1127
1.352		0.112557
1.353		0.112414
1.354		0.112271
1.355		0.112128
1.356		0.111986
1.357		0.111844
1.358		0.111702
1.359		0.11156
1.36		0.111419
1.361		0.111277
1.362		0.111137
1.363		0.110996
1.364		0.110856
1.365		0.110715
1.366		0.110576
1.367		0.110436
1.368		0.110297
1.369		0.110157
1.37		0.110018
1.371		0.10988
1.372		0.109741
1.373		0.109603
1.374		0.109465
1.375		0.109328
1.376		0.10919
1.377		0.109053
1.378		0.108916
1.379		0.10878
1.38		0.108643
1.381		0.108507
1.382		0.108371
1.383		0.108235
1.384		0.1081
1.385		0.107964
1.386		0.107829
1.387		0.107695
1.388		0.10756
1.389		0.107426
1.39		0.107292
1.391		0.107158
1.392		0.107024
1.393		0.106891
1.394		0.106758
1.395		0.106625
1.396		0.106493
1.397		0.10636
1.398		0.106228
1.399		0.106096
1.4		0.105964
1.401		0.105833
1.402		0.105702
1.403		0.105571
1.404		0.10544
1.405		0.105309
1.406		0.105179
1.407		0.105049
1.408		0.104919
1.409		0.104789
1.41		0.10466
1.411		0.104531
1.412		0.104402
1.413		0.104273
1.414		0.104145
1.415		0.104016
1.416		0.103888
1.417		0.10376
1.418		0.103633
1.419		0.103505
1.42		0.103378
1.421		0.103251
1.422		0.103125
1.423		0.102998
1.424		0.102872
1.425		0.102746
1.426		0.10262
1.427		0.102494
1.428		0.102369
1.429		0.102244
1.43		0.102119
1.431		0.101994
1.432		0.101869
1.433		0.101745
1.434		0.101621
1.435		0.101497
1.436		0.101373
1.437		0.10125
1.438		0.101127
1.439		0.101004
1.44		0.100881
1.441		0.100758
1.442		0.100636
1.443		0.100514
1.444		0.100392
1.445		0.10027
1.446		0.100148
1.447		0.100027
1.448		0.0999058
1.449		0.0997849
1.45		0.0996642
1.451		0.0995436
1.452		0.0994233
1.453		0.0993032
1.454		0.0991833
1.455		0.0990637
1.456		0.0989442
1.457		0.0988249
1.458		0.0987058
1.459		0.098587
1.46		0.0984683
1.461		0.0983499
1.462		0.0982316
1.463		0.0981135
1.464		0.0979957
1.465		0.097878
1.466		0.0977606
1.467		0.0976433
1.468		0.0975263
1.469		0.0974095
1.47		0.0972928
1.471		0.0971764
1.472		0.0970601
1.473		0.0969441
1.474		0.0968282
1.475		0.0967125
1.476		0.0965971
1.477		0.0964818
1.478		0.0963668
1.479		0.0962519
1.48		0.0961372
1.481		0.0960227
1.482		0.0959084
1.483		0.0957943
1.484		0.0956804
1.485		0.0955667
1.486		0.0954532
1.487		0.0953399
1.488		0.0952268
1.489		0.0951138
1.49		0.0950011
1.491		0.0948885
1.492		0.0947762
1.493		0.094664
1.494		0.094552
1.495		0.0944402
1.496		0.0943286
1.497		0.0942172
1.498		0.094106
1.499		0.0939949
1.5		0.0938841
1.501		0.0937734
1.502		0.0936629
1.503		0.0935526
1.504		0.0934425
1.505		0.0933326
1.506		0.0932228
1.507		0.0931133
1.508		0.0930039
1.509		0.0928947
1.51		0.0927857
1.511		0.0926769
1.512		0.0925682
1.513		0.0924598
1.514		0.0923515
1.515		0.0922434
1.516		0.0921355
1.517		0.0920278
1.518		0.0919202
1.519		0.0918128
1.52		0.0917056
1.521		0.0915986
1.522		0.0914918
1.523		0.0913851
1.524		0.0912786
1.525		0.0911723
1.526		0.0910662
1.527		0.0909603
1.528		0.0908545
1.529		0.0907489
1.53		0.0906435
1.531		0.0905382
1.532		0.0904332
1.533		0.0903283
1.534		0.0902235
1.535		0.090119
1.536		0.0900146
1.537		0.0899104
1.538		0.0898064
1.539		0.0897025
1.54		0.0895988
1.541		0.0894953
1.542		0.089392
1.543		0.0892888
1.544		0.0891858
1.545		0.089083
1.546		0.0889803
1.547		0.0888778
1.548		0.0887755
1.549		0.0886734
1.55		0.0885714
1.551		0.0884696
1.552		0.0883679
1.553		0.0882664
1.554		0.0881651
1.555		0.088064
1.556		0.087963
1.557		0.0878622
1.558		0.0877615
1.559		0.0876611
1.56		0.0875607
1.561		0.0874606
1.562		0.0873606
1.563		0.0872608
1.564		0.0871611
1.565		0.0870616
1.566		0.0869623
1.567		0.0868631
1.568		0.0867641
1.569		0.0866652
1.57		0.0865666
1.571		0.086468
1.572		0.0863697
1.573		0.0862715
1.574		0.0861734
1.575		0.0860755
1.576		0.0859778
1.577		0.0858802
1.578		0.0857828
1.579		0.0856856
1.58		0.0855885
1.581		0.0854916
1.582		0.0853948
1.583		0.0852982
1.584		0.0852017
1.585		0.0851054
1.586		0.0850093
1.587		0.0849133
1.588		0.0848175
1.589		0.0847218
1.59		0.0846263
1.591		0.0845309
1.592		0.0844357
1.593		0.0843406
1.594		0.0842457
1.595		0.084151
1.596		0.0840564
1.597		0.0839619
1.598		0.0838676
1.599		0.0837735
1.6		0.0836795
1.601		0.0835857
1.602		0.083492
1.603		0.0833984
1.604		0.0833051
1.605		0.0832118
1.606		0.0831187
1.607		0.0830258
1.608		0.082933
1.609		0.0828404
1.61		0.0827479
1.611		0.0826556
1.612		0.0825634
1.613		0.0824713
1.614		0.0823794
1.615		0.0822877
1.616		0.0821961
1.617		0.0821046
1.618		0.0820133
1.619		0.0819222
1.62		0.0818312
1.621		0.0817403
1.622		0.0816496
1.623		0.081559
1.624		0.0814685
1.625		0.0813783
1.626		0.0812881
1.627		0.0811981
1.628		0.0811083
1.629		0.0810185
1.63		0.080929
1.631		0.0808395
1.632		0.0807503
1.633		0.0806611
1.634		0.0805721
1.635		0.0804832
1.636		0.0803945
1.637		0.0803059
1.638		0.0802175
1.639		0.0801292
1.64		0.0800411
1.641		0.079953
1.642		0.0798652
1.643		0.0797774
1.644		0.0796898
1.645		0.0796024
1.646		0.079515
1.647		0.0794278
1.648		0.0793408
1.649		0.0792539
1.65		0.0791671
1.651		0.0790805
1.652		0.078994
1.653		0.0789076
1.654		0.0788214
1.655		0.0787353
1.656		0.0786493
1.657		0.0785635
1.658		0.0784778
1.659		0.0783923
1.66		0.0783069
1.661		0.0782216
1.662		0.0781364
1.663		0.0780514
1.664		0.0779666
1.665		0.0778818
1.666		0.0777972
1.667		0.0777127
1.668		0.0776284
1.669		0.0775442
1.67		0.0774601
1.671		0.0773761
1.672		0.0772923
1.673		0.0772086
1.674		0.077125
1.675		0.0770416
1.676		0.0769583
1.677		0.0768751
1.678		0.0767921
1.679		0.0767092
1.68		0.0766264
1.681		0.0765438
1.682		0.0764612
1.683		0.0763789
1.684		0.0762966
1.685		0.0762145
1.686		0.0761324
1.687		0.0760506
1.688		0.0759688
1.689		0.0758872
1.69		0.0758057
1.691		0.0757243
1.692		0.0756431
1.693		0.0755619
1.694		0.0754809
1.695		0.0754001
1.696		0.0753193
1.697		0.0752387
1.698		0.0751582
1.699		0.0750778
1.7		0.0749976
1.701		0.0749175
1.702		0.0748375
1.703		0.0747576
1.704		0.0746778
1.705		0.0745982
1.706		0.0745187
1.707		0.0744393
1.708		0.0743601
1.709		0.0742809
1.71		0.0742019
1.711		0.074123
1.712		0.0740442
1.713		0.0739656
1.714		0.073887
1.715		0.0738086
1.716		0.0737303
1.717		0.0736522
1.718		0.0735741
1.719		0.0734962
1.72		0.0734184
1.721		0.0733407
1.722		0.0732631
1.723		0.0731856
1.724		0.0731083
1.725		0.0730311
1.726		0.072954
1.727		0.072877
1.728		0.0728001
1.729		0.0727234
1.73		0.0726468
1.731		0.0725702
1.732		0.0724938
1.733		0.0724176
1.734		0.0723414
1.735		0.0722653
1.736		0.0721894
1.737		0.0721136
1.738		0.0720379
1.739		0.0719623
1.74		0.0718868
1.741		0.0718115
1.742		0.0717362
1.743		0.0716611
1.744		0.0715861
1.745		0.0715112
1.746		0.0714364
1.747		0.0713617
1.748		0.0712872
1.749		0.0712127
1.75		0.0711384
1.751		0.0710642
1.752		0.07099
1.753		0.070916
1.754		0.0708422
1.755		0.0707684
1.756		0.0706947
1.757		0.0706212
1.758		0.0705477
1.759		0.0704744
1.76		0.0704012
1.761		0.0703281
1.762		0.0702551
1.763		0.0701822
1.764		0.0701094
1.765		0.0700367
1.766		0.0699642
1.767		0.0698917
1.768		0.0698194
1.769		0.0697471
1.77		0.069675
1.771		0.069603
1.772		0.0695311
1.773		0.0694593
1.774		0.0693876
1.775		0.069316
1.776		0.0692445
1.777		0.0691731
1.778		0.0691018
1.779		0.0690307
1.78		0.0689596
1.781		0.0688887
1.782		0.0688178
1.783		0.0687471
1.784		0.0686765
1.785		0.0686059
1.786		0.0685355
1.787		0.0684652
1.788		0.068395
1.789		0.0683249
1.79		0.0682549
1.791		0.068185
1.792		0.0681152
1.793		0.0680455
1.794		0.0679759
1.795		0.0679064
1.796		0.067837
1.797		0.0677678
1.798		0.0676986
1.799		0.0676295
1.8		0.0675605
1.801		0.0674917
1.802		0.0674229
1.803		0.0673542
1.804		0.0672857
1.805		0.0672172
1.806		0.0671489
1.807		0.0670806
1.808		0.0670124
1.809		0.0669444
1.81		0.0668764
1.811		0.0668086
1.812		0.0667408
1.813		0.0666731
1.814		0.0666056
1.815		0.0665381
1.816		0.0664708
1.817		0.0664035
1.818		0.0663363
1.819		0.0662693
1.82		0.0662023
1.821		0.0661354
1.822		0.0660687
1.823		0.066002
1.824		0.0659354
1.825		0.065869
1.826		0.0658026
1.827		0.0657363
1.828		0.0656701
1.829		0.065604
1.83		0.065538
1.831		0.0654722
1.832		0.0654064
1.833		0.0653407
1.834		0.0652751
1.835		0.0652095
1.836		0.0651441
1.837		0.0650788
1.838		0.0650136
1.839		0.0649485
1.84		0.0648834
1.841		0.0648185
1.842		0.0647536
1.843		0.0646889
1.844		0.0646242
1.845		0.0645597
1.846		0.0644952
1.847		0.0644308
1.848		0.0643666
1.849		0.0643024
1.85		0.0642383
1.851		0.0641743
1.852		0.0641104
1.853		0.0640466
1.854		0.0639828
1.855		0.0639192
1.856		0.0638557
1.857		0.0637922
1.858		0.0637289
1.859		0.0636656
1.86		0.0636024
1.861		0.0635393
1.862		0.0634764
1.863		0.0634135
1.864		0.0633507
1.865		0.0632879
1.866		0.0632253
1.867		0.0631628
1.868		0.0631003
1.869		0.063038
1.87		0.0629757
1.871		0.0629135
1.872		0.0628514
1.873		0.0627894
1.874		0.0627275
1.875		0.0626657
1.876		0.062604
1.877		0.0625423
1.878		0.0624808
1.879		0.0624193
1.88		0.0623579
1.881		0.0622966
1.882		0.0622354
1.883		0.0621743
1.884		0.0621133
1.885		0.0620523
1.886		0.0619915
1.887		0.0619307
1.888		0.06187
1.889		0.0618094
1.89		0.0617489
1.891		0.0616885
1.892		0.0616282
1.893		0.0615679
1.894		0.0615078
1.895		0.0614477
1.896		0.0613877
1.897		0.0613278
1.898		0.061268
1.899		0.0612082
1.9		0.0611486
1.901		0.061089
1.902		0.0610295
1.903		0.0609701
1.904		0.0609108
1.905		0.0608516
1.906		0.0607924
1.907		0.0607334
1.908		0.0606744
1.909		0.0606155
1.91		0.0605567
1.911		0.060498
1.912		0.0604393
1.913		0.0603808
1.914		0.0603223
1.915		0.0602639
1.916		0.0602056
1.917		0.0601473
1.918		0.0600892
1.919		0.0600311
1.92		0.0599731
1.921		0.0599152
1.922		0.0598574
1.923		0.0597997
1.924		0.059742
1.925		0.0596844
1.926		0.0596269
1.927		0.0595695
1.928		0.0595122
1.929		0.0594549
1.93		0.0593977
1.931		0.0593406
1.932		0.0592836
1.933		0.0592267
1.934		0.0591698
1.935		0.0591131
1.936		0.0590564
1.937		0.0589997
1.938		0.0589432
1.939		0.0588867
1.94		0.0588304
1.941		0.0587741
1.942		0.0587178
1.943		0.0586617
1.944		0.0586056
1.945		0.0585496
1.946		0.0584937
1.947		0.0584379
1.948		0.0583821
1.949		0.0583265
1.95		0.0582709
1.951		0.0582153
1.952		0.0581599
1.953		0.0581045
1.954		0.0580492
1.955		0.057994
1.956		0.0579389
1.957		0.0578838
1.958		0.0578288
1.959		0.0577739
1.96		0.0577191
1.961		0.0576644
1.962		0.0576097
1.963		0.0575551
1.964		0.0575005
1.965		0.0574461
1.966		0.0573917
1.967		0.0573374
1.968		0.0572832
1.969		0.057229
1.97		0.0571749
1.971		0.0571209
1.972		0.057067
1.973		0.0570132
1.974		0.0569594
1.975		0.0569057
1.976		0.056852
1.977		0.0567985
1.978		0.056745
1.979		0.0566916
1.98		0.0566382
1.981		0.056585
1.982		0.0565318
1.983		0.0564787
1.984		0.0564256
1.985		0.0563727
1.986		0.0563198
1.987		0.0562669
1.988		0.0562142
1.989		0.0561615
1.99		0.0561089
1.991		0.0560563
1.992		0.0560039
1.993		0.0559515
1.994		0.0558992
1.995		0.0558469
1.996		0.0557947
1.997		0.0557426
1.998		0.0556906
1.999		0.0556386
2		0.0555867
2.001		0.0555349
2.002		0.0554831
2.003		0.0554315
2.004		0.0553798
2.005		0.0553283
2.006		0.0552768
2.007		0.0552254
2.008		0.0551741
2.009		0.0551228
2.01		0.0550716
2.011		0.0550205
2.012		0.0549694
2.013		0.0549185
2.014		0.0548675
2.015		0.0548167
2.016		0.0547659
2.017		0.0547152
2.018		0.0546646
2.019		0.054614
2.02		0.0545635
2.021		0.0545131
2.022		0.0544627
2.023		0.0544124
2.024		0.0543622
2.025		0.054312
2.026		0.0542619
2.027		0.0542119
2.028		0.0541619
2.029		0.054112
2.03		0.0540622
2.031		0.0540124
2.032		0.0539627
2.033		0.0539131
2.034		0.0538635
2.035		0.0538141
2.036		0.0537646
2.037		0.0537153
2.038		0.053666
2.039		0.0536168
2.04		0.0535676
2.041		0.0535185
2.042		0.0534695
2.043		0.0534205
2.044		0.0533716
2.045		0.0533228
2.046		0.053274
2.047		0.0532253
2.048		0.0531767
2.049		0.0531281
2.05		0.0530796
2.051		0.0530312
2.052		0.0529828
2.053		0.0529345
2.054		0.0528862
2.055		0.052838
2.056		0.0527899
2.057		0.0527419
2.058		0.0526939
2.059		0.0526459
2.06		0.0525981
2.061		0.0525503
2.062		0.0525025
2.063		0.0524549
2.064		0.0524073
2.065		0.0523597
2.066		0.0523122
2.067		0.0522648
2.068		0.0522175
2.069		0.0521702
2.07		0.0521229
2.071		0.0520758
2.072		0.0520287
2.073		0.0519816
2.074		0.0519346
2.075		0.0518877
2.076		0.0518409
2.077		0.0517941
2.078		0.0517473
2.079		0.0517007
2.08		0.0516541
2.081		0.0516075
2.082		0.051561
2.083		0.0515146
2.084		0.0514682
2.085		0.0514219
2.086		0.0513757
2.087		0.0513295
2.088		0.0512834
2.089		0.0512373
2.09		0.0511913
2.091		0.0511454
2.092		0.0510995
2.093		0.0510537
2.094		0.0510079
2.095		0.0509622
2.096		0.0509166
2.097		0.050871
2.098		0.0508255
2.099		0.05078
2.1		0.0507346
2.101		0.0506893
2.102		0.050644
2.103		0.0505988
2.104		0.0505536
2.105		0.0505085
2.106		0.0504635
2.107		0.0504185
2.108		0.0503736
2.109		0.0503287
2.11		0.0502839
2.111		0.0502392
2.112		0.0501945
2.113		0.0501498
2.114		0.0501053
2.115		0.0500608
2.116		0.0500163
2.117		0.0499719
2.118		0.0499276
2.119		0.0498833
2.12		0.049839
2.121		0.0497949
2.122		0.0497508
2.123		0.0497067
2.124		0.0496627
2.125		0.0496188
2.126		0.0495749
2.127		0.0495311
2.128		0.0494873
2.129		0.0494436
2.13		0.0493999
2.131		0.0493563
2.132		0.0493128
2.133		0.0492693
2.134		0.0492258
2.135		0.0491825
2.136		0.0491392
2.137		0.0490959
2.138		0.0490527
2.139		0.0490095
2.14		0.0489664
2.141		0.0489234
2.142		0.0488804
2.143		0.0488375
2.144		0.0487946
2.145		0.0487518
2.146		0.048709
2.147		0.0486663
2.148		0.0486237
2.149		0.0485811
2.15		0.0485385
2.151		0.048496
2.152		0.0484536
2.153		0.0484112
2.154		0.0483689
2.155		0.0483266
2.156		0.0482844
2.157		0.0482422
2.158		0.0482001
2.159		0.0481581
2.16		0.0481161
2.161		0.0480741
2.162		0.0480322
2.163		0.0479904
2.164		0.0479486
2.165		0.0479069
2.166		0.0478652
2.167		0.0478236
2.168		0.047782
2.169		0.0477405
2.17		0.047699
2.171		0.0476576
2.172		0.0476162
2.173		0.0475749
2.174		0.0475336
2.175		0.0474924
2.176		0.0474513
2.177		0.0474102
2.178		0.0473691
2.179		0.0473281
2.18		0.0472872
2.181		0.0472463
2.182		0.0472055
2.183		0.0471647
2.184		0.0471239
2.185		0.0470833
2.186		0.0470426
2.187		0.047002
2.188		0.0469615
2.189		0.046921
2.19		0.0468806
2.191		0.0468402
2.192		0.0467999
2.193		0.0467596
2.194		0.0467194
2.195		0.0466792
2.196		0.0466391
2.197		0.046599
2.198		0.046559
2.199		0.0465191
2.2		0.0464791
2.201		0.0464393
2.202		0.0463994
2.203		0.0463597
2.204		0.04632
2.205		0.0462803
2.206		0.0462407
2.207		0.0462011
2.208		0.0461616
2.209		0.0461221
2.21		0.0460827
2.211		0.0460433
2.212		0.046004
2.213		0.0459647
2.214		0.0459255
2.215		0.0458863
2.216		0.0458472
2.217		0.0458081
2.218		0.0457691
2.219		0.0457301
2.22		0.0456912
2.221		0.0456523
2.222		0.0456135
2.223		0.0455747
2.224		0.045536
2.225		0.0454973
2.226		0.0454586
2.227		0.0454201
2.228		0.0453815
2.229		0.045343
2.23		0.0453046
2.231		0.0452662
2.232		0.0452278
2.233		0.0451895
2.234		0.0451513
2.235		0.0451131
2.236		0.0450749
2.237		0.0450368
2.238		0.0449987
2.239		0.0449607
2.24		0.0449227
2.241		0.0448848
2.242		0.0448469
2.243		0.0448091
2.244		0.0447713
2.245		0.0447336
2.246		0.0446959
2.247		0.0446583
2.248		0.0446207
2.249		0.0445831
2.25		0.0445456
2.251		0.0445082
2.252		0.0444708
2.253		0.0444334
2.254		0.0443961
2.255		0.0443588
2.256		0.0443216
2.257		0.0442844
2.258		0.0442473
2.259		0.0442102
2.26		0.0441731
2.261		0.0441362
2.262		0.0440992
2.263		0.0440623
2.264		0.0440254
2.265		0.0439886
2.266		0.0439519
2.267		0.0439151
2.268		0.0438785
2.269		0.0438418
2.27		0.0438052
2.271		0.0437687
2.272		0.0437322
2.273		0.0436957
2.274		0.0436593
2.275		0.043623
2.276		0.0435866
2.277		0.0435504
2.278		0.0435141
2.279		0.0434779
2.28		0.0434418
2.281		0.0434057
2.282		0.0433696
2.283		0.0433336
2.284		0.0432977
2.285		0.0432617
2.286		0.0432259
2.287		0.04319
2.288		0.0431542
2.289		0.0431185
2.29		0.0430828
2.291		0.0430471
2.292		0.0430115
2.293		0.0429759
2.294		0.0429404
2.295		0.0429049
2.296		0.0428695
2.297		0.0428341
2.298		0.0427987
2.299		0.0427634
2.3		0.0427281
2.301		0.0426929
2.302		0.0426577
2.303		0.0426226
2.304		0.0425875
2.305		0.0425524
2.306		0.0425174
2.307		0.0424824
2.308		0.0424475
2.309		0.0424126
2.31		0.0423778
2.311		0.042343
2.312		0.0423082
2.313		0.0422735
2.314		0.0422388
2.315		0.0422042
2.316		0.0421696
2.317		0.042135
2.318		0.0421005
2.319		0.042066
2.32		0.0420316
2.321		0.0419972
2.322		0.0419629
2.323		0.0419286
2.324		0.0418943
2.325		0.0418601
2.326		0.0418259
2.327		0.0417918
2.328		0.0417577
2.329		0.0417236
2.33		0.0416896
2.331		0.0416556
2.332		0.0416217
2.333		0.0415878
2.334		0.0415539
2.335		0.0415201
2.336		0.0414863
2.337		0.0414526
2.338		0.0414189
2.339		0.0413853
2.34		0.0413517
2.341		0.0413181
2.342		0.0412845
2.343		0.0412511
2.344		0.0412176
2.345		0.0411842
2.346		0.0411508
2.347		0.0411175
2.348		0.0410842
2.349		0.041051
2.35		0.0410177
2.351		0.0409846
2.352		0.0409514
2.353		0.0409183
2.354		0.0408853
2.355		0.0408523
2.356		0.0408193
2.357		0.0407864
2.358		0.0407535
2.359		0.0407206
2.36		0.0406878
2.361		0.040655
2.362		0.0406223
2.363		0.0405896
2.364		0.0405569
2.365		0.0405243
2.366		0.0404917
2.367		0.0404591
2.368		0.0404266
2.369		0.0403942
2.37		0.0403617
2.371		0.0403293
2.372		0.040297
2.373		0.0402647
2.374		0.0402324
2.375		0.0402001
2.376		0.0401679
2.377		0.0401358
2.378		0.0401036
2.379		0.0400716
2.38		0.0400395
2.381		0.0400075
2.382		0.0399755
2.383		0.0399436
2.384		0.0399117
2.385		0.0398798
2.386		0.039848
2.387		0.0398162
2.388		0.0397844
2.389		0.0397527
2.39		0.0397211
2.391		0.0396894
2.392		0.0396578
2.393		0.0396263
2.394		0.0395947
2.395		0.0395632
2.396		0.0395318
2.397		0.0395004
2.398		0.039469
2.399		0.0394376
2.4		0.0394063
2.401		0.0393751
2.402		0.0393438
2.403		0.0393126
2.404		0.0392815
2.405		0.0392503
2.406		0.0392193
2.407		0.0391882
2.408		0.0391572
2.409		0.0391262
2.41		0.0390953
2.411		0.0390644
2.412		0.0390335
2.413		0.0390027
2.414		0.0389719
2.415		0.0389411
2.416		0.0389104
2.417		0.0388797
2.418		0.038849
2.419		0.0388184
2.42		0.0387878
2.421		0.0387573
2.422		0.0387268
2.423		0.0386963
2.424		0.0386658
2.425		0.0386354
2.426		0.0386051
2.427		0.0385747
2.428		0.0385444
2.429		0.0385141
2.43		0.0384839
2.431		0.0384537
2.432		0.0384236
2.433		0.0383934
2.434		0.0383633
2.435		0.0383333
2.436		0.0383033
2.437		0.0382733
2.438		0.0382433
2.439		0.0382134
2.44		0.0381835
2.441		0.0381537
2.442		0.0381238
2.443		0.0380941
2.444		0.0380643
2.445		0.0380346
2.446		0.0380049
2.447		0.0379753
2.448		0.0379457
2.449		0.0379161
2.45		0.0378866
2.451		0.0378571
2.452		0.0378276
2.453		0.0377981
2.454		0.0377687
2.455		0.0377394
2.456		0.03771
2.457		0.0376807
2.458		0.0376514
2.459		0.0376222
2.46		0.037593
2.461		0.0375638
2.462		0.0375347
2.463		0.0375056
2.464		0.0374765
2.465		0.0374475
2.466		0.0374185
2.467		0.0373895
2.468		0.0373606
2.469		0.0373317
2.47		0.0373028
2.471		0.0372739
2.472		0.0372451
2.473		0.0372164
2.474		0.0371876
2.475		0.0371589
2.476		0.0371302
2.477		0.0371016
2.478		0.037073
2.479		0.0370444
2.48		0.0370159
2.481		0.0369873
2.482		0.0369589
2.483		0.0369304
2.484		0.036902
2.485		0.0368736
2.486		0.0368453
2.487		0.036817
2.488		0.0367887
2.489		0.0367604
2.49		0.0367322
2.491		0.036704
2.492		0.0366758
2.493		0.0366477
2.494		0.0366196
2.495		0.0365916
2.496		0.0365635
2.497		0.0365355
2.498		0.0365076
2.499		0.0364796
2.5		0.0364517
2.501		0.0364238
2.502		0.036396
2.503		0.0363682
2.504		0.0363404
2.505		0.0363127
2.506		0.0362849
2.507		0.0362573
2.508		0.0362296
2.509		0.036202
2.51		0.0361744
2.511		0.0361468
2.512		0.0361193
2.513		0.0360918
2.514		0.0360643
2.515		0.0360369
2.516		0.0360095
2.517		0.0359821
2.518		0.0359548
2.519		0.0359274
2.52		0.0359002
2.521		0.0358729
2.522		0.0358457
2.523		0.0358185
2.524		0.0357913
2.525		0.0357642
2.526		0.0357371
2.527		0.03571
2.528		0.035683
2.529		0.035656
2.53		0.035629
2.531		0.035602
2.532		0.0355751
2.533		0.0355482
2.534		0.0355214
2.535		0.0354945
2.536		0.0354677
2.537		0.035441
2.538		0.0354142
2.539		0.0353875
2.54		0.0353608
2.541		0.0353342
2.542		0.0353076
2.543		0.035281
2.544		0.0352544
2.545		0.0352279
2.546		0.0352014
2.547		0.0351749
2.548		0.0351485
2.549		0.0351221
2.55		0.0350957
2.551		0.0350693
2.552		0.035043
2.553		0.0350167
2.554		0.0349904
2.555		0.0349642
2.556		0.034938
2.557		0.0349118
2.558		0.0348856
2.559		0.0348595
2.56		0.0348334
2.561		0.0348074
2.562		0.0347813
2.563		0.0347553
2.564		0.0347293
2.565		0.0347034
2.566		0.0346775
2.567		0.0346516
2.568		0.0346257
2.569		0.0345999
2.57		0.0345741
2.571		0.0345483
2.572		0.0345225
2.573		0.0344968
2.574		0.0344711
2.575		0.0344454
2.576		0.0344198
2.577		0.0343942
2.578		0.0343686
2.579		0.0343431
2.58		0.0343175
2.581		0.034292
2.582		0.0342666
2.583		0.0342411
2.584		0.0342157
2.585		0.0341903
2.586		0.034165
2.587		0.0341396
2.588		0.0341143
2.589		0.0340891
2.59		0.0340638
2.591		0.0340386
2.592		0.0340134
2.593		0.0339882
2.594		0.0339631
2.595		0.033938
2.596		0.0339129
2.597		0.0338879
2.598		0.0338628
2.599		0.0338378
2.6		0.0338129
2.601		0.0337879
2.602		0.033763
2.603		0.0337381
2.604		0.0337132
2.605		0.0336884
2.606		0.0336636
2.607		0.0336388
2.608		0.0336141
2.609		0.0335893
2.61		0.0335646
2.611		0.03354
2.612		0.0335153
2.613		0.0334907
2.614		0.0334661
2.615		0.0334415
2.616		0.033417
2.617		0.0333925
2.618		0.033368
2.619		0.0333435
2.62		0.0333191
2.621		0.0332947
2.622		0.0332703
2.623		0.0332459
2.624		0.0332216
2.625		0.0331973
2.626		0.033173
2.627		0.0331488
2.628		0.0331246
2.629		0.0331004
2.63		0.0330762
2.631		0.033052
2.632		0.0330279
2.633		0.0330038
2.634		0.0329798
2.635		0.0329557
2.636		0.0329317
2.637		0.0329077
2.638		0.0328837
2.639		0.0328598
2.64		0.0328359
2.641		0.032812
2.642		0.0327882
2.643		0.0327643
2.644		0.0327405
2.645		0.0327167
2.646		0.032693
2.647		0.0326692
2.648		0.0326455
2.649		0.0326218
2.65		0.0325982
2.651		0.0325746
2.652		0.0325509
2.653		0.0325274
2.654		0.0325038
2.655		0.0324803
2.656		0.0324568
2.657		0.0324333
2.658		0.0324098
2.659		0.0323864
2.66		0.032363
2.661		0.0323396
2.662		0.0323163
2.663		0.0322929
2.664		0.0322696
2.665		0.0322464
2.666		0.0322231
2.667		0.0321999
2.668		0.0321767
2.669		0.0321535
2.67		0.0321303
2.671		0.0321072
2.672		0.0320841
2.673		0.032061
2.674		0.0320379
2.675		0.0320149
2.676		0.0319919
2.677		0.0319689
2.678		0.031946
2.679		0.031923
2.68		0.0319001
2.681		0.0318772
2.682		0.0318544
2.683		0.0318315
2.684		0.0318087
2.685		0.0317859
2.686		0.0317632
2.687		0.0317404
2.688		0.0317177
2.689		0.031695
2.69		0.0316723
2.691		0.0316497
2.692		0.0316271
2.693		0.0316045
2.694		0.0315819
2.695		0.0315593
2.696		0.0315368
2.697		0.0315143
2.698		0.0314918
2.699		0.0314694
2.7		0.031447
2.701		0.0314245
2.702		0.0314022
2.703		0.0313798
2.704		0.0313575
2.705		0.0313352
2.706		0.0313129
2.707		0.0312906
2.708		0.0312684
2.709		0.0312461
2.71		0.0312239
2.711		0.0312018
2.712		0.0311796
2.713		0.0311575
2.714		0.0311354
2.715		0.0311133
2.716		0.0310913
2.717		0.0310692
2.718		0.0310472
2.719		0.0310252
2.72		0.0310033
2.721		0.0309813
2.722		0.0309594
2.723		0.0309375
2.724		0.0309156
2.725		0.0308938
2.726		0.030872
2.727		0.0308502
2.728		0.0308284
2.729		0.0308066
2.73		0.0307849
2.731		0.0307632
2.732		0.0307415
2.733		0.0307198
2.734		0.0306982
2.735		0.0306765
2.736		0.0306549
2.737		0.0306334
2.738		0.0306118
2.739		0.0305903
2.74		0.0305688
2.741		0.0305473
2.742		0.0305258
2.743		0.0305044
2.744		0.030483
2.745		0.0304616
2.746		0.0304402
2.747		0.0304188
2.748		0.0303975
2.749		0.0303762
2.75		0.0303549
2.751		0.0303336
2.752		0.0303124
2.753		0.0302912
2.754		0.03027
2.755		0.0302488
2.756		0.0302276
2.757		0.0302065
2.758		0.0301854
2.759		0.0301643
2.76		0.0301432
2.761		0.0301222
2.762		0.0301012
2.763		0.0300802
2.764		0.0300592
2.765		0.0300382
2.766		0.0300173
2.767		0.0299964
2.768		0.0299755
2.769		0.0299546
2.77		0.0299337
2.771		0.0299129
2.772		0.0298921
2.773		0.0298713
2.774		0.0298506
2.775		0.0298298
2.776		0.0298091
2.777		0.0297884
2.778		0.0297677
2.779		0.029747
2.78		0.0297264
2.781		0.0297058
2.782		0.0296852
2.783		0.0296646
2.784		0.0296441
2.785		0.0296235
2.786		0.029603
2.787		0.0295825
2.788		0.0295621
2.789		0.0295416
2.79		0.0295212
2.791		0.0295008
2.792		0.0294804
2.793		0.02946
2.794		0.0294397
2.795		0.0294194
2.796		0.0293991
2.797		0.0293788
2.798		0.0293585
2.799		0.0293383
2.8		0.0293181
2.801		0.0292979
2.802		0.0292777
2.803		0.0292575
2.804		0.0292374
2.805		0.0292173
2.806		0.0291972
2.807		0.0291771
2.808		0.0291571
2.809		0.029137
2.81		0.029117
2.811		0.029097
2.812		0.029077
2.813		0.0290571
2.814		0.0290372
2.815		0.0290172
2.816		0.0289974
2.817		0.0289775
2.818		0.0289576
2.819		0.0289378
2.82		0.028918
2.821		0.0288982
2.822		0.0288784
2.823		0.0288587
2.824		0.0288389
2.825		0.0288192
2.826		0.0287995
2.827		0.0287799
2.828		0.0287602
2.829		0.0287406
2.83		0.028721
2.831		0.0287014
2.832		0.0286818
2.833		0.0286623
2.834		0.0286427
2.835		0.0286232
2.836		0.0286037
2.837		0.0285842
2.838		0.0285648
2.839		0.0285454
2.84		0.0285259
2.841		0.0285065
2.842		0.0284872
2.843		0.0284678
2.844		0.0284485
2.845		0.0284292
2.846		0.0284099
2.847		0.0283906
2.848		0.0283713
2.849		0.0283521
2.85		0.0283329
2.851		0.0283137
2.852		0.0282945
2.853		0.0282753
2.854		0.0282562
2.855		0.028237
2.856		0.0282179
2.857		0.0281989
2.858		0.0281798
2.859		0.0281607
2.86		0.0281417
2.861		0.0281227
2.862		0.0281037
2.863		0.0280847
2.864		0.0280658
2.865		0.0280469
2.866		0.0280279
2.867		0.028009
2.868		0.0279902
2.869		0.0279713
2.87		0.0279525
2.871		0.0279337
2.872		0.0279149
2.873		0.0278961
2.874		0.0278773
2.875		0.0278586
2.876		0.0278398
2.877		0.0278211
2.878		0.0278024
2.879		0.0277838
2.88		0.0277651
2.881		0.0277465
2.882		0.0277279
2.883		0.0277093
2.884		0.0276907
2.885		0.0276721
2.886		0.0276536
2.887		0.0276351
2.888		0.0276166
2.889		0.0275981
2.89		0.0275796
2.891		0.0275612
2.892		0.0275427
2.893		0.0275243
2.894		0.0275059
2.895		0.0274875
2.896		0.0274692
2.897		0.0274508
2.898		0.0274325
2.899		0.0274142
2.9		0.0273959
2.901		0.0273777
2.902		0.0273594
2.903		0.0273412
2.904		0.027323
2.905		0.0273048
2.906		0.0272866
2.907		0.0272684
2.908		0.0272503
2.909		0.0272322
2.91		0.0272141
2.911		0.027196
2.912		0.0271779
2.913		0.0271599
2.914		0.0271418
2.915		0.0271238
2.916		0.0271058
2.917		0.0270878
2.918		0.0270699
2.919		0.0270519
2.92		0.027034
2.921		0.0270161
2.922		0.0269982
2.923		0.0269803
2.924		0.0269625
2.925		0.0269446
2.926		0.0269268
2.927		0.026909
2.928		0.0268912
2.929		0.0268734
2.93		0.0268557
2.931		0.0268379
2.932		0.0268202
2.933		0.0268025
2.934		0.0267848
2.935		0.0267672
2.936		0.0267495
2.937		0.0267319
2.938		0.0267143
2.939		0.0266967
2.94		0.0266791
2.941		0.0266615
2.942		0.026644
2.943		0.0266265
2.944		0.0266089
2.945		0.0265914
2.946		0.026574
2.947		0.0265565
2.948		0.0265391
2.949		0.0265216
2.95		0.0265042
2.951		0.0264868
2.952		0.0264695
2.953		0.0264521
2.954		0.0264348
2.955		0.0264174
2.956		0.0264001
2.957		0.0263828
2.958		0.0263656
2.959		0.0263483
2.96		0.0263311
2.961		0.0263138
2.962		0.0262966
2.963		0.0262794
2.964		0.0262623
2.965		0.0262451
2.966		0.026228
2.967		0.0262108
2.968		0.0261937
2.969		0.0261766
2.97		0.0261596
2.971		0.0261425
2.972		0.0261255
2.973		0.0261084
2.974		0.0260914
2.975		0.0260744
2.976		0.0260575
2.977		0.0260405
2.978		0.0260236
2.979		0.0260066
2.98		0.0259897
2.981		0.0259728
2.982		0.025956
2.983		0.0259391
2.984		0.0259222
2.985		0.0259054
2.986		0.0258886
2.987		0.0258718
2.988		0.025855
2.989		0.0258383
2.99		0.0258215
2.991		0.0258048
2.992		0.0257881
2.993		0.0257714
2.994		0.0257547
2.995		0.025738
2.996		0.0257214
2.997		0.0257047
2.998		0.0256881
2.999		0.0256715
3		0.0256549
3.001		0.0256383
3.002		0.0256218
3.003		0.0256052
3.004		0.0255887
3.005		0.0255722
3.006		0.0255557
3.007		0.0255392
3.008		0.0255228
3.009		0.0255063
3.01		0.0254899
3.011		0.0254735
3.012		0.0254571
3.013		0.0254407
3.014		0.0254243
3.015		0.025408
3.016		0.0253916
3.017		0.0253753
3.018		0.025359
3.019		0.0253427
3.02		0.0253265
3.021		0.0253102
3.022		0.025294
3.023		0.0252777
3.024		0.0252615
3.025		0.0252453
3.026		0.0252291
3.027		0.025213
3.028		0.0251968
3.029		0.0251807
3.03		0.0251646
3.031		0.0251485
3.032		0.0251324
3.033		0.0251163
3.034		0.0251002
3.035		0.0250842
3.036		0.0250682
3.037		0.0250522
3.038		0.0250362
3.039		0.0250202
3.04		0.0250042
3.041		0.0249883
3.042		0.0249723
3.043		0.0249564
3.044		0.0249405
3.045		0.0249246
3.046		0.0249087
3.047		0.0248929
3.048		0.024877
3.049		0.0248612
3.05		0.0248454
3.051		0.0248296
3.052		0.0248138
3.053		0.024798
3.054		0.0247822
3.055		0.0247665
3.056		0.0247508
3.057		0.0247351
3.058		0.0247194
3.059		0.0247037
3.06		0.024688
3.061		0.0246724
3.062		0.0246567
3.063		0.0246411
3.064		0.0246255
3.065		0.0246099
3.066		0.0245943
3.067		0.0245787
3.068		0.0245632
3.069		0.0245476
3.07		0.0245321
3.071		0.0245166
3.072		0.0245011
3.073		0.0244856
3.074		0.0244702
3.075		0.0244547
3.076		0.0244393
3.077		0.0244239
3.078		0.0244085
3.079		0.0243931
3.08		0.0243777
3.081		0.0243623
3.082		0.024347
3.083		0.0243317
3.084		0.0243163
3.085		0.024301
3.086		0.0242857
3.087		0.0242705
3.088		0.0242552
3.089		0.02424
3.09		0.0242247
3.091		0.0242095
3.092		0.0241943
3.093		0.0241791
3.094		0.0241639
3.095		0.0241488
3.096		0.0241336
3.097		0.0241185
3.098		0.0241034
3.099		0.0240883
3.1		0.0240732
3.101		0.0240581
3.102		0.024043
3.103		0.024028
3.104		0.0240129
3.105		0.0239979
3.106		0.0239829
3.107		0.0239679
3.108		0.0239529
3.109		0.023938
3.11		0.023923
3.111		0.0239081
3.112		0.0238931
3.113		0.0238782
3.114		0.0238633
3.115		0.0238484
3.116		0.0238336
3.117		0.0238187
3.118		0.0238039
3.119		0.023789
3.12		0.0237742
3.121		0.0237594
3.122		0.0237446
3.123		0.0237299
3.124		0.0237151
3.125		0.0237004
3.126		0.0236856
3.127		0.0236709
3.128		0.0236562
3.129		0.0236415
3.13		0.0236268
3.131		0.0236122
3.132		0.0235975
3.133		0.0235829
3.134		0.0235682
3.135		0.0235536
3.136		0.023539
3.137		0.0235245
3.138		0.0235099
3.139		0.0234953
3.14		0.0234808
3.141		0.0234662
3.142		0.0234517
3.143		0.0234372
3.144		0.0234227
3.145		0.0234083
3.146		0.0233938
3.147		0.0233793
3.148		0.0233649
3.149		0.0233505
3.15		0.0233361
3.151		0.0233217
3.152		0.0233073
3.153		0.0232929
3.154		0.0232786
3.155		0.0232642
3.156		0.0232499
3.157		0.0232356
3.158		0.0232213
3.159		0.023207
3.16		0.0231927
3.161		0.0231784
3.162		0.0231642
3.163		0.0231499
3.164		0.0231357
3.165		0.0231215
3.166		0.0231073
3.167		0.0230931
3.168		0.0230789
3.169		0.0230647
3.17		0.0230506
3.171		0.0230365
3.172		0.0230223
3.173		0.0230082
3.174		0.0229941
3.175		0.02298
3.176		0.022966
3.177		0.0229519
3.178		0.0229379
3.179		0.0229238
3.18		0.0229098
3.181		0.0228958
3.182		0.0228818
3.183		0.0228678
3.184		0.0228538
3.185		0.0228399
3.186		0.0228259
3.187		0.022812
3.188		0.0227981
3.189		0.0227842
3.19		0.0227703
3.191		0.0227564
3.192		0.0227425
3.193		0.0227287
3.194		0.0227148
3.195		0.022701
3.196		0.0226872
3.197		0.0226734
3.198		0.0226596
3.199		0.0226458
3.2		0.022632
3.201		0.0226183
3.202		0.0226045
3.203		0.0225908
3.204		0.0225771
3.205		0.0225633
3.206		0.0225497
3.207		0.022536
3.208		0.0225223
3.209		0.0225086
3.21		0.022495
3.211		0.0224814
3.212		0.0224677
3.213		0.0224541
3.214		0.0224405
3.215		0.0224269
3.216		0.0224134
3.217		0.0223998
3.218		0.0223863
3.219		0.0223727
3.22		0.0223592
3.221		0.0223457
3.222		0.0223322
3.223		0.0223187
3.224		0.0223052
3.225		0.0222918
3.226		0.0222783
3.227		0.0222649
3.228		0.0222514
3.229		0.022238
3.23		0.0222246
3.231		0.0222112
3.232		0.0221979
3.233		0.0221845
3.234		0.0221711
3.235		0.0221578
3.236		0.0221445
3.237		0.0221311
3.238		0.0221178
3.239		0.0221045
3.24		0.0220913
3.241		0.022078
3.242		0.0220647
3.243		0.0220515
3.244		0.0220382
3.245		0.022025
3.246		0.0220118
3.247		0.0219986
3.248		0.0219854
3.249		0.0219722
3.25		0.0219591
3.251		0.0219459
3.252		0.0219328
3.253		0.0219196
3.254		0.0219065
3.255		0.0218934
3.256		0.0218803
3.257		0.0218672
3.258		0.0218542
3.259		0.0218411
3.26		0.021828
3.261		0.021815
3.262		0.021802
3.263		0.021789
3.264		0.021776
3.265		0.021763
3.266		0.02175
3.267		0.021737
3.268		0.0217241
3.269		0.0217111
3.27		0.0216982
3.271		0.0216853
3.272		0.0216724
3.273		0.0216595
3.274		0.0216466
3.275		0.0216337
3.276		0.0216208
3.277		0.021608
3.278		0.0215951
3.279		0.0215823
3.28		0.0215695
3.281		0.0215567
3.282		0.0215439
3.283		0.0215311
3.284		0.0215183
3.285		0.0215055
3.286		0.0214928
3.287		0.02148
3.288		0.0214673
3.289		0.0214546
3.29		0.0214419
3.291		0.0214292
3.292		0.0214165
3.293		0.0214038
3.294		0.0213912
3.295		0.0213785
3.296		0.0213659
3.297		0.0213533
3.298		0.0213406
3.299		0.021328
3.3		0.0213154
3.301		0.0213028
3.302		0.0212903
3.303		0.0212777
3.304		0.0212652
3.305		0.0212526
3.306		0.0212401
3.307		0.0212276
3.308		0.0212151
3.309		0.0212026
3.31		0.0211901
3.311		0.0211776
3.312		0.0211651
3.313		0.0211527
3.314		0.0211402
3.315		0.0211278
3.316		0.0211154
3.317		0.021103
3.318		0.0210906
3.319		0.0210782
3.32		0.0210658
3.321		0.0210534
3.322		0.0210411
3.323		0.0210287
3.324		0.0210164
3.325		0.0210041
3.326		0.0209918
3.327		0.0209795
3.328		0.0209672
3.329		0.0209549
3.33		0.0209426
3.331		0.0209304
3.332		0.0209181
3.333		0.0209059
3.334		0.0208937
3.335		0.0208814
3.336		0.0208692
3.337		0.020857
3.338		0.0208449
3.339		0.0208327
3.34		0.0208205
3.341		0.0208084
3.342		0.0207962
3.343		0.0207841
3.344		0.020772
3.345		0.0207599
3.346		0.0207478
3.347		0.0207357
3.348		0.0207236
3.349		0.0207115
3.35		0.0206995
3.351		0.0206874
3.352		0.0206754
3.353		0.0206633
3.354		0.0206513
3.355		0.0206393
3.356		0.0206273
3.357		0.0206153
3.358		0.0206034
3.359		0.0205914
3.36		0.0205794
3.361		0.0205675
3.362		0.0205556
3.363		0.0205436
3.364		0.0205317
3.365		0.0205198
3.366		0.0205079
3.367		0.020496
3.368		0.0204842
3.369		0.0204723
3.37		0.0204605
3.371		0.0204486
3.372		0.0204368
3.373		0.020425
3.374		0.0204131
3.375		0.0204013
3.376		0.0203896
3.377		0.0203778
3.378		0.020366
3.379		0.0203542
3.38		0.0203425
3.381		0.0203308
3.382		0.020319
3.383		0.0203073
3.384		0.0202956
3.385		0.0202839
3.386		0.0202722
3.387		0.0202605
3.388		0.0202488
3.389		0.0202372
3.39		0.0202255
3.391		0.0202139
3.392		0.0202023
3.393		0.0201906
3.394		0.020179
3.395		0.0201674
3.396		0.0201558
3.397		0.0201443
3.398		0.0201327
3.399		0.0201211
3.4		0.0201096
3.401		0.020098
3.402		0.0200865
3.403		0.020075
3.404		0.0200635
3.405		0.020052
3.406		0.0200405
3.407		0.020029
3.408		0.0200175
3.409		0.0200061
3.41		0.0199946
3.411		0.0199832
3.412		0.0199717
3.413		0.0199603
3.414		0.0199489
3.415		0.0199375
3.416		0.0199261
3.417		0.0199147
3.418		0.0199033
3.419		0.019892
3.42		0.0198806
3.421		0.0198693
3.422		0.0198579
3.423		0.0198466
3.424		0.0198353
3.425		0.019824
3.426		0.0198127
3.427		0.0198014
3.428		0.0197901
3.429		0.0197788
3.43		0.0197676
3.431		0.0197563
3.432		0.0197451
3.433		0.0197339
3.434		0.0197226
3.435		0.0197114
3.436		0.0197002
3.437		0.019689
3.438		0.0196778
3.439		0.0196667
3.44		0.0196555
3.441		0.0196443
3.442		0.0196332
3.443		0.0196221
3.444		0.0196109
3.445		0.0195998
3.446		0.0195887
3.447		0.0195776
3.448		0.0195665
3.449		0.0195554
3.45		0.0195444
3.451		0.0195333
3.452		0.0195223
3.453		0.0195112
3.454		0.0195002
3.455		0.0194892
3.456		0.0194781
3.457		0.0194671
3.458		0.0194561
3.459		0.0194451
3.46		0.0194342
3.461		0.0194232
3.462		0.0194122
3.463		0.0194013
3.464		0.0193903
3.465		0.0193794
3.466		0.0193685
3.467		0.0193576
3.468		0.0193467
3.469		0.0193358
3.47		0.0193249
3.471		0.019314
3.472		0.0193031
3.473		0.0192923
3.474		0.0192814
3.475		0.0192706
3.476		0.0192598
3.477		0.0192489
3.478		0.0192381
3.479		0.0192273
3.48		0.0192165
3.481		0.0192057
3.482		0.019195
3.483		0.0191842
3.484		0.0191734
3.485		0.0191627
3.486		0.0191519
3.487		0.0191412
3.488		0.0191305
3.489		0.0191198
3.49		0.0191091
3.491		0.0190984
3.492		0.0190877
3.493		0.019077
3.494		0.0190663
3.495		0.0190557
3.496		0.019045
3.497		0.0190344
3.498		0.0190237
3.499		0.0190131
3.5		0.0190025
3.501		0.0189919
3.502		0.0189813
3.503		0.0189707
3.504		0.0189601
3.505		0.0189495
3.506		0.018939
3.507		0.0189284
3.508		0.0189179
3.509		0.0189073
3.51		0.0188968
3.511		0.0188863
3.512		0.0188758
3.513		0.0188652
3.514		0.0188548
3.515		0.0188443
3.516		0.0188338
3.517		0.0188233
3.518		0.0188129
3.519		0.0188024
3.52		0.018792
3.521		0.0187815
3.522		0.0187711
3.523		0.0187607
3.524		0.0187503
3.525		0.0187399
3.526		0.0187295
3.527		0.0187191
3.528		0.0187087
3.529		0.0186984
3.53		0.018688
3.531		0.0186777
3.532		0.0186673
3.533		0.018657
3.534		0.0186467
3.535		0.0186364
3.536		0.018626
3.537		0.0186157
3.538		0.0186055
3.539		0.0185952
3.54		0.0185849
3.541		0.0185746
3.542		0.0185644
3.543		0.0185541
3.544		0.0185439
3.545		0.0185337
3.546		0.0185235
3.547		0.0185132
3.548		0.018503
3.549		0.0184928
3.55		0.0184826
3.551		0.0184725
3.552		0.0184623
3.553		0.0184521
3.554		0.018442
3.555		0.0184318
3.556		0.0184217
3.557		0.0184116
3.558		0.0184014
3.559		0.0183913
3.56		0.0183812
3.561		0.0183711
3.562		0.018361
3.563		0.018351
3.564		0.0183409
3.565		0.0183308
3.566		0.0183208
3.567		0.0183107
3.568		0.0183007
3.569		0.0182907
3.57		0.0182806
3.571		0.0182706
3.572		0.0182606
3.573		0.0182506
3.574		0.0182406
3.575		0.0182306
3.576		0.0182207
3.577		0.0182107
3.578		0.0182007
3.579		0.0181908
3.58		0.0181808
3.581		0.0181709
3.582		0.018161
3.583		0.0181511
3.584		0.0181412
3.585		0.0181313
3.586		0.0181214
3.587		0.0181115
3.588		0.0181016
3.589		0.0180917
3.59		0.0180819
3.591		0.018072
3.592		0.0180622
3.593		0.0180523
3.594		0.0180425
3.595		0.0180327
3.596		0.0180229
3.597		0.0180131
3.598		0.0180033
3.599		0.0179935
3.6		0.0179837
3.601		0.0179739
3.602		0.0179642
3.603		0.0179544
3.604		0.0179447
3.605		0.0179349
3.606		0.0179252
3.607		0.0179155
3.608		0.0179057
3.609		0.017896
3.61		0.0178863
3.611		0.0178766
3.612		0.0178669
3.613		0.0178573
3.614		0.0178476
3.615		0.0178379
3.616		0.0178283
3.617		0.0178186
3.618		0.017809
3.619		0.0177994
3.62		0.0177897
3.621		0.0177801
3.622		0.0177705
3.623		0.0177609
3.624		0.0177513
3.625		0.0177417
3.626		0.0177321
3.627		0.0177226
3.628		0.017713
3.629		0.0177035
3.63		0.0176939
3.631		0.0176844
3.632		0.0176748
3.633		0.0176653
3.634		0.0176558
3.635		0.0176463
3.636		0.0176368
3.637		0.0176273
3.638		0.0176178
3.639		0.0176083
3.64		0.0175989
3.641		0.0175894
3.642		0.0175799
3.643		0.0175705
3.644		0.017561
3.645		0.0175516
3.646		0.0175422
3.647		0.0175328
3.648		0.0175234
3.649		0.017514
3.65		0.0175046
3.651		0.0174952
3.652		0.0174858
3.653		0.0174764
3.654		0.0174671
3.655		0.0174577
3.656		0.0174483
3.657		0.017439
3.658		0.0174297
3.659		0.0174203
3.66		0.017411
3.661		0.0174017
3.662		0.0173924
3.663		0.0173831
3.664		0.0173738
3.665		0.0173645
3.666		0.0173552
3.667		0.017346
3.668		0.0173367
3.669		0.0173275
3.67		0.0173182
3.671		0.017309
3.672		0.0172997
3.673		0.0172905
3.674		0.0172813
3.675		0.0172721
3.676		0.0172629
3.677		0.0172537
3.678		0.0172445
3.679		0.0172353
3.68		0.0172261
3.681		0.017217
3.682		0.0172078
3.683		0.0171987
3.684		0.0171895
3.685		0.0171804
3.686		0.0171713
3.687		0.0171621
3.688		0.017153
3.689		0.0171439
3.69		0.0171348
3.691		0.0171257
3.692		0.0171166
3.693		0.0171075
3.694		0.0170985
3.695		0.0170894
3.696		0.0170803
3.697		0.0170713
3.698		0.0170622
3.699		0.0170532
3.7		0.0170442
3.701		0.0170352
3.702		0.0170261
3.703		0.0170171
3.704		0.0170081
3.705		0.0169991
3.706		0.0169901
3.707		0.0169812
3.708		0.0169722
3.709		0.0169632
3.71		0.0169543
3.711		0.0169453
3.712		0.0169364
3.713		0.0169274
3.714		0.0169185
3.715		0.0169096
3.716		0.0169007
3.717		0.0168918
3.718		0.0168829
3.719		0.016874
3.72		0.0168651
3.721		0.0168562
3.722		0.0168473
3.723		0.0168384
3.724		0.0168296
3.725		0.0168207
3.726		0.0168119
3.727		0.016803
3.728		0.0167942
3.729		0.0167854
3.73		0.0167766
3.731		0.0167677
3.732		0.0167589
3.733		0.0167501
3.734		0.0167413
3.735		0.0167326
3.736		0.0167238
3.737		0.016715
3.738		0.0167062
3.739		0.0166975
3.74		0.0166887
3.741		0.01668
3.742		0.0166713
3.743		0.0166625
3.744		0.0166538
3.745		0.0166451
3.746		0.0166364
3.747		0.0166277
3.748		0.016619
3.749		0.0166103
3.75		0.0166016
3.751		0.0165929
3.752		0.0165843
3.753		0.0165756
3.754		0.0165669
3.755		0.0165583
3.756		0.0165497
3.757		0.016541
3.758		0.0165324
3.759		0.0165238
3.76		0.0165151
3.761		0.0165065
3.762		0.0164979
3.763		0.0164893
3.764		0.0164808
3.765		0.0164722
3.766		0.0164636
3.767		0.016455
3.768		0.0164465
3.769		0.0164379
3.77		0.0164294
3.771		0.0164208
3.772		0.0164123
3.773		0.0164038
3.774		0.0163952
3.775		0.0163867
3.776		0.0163782
3.777		0.0163697
3.778		0.0163612
3.779		0.0163527
3.78		0.0163442
3.781		0.0163358
3.782		0.0163273
3.783		0.0163188
3.784		0.0163104
3.785		0.0163019
3.786		0.0162935
3.787		0.016285
3.788		0.0162766
3.789		0.0162682
3.79		0.0162598
3.791		0.0162514
3.792		0.0162429
3.793		0.0162345
3.794		0.0162262
3.795		0.0162178
3.796		0.0162094
3.797		0.016201
3.798		0.0161927
3.799		0.0161843
3.8		0.0161759
3.801		0.0161676
3.802		0.0161593
3.803		0.0161509
3.804		0.0161426
3.805		0.0161343
3.806		0.016126
3.807		0.0161176
3.808		0.0161093
3.809		0.016101
3.81		0.0160928
3.811		0.0160845
3.812		0.0160762
3.813		0.0160679
3.814		0.0160597
3.815		0.0160514
3.816		0.0160432
3.817		0.0160349
3.818		0.0160267
3.819		0.0160184
3.82		0.0160102
3.821		0.016002
3.822		0.0159938
3.823		0.0159856
3.824		0.0159774
3.825		0.0159692
3.826		0.015961
3.827		0.0159528
3.828		0.0159446
3.829		0.0159365
3.83		0.0159283
3.831		0.0159201
3.832		0.015912
3.833		0.0159038
3.834		0.0158957
3.835		0.0158876
3.836		0.0158795
3.837		0.0158713
3.838		0.0158632
3.839		0.0158551
3.84		0.015847
3.841		0.0158389
3.842		0.0158308
3.843		0.0158227
3.844		0.0158147
3.845		0.0158066
3.846		0.0157985
3.847		0.0157905
3.848		0.0157824
3.849		0.0157744
3.85		0.0157663
3.851		0.0157583
3.852		0.0157503
3.853		0.0157422
3.854		0.0157342
3.855		0.0157262
3.856		0.0157182
3.857		0.0157102
3.858		0.0157022
3.859		0.0156942
3.86		0.0156863
3.861		0.0156783
3.862		0.0156703
3.863		0.0156624
3.864		0.0156544
3.865		0.0156465
3.866		0.0156385
3.867		0.0156306
3.868		0.0156227
3.869		0.0156147
3.87		0.0156068
3.871		0.0155989
3.872		0.015591
3.873		0.0155831
3.874		0.0155752
3.875		0.0155673
3.876		0.0155594
3.877		0.0155515
3.878		0.0155437
3.879		0.0155358
3.88		0.0155279
3.881		0.0155201
3.882		0.0155122
3.883		0.0155044
3.884		0.0154966
3.885		0.0154887
3.886		0.0154809
3.887		0.0154731
3.888		0.0154653
3.889		0.0154575
3.89		0.0154497
3.891		0.0154419
3.892		0.0154341
3.893		0.0154263
3.894		0.0154185
3.895		0.0154108
3.896		0.015403
3.897		0.0153952
3.898		0.0153875
3.899		0.0153797
3.9		0.015372
3.901		0.0153643
3.902		0.0153565
3.903		0.0153488
3.904		0.0153411
3.905		0.0153334
3.906		0.0153257
3.907		0.015318
3.908		0.0153103
3.909		0.0153026
3.91		0.0152949
3.911		0.0152872
3.912		0.0152795
3.913		0.0152719
3.914		0.0152642
3.915		0.0152566
3.916		0.0152489
3.917		0.0152413
3.918		0.0152336
3.919		0.015226
3.92		0.0152184
3.921		0.0152107
3.922		0.0152031
3.923		0.0151955
3.924		0.0151879
3.925		0.0151803
3.926		0.0151727
3.927		0.0151651
3.928		0.0151576
3.929		0.01515
3.93		0.0151424
3.931		0.0151348
3.932		0.0151273
3.933		0.0151197
3.934		0.0151122
3.935		0.0151046
3.936		0.0150971
3.937		0.0150896
3.938		0.015082
3.939		0.0150745
3.94		0.015067
3.941		0.0150595
3.942		0.015052
3.943		0.0150445
3.944		0.015037
3.945		0.0150295
3.946		0.015022
3.947		0.0150146
3.948		0.0150071
3.949		0.0149996
3.95		0.0149922
3.951		0.0149847
3.952		0.0149773
3.953		0.0149698
3.954		0.0149624
3.955		0.014955
3.956		0.0149475
3.957		0.0149401
3.958		0.0149327
3.959		0.0149253
3.96		0.0149179
3.961		0.0149105
3.962		0.0149031
3.963		0.0148957
3.964		0.0148883
3.965		0.014881
3.966		0.0148736
3.967		0.0148662
3.968		0.0148589
3.969		0.0148515
3.97		0.0148442
3.971		0.0148368
3.972		0.0148295
3.973		0.0148221
3.974		0.0148148
3.975		0.0148075
3.976		0.0148002
3.977		0.0147929
3.978		0.0147856
3.979		0.0147783
3.98		0.014771
3.981		0.0147637
3.982		0.0147564
3.983		0.0147491
3.984		0.0147418
3.985		0.0147346
3.986		0.0147273
3.987		0.0147201
3.988		0.0147128
3.989		0.0147056
3.99		0.0146983
3.991		0.0146911
3.992		0.0146838
3.993		0.0146766
3.994		0.0146694
3.995		0.0146622
3.996		0.014655
3.997		0.0146478
3.998		0.0146406
3.999		0.0146334
4		0.0146262
4.001		0.014619
4.002		0.0146118
4.003		0.0146047
4.004		0.0145975
4.005		0.0145903
4.006		0.0145832
4.007		0.014576
4.008		0.0145689
4.009		0.0145617
4.01		0.0145546
4.011		0.0145475
4.012		0.0145403
4.013		0.0145332
4.014		0.0145261
4.015		0.014519
4.016		0.0145119
4.017		0.0145048
4.018		0.0144977
4.019		0.0144906
4.02		0.0144835
4.021		0.0144764
4.022		0.0144694
4.023		0.0144623
4.024		0.0144552
4.025		0.0144482
4.026		0.0144411
4.027		0.0144341
4.028		0.014427
4.029		0.01442
4.03		0.014413
4.031		0.0144059
4.032		0.0143989
4.033		0.0143919
4.034		0.0143849
4.035		0.0143779
4.036		0.0143709
4.037		0.0143639
4.038		0.0143569
4.039		0.0143499
4.04		0.0143429
4.041		0.0143359
4.042		0.014329
4.043		0.014322
4.044		0.014315
4.045		0.0143081
4.046		0.0143011
4.047		0.0142942
4.048		0.0142872
4.049		0.0142803
4.05		0.0142734
4.051		0.0142664
4.052		0.0142595
4.053		0.0142526
4.054		0.0142457
4.055		0.0142388
4.056		0.0142319
4.057		0.014225
4.058		0.0142181
4.059		0.0142112
4.06		0.0142043
4.061		0.0141974
4.062		0.0141906
4.063		0.0141837
4.064		0.0141768
4.065		0.01417
4.066		0.0141631
4.067		0.0141563
4.068		0.0141494
4.069		0.0141426
4.07		0.0141358
4.071		0.014129
4.072		0.0141221
4.073		0.0141153
4.074		0.0141085
4.075		0.0141017
4.076		0.0140949
4.077		0.0140881
4.078		0.0140813
4.079		0.0140745
4.08		0.0140677
4.081		0.0140609
4.082		0.0140542
4.083		0.0140474
4.084		0.0140406
4.085		0.0140339
4.086		0.0140271
4.087		0.0140204
4.088		0.0140136
4.089		0.0140069
4.09		0.0140002
4.091		0.0139934
4.092		0.0139867
4.093		0.01398
4.094		0.0139733
4.095		0.0139666
4.096		0.0139599
4.097		0.0139532
4.098		0.0139465
4.099		0.0139398
4.1		0.0139331
4.101		0.0139264
4.102		0.0139197
4.103		0.013913
4.104		0.0139064
4.105		0.0138997
4.106		0.0138931
4.107		0.0138864
4.108		0.0138798
4.109		0.0138731
4.11		0.0138665
4.111		0.0138598
4.112		0.0138532
4.113		0.0138466
4.114		0.01384
4.115		0.0138334
4.116		0.0138267
4.117		0.0138201
4.118		0.0138135
4.119		0.0138069
4.12		0.0138003
4.121		0.0137938
4.122		0.0137872
4.123		0.0137806
4.124		0.013774
4.125		0.0137675
4.126		0.0137609
4.127		0.0137543
4.128		0.0137478
4.129		0.0137412
4.13		0.0137347
4.131		0.0137281
4.132		0.0137216
4.133		0.0137151
4.134		0.0137086
4.135		0.013702
4.136		0.0136955
4.137		0.013689
4.138		0.0136825
4.139		0.013676
4.14		0.0136695
4.141		0.013663
4.142		0.0136565
4.143		0.01365
4.144		0.0136435
4.145		0.0136371
4.146		0.0136306
4.147		0.0136241
4.148		0.0136177
4.149		0.0136112
4.15		0.0136048
4.151		0.0135983
4.152		0.0135919
4.153		0.0135854
4.154		0.013579
4.155		0.0135726
4.156		0.0135661
4.157		0.0135597
4.158		0.0135533
4.159		0.0135469
4.16		0.0135405
4.161		0.0135341
4.162		0.0135277
4.163		0.0135213
4.164		0.0135149
4.165		0.0135085
4.166		0.0135021
4.167		0.0134958
4.168		0.0134894
4.169		0.013483
4.17		0.0134767
4.171		0.0134703
4.172		0.0134639
4.173		0.0134576
4.174		0.0134512
4.175		0.0134449
4.176		0.0134386
4.177		0.0134322
4.178		0.0134259
4.179		0.0134196
4.18		0.0134133
4.181		0.013407
4.182		0.0134007
4.183		0.0133943
4.184		0.013388
4.185		0.0133818
4.186		0.0133755
4.187		0.0133692
4.188		0.0133629
4.189		0.0133566
4.19		0.0133503
4.191		0.0133441
4.192		0.0133378
4.193		0.0133315
4.194		0.0133253
4.195		0.013319
4.196		0.0133128
4.197		0.0133065
4.198		0.0133003
4.199		0.0132941
4.2		0.0132878
4.201		0.0132816
4.202		0.0132754
4.203		0.0132692
4.204		0.013263
4.205		0.0132568
4.206		0.0132506
4.207		0.0132444
4.208		0.0132382
4.209		0.013232
4.21		0.0132258
4.211		0.0132196
4.212		0.0132134
4.213		0.0132073
4.214		0.0132011
4.215		0.0131949
4.216		0.0131888
4.217		0.0131826
4.218		0.0131764
4.219		0.0131703
4.22		0.0131642
4.221		0.013158
4.222		0.0131519
4.223		0.0131458
4.224		0.0131396
4.225		0.0131335
4.226		0.0131274
4.227		0.0131213
4.228		0.0131152
4.229		0.0131091
4.23		0.013103
4.231		0.0130969
4.232		0.0130908
4.233		0.0130847
4.234		0.0130786
4.235		0.0130725
4.236		0.0130664
4.237		0.0130604
4.238		0.0130543
4.239		0.0130482
4.24		0.0130422
4.241		0.0130361
4.242		0.0130301
4.243		0.013024
4.244		0.013018
4.245		0.0130119
4.246		0.0130059
4.247		0.0129999
4.248		0.0129939
4.249		0.0129878
4.25		0.0129818
4.251		0.0129758
4.252		0.0129698
4.253		0.0129638
4.254		0.0129578
4.255		0.0129518
4.256		0.0129458
4.257		0.0129398
4.258		0.0129338
4.259		0.0129279
4.26		0.0129219
4.261		0.0129159
4.262		0.0129099
4.263		0.012904
4.264		0.012898
4.265		0.0128921
4.266		0.0128861
4.267		0.0128802
4.268		0.0128742
4.269		0.0128683
4.27		0.0128623
4.271		0.0128564
4.272		0.0128505
4.273		0.0128446
4.274		0.0128386
4.275		0.0128327
4.276		0.0128268
4.277		0.0128209
4.278		0.012815
4.279		0.0128091
4.28		0.0128032
4.281		0.0127973
4.282		0.0127914
4.283		0.0127856
4.284		0.0127797
4.285		0.0127738
4.286		0.0127679
4.287		0.0127621
4.288		0.0127562
4.289		0.0127504
4.29		0.0127445
4.291		0.0127387
4.292		0.0127328
4.293		0.012727
4.294		0.0127211
4.295		0.0127153
4.296		0.0127095
4.297		0.0127036
4.298		0.0126978
4.299		0.012692
4.3		0.0126862
4.301		0.0126804
4.302		0.0126746
4.303		0.0126688
4.304		0.012663
4.305		0.0126572
4.306		0.0126514
4.307		0.0126456
4.308		0.0126398
4.309		0.012634
4.31		0.0126283
4.311		0.0126225
4.312		0.0126167
4.313		0.012611
4.314		0.0126052
4.315		0.0125995
4.316		0.0125937
4.317		0.012588
4.318		0.0125822
4.319		0.0125765
4.32		0.0125707
4.321		0.012565
4.322		0.0125593
4.323		0.0125536
4.324		0.0125478
4.325		0.0125421
4.326		0.0125364
4.327		0.0125307
4.328		0.012525
4.329		0.0125193
4.33		0.0125136
4.331		0.0125079
4.332		0.0125022
4.333		0.0124965
4.334		0.0124909
4.335		0.0124852
4.336		0.0124795
4.337		0.0124738
4.338		0.0124682
4.339		0.0124625
4.34		0.0124569
4.341		0.0124512
4.342		0.0124456
4.343		0.0124399
4.344		0.0124343
4.345		0.0124286
4.346		0.012423
4.347		0.0124174
4.348		0.0124117
4.349		0.0124061
4.35		0.0124005
4.351		0.0123949
4.352		0.0123893
4.353		0.0123837
4.354		0.0123781
4.355		0.0123725
4.356		0.0123669
4.357		0.0123613
4.358		0.0123557
4.359		0.0123501
4.36		0.0123445
4.361		0.0123389
4.362		0.0123334
4.363		0.0123278
4.364		0.0123222
4.365		0.0123167
4.366		0.0123111
4.367		0.0123056
4.368		0.0123
4.369		0.0122945
4.37		0.0122889
4.371		0.0122834
4.372		0.0122778
4.373		0.0122723
4.374		0.0122668
4.375		0.0122612
4.376		0.0122557
4.377		0.0122502
4.378		0.0122447
4.379		0.0122392
4.38		0.0122337
4.381		0.0122282
4.382		0.0122227
4.383		0.0122172
4.384		0.0122117
4.385		0.0122062
4.386		0.0122007
4.387		0.0121952
4.388		0.0121897
4.389		0.0121843
4.39		0.0121788
4.391		0.0121733
4.392		0.0121679
4.393		0.0121624
4.394		0.012157
4.395		0.0121515
4.396		0.0121461
4.397		0.0121406
4.398		0.0121352
4.399		0.0121297
4.4		0.0121243
4.401		0.0121189
4.402		0.0121134
4.403		0.012108
4.404		0.0121026
4.405		0.0120972
4.406		0.0120918
4.407		0.0120864
4.408		0.012081
4.409		0.0120756
4.41		0.0120702
4.411		0.0120648
4.412		0.0120594
4.413		0.012054
4.414		0.0120486
4.415		0.0120432
4.416		0.0120379
4.417		0.0120325
4.418		0.0120271
4.419		0.0120218
4.42		0.0120164
4.421		0.012011
4.422		0.0120057
4.423		0.0120003
4.424		0.011995
4.425		0.0119896
4.426		0.0119843
4.427		0.011979
4.428		0.0119736
4.429		0.0119683
4.43		0.011963
4.431		0.0119577
4.432		0.0119523
4.433		0.011947
4.434		0.0119417
4.435		0.0119364
4.436		0.0119311
4.437		0.0119258
4.438		0.0119205
4.439		0.0119152
4.44		0.0119099
4.441		0.0119046
4.442		0.0118993
4.443		0.0118941
4.444		0.0118888
4.445		0.0118835
4.446		0.0118782
4.447		0.011873
4.448		0.0118677
4.449		0.0118624
4.45		0.0118572
4.451		0.0118519
4.452		0.0118467
4.453		0.0118414
4.454		0.0118362
4.455		0.011831
4.456		0.0118257
4.457		0.0118205
4.458		0.0118153
4.459		0.01181
4.46		0.0118048
4.461		0.0117996
4.462		0.0117944
4.463		0.0117892
4.464		0.011784
4.465		0.0117788
4.466		0.0117736
4.467		0.0117684
4.468		0.0117632
4.469		0.011758
4.47		0.0117528
4.471		0.0117476
4.472		0.0117424
4.473		0.0117373
4.474		0.0117321
4.475		0.0117269
4.476		0.0117218
4.477		0.0117166
4.478		0.0117114
4.479		0.0117063
4.48		0.0117011
4.481		0.011696
4.482		0.0116908
4.483		0.0116857
4.484		0.0116805
4.485		0.0116754
4.486		0.0116703
4.487		0.0116651
4.488		0.01166
4.489		0.0116549
4.49		0.0116498
4.491		0.0116447
4.492		0.0116396
4.493		0.0116344
4.494		0.0116293
4.495		0.0116242
4.496		0.0116191
4.497		0.011614
4.498		0.0116089
4.499		0.0116039
4.5		0.0115988
4.501		0.0115937
4.502		0.0115886
4.503		0.0115835
4.504		0.0115785
4.505		0.0115734
4.506		0.0115683
4.507		0.0115633
4.508		0.0115582
4.509		0.0115532
4.51		0.0115481
4.511		0.011543
4.512		0.011538
4.513		0.011533
4.514		0.0115279
4.515		0.0115229
4.516		0.0115179
4.517		0.0115128
4.518		0.0115078
4.519		0.0115028
4.52		0.0114978
4.521		0.0114927
4.522		0.0114877
4.523		0.0114827
4.524		0.0114777
4.525		0.0114727
4.526		0.0114677
4.527		0.0114627
4.528		0.0114577
4.529		0.0114527
4.53		0.0114477
4.531		0.0114428
4.532		0.0114378
4.533		0.0114328
4.534		0.0114278
4.535		0.0114228
4.536		0.0114179
4.537		0.0114129
4.538		0.011408
4.539		0.011403
4.54		0.011398
4.541		0.0113931
4.542		0.0113881
4.543		0.0113832
4.544		0.0113783
4.545		0.0113733
4.546		0.0113684
4.547		0.0113634
4.548		0.0113585
4.549		0.0113536
4.55		0.0113487
4.551		0.0113438
4.552		0.0113388
4.553		0.0113339
4.554		0.011329
4.555		0.0113241
4.556		0.0113192
4.557		0.0113143
4.558		0.0113094
4.559		0.0113045
4.56		0.0112996
4.561		0.0112947
4.562		0.0112898
4.563		0.011285
4.564		0.0112801
4.565		0.0112752
4.566		0.0112703
4.567		0.0112655
4.568		0.0112606
4.569		0.0112557
4.57		0.0112509
4.571		0.011246
4.572		0.0112412
4.573		0.0112363
4.574		0.0112315
4.575		0.0112266
4.576		0.0112218
4.577		0.0112169
4.578		0.0112121
4.579		0.0112073
4.58		0.0112025
4.581		0.0111976
4.582		0.0111928
4.583		0.011188
4.584		0.0111832
4.585		0.0111784
4.586		0.0111735
4.587		0.0111687
4.588		0.0111639
4.589		0.0111591
4.59		0.0111543
4.591		0.0111495
4.592		0.0111448
4.593		0.01114
4.594		0.0111352
4.595		0.0111304
4.596		0.0111256
4.597		0.0111208
4.598		0.0111161
4.599		0.0111113
4.6		0.0111065
4.601		0.0111018
4.602		0.011097
4.603		0.0110923
4.604		0.0110875
4.605		0.0110827
4.606		0.011078
4.607		0.0110733
4.608		0.0110685
4.609		0.0110638
4.61		0.011059
4.611		0.0110543
4.612		0.0110496
4.613		0.0110448
4.614		0.0110401
4.615		0.0110354
4.616		0.0110307
4.617		0.011026
4.618		0.0110213
4.619		0.0110165
4.62		0.0110118
4.621		0.0110071
4.622		0.0110024
4.623		0.0109977
4.624		0.010993
4.625		0.0109884
4.626		0.0109837
4.627		0.010979
4.628		0.0109743
4.629		0.0109696
4.63		0.0109649
4.631		0.0109603
4.632		0.0109556
4.633		0.0109509
4.634		0.0109463
4.635		0.0109416
4.636		0.0109369
4.637		0.0109323
4.638		0.0109276
4.639		0.010923
4.64		0.0109183
4.641		0.0109137
4.642		0.0109091
4.643		0.0109044
4.644		0.0108998
4.645		0.0108952
4.646		0.0108905
4.647		0.0108859
4.648		0.0108813
4.649		0.0108767
4.65		0.010872
4.651		0.0108674
4.652		0.0108628
4.653		0.0108582
4.654		0.0108536
4.655		0.010849
4.656		0.0108444
4.657		0.0108398
4.658		0.0108352
4.659		0.0108306
4.66		0.010826
4.661		0.0108214
4.662		0.0108169
4.663		0.0108123
4.664		0.0108077
4.665		0.0108031
4.666		0.0107986
4.667		0.010794
4.668		0.0107894
4.669		0.0107849
4.67		0.0107803
4.671		0.0107757
4.672		0.0107712
4.673		0.0107666
4.674		0.0107621
4.675		0.0107575
4.676		0.010753
4.677		0.0107485
4.678		0.0107439
4.679		0.0107394
4.68		0.0107349
4.681		0.0107303
4.682		0.0107258
4.683		0.0107213
4.684		0.0107168
4.685		0.0107123
4.686		0.0107077
4.687		0.0107032
4.688		0.0106987
4.689		0.0106942
4.69		0.0106897
4.691		0.0106852
4.692		0.0106807
4.693		0.0106762
4.694		0.0106717
4.695		0.0106673
4.696		0.0106628
4.697		0.0106583
4.698		0.0106538
4.699		0.0106493
4.7		0.0106449
4.701		0.0106404
4.702		0.0106359
4.703		0.0106314
4.704		0.010627
4.705		0.0106225
4.706		0.0106181
4.707		0.0106136
4.708		0.0106092
4.709		0.0106047
4.71		0.0106003
4.711		0.0105958
4.712		0.0105914
4.713		0.0105869
4.714		0.0105825
4.715		0.0105781
4.716		0.0105737
4.717		0.0105692
4.718		0.0105648
4.719		0.0105604
4.72		0.010556
4.721		0.0105515
4.722		0.0105471
4.723		0.0105427
4.724		0.0105383
4.725		0.0105339
4.726		0.0105295
4.727		0.0105251
4.728		0.0105207
4.729		0.0105163
4.73		0.0105119
4.731		0.0105075
4.732		0.0105032
4.733		0.0104988
4.734		0.0104944
4.735		0.01049
4.736		0.0104856
4.737		0.0104813
4.738		0.0104769
4.739		0.0104725
4.74		0.0104682
4.741		0.0104638
4.742		0.0104595
4.743		0.0104551
4.744		0.0104507
4.745		0.0104464
4.746		0.010442
4.747		0.0104377
4.748		0.0104334
4.749		0.010429
4.75		0.0104247
4.751		0.0104204
4.752		0.010416
4.753		0.0104117
4.754		0.0104074
4.755		0.010403
4.756		0.0103987
4.757		0.0103944
4.758		0.0103901
4.759		0.0103858
4.76		0.0103815
4.761		0.0103772
4.762		0.0103729
4.763		0.0103686
4.764		0.0103643
4.765		0.01036
4.766		0.0103557
4.767		0.0103514
4.768		0.0103471
4.769		0.0103428
4.77		0.0103385
4.771		0.0103342
4.772		0.01033
4.773		0.0103257
4.774		0.0103214
4.775		0.0103171
4.776		0.0103129
4.777		0.0103086
4.778		0.0103044
4.779		0.0103001
4.78		0.0102958
4.781		0.0102916
4.782		0.0102873
4.783		0.0102831
4.784		0.0102788
4.785		0.0102746
4.786		0.0102704
4.787		0.0102661
4.788		0.0102619
4.789		0.0102576
4.79		0.0102534
4.791		0.0102492
4.792		0.010245
4.793		0.0102407
4.794		0.0102365
4.795		0.0102323
4.796		0.0102281
4.797		0.0102239
4.798		0.0102197
4.799		0.0102155
4.8		0.0102113
4.801		0.0102071
4.802		0.0102029
4.803		0.0101987
4.804		0.0101945
4.805		0.0101903
4.806		0.0101861
4.807		0.0101819
4.808		0.0101777
4.809		0.0101735
4.81		0.0101694
4.811		0.0101652
4.812		0.010161
4.813		0.0101568
4.814		0.0101527
4.815		0.0101485
4.816		0.0101443
4.817		0.0101402
4.818		0.010136
4.819		0.0101319
4.82		0.0101277
4.821		0.0101236
4.822		0.0101194
4.823		0.0101153
4.824		0.0101111
4.825		0.010107
4.826		0.0101028
4.827		0.0100987
4.828		0.0100946
4.829		0.0100904
4.83		0.0100863
4.831		0.0100822
4.832		0.0100781
4.833		0.0100739
4.834		0.0100698
4.835		0.0100657
4.836		0.0100616
4.837		0.0100575
4.838		0.0100534
4.839		0.0100493
4.84		0.0100452
4.841		0.0100411
4.842		0.010037
4.843		0.0100329
4.844		0.0100288
4.845		0.0100247
4.846		0.0100206
4.847		0.0100165
4.848		0.0100124
4.849		0.0100084
4.85		0.0100043
4.851		0.0100002
4.852		0.00999614
4.853		0.00999207
4.854		0.009988
4.855		0.00998394
4.856		0.00997987
4.857		0.00997581
4.858		0.00997175
4.859		0.0099677
4.86		0.00996365
4.861		0.0099596
4.862		0.00995555
4.863		0.0099515
4.864		0.00994746
4.865		0.00994342
4.866		0.00993938
4.867		0.00993534
4.868		0.00993131
4.869		0.00992728
4.87		0.00992325
4.871		0.00991923
4.872		0.0099152
4.873		0.00991118
4.874		0.00990716
4.875		0.00990315
4.876		0.00989913
4.877		0.00989512
4.878		0.00989111
4.879		0.0098871
4.88		0.0098831
4.881		0.0098791
4.882		0.0098751
4.883		0.0098711
4.884		0.00986711
4.885		0.00986312
4.886		0.00985913
4.887		0.00985514
4.888		0.00985115
4.889		0.00984717
4.89		0.00984319
4.891		0.00983921
4.892		0.00983524
4.893		0.00983127
4.894		0.0098273
4.895		0.00982333
4.896		0.00981936
4.897		0.0098154
4.898		0.00981144
4.899		0.00980748
4.9		0.00980352
4.901		0.00979957
4.902		0.00979562
4.903		0.00979167
4.904		0.00978772
4.905		0.00978378
4.906		0.00977984
4.907		0.0097759
4.908		0.00977196
4.909		0.00976803
4.91		0.00976409
4.911		0.00976016
4.912		0.00975624
4.913		0.00975231
4.914		0.00974839
4.915		0.00974447
4.916		0.00974055
4.917		0.00973663
4.918		0.00973272
4.919		0.00972881
4.92		0.0097249
4.921		0.00972099
4.922		0.00971709
4.923		0.00971319
4.924		0.00970929
4.925		0.00970539
4.926		0.0097015
4.927		0.0096976
4.928		0.00969371
4.929		0.00968983
4.93		0.00968594
4.931		0.00968206
4.932		0.00967818
4.933		0.0096743
4.934		0.00967042
4.935		0.00966655
4.936		0.00966268
4.937		0.00965881
4.938		0.00965494
4.939		0.00965108
4.94		0.00964721
4.941		0.00964336
4.942		0.0096395
4.943		0.00963564
4.944		0.00963179
4.945		0.00962794
4.946		0.00962409
4.947		0.00962024
4.948		0.0096164
4.949		0.00961256
4.95		0.00960872
4.951		0.00960488
4.952		0.00960105
4.953		0.00959722
4.954		0.00959339
4.955		0.00958956
4.956		0.00958573
4.957		0.00958191
4.958		0.00957809
4.959		0.00957427
4.96		0.00957045
4.961		0.00956664
4.962		0.00956283
4.963		0.00955902
4.964		0.00955521
4.965		0.00955141
4.966		0.0095476
4.967		0.0095438
4.968		0.00954
4.969		0.00953621
4.97		0.00953241
4.971		0.00952862
4.972		0.00952483
4.973		0.00952105
4.974		0.00951726
4.975		0.00951348
4.976		0.0095097
4.977		0.00950592
4.978		0.00950215
4.979		0.00949837
4.98		0.0094946
4.981		0.00949083
4.982		0.00948707
4.983		0.0094833
4.984		0.00947954
4.985		0.00947578
4.986		0.00947202
4.987		0.00946827
4.988		0.00946451
4.989		0.00946076
4.99		0.00945701
4.991		0.00945326
4.992		0.00944952
4.993		0.00944578
4.994		0.00944204
4.995		0.0094383
4.996		0.00943456
4.997		0.00943083
4.998		0.0094271
4.999		0.00942337
