0.001		0
0.002		6.87055e-08
0.003		3.59951e-05
0.004		0.000695132
0.005		0.00371181
0.006		0.0106005
0.007		0.0213859
0.008		0.0349719
0.009		0.0500098
0.01		0.0654313
0.011		0.0805863
0.012		0.0951695
0.013		0.10909
0.014		0.122358
0.015		0.135016
0.016		0.147095
0.017		0.158605
0.018		0.169536
0.019		0.179859
0.02		0.18954
0.021		0.198543
0.022		0.206839
0.023		0.214408
0.024		0.221241
0.025		0.227341
0.026		0.232723
0.027		0.237412
0.028		0.24144
0.029		0.244845
0.03		0.247673
0.031		0.24997
0.032		0.251784
0.033		0.253164
0.034		0.254156
0.035		0.254806
0.036		0.255158
0.037		0.255253
0.038		0.255129
0.039		0.254819
0.04		0.254356
0.041		0.253769
0.042		0.253082
0.043		0.252319
0.044		0.251499
0.045		0.250642
0.046		0.249761
0.047		0.248871
0.048		0.247982
0.049		0.247106
0.05		0.24625
0.051		0.245421
0.052		0.244625
0.053		0.243868
0.054		0.243152
0.055		0.24248
0.056		0.241856
0.057		0.241281
0.058		0.240756
0.059		0.240281
0.06		0.239857
0.061		0.239484
0.062		0.239162
0.063		0.238889
0.064		0.238665
0.065		0.238489
0.066		0.23836
0.067		0.238277
0.068		0.238237
0.069		0.238241
0.07		0.238285
0.071		0.238369
0.072		0.238491
0.073		0.23865
0.074		0.238844
0.075		0.23907
0.076		0.239329
0.077		0.239618
0.078		0.239935
0.079		0.240279
0.08		0.240649
0.081		0.241044
0.082		0.241461
0.083		0.2419
0.084		0.242359
0.085		0.242837
0.086		0.243332
0.087		0.243845
0.088		0.244372
0.089		0.244914
0.09		0.24547
0.091		0.246037
0.092		0.246617
0.093		0.247206
0.094		0.247806
0.095		0.248414
0.096		0.24903
0.097		0.249654
0.098		0.250284
0.099		0.25092
0.1		0.251562
0.101		0.252209
0.102		0.252859
0.103		0.253514
0.104		0.254172
0.105		0.254833
0.106		0.255496
0.107		0.256161
0.108		0.256828
0.109		0.257496
0.11		0.258166
0.111		0.258836
0.112		0.259506
0.113		0.260177
0.114		0.260847
0.115		0.261518
0.116		0.262188
0.117		0.262857
0.118		0.263526
0.119		0.264194
0.12		0.264861
0.121		0.265526
0.122		0.26619
0.123		0.266853
0.124		0.267515
0.125		0.268175
0.126		0.268833
0.127		0.26949
0.128		0.270145
0.129		0.270798
0.13		0.27145
0.131		0.2721
0.132		0.272747
0.133		0.273393
0.134		0.274037
0.135		0.27468
0.136		0.27532
0.137		0.275958
0.138		0.276594
0.139		0.277229
0.14		0.277861
0.141		0.278492
0.142		0.279121
0.143		0.279747
0.144		0.280372
0.145		0.280995
0.146		0.281616
0.147		0.282235
0.148		0.282852
0.149		0.283467
0.15		0.284081
0.151		0.284692
0.152		0.285302
0.153		0.285909
0.154		0.286515
0.155		0.287119
0.156		0.287721
0.157		0.288321
0.158		0.28892
0.159		0.289516
0.16		0.290111
0.161		0.290703
0.162		0.291294
0.163		0.291883
0.164		0.29247
0.165		0.293055
0.166		0.293638
0.167		0.29422
0.168		0.294799
0.169		0.295376
0.17		0.295952
0.171		0.296525
0.172		0.297097
0.173		0.297666
0.174		0.298234
0.175		0.298799
0.176		0.299362
0.177		0.299924
0.178		0.300483
0.179		0.30104
0.18		0.301594
0.181		0.302147
0.182		0.302697
0.183		0.303246
0.184		0.303791
0.185		0.304335
0.186		0.304876
0.187		0.305415
0.188		0.305952
0.189		0.306486
0.19		0.307017
0.191		0.307546
0.192		0.308073
0.193		0.308597
0.194		0.309118
0.195		0.309637
0.196		0.310153
0.197		0.310667
0.198		0.311178
0.199		0.311686
0.2		0.312191
0.201		0.312693
0.202		0.313193
0.203		0.313689
0.204		0.314183
0.205		0.314674
0.206		0.315161
0.207		0.315646
0.208		0.316127
0.209		0.316606
0.21		0.317081
0.211		0.317553
0.212		0.318022
0.213		0.318488
0.214		0.31895
0.215		0.319409
0.216		0.319865
0.217		0.320317
0.218		0.320766
0.219		0.321211
0.22		0.321653
0.221		0.322092
0.222		0.322527
0.223		0.322958
0.224		0.323386
0.225		0.32381
0.226		0.32423
0.227		0.324647
0.228		0.32506
0.229		0.325469
0.23		0.325874
0.231		0.326276
0.232		0.326674
0.233		0.327068
0.234		0.327458
0.235		0.327844
0.236		0.328226
0.237		0.328605
0.238		0.328979
0.239		0.329349
0.24		0.329716
0.241		0.330078
0.242		0.330436
0.243		0.33079
0.244		0.33114
0.245		0.331486
0.246		0.331828
0.247		0.332166
0.248		0.332499
0.249		0.332829
0.25		0.333154
0.251		0.333475
0.252		0.333792
0.253		0.334104
0.254		0.334413
0.255		0.334717
0.256		0.335016
0.257		0.335312
0.258		0.335603
0.259		0.33589
0.26		0.336173
0.261		0.336451
0.262		0.336725
0.263		0.336995
0.264		0.33726
0.265		0.337521
0.266		0.337778
0.267		0.338031
0.268		0.338279
0.269		0.338522
0.27		0.338762
0.271		0.338997
0.272		0.339227
0.273		0.339454
0.274		0.339676
0.275		0.339893
0.276		0.340107
0.277		0.340316
0.278		0.34052
0.279		0.340721
0.28		0.340917
0.281		0.341108
0.282		0.341295
0.283		0.341478
0.284		0.341657
0.285		0.341831
0.286		0.342001
0.287		0.342167
0.288		0.342329
0.289		0.342486
0.29		0.342639
0.291		0.342787
0.292		0.342932
0.293		0.343072
0.294		0.343207
0.295		0.343339
0.296		0.343466
0.297		0.34359
0.298		0.343709
0.299		0.343823
0.3		0.343934
0.301		0.344041
0.302		0.344143
0.303		0.344241
0.304		0.344335
0.305		0.344425
0.306		0.344511
0.307		0.344593
0.308		0.34467
0.309		0.344744
0.31		0.344813
0.311		0.344879
0.312		0.344941
0.313		0.344998
0.314		0.345052
0.315		0.345101
0.316		0.345147
0.317		0.345189
0.318		0.345226
0.319		0.34526
0.32		0.34529
0.321		0.345317
0.322		0.345339
0.323		0.345358
0.324		0.345372
0.325		0.345383
0.326		0.34539
0.327		0.345394
0.328		0.345393
0.329		0.345389
0.33		0.345382
0.331		0.34537
0.332		0.345355
0.333		0.345337
0.334		0.345314
0.335		0.345288
0.336		0.345259
0.337		0.345226
0.338		0.345189
0.339		0.345149
0.34		0.345106
0.341		0.345059
0.342		0.345008
0.343		0.344954
0.344		0.344897
0.345		0.344836
0.346		0.344772
0.347		0.344705
0.348		0.344634
0.349		0.34456
0.35		0.344482
0.351		0.344402
0.352		0.344318
0.353		0.344231
0.354		0.34414
0.355		0.344047
0.356		0.34395
0.357		0.343851
0.358		0.343748
0.359		0.343642
0.36		0.343533
0.361		0.343421
0.362		0.343305
0.363		0.343187
0.364		0.343066
0.365		0.342942
0.366		0.342815
0.367		0.342685
0.368		0.342552
0.369		0.342417
0.37		0.342278
0.371		0.342137
0.372		0.341992
0.373		0.341845
0.374		0.341696
0.375		0.341543
0.376		0.341388
0.377		0.34123
0.378		0.341069
0.379		0.340906
0.38		0.34074
0.381		0.340572
0.382		0.3404
0.383		0.340227
0.384		0.34005
0.385		0.339872
0.386		0.33969
0.387		0.339506
0.388		0.33932
0.389		0.339131
0.39		0.33894
0.391		0.338747
0.392		0.338551
0.393		0.338352
0.394		0.338152
0.395		0.337949
0.396		0.337743
0.397		0.337536
0.398		0.337326
0.399		0.337114
0.4		0.336899
0.401		0.336683
0.402		0.336464
0.403		0.336243
0.404		0.33602
0.405		0.335795
0.406		0.335568
0.407		0.335338
0.408		0.335107
0.409		0.334874
0.41		0.334638
0.411		0.334401
0.412		0.334161
0.413		0.33392
0.414		0.333676
0.415		0.333431
0.416		0.333184
0.417		0.332935
0.418		0.332684
0.419		0.332431
0.42		0.332176
0.421		0.33192
0.422		0.331661
0.423		0.331401
0.424		0.331139
0.425		0.330876
0.426		0.330611
0.427		0.330344
0.428		0.330075
0.429		0.329805
0.43		0.329532
0.431		0.329259
0.432		0.328984
0.433		0.328707
0.434		0.328428
0.435		0.328148
0.436		0.327867
0.437		0.327583
0.438		0.327299
0.439		0.327013
0.44		0.326725
0.441		0.326436
0.442		0.326146
0.443		0.325854
0.444		0.32556
0.445		0.325265
0.446		0.324969
0.447		0.324672
0.448		0.324373
0.449		0.324073
0.45		0.323771
0.451		0.323468
0.452		0.323164
0.453		0.322859
0.454		0.322552
0.455		0.322244
0.456		0.321935
0.457		0.321625
0.458		0.321313
0.459		0.321001
0.46		0.320687
0.461		0.320372
0.462		0.320056
0.463		0.319738
0.464		0.31942
0.465		0.3191
0.466		0.31878
0.467		0.318458
0.468		0.318136
0.469		0.317812
0.47		0.317487
0.471		0.317161
0.472		0.316835
0.473		0.316507
0.474		0.316178
0.475		0.315849
0.476		0.315518
0.477		0.315187
0.478		0.314854
0.479		0.314521
0.48		0.314187
0.481		0.313852
0.482		0.313516
0.483		0.313179
0.484		0.312841
0.485		0.312503
0.486		0.312163
0.487		0.311823
0.488		0.311483
0.489		0.311141
0.49		0.310798
0.491		0.310455
0.492		0.310111
0.493		0.309767
0.494		0.309421
0.495		0.309075
0.496		0.308729
0.497		0.308381
0.498		0.308033
0.499		0.307684
0.5		0.307335
0.501		0.306985
0.502		0.306634
0.503		0.306283
0.504		0.305931
0.505		0.305579
0.506		0.305226
0.507		0.304872
0.508		0.304518
0.509		0.304163
0.51		0.303808
0.511		0.303452
0.512		0.303096
0.513		0.302739
0.514		0.302382
0.515		0.302024
0.516		0.301666
0.517		0.301307
0.518		0.300948
0.519		0.300588
0.52		0.300228
0.521		0.299867
0.522		0.299506
0.523		0.299145
0.524		0.298783
0.525		0.298421
0.526		0.298059
0.527		0.297696
0.528		0.297332
0.529		0.296969
0.53		0.296605
0.531		0.29624
0.532		0.295876
0.533		0.295511
0.534		0.295146
0.535		0.29478
0.536		0.294414
0.537		0.294048
0.538		0.293681
0.539		0.293315
0.54		0.292948
0.541		0.29258
0.542		0.292213
0.543		0.291845
0.544		0.291477
0.545		0.291109
0.546		0.29074
0.547		0.290372
0.548		0.290003
0.549		0.289634
0.55		0.289265
0.551		0.288895
0.552		0.288526
0.553		0.288156
0.554		0.287786
0.555		0.287416
0.556		0.287046
0.557		0.286676
0.558		0.286305
0.559		0.285935
0.56		0.285564
0.561		0.285193
0.562		0.284822
0.563		0.284451
0.564		0.28408
0.565		0.283709
0.566		0.283338
0.567		0.282967
0.568		0.282595
0.569		0.282224
0.57		0.281852
0.571		0.281481
0.572		0.281109
0.573		0.280738
0.574		0.280366
0.575		0.279994
0.576		0.279623
0.577		0.279251
0.578		0.27888
0.579		0.278508
0.58		0.278136
0.581		0.277765
0.582		0.277393
0.583		0.277021
0.584		0.27665
0.585		0.276278
0.586		0.275907
0.587		0.275536
0.588		0.275164
0.589		0.274793
0.59		0.274422
0.591		0.27405
0.592		0.273679
0.593		0.273308
0.594		0.272937
0.595		0.272567
0.596		0.272196
0.597		0.271825
0.598		0.271455
0.599		0.271084
0.6		0.270714
0.601		0.270344
0.602		0.269973
0.603		0.269603
0.604		0.269234
0.605		0.268864
0.606		0.268494
0.607		0.268125
0.608		0.267756
0.609		0.267387
0.61		0.267018
0.611		0.266649
0.612		0.26628
0.613		0.265912
0.614		0.265543
0.615		0.265175
0.616		0.264807
0.617		0.26444
0.618		0.264072
0.619		0.263705
0.62		0.263337
0.621		0.26297
0.622		0.262604
0.623		0.262237
0.624		0.261871
0.625		0.261505
0.626		0.261139
0.627		0.260773
0.628		0.260408
0.629		0.260042
0.63		0.259677
0.631		0.259313
0.632		0.258948
0.633		0.258584
0.634		0.25822
0.635		0.257856
0.636		0.257492
0.637		0.257129
0.638		0.256766
0.639		0.256403
0.64		0.256041
0.641		0.255678
0.642		0.255317
0.643		0.254955
0.644		0.254593
0.645		0.254232
0.646		0.253871
0.647		0.253511
0.648		0.253151
0.649		0.252791
0.65		0.252431
0.651		0.252072
0.652		0.251712
0.653		0.251354
0.654		0.250995
0.655		0.250637
0.656		0.250279
0.657		0.249922
0.658		0.249564
0.659		0.249207
0.66		0.248851
0.661		0.248495
0.662		0.248139
0.663		0.247783
0.664		0.247428
0.665		0.247073
0.666		0.246718
0.667		0.246364
0.668		0.24601
0.669		0.245656
0.67		0.245303
0.671		0.24495
0.672		0.244597
0.673		0.244245
0.674		0.243893
0.675		0.243542
0.676		0.243191
0.677		0.24284
0.678		0.242489
0.679		0.242139
0.68		0.24179
0.681		0.24144
0.682		0.241091
0.683		0.240743
0.684		0.240394
0.685		0.240046
0.686		0.239699
0.687		0.239352
0.688		0.239005
0.689		0.238659
0.69		0.238313
0.691		0.237967
0.692		0.237622
0.693		0.237277
0.694		0.236932
0.695		0.236588
0.696		0.236245
0.697		0.235901
0.698		0.235558
0.699		0.235216
0.7		0.234874
0.701		0.234532
0.702		0.234191
0.703		0.23385
0.704		0.233509
0.705		0.233169
0.706		0.232829
0.707		0.23249
0.708		0.232151
0.709		0.231813
0.71		0.231475
0.711		0.231137
0.712		0.2308
0.713		0.230463
0.714		0.230126
0.715		0.22979
0.716		0.229455
0.717		0.22912
0.718		0.228785
0.719		0.22845
0.72		0.228117
0.721		0.227783
0.722		0.22745
0.723		0.227117
0.724		0.226785
0.725		0.226453
0.726		0.226122
0.727		0.225791
0.728		0.22546
0.729		0.22513
0.73		0.224801
0.731		0.224471
0.732		0.224143
0.733		0.223814
0.734		0.223486
0.735		0.223159
0.736		0.222832
0.737		0.222505
0.738		0.222179
0.739		0.221853
0.74		0.221528
0.741		0.221203
0.742		0.220878
0.743		0.220554
0.744		0.220231
0.745		0.219908
0.746		0.219585
0.747		0.219263
0.748		0.218941
0.749		0.21862
0.75		0.218299
0.751		0.217978
0.752		0.217658
0.753		0.217339
0.754		0.217019
0.755		0.216701
0.756		0.216383
0.757		0.216065
0.758		0.215747
0.759		0.215431
0.76		0.215114
0.761		0.214798
0.762		0.214483
0.763		0.214168
0.764		0.213853
0.765		0.213539
0.766		0.213225
0.767		0.212912
0.768		0.212599
0.769		0.212286
0.77		0.211975
0.771		0.211663
0.772		0.211352
0.773		0.211042
0.774		0.210731
0.775		0.210422
0.776		0.210113
0.777		0.209804
0.778		0.209496
0.779		0.209188
0.78		0.20888
0.781		0.208573
0.782		0.208267
0.783		0.207961
0.784		0.207655
0.785		0.20735
0.786		0.207046
0.787		0.206742
0.788		0.206438
0.789		0.206135
0.79		0.205832
0.791		0.205529
0.792		0.205228
0.793		0.204926
0.794		0.204625
0.795		0.204325
0.796		0.204025
0.797		0.203725
0.798		0.203426
0.799		0.203127
0.8		0.202829
0.801		0.202531
0.802		0.202234
0.803		0.201937
0.804		0.201641
0.805		0.201345
0.806		0.201049
0.807		0.200754
0.808		0.20046
0.809		0.200166
0.81		0.199872
0.811		0.199579
0.812		0.199286
0.813		0.198994
0.814		0.198702
0.815		0.198411
0.816		0.19812
0.817		0.197829
0.818		0.19754
0.819		0.19725
0.82		0.196961
0.821		0.196672
0.822		0.196384
0.823		0.196097
0.824		0.195809
0.825		0.195523
0.826		0.195236
0.827		0.19495
0.828		0.194665
0.829		0.19438
0.83		0.194096
0.831		0.193812
0.832		0.193528
0.833		0.193245
0.834		0.192962
0.835		0.19268
0.836		0.192398
0.837		0.192117
0.838		0.191836
0.839		0.191556
0.84		0.191276
0.841		0.190996
0.842		0.190717
0.843		0.190439
0.844		0.190161
0.845		0.189883
0.846		0.189606
0.847		0.189329
0.848		0.189053
0.849		0.188777
0.85		0.188502
0.851		0.188227
0.852		0.187952
0.853		0.187678
0.854		0.187405
0.855		0.187131
0.856		0.186859
0.857		0.186586
0.858		0.186315
0.859		0.186043
0.86		0.185772
0.861		0.185502
0.862		0.185232
0.863		0.184962
0.864		0.184693
0.865		0.184425
0.866		0.184156
0.867		0.183889
0.868		0.183621
0.869		0.183354
0.87		0.183088
0.871		0.182822
0.872		0.182556
0.873		0.182291
0.874		0.182027
0.875		0.181762
0.876		0.181499
0.877		0.181235
0.878		0.180972
0.879		0.18071
0.88		0.180448
0.881		0.180186
0.882		0.179925
0.883		0.179665
0.884		0.179404
0.885		0.179145
0.886		0.178885
0.887		0.178626
0.888		0.178368
0.889		0.17811
0.89		0.177852
0.891		0.177595
0.892		0.177338
0.893		0.177082
0.894		0.176826
0.895		0.176571
0.896		0.176316
0.897		0.176061
0.898		0.175807
0.899		0.175553
0.9		0.1753
0.901		0.175047
0.902		0.174795
0.903		0.174543
0.904		0.174291
0.905		0.17404
0.906		0.173789
0.907		0.173539
0.908		0.173289
0.909		0.17304
0.91		0.172791
0.911		0.172542
0.912		0.172294
0.913		0.172046
0.914		0.171799
0.915		0.171552
0.916		0.171306
0.917		0.17106
0.918		0.170814
0.919		0.170569
0.92		0.170324
0.921		0.17008
0.922		0.169836
0.923		0.169592
0.924		0.169349
0.925		0.169107
0.926		0.168864
0.927		0.168623
0.928		0.168381
0.929		0.16814
0.93		0.1679
0.931		0.16766
0.932		0.16742
0.933		0.16718
0.934		0.166942
0.935		0.166703
0.936		0.166465
0.937		0.166227
0.938		0.16599
0.939		0.165753
0.94		0.165517
0.941		0.165281
0.942		0.165045
0.943		0.16481
0.944		0.164575
0.945		0.164341
0.946		0.164107
0.947		0.163873
0.948		0.16364
0.949		0.163407
0.95		0.163175
0.951		0.162943
0.952		0.162712
0.953		0.16248
0.954		0.16225
0.955		0.162019
0.956		0.161789
0.957		0.16156
0.958		0.161331
0.959		0.161102
0.96		0.160874
0.961		0.160646
0.962		0.160418
0.963		0.160191
0.964		0.159964
0.965		0.159738
0.966		0.159512
0.967		0.159287
0.968		0.159061
0.969		0.158837
0.97		0.158612
0.971		0.158388
0.972		0.158165
0.973		0.157942
0.974		0.157719
0.975		0.157496
0.976		0.157274
0.977		0.157053
0.978		0.156832
0.979		0.156611
0.98		0.15639
0.981		0.15617
0.982		0.155951
0.983		0.155731
0.984		0.155512
0.985		0.155294
0.986		0.155076
0.987		0.154858
0.988		0.15464
0.989		0.154423
0.99		0.154207
0.991		0.153991
0.992		0.153775
0.993		0.153559
0.994		0.153344
0.995		0.153129
0.996		0.152915
0.997		0.152701
0.998		0.152488
0.999		0.152274
1		0.152062
1.001		0.151849
1.002		0.151637
1.003		0.151425
1.004		0.151214
1.005		0.151003
1.006		0.150792
1.007		0.150582
1.008		0.150372
1.009		0.150163
1.01		0.149954
1.011		0.149745
1.012		0.149537
1.013		0.149329
1.014		0.149121
1.015		0.148914
1.016		0.148707
1.017		0.1485
1.018		0.148294
1.019		0.148088
1.02		0.147883
1.021		0.147678
1.022		0.147473
1.023		0.147269
1.024		0.147065
1.025		0.146861
1.026		0.146658
1.027		0.146455
1.028		0.146252
1.029		0.14605
1.03		0.145848
1.031		0.145647
1.032		0.145446
1.033		0.145245
1.034		0.145044
1.035		0.144844
1.036		0.144645
1.037		0.144445
1.038		0.144246
1.039		0.144047
1.04		0.143849
1.041		0.143651
1.042		0.143454
1.043		0.143256
1.044		0.143059
1.045		0.142863
1.046		0.142667
1.047		0.142471
1.048		0.142275
1.049		0.14208
1.05		0.141885
1.051		0.141691
1.052		0.141497
1.053		0.141303
1.054		0.141109
1.055		0.140916
1.056		0.140723
1.057		0.140531
1.058		0.140339
1.059		0.140147
1.06		0.139956
1.061		0.139765
1.062		0.139574
1.063		0.139384
1.064		0.139193
1.065		0.139004
1.066		0.138814
1.067		0.138625
1.068		0.138437
1.069		0.138248
1.07		0.13806
1.071		0.137872
1.072		0.137685
1.073		0.137498
1.074		0.137311
1.075		0.137125
1.076		0.136939
1.077		0.136753
1.078		0.136568
1.079		0.136382
1.08		0.136198
1.081		0.136013
1.082		0.135829
1.083		0.135645
1.084		0.135462
1.085		0.135279
1.086		0.135096
1.087		0.134913
1.088		0.134731
1.089		0.134549
1.09		0.134368
1.091		0.134187
1.092		0.134006
1.093		0.133825
1.094		0.133645
1.095		0.133465
1.096		0.133285
1.097		0.133106
1.098		0.132927
1.099		0.132748
1.1		0.13257
1.101		0.132392
1.102		0.132214
1.103		0.132037
1.104		0.13186
1.105		0.131683
1.106		0.131507
1.107		0.13133
1.108		0.131155
1.109		0.130979
1.11		0.130804
1.111		0.130629
1.112		0.130454
1.113		0.13028
1.114		0.130106
1.115		0.129932
1.116		0.129759
1.117		0.129586
1.118		0.129413
1.119		0.129241
1.12		0.129068
1.121		0.128897
1.122		0.128725
1.123		0.128554
1.124		0.128383
1.125		0.128212
1.126		0.128042
1.127		0.127872
1.128		0.127702
1.129		0.127532
1.13		0.127363
1.131		0.127194
1.132		0.127026
1.133		0.126858
1.134		0.12669
1.135		0.126522
1.136		0.126355
1.137		0.126187
1.138		0.126021
1.139		0.125854
1.14		0.125688
1.141		0.125522
1.142		0.125356
1.143		0.125191
1.144		0.125026
1.145		0.124861
1.146		0.124697
1.147		0.124533
1.148		0.124369
1.149		0.124205
1.15		0.124042
1.151		0.123879
1.152		0.123716
1.153		0.123553
1.154		0.123391
1.155		0.123229
1.156		0.123068
1.157		0.122906
1.158		0.122745
1.159		0.122585
1.16		0.122424
1.161		0.122264
1.162		0.122104
1.163		0.121944
1.164		0.121785
1.165		0.121626
1.166		0.121467
1.167		0.121309
1.168		0.12115
1.169		0.120992
1.17		0.120835
1.171		0.120677
1.172		0.12052
1.173		0.120363
1.174		0.120206
1.175		0.12005
1.176		0.119894
1.177		0.119738
1.178		0.119583
1.179		0.119428
1.18		0.119273
1.181		0.119118
1.182		0.118963
1.183		0.118809
1.184		0.118655
1.185		0.118502
1.186		0.118348
1.187		0.118195
1.188		0.118042
1.189		0.11789
1.19		0.117738
1.191		0.117586
1.192		0.117434
1.193		0.117282
1.194		0.117131
1.195		0.11698
1.196		0.116829
1.197		0.116679
1.198		0.116529
1.199		0.116379
1.2		0.116229
1.201		0.11608
1.202		0.11593
1.203		0.115782
1.204		0.115633
1.205		0.115485
1.206		0.115336
1.207		0.115189
1.208		0.115041
1.209		0.114894
1.21		0.114747
1.211		0.1146
1.212		0.114453
1.213		0.114307
1.214		0.114161
1.215		0.114015
1.216		0.113869
1.217		0.113724
1.218		0.113579
1.219		0.113434
1.22		0.113289
1.221		0.113145
1.222		0.113001
1.223		0.112857
1.224		0.112714
1.225		0.11257
1.226		0.112427
1.227		0.112284
1.228		0.112142
1.229		0.111999
1.23		0.111857
1.231		0.111715
1.232		0.111574
1.233		0.111432
1.234		0.111291
1.235		0.11115
1.236		0.11101
1.237		0.110869
1.238		0.110729
1.239		0.110589
1.24		0.11045
1.241		0.11031
1.242		0.110171
1.243		0.110032
1.244		0.109893
1.245		0.109755
1.246		0.109617
1.247		0.109479
1.248		0.109341
1.249		0.109203
1.25		0.109066
1.251		0.108929
1.252		0.108792
1.253		0.108656
1.254		0.108519
1.255		0.108383
1.256		0.108247
1.257		0.108112
1.258		0.107976
1.259		0.107841
1.26		0.107706
1.261		0.107571
1.262		0.107437
1.263		0.107302
1.264		0.107168
1.265		0.107035
1.266		0.106901
1.267		0.106768
1.268		0.106634
1.269		0.106502
1.27		0.106369
1.271		0.106236
1.272		0.106104
1.273		0.105972
1.274		0.10584
1.275		0.105709
1.276		0.105578
1.277		0.105446
1.278		0.105316
1.279		0.105185
1.28		0.105054
1.281		0.104924
1.282		0.104794
1.283		0.104664
1.284		0.104535
1.285		0.104406
1.286		0.104276
1.287		0.104148
1.288		0.104019
1.289		0.10389
1.29		0.103762
1.291		0.103634
1.292		0.103506
1.293		0.103379
1.294		0.103251
1.295		0.103124
1.296		0.102997
1.297		0.102871
1.298		0.102744
1.299		0.102618
1.3		0.102492
1.301		0.102366
1.302		0.10224
1.303		0.102115
1.304		0.101989
1.305		0.101864
1.306		0.10174
1.307		0.101615
1.308		0.101491
1.309		0.101366
1.31		0.101243
1.311		0.101119
1.312		0.100995
1.313		0.100872
1.314		0.100749
1.315		0.100626
1.316		0.100503
1.317		0.100381
1.318		0.100258
1.319		0.100136
1.32		0.100014
1.321		0.0998925
1.322		0.099771
1.323		0.0996497
1.324		0.0995286
1.325		0.0994077
1.326		0.099287
1.327		0.0991666
1.328		0.0990463
1.329		0.0989262
1.33		0.0988063
1.331		0.0986867
1.332		0.0985672
1.333		0.0984479
1.334		0.0983288
1.335		0.09821
1.336		0.0980913
1.337		0.0979728
1.338		0.0978545
1.339		0.0977365
1.34		0.0976186
1.341		0.0975009
1.342		0.0973834
1.343		0.0972661
1.344		0.097149
1.345		0.0970321
1.346		0.0969154
1.347		0.0967989
1.348		0.0966825
1.349		0.0965664
1.35		0.0964505
1.351		0.0963347
1.352		0.0962192
1.353		0.0961038
1.354		0.0959887
1.355		0.0958737
1.356		0.0957589
1.357		0.0956443
1.358		0.0955299
1.359		0.0954157
1.36		0.0953017
1.361		0.0951878
1.362		0.0950742
1.363		0.0949607
1.364		0.0948475
1.365		0.0947344
1.366		0.0946215
1.367		0.0945088
1.368		0.0943963
1.369		0.0942839
1.37		0.0941718
1.371		0.0940598
1.372		0.093948
1.373		0.0938364
1.374		0.093725
1.375		0.0936138
1.376		0.0935028
1.377		0.0933919
1.378		0.0932812
1.379		0.0931707
1.38		0.0930604
1.381		0.0929503
1.382		0.0928403
1.383		0.0927306
1.384		0.092621
1.385		0.0925116
1.386		0.0924023
1.387		0.0922933
1.388		0.0921844
1.389		0.0920757
1.39		0.0919672
1.391		0.0918589
1.392		0.0917507
1.393		0.0916428
1.394		0.091535
1.395		0.0914273
1.396		0.0913199
1.397		0.0912126
1.398		0.0911055
1.399		0.0909986
1.4		0.0908919
1.401		0.0907853
1.402		0.0906789
1.403		0.0905727
1.404		0.0904666
1.405		0.0903608
1.406		0.0902551
1.407		0.0901495
1.408		0.0900442
1.409		0.089939
1.41		0.089834
1.411		0.0897291
1.412		0.0896245
1.413		0.08952
1.414		0.0894156
1.415		0.0893115
1.416		0.0892075
1.417		0.0891037
1.418		0.089
1.419		0.0888965
1.42		0.0887932
1.421		0.0886901
1.422		0.0885871
1.423		0.0884843
1.424		0.0883816
1.425		0.0882791
1.426		0.0881768
1.427		0.0880747
1.428		0.0879727
1.429		0.0878709
1.43		0.0877692
1.431		0.0876677
1.432		0.0875664
1.433		0.0874653
1.434		0.0873643
1.435		0.0872634
1.436		0.0871628
1.437		0.0870623
1.438		0.0869619
1.439		0.0868617
1.44		0.0867617
1.441		0.0866619
1.442		0.0865622
1.443		0.0864626
1.444		0.0863632
1.445		0.086264
1.446		0.086165
1.447		0.0860661
1.448		0.0859673
1.449		0.0858688
1.45		0.0857703
1.451		0.0856721
1.452		0.085574
1.453		0.085476
1.454		0.0853782
1.455		0.0852806
1.456		0.0851831
1.457		0.0850858
1.458		0.0849887
1.459		0.0848916
1.46		0.0847948
1.461		0.0846981
1.462		0.0846016
1.463		0.0845052
1.464		0.0844089
1.465		0.0843129
1.466		0.0842169
1.467		0.0841212
1.468		0.0840256
1.469		0.0839301
1.47		0.0838348
1.471		0.0837396
1.472		0.0836446
1.473		0.0835498
1.474		0.083455
1.475		0.0833605
1.476		0.0832661
1.477		0.0831718
1.478		0.0830777
1.479		0.0829838
1.48		0.08289
1.481		0.0827963
1.482		0.0827028
1.483		0.0826095
1.484		0.0825163
1.485		0.0824232
1.486		0.0823303
1.487		0.0822375
1.488		0.0821449
1.489		0.0820524
1.49		0.0819601
1.491		0.0818679
1.492		0.0817759
1.493		0.081684
1.494		0.0815923
1.495		0.0815007
1.496		0.0814092
1.497		0.0813179
1.498		0.0812268
1.499		0.0811357
1.5		0.0810449
1.501		0.0809541
1.502		0.0808636
1.503		0.0807731
1.504		0.0806828
1.505		0.0805926
1.506		0.0805026
1.507		0.0804128
1.508		0.080323
1.509		0.0802334
1.51		0.080144
1.511		0.0800547
1.512		0.0799655
1.513		0.0798765
1.514		0.0797876
1.515		0.0796988
1.516		0.0796102
1.517		0.0795218
1.518		0.0794334
1.519		0.0793452
1.52		0.0792572
1.521		0.0791693
1.522		0.0790815
1.523		0.0789938
1.524		0.0789063
1.525		0.078819
1.526		0.0787317
1.527		0.0786446
1.528		0.0785577
1.529		0.0784709
1.53		0.0783842
1.531		0.0782976
1.532		0.0782112
1.533		0.0781249
1.534		0.0780388
1.535		0.0779528
1.536		0.0778669
1.537		0.0777812
1.538		0.0776955
1.539		0.0776101
1.54		0.0775247
1.541		0.0774395
1.542		0.0773544
1.543		0.0772695
1.544		0.0771847
1.545		0.0771
1.546		0.0770154
1.547		0.076931
1.548		0.0768467
1.549		0.0767626
1.55		0.0766786
1.551		0.0765947
1.552		0.0765109
1.553		0.0764273
1.554		0.0763438
1.555		0.0762604
1.556		0.0761771
1.557		0.076094
1.558		0.076011
1.559		0.0759282
1.56		0.0758454
1.561		0.0757628
1.562		0.0756803
1.563		0.075598
1.564		0.0755158
1.565		0.0754337
1.566		0.0753517
1.567		0.0752698
1.568		0.0751881
1.569		0.0751065
1.57		0.0750251
1.571		0.0749437
1.572		0.0748625
1.573		0.0747814
1.574		0.0747004
1.575		0.0746196
1.576		0.0745389
1.577		0.0744583
1.578		0.0743778
1.579		0.0742975
1.58		0.0742172
1.581		0.0741371
1.582		0.0740572
1.583		0.0739773
1.584		0.0738976
1.585		0.073818
1.586		0.0737385
1.587		0.0736591
1.588		0.0735799
1.589		0.0735007
1.59		0.0734217
1.591		0.0733428
1.592		0.0732641
1.593		0.0731854
1.594		0.0731069
1.595		0.0730285
1.596		0.0729502
1.597		0.0728721
1.598		0.072794
1.599		0.0727161
1.6		0.0726383
1.601		0.0725606
1.602		0.072483
1.603		0.0724056
1.604		0.0723282
1.605		0.072251
1.606		0.0721739
1.607		0.0720969
1.608		0.0720201
1.609		0.0719433
1.61		0.0718667
1.611		0.0717902
1.612		0.0717138
1.613		0.0716375
1.614		0.0715613
1.615		0.0714853
1.616		0.0714093
1.617		0.0713335
1.618		0.0712578
1.619		0.0711822
1.62		0.0711067
1.621		0.0710313
1.622		0.0709561
1.623		0.0708809
1.624		0.0708059
1.625		0.070731
1.626		0.0706562
1.627		0.0705815
1.628		0.0705069
1.629		0.0704325
1.63		0.0703581
1.631		0.0702839
1.632		0.0702098
1.633		0.0701357
1.634		0.0700618
1.635		0.069988
1.636		0.0699144
1.637		0.0698408
1.638		0.0697673
1.639		0.069694
1.64		0.0696207
1.641		0.0695476
1.642		0.0694746
1.643		0.0694017
1.644		0.0693289
1.645		0.0692562
1.646		0.0691836
1.647		0.0691111
1.648		0.0690387
1.649		0.0689665
1.65		0.0688943
1.651		0.0688223
1.652		0.0687503
1.653		0.0686785
1.654		0.0686068
1.655		0.0685352
1.656		0.0684637
1.657		0.0683923
1.658		0.068321
1.659		0.0682498
1.66		0.0681787
1.661		0.0681077
1.662		0.0680368
1.663		0.0679661
1.664		0.0678954
1.665		0.0678249
1.666		0.0677544
1.667		0.0676841
1.668		0.0676138
1.669		0.0675437
1.67		0.0674736
1.671		0.0674037
1.672		0.0673339
1.673		0.0672641
1.674		0.0671945
1.675		0.067125
1.676		0.0670556
1.677		0.0669863
1.678		0.0669171
1.679		0.066848
1.68		0.066779
1.681		0.0667101
1.682		0.0666412
1.683		0.0665725
1.684		0.0665039
1.685		0.0664354
1.686		0.0663671
1.687		0.0662988
1.688		0.0662306
1.689		0.0661625
1.69		0.0660945
1.691		0.0660266
1.692		0.0659588
1.693		0.0658911
1.694		0.0658235
1.695		0.065756
1.696		0.0656886
1.697		0.0656213
1.698		0.0655541
1.699		0.065487
1.7		0.06542
1.701		0.0653531
1.702		0.0652863
1.703		0.0652196
1.704		0.0651529
1.705		0.0650864
1.706		0.06502
1.707		0.0649537
1.708		0.0648875
1.709		0.0648213
1.71		0.0647553
1.711		0.0646894
1.712		0.0646235
1.713		0.0645578
1.714		0.0644921
1.715		0.0644266
1.716		0.0643611
1.717		0.0642958
1.718		0.0642305
1.719		0.0641654
1.72		0.0641003
1.721		0.0640353
1.722		0.0639704
1.723		0.0639056
1.724		0.0638409
1.725		0.0637763
1.726		0.0637118
1.727		0.0636474
1.728		0.0635831
1.729		0.0635188
1.73		0.0634547
1.731		0.0633907
1.732		0.0633267
1.733		0.0632629
1.734		0.0631991
1.735		0.0631354
1.736		0.0630718
1.737		0.0630084
1.738		0.062945
1.739		0.0628816
1.74		0.0628184
1.741		0.0627553
1.742		0.0626923
1.743		0.0626293
1.744		0.0625665
1.745		0.0625037
1.746		0.0624411
1.747		0.0623785
1.748		0.062316
1.749		0.0622536
1.75		0.0621913
1.751		0.0621291
1.752		0.0620669
1.753		0.0620049
1.754		0.0619429
1.755		0.0618811
1.756		0.0618193
1.757		0.0617576
1.758		0.061696
1.759		0.0616345
1.76		0.0615731
1.761		0.0615117
1.762		0.0614505
1.763		0.0613893
1.764		0.0613283
1.765		0.0612673
1.766		0.0612064
1.767		0.0611456
1.768		0.0610849
1.769		0.0610242
1.77		0.0609637
1.771		0.0609032
1.772		0.0608428
1.773		0.0607826
1.774		0.0607223
1.775		0.0606622
1.776		0.0606022
1.777		0.0605422
1.778		0.0604824
1.779		0.0604226
1.78		0.0603629
1.781		0.0603033
1.782		0.0602438
1.783		0.0601844
1.784		0.060125
1.785		0.0600657
1.786		0.0600065
1.787		0.0599474
1.788		0.0598884
1.789		0.0598295
1.79		0.0597706
1.791		0.0597119
1.792		0.0596532
1.793		0.0595946
1.794		0.0595361
1.795		0.0594776
1.796		0.0594193
1.797		0.059361
1.798		0.0593028
1.799		0.0592447
1.8		0.0591867
1.801		0.0591288
1.802		0.0590709
1.803		0.0590131
1.804		0.0589554
1.805		0.0588978
1.806		0.0588403
1.807		0.0587828
1.808		0.0587254
1.809		0.0586681
1.81		0.0586109
1.811		0.0585538
1.812		0.0584967
1.813		0.0584398
1.814		0.0583829
1.815		0.0583261
1.816		0.0582693
1.817		0.0582127
1.818		0.0581561
1.819		0.0580996
1.82		0.0580432
1.821		0.0579869
1.822		0.0579306
1.823		0.0578744
1.824		0.0578183
1.825		0.0577623
1.826		0.0577064
1.827		0.0576505
1.828		0.0575947
1.829		0.057539
1.83		0.0574834
1.831		0.0574278
1.832		0.0573723
1.833		0.0573169
1.834		0.0572616
1.835		0.0572064
1.836		0.0571512
1.837		0.0570961
1.838		0.0570411
1.839		0.0569862
1.84		0.0569313
1.841		0.0568765
1.842		0.0568218
1.843		0.0567672
1.844		0.0567126
1.845		0.0566581
1.846		0.0566037
1.847		0.0565494
1.848		0.0564951
1.849		0.056441
1.85		0.0563869
1.851		0.0563328
1.852		0.0562789
1.853		0.056225
1.854		0.0561712
1.855		0.0561174
1.856		0.0560638
1.857		0.0560102
1.858		0.0559567
1.859		0.0559033
1.86		0.0558499
1.861		0.0557966
1.862		0.0557434
1.863		0.0556902
1.864		0.0556372
1.865		0.0555842
1.866		0.0555313
1.867		0.0554784
1.868		0.0554256
1.869		0.0553729
1.87		0.0553203
1.871		0.0552677
1.872		0.0552152
1.873		0.0551628
1.874		0.0551105
1.875		0.0550582
1.876		0.055006
1.877		0.0549539
1.878		0.0549018
1.879		0.0548498
1.88		0.0547979
1.881		0.0547461
1.882		0.0546943
1.883		0.0546426
1.884		0.054591
1.885		0.0545394
1.886		0.0544879
1.887		0.0544365
1.888		0.0543851
1.889		0.0543338
1.89		0.0542826
1.891		0.0542315
1.892		0.0541804
1.893		0.0541294
1.894		0.0540785
1.895		0.0540276
1.896		0.0539768
1.897		0.0539261
1.898		0.0538754
1.899		0.0538249
1.9		0.0537743
1.901		0.0537239
1.902		0.0536735
1.903		0.0536232
1.904		0.0535729
1.905		0.0535228
1.906		0.0534727
1.907		0.0534226
1.908		0.0533726
1.909		0.0533227
1.91		0.0532729
1.911		0.0532231
1.912		0.0531734
1.913		0.0531238
1.914		0.0530742
1.915		0.0530247
1.916		0.0529753
1.917		0.0529259
1.918		0.0528766
1.919		0.0528274
1.92		0.0527782
1.921		0.0527291
1.922		0.0526801
1.923		0.0526311
1.924		0.0525822
1.925		0.0525334
1.926		0.0524846
1.927		0.0524359
1.928		0.0523872
1.929		0.0523387
1.93		0.0522901
1.931		0.0522417
1.932		0.0521933
1.933		0.052145
1.934		0.0520967
1.935		0.0520486
1.936		0.0520004
1.937		0.0519524
1.938		0.0519044
1.939		0.0518564
1.94		0.0518086
1.941		0.0517608
1.942		0.051713
1.943		0.0516654
1.944		0.0516178
1.945		0.0515702
1.946		0.0515227
1.947		0.0514753
1.948		0.051428
1.949		0.0513807
1.95		0.0513334
1.951		0.0512863
1.952		0.0512392
1.953		0.0511921
1.954		0.0511451
1.955		0.0510982
1.956		0.0510514
1.957		0.0510046
1.958		0.0509578
1.959		0.0509112
1.96		0.0508646
1.961		0.050818
1.962		0.0507715
1.963		0.0507251
1.964		0.0506788
1.965		0.0506325
1.966		0.0505862
1.967		0.0505401
1.968		0.0504939
1.969		0.0504479
1.97		0.0504019
1.971		0.050356
1.972		0.0503101
1.973		0.0502643
1.974		0.0502185
1.975		0.0501728
1.976		0.0501272
1.977		0.0500817
1.978		0.0500361
1.979		0.0499907
1.98		0.0499453
1.981		0.0499
1.982		0.0498547
1.983		0.0498095
1.984		0.0497643
1.985		0.0497193
1.986		0.0496742
1.987		0.0496293
1.988		0.0495843
1.989		0.0495395
1.99		0.0494947
1.991		0.04945
1.992		0.0494053
1.993		0.0493607
1.994		0.0493161
1.995		0.0492716
1.996		0.0492272
1.997		0.0491828
1.998		0.0491384
1.999		0.0490942
2		0.04905
2.001		0.0490058
2.002		0.0489617
2.003		0.0489177
2.004		0.0488737
2.005		0.0488298
2.006		0.0487859
2.007		0.0487421
2.008		0.0486983
2.009		0.0486547
2.01		0.048611
2.011		0.0485674
2.012		0.0485239
2.013		0.0484804
2.014		0.048437
2.015		0.0483937
2.016		0.0483504
2.017		0.0483071
2.018		0.048264
2.019		0.0482208
2.02		0.0481778
2.021		0.0481347
2.022		0.0480918
2.023		0.0480489
2.024		0.048006
2.025		0.0479632
2.026		0.0479205
2.027		0.0478778
2.028		0.0478352
2.029		0.0477926
2.03		0.0477501
2.031		0.0477076
2.032		0.0476652
2.033		0.0476229
2.034		0.0475806
2.035		0.0475383
2.036		0.0474961
2.037		0.047454
2.038		0.0474119
2.039		0.0473699
2.04		0.0473279
2.041		0.047286
2.042		0.0472441
2.043		0.0472023
2.044		0.0471606
2.045		0.0471189
2.046		0.0470772
2.047		0.0470356
2.048		0.0469941
2.049		0.0469526
2.05		0.0469111
2.051		0.0468698
2.052		0.0468284
2.053		0.0467872
2.054		0.0467459
2.055		0.0467048
2.056		0.0466636
2.057		0.0466226
2.058		0.0465816
2.059		0.0465406
2.06		0.0464997
2.061		0.0464588
2.062		0.046418
2.063		0.0463773
2.064		0.0463366
2.065		0.0462959
2.066		0.0462553
2.067		0.0462148
2.068		0.0461743
2.069		0.0461339
2.07		0.0460935
2.071		0.0460531
2.072		0.0460129
2.073		0.0459726
2.074		0.0459324
2.075		0.0458923
2.076		0.0458522
2.077		0.0458122
2.078		0.0457722
2.079		0.0457323
2.08		0.0456924
2.081		0.0456526
2.082		0.0456128
2.083		0.0455731
2.084		0.0455334
2.085		0.0454938
2.086		0.0454542
2.087		0.0454147
2.088		0.0453752
2.089		0.0453358
2.09		0.0452964
2.091		0.0452571
2.092		0.0452178
2.093		0.0451786
2.094		0.0451394
2.095		0.0451003
2.096		0.0450612
2.097		0.0450222
2.098		0.0449832
2.099		0.0449443
2.1		0.0449054
2.101		0.0448666
2.102		0.0448278
2.103		0.044789
2.104		0.0447504
2.105		0.0447117
2.106		0.0446731
2.107		0.0446346
2.108		0.0445961
2.109		0.0445577
2.11		0.0445193
2.111		0.0444809
2.112		0.0444426
2.113		0.0444044
2.114		0.0443662
2.115		0.044328
2.116		0.0442899
2.117		0.0442519
2.118		0.0442138
2.119		0.0441759
2.12		0.044138
2.121		0.0441001
2.122		0.0440623
2.123		0.0440245
2.124		0.0439868
2.125		0.0439491
2.126		0.0439115
2.127		0.0438739
2.128		0.0438363
2.129		0.0437989
2.13		0.0437614
2.131		0.043724
2.132		0.0436867
2.133		0.0436494
2.134		0.0436121
2.135		0.0435749
2.136		0.0435377
2.137		0.0435006
2.138		0.0434635
2.139		0.0434265
2.14		0.0433895
2.141		0.0433526
2.142		0.0433157
2.143		0.0432789
2.144		0.0432421
2.145		0.0432053
2.146		0.0431686
2.147		0.0431319
2.148		0.0430953
2.149		0.0430587
2.15		0.0430222
2.151		0.0429857
2.152		0.0429493
2.153		0.0429129
2.154		0.0428766
2.155		0.0428403
2.156		0.042804
2.157		0.0427678
2.158		0.0427316
2.159		0.0426955
2.16		0.0426594
2.161		0.0426234
2.162		0.0425874
2.163		0.0425515
2.164		0.0425156
2.165		0.0424797
2.166		0.0424439
2.167		0.0424082
2.168		0.0423724
2.169		0.0423368
2.17		0.0423011
2.171		0.0422655
2.172		0.04223
2.173		0.0421945
2.174		0.042159
2.175		0.0421236
2.176		0.0420882
2.177		0.0420529
2.178		0.0420176
2.179		0.0419824
2.18		0.0419472
2.181		0.041912
2.182		0.0418769
2.183		0.0418418
2.184		0.0418068
2.185		0.0417718
2.186		0.0417369
2.187		0.041702
2.188		0.0416671
2.189		0.0416323
2.19		0.0415975
2.191		0.0415628
2.192		0.0415281
2.193		0.0414935
2.194		0.0414589
2.195		0.0414243
2.196		0.0413898
2.197		0.0413553
2.198		0.0413209
2.199		0.0412865
2.2		0.0412521
2.201		0.0412178
2.202		0.0411836
2.203		0.0411493
2.204		0.0411151
2.205		0.041081
2.206		0.0410469
2.207		0.0410128
2.208		0.0409788
2.209		0.0409448
2.21		0.0409109
2.211		0.040877
2.212		0.0408432
2.213		0.0408093
2.214		0.0407756
2.215		0.0407418
2.216		0.0407082
2.217		0.0406745
2.218		0.0406409
2.219		0.0406073
2.22		0.0405738
2.221		0.0405403
2.222		0.0405069
2.223		0.0404735
2.224		0.0404401
2.225		0.0404068
2.226		0.0403735
2.227		0.0403402
2.228		0.040307
2.229		0.0402739
2.23		0.0402407
2.231		0.0402076
2.232		0.0401746
2.233		0.0401416
2.234		0.0401086
2.235		0.0400757
2.236		0.0400428
2.237		0.04001
2.238		0.0399772
2.239		0.0399444
2.24		0.0399117
2.241		0.039879
2.242		0.0398463
2.243		0.0398137
2.244		0.0397811
2.245		0.0397486
2.246		0.0397161
2.247		0.0396836
2.248		0.0396512
2.249		0.0396188
2.25		0.0395865
2.251		0.0395542
2.252		0.0395219
2.253		0.0394897
2.254		0.0394575
2.255		0.0394254
2.256		0.0393933
2.257		0.0393612
2.258		0.0393291
2.259		0.0392972
2.26		0.0392652
2.261		0.0392333
2.262		0.0392014
2.263		0.0391695
2.264		0.0391377
2.265		0.039106
2.266		0.0390742
2.267		0.0390426
2.268		0.0390109
2.269		0.0389793
2.27		0.0389477
2.271		0.0389162
2.272		0.0388846
2.273		0.0388532
2.274		0.0388218
2.275		0.0387904
2.276		0.038759
2.277		0.0387277
2.278		0.0386964
2.279		0.0386652
2.28		0.0386339
2.281		0.0386028
2.282		0.0385716
2.283		0.0385405
2.284		0.0385095
2.285		0.0384785
2.286		0.0384475
2.287		0.0384165
2.288		0.0383856
2.289		0.0383547
2.29		0.0383239
2.291		0.0382931
2.292		0.0382623
2.293		0.0382316
2.294		0.0382009
2.295		0.0381702
2.296		0.0381396
2.297		0.038109
2.298		0.0380784
2.299		0.0380479
2.3		0.0380174
2.301		0.037987
2.302		0.0379566
2.303		0.0379262
2.304		0.0378959
2.305		0.0378656
2.306		0.0378353
2.307		0.0378051
2.308		0.0377749
2.309		0.0377447
2.31		0.0377146
2.311		0.0376845
2.312		0.0376544
2.313		0.0376244
2.314		0.0375944
2.315		0.0375645
2.316		0.0375346
2.317		0.0375047
2.318		0.0374748
2.319		0.037445
2.32		0.0374153
2.321		0.0373855
2.322		0.0373558
2.323		0.0373261
2.324		0.0372965
2.325		0.0372669
2.326		0.0372373
2.327		0.0372078
2.328		0.0371783
2.329		0.0371488
2.33		0.0371194
2.331		0.03709
2.332		0.0370606
2.333		0.0370313
2.334		0.037002
2.335		0.0369727
2.336		0.0369435
2.337		0.0369143
2.338		0.0368852
2.339		0.036856
2.34		0.0368269
2.341		0.0367979
2.342		0.0367689
2.343		0.0367399
2.344		0.0367109
2.345		0.036682
2.346		0.0366531
2.347		0.0366242
2.348		0.0365954
2.349		0.0365666
2.35		0.0365379
2.351		0.0365091
2.352		0.0364804
2.353		0.0364518
2.354		0.0364232
2.355		0.0363946
2.356		0.036366
2.357		0.0363375
2.358		0.036309
2.359		0.0362805
2.36		0.0362521
2.361		0.0362237
2.362		0.0361953
2.363		0.036167
2.364		0.0361387
2.365		0.0361104
2.366		0.0360822
2.367		0.036054
2.368		0.0360258
2.369		0.0359977
2.37		0.0359696
2.371		0.0359415
2.372		0.0359135
2.373		0.0358855
2.374		0.0358575
2.375		0.0358295
2.376		0.0358016
2.377		0.0357738
2.378		0.0357459
2.379		0.0357181
2.38		0.0356903
2.381		0.0356625
2.382		0.0356348
2.383		0.0356071
2.384		0.0355795
2.385		0.0355519
2.386		0.0355243
2.387		0.0354967
2.388		0.0354692
2.389		0.0354417
2.39		0.0354142
2.391		0.0353867
2.392		0.0353593
2.393		0.035332
2.394		0.0353046
2.395		0.0352773
2.396		0.03525
2.397		0.0352228
2.398		0.0351955
2.399		0.0351684
2.4		0.0351412
2.401		0.0351141
2.402		0.035087
2.403		0.0350599
2.404		0.0350329
2.405		0.0350059
2.406		0.0349789
2.407		0.0349519
2.408		0.034925
2.409		0.0348981
2.41		0.0348713
2.411		0.0348445
2.412		0.0348177
2.413		0.0347909
2.414		0.0347642
2.415		0.0347375
2.416		0.0347108
2.417		0.0346842
2.418		0.0346575
2.419		0.034631
2.42		0.0346044
2.421		0.0345779
2.422		0.0345514
2.423		0.0345249
2.424		0.0344985
2.425		0.0344721
2.426		0.0344457
2.427		0.0344194
2.428		0.0343931
2.429		0.0343668
2.43		0.0343405
2.431		0.0343143
2.432		0.0342881
2.433		0.0342619
2.434		0.0342358
2.435		0.0342097
2.436		0.0341836
2.437		0.0341575
2.438		0.0341315
2.439		0.0341055
2.44		0.0340796
2.441		0.0340536
2.442		0.0340277
2.443		0.0340019
2.444		0.033976
2.445		0.0339502
2.446		0.0339244
2.447		0.0338986
2.448		0.0338729
2.449		0.0338472
2.45		0.0338215
2.451		0.0337959
2.452		0.0337703
2.453		0.0337447
2.454		0.0337191
2.455		0.0336936
2.456		0.0336681
2.457		0.0336426
2.458		0.0336172
2.459		0.0335917
2.46		0.0335663
2.461		0.033541
2.462		0.0335157
2.463		0.0334903
2.464		0.0334651
2.465		0.0334398
2.466		0.0334146
2.467		0.0333894
2.468		0.0333642
2.469		0.0333391
2.47		0.033314
2.471		0.0332889
2.472		0.0332638
2.473		0.0332388
2.474		0.0332138
2.475		0.0331888
2.476		0.0331639
2.477		0.033139
2.478		0.0331141
2.479		0.0330892
2.48		0.0330644
2.481		0.0330396
2.482		0.0330148
2.483		0.0329901
2.484		0.0329653
2.485		0.0329406
2.486		0.032916
2.487		0.0328913
2.488		0.0328667
2.489		0.0328421
2.49		0.0328176
2.491		0.032793
2.492		0.0327685
2.493		0.032744
2.494		0.0327196
2.495		0.0326951
2.496		0.0326707
2.497		0.0326464
2.498		0.032622
2.499		0.0325977
2.5		0.0325734
2.501		0.0325491
2.502		0.0325249
2.503		0.0325007
2.504		0.0324765
2.505		0.0324523
2.506		0.0324282
2.507		0.0324041
2.508		0.03238
2.509		0.032356
2.51		0.0323319
2.511		0.0323079
2.512		0.0322839
2.513		0.03226
2.514		0.0322361
2.515		0.0322122
2.516		0.0321883
2.517		0.0321645
2.518		0.0321406
2.519		0.0321168
2.52		0.0320931
2.521		0.0320693
2.522		0.0320456
2.523		0.0320219
2.524		0.0319983
2.525		0.0319746
2.526		0.031951
2.527		0.0319274
2.528		0.0319038
2.529		0.0318803
2.53		0.0318568
2.531		0.0318333
2.532		0.0318098
2.533		0.0317864
2.534		0.031763
2.535		0.0317396
2.536		0.0317163
2.537		0.0316929
2.538		0.0316696
2.539		0.0316463
2.54		0.0316231
2.541		0.0315998
2.542		0.0315766
2.543		0.0315534
2.544		0.0315303
2.545		0.0315072
2.546		0.0314841
2.547		0.031461
2.548		0.0314379
2.549		0.0314149
2.55		0.0313919
2.551		0.0313689
2.552		0.0313459
2.553		0.031323
2.554		0.0313001
2.555		0.0312772
2.556		0.0312543
2.557		0.0312315
2.558		0.0312087
2.559		0.0311859
2.56		0.0311631
2.561		0.0311404
2.562		0.0311177
2.563		0.031095
2.564		0.0310723
2.565		0.0310497
2.566		0.0310271
2.567		0.0310045
2.568		0.0309819
2.569		0.0309594
2.57		0.0309369
2.571		0.0309144
2.572		0.0308919
2.573		0.0308694
2.574		0.030847
2.575		0.0308246
2.576		0.0308022
2.577		0.0307799
2.578		0.0307576
2.579		0.0307353
2.58		0.030713
2.581		0.0306907
2.582		0.0306685
2.583		0.0306463
2.584		0.0306241
2.585		0.0306019
2.586		0.0305798
2.587		0.0305577
2.588		0.0305356
2.589		0.0305135
2.59		0.0304915
2.591		0.0304695
2.592		0.0304475
2.593		0.0304255
2.594		0.0304035
2.595		0.0303816
2.596		0.0303597
2.597		0.0303378
2.598		0.030316
2.599		0.0302941
2.6		0.0302723
2.601		0.0302505
2.602		0.0302288
2.603		0.030207
2.604		0.0301853
2.605		0.0301636
2.606		0.030142
2.607		0.0301203
2.608		0.0300987
2.609		0.0300771
2.61		0.0300555
2.611		0.0300339
2.612		0.0300124
2.613		0.0299909
2.614		0.0299694
2.615		0.0299479
2.616		0.0299265
2.617		0.0299051
2.618		0.0298837
2.619		0.0298623
2.62		0.0298409
2.621		0.0298196
2.622		0.0297983
2.623		0.029777
2.624		0.0297557
2.625		0.0297345
2.626		0.0297133
2.627		0.0296921
2.628		0.0296709
2.629		0.0296498
2.63		0.0296286
2.631		0.0296075
2.632		0.0295864
2.633		0.0295654
2.634		0.0295443
2.635		0.0295233
2.636		0.0295023
2.637		0.0294813
2.638		0.0294604
2.639		0.0294394
2.64		0.0294185
2.641		0.0293976
2.642		0.0293768
2.643		0.0293559
2.644		0.0293351
2.645		0.0293143
2.646		0.0292935
2.647		0.0292728
2.648		0.029252
2.649		0.0292313
2.65		0.0292106
2.651		0.02919
2.652		0.0291693
2.653		0.0291487
2.654		0.0291281
2.655		0.0291075
2.656		0.0290869
2.657		0.0290664
2.658		0.0290459
2.659		0.0290254
2.66		0.0290049
2.661		0.0289844
2.662		0.028964
2.663		0.0289436
2.664		0.0289232
2.665		0.0289028
2.666		0.0288825
2.667		0.0288621
2.668		0.0288418
2.669		0.0288215
2.67		0.0288013
2.671		0.028781
2.672		0.0287608
2.673		0.0287406
2.674		0.0287204
2.675		0.0287003
2.676		0.0286801
2.677		0.02866
2.678		0.0286399
2.679		0.0286198
2.68		0.0285998
2.681		0.0285797
2.682		0.0285597
2.683		0.0285397
2.684		0.0285197
2.685		0.0284998
2.686		0.0284798
2.687		0.0284599
2.688		0.02844
2.689		0.0284202
2.69		0.0284003
2.691		0.0283805
2.692		0.0283607
2.693		0.0283409
2.694		0.0283211
2.695		0.0283014
2.696		0.0282816
2.697		0.0282619
2.698		0.0282422
2.699		0.0282226
2.7		0.0282029
2.701		0.0281833
2.702		0.0281637
2.703		0.0281441
2.704		0.0281245
2.705		0.028105
2.706		0.0280854
2.707		0.0280659
2.708		0.0280464
2.709		0.028027
2.71		0.0280075
2.711		0.0279881
2.712		0.0279687
2.713		0.0279493
2.714		0.0279299
2.715		0.0279106
2.716		0.0278913
2.717		0.027872
2.718		0.0278527
2.719		0.0278334
2.72		0.0278141
2.721		0.0277949
2.722		0.0277757
2.723		0.0277565
2.724		0.0277373
2.725		0.0277182
2.726		0.0276991
2.727		0.0276799
2.728		0.0276608
2.729		0.0276418
2.73		0.0276227
2.731		0.0276037
2.732		0.0275847
2.733		0.0275657
2.734		0.0275467
2.735		0.0275277
2.736		0.0275088
2.737		0.0274899
2.738		0.027471
2.739		0.0274521
2.74		0.0274332
2.741		0.0274144
2.742		0.0273956
2.743		0.0273767
2.744		0.027358
2.745		0.0273392
2.746		0.0273204
2.747		0.0273017
2.748		0.027283
2.749		0.0272643
2.75		0.0272456
2.751		0.027227
2.752		0.0272084
2.753		0.0271897
2.754		0.0271711
2.755		0.0271526
2.756		0.027134
2.757		0.0271155
2.758		0.0270969
2.759		0.0270784
2.76		0.02706
2.761		0.0270415
2.762		0.027023
2.763		0.0270046
2.764		0.0269862
2.765		0.0269678
2.766		0.0269494
2.767		0.0269311
2.768		0.0269127
2.769		0.0268944
2.77		0.0268761
2.771		0.0268578
2.772		0.0268396
2.773		0.0268213
2.774		0.0268031
2.775		0.0267849
2.776		0.0267667
2.777		0.0267485
2.778		0.0267304
2.779		0.0267122
2.78		0.0266941
2.781		0.026676
2.782		0.0266579
2.783		0.0266399
2.784		0.0266218
2.785		0.0266038
2.786		0.0265858
2.787		0.0265678
2.788		0.0265498
2.789		0.0265319
2.79		0.026514
2.791		0.026496
2.792		0.0264781
2.793		0.0264602
2.794		0.0264424
2.795		0.0264245
2.796		0.0264067
2.797		0.0263889
2.798		0.0263711
2.799		0.0263533
2.8		0.0263356
2.801		0.0263178
2.802		0.0263001
2.803		0.0262824
2.804		0.0262647
2.805		0.026247
2.806		0.0262294
2.807		0.0262117
2.808		0.0261941
2.809		0.0261765
2.81		0.0261589
2.811		0.0261414
2.812		0.0261238
2.813		0.0261063
2.814		0.0260888
2.815		0.0260713
2.816		0.0260538
2.817		0.0260363
2.818		0.0260189
2.819		0.0260015
2.82		0.0259841
2.821		0.0259667
2.822		0.0259493
2.823		0.0259319
2.824		0.0259146
2.825		0.0258973
2.826		0.02588
2.827		0.0258627
2.828		0.0258454
2.829		0.0258281
2.83		0.0258109
2.831		0.0257937
2.832		0.0257765
2.833		0.0257593
2.834		0.0257421
2.835		0.025725
2.836		0.0257078
2.837		0.0256907
2.838		0.0256736
2.839		0.0256565
2.84		0.0256394
2.841		0.0256224
2.842		0.0256054
2.843		0.0255883
2.844		0.0255713
2.845		0.0255543
2.846		0.0255374
2.847		0.0255204
2.848		0.0255035
2.849		0.0254866
2.85		0.0254697
2.851		0.0254528
2.852		0.0254359
2.853		0.0254191
2.854		0.0254022
2.855		0.0253854
2.856		0.0253686
2.857		0.0253518
2.858		0.025335
2.859		0.0253183
2.86		0.0253015
2.861		0.0252848
2.862		0.0252681
2.863		0.0252514
2.864		0.0252348
2.865		0.0252181
2.866		0.0252015
2.867		0.0251848
2.868		0.0251682
2.869		0.0251516
2.87		0.0251351
2.871		0.0251185
2.872		0.0251019
2.873		0.0250854
2.874		0.0250689
2.875		0.0250524
2.876		0.0250359
2.877		0.0250195
2.878		0.025003
2.879		0.0249866
2.88		0.0249702
2.881		0.0249538
2.882		0.0249374
2.883		0.024921
2.884		0.0249047
2.885		0.0248883
2.886		0.024872
2.887		0.0248557
2.888		0.0248394
2.889		0.0248232
2.89		0.0248069
2.891		0.0247907
2.892		0.0247744
2.893		0.0247582
2.894		0.024742
2.895		0.0247258
2.896		0.0247097
2.897		0.0246935
2.898		0.0246774
2.899		0.0246613
2.9		0.0246452
2.901		0.0246291
2.902		0.024613
2.903		0.024597
2.904		0.0245809
2.905		0.0245649
2.906		0.0245489
2.907		0.0245329
2.908		0.0245169
2.909		0.024501
2.91		0.024485
2.911		0.0244691
2.912		0.0244532
2.913		0.0244373
2.914		0.0244214
2.915		0.0244055
2.916		0.0243897
2.917		0.0243738
2.918		0.024358
2.919		0.0243422
2.92		0.0243264
2.921		0.0243106
2.922		0.0242949
2.923		0.0242791
2.924		0.0242634
2.925		0.0242477
2.926		0.024232
2.927		0.0242163
2.928		0.0242006
2.929		0.0241849
2.93		0.0241693
2.931		0.0241537
2.932		0.0241381
2.933		0.0241225
2.934		0.0241069
2.935		0.0240913
2.936		0.0240758
2.937		0.0240602
2.938		0.0240447
2.939		0.0240292
2.94		0.0240137
2.941		0.0239982
2.942		0.0239827
2.943		0.0239673
2.944		0.0239519
2.945		0.0239364
2.946		0.023921
2.947		0.0239056
2.948		0.0238903
2.949		0.0238749
2.95		0.0238596
2.951		0.0238442
2.952		0.0238289
2.953		0.0238136
2.954		0.0237983
2.955		0.023783
2.956		0.0237678
2.957		0.0237525
2.958		0.0237373
2.959		0.0237221
2.96		0.0237069
2.961		0.0236917
2.962		0.0236765
2.963		0.0236614
2.964		0.0236462
2.965		0.0236311
2.966		0.023616
2.967		0.0236009
2.968		0.0235858
2.969		0.0235707
2.97		0.0235557
2.971		0.0235406
2.972		0.0235256
2.973		0.0235106
2.974		0.0234956
2.975		0.0234806
2.976		0.0234656
2.977		0.0234506
2.978		0.0234357
2.979		0.0234208
2.98		0.0234058
2.981		0.0233909
2.982		0.023376
2.983		0.0233612
2.984		0.0233463
2.985		0.0233315
2.986		0.0233166
2.987		0.0233018
2.988		0.023287
2.989		0.0232722
2.99		0.0232574
2.991		0.0232427
2.992		0.0232279
2.993		0.0232132
2.994		0.0231985
2.995		0.0231838
2.996		0.0231691
2.997		0.0231544
2.998		0.0231397
2.999		0.0231251
3		0.0231104
3.001		0.0230958
3.002		0.0230812
3.003		0.0230666
3.004		0.023052
3.005		0.0230374
3.006		0.0230229
3.007		0.0230083
3.008		0.0229938
3.009		0.0229793
3.01		0.0229648
3.011		0.0229503
3.012		0.0229358
3.013		0.0229213
3.014		0.0229069
3.015		0.0228925
3.016		0.022878
3.017		0.0228636
3.018		0.0228492
3.019		0.0228348
3.02		0.0228205
3.021		0.0228061
3.022		0.0227918
3.023		0.0227775
3.024		0.0227631
3.025		0.0227488
3.026		0.0227345
3.027		0.0227203
3.028		0.022706
3.029		0.0226918
3.03		0.0226775
3.031		0.0226633
3.032		0.0226491
3.033		0.0226349
3.034		0.0226207
3.035		0.0226065
3.036		0.0225924
3.037		0.0225782
3.038		0.0225641
3.039		0.02255
3.04		0.0225359
3.041		0.0225218
3.042		0.0225077
3.043		0.0224937
3.044		0.0224796
3.045		0.0224656
3.046		0.0224515
3.047		0.0224375
3.048		0.0224235
3.049		0.0224095
3.05		0.0223956
3.051		0.0223816
3.052		0.0223677
3.053		0.0223537
3.054		0.0223398
3.055		0.0223259
3.056		0.022312
3.057		0.0222981
3.058		0.0222842
3.059		0.0222704
3.06		0.0222565
3.061		0.0222427
3.062		0.0222289
3.063		0.0222151
3.064		0.0222013
3.065		0.0221875
3.066		0.0221737
3.067		0.02216
3.068		0.0221462
3.069		0.0221325
3.07		0.0221188
3.071		0.0221051
3.072		0.0220914
3.073		0.0220777
3.074		0.022064
3.075		0.0220504
3.076		0.0220367
3.077		0.0220231
3.078		0.0220095
3.079		0.0219959
3.08		0.0219823
3.081		0.0219687
3.082		0.0219551
3.083		0.0219416
3.084		0.021928
3.085		0.0219145
3.086		0.021901
3.087		0.0218875
3.088		0.021874
3.089		0.0218605
3.09		0.021847
3.091		0.0218335
3.092		0.0218201
3.093		0.0218067
3.094		0.0217932
3.095		0.0217798
3.096		0.0217664
3.097		0.0217531
3.098		0.0217397
3.099		0.0217263
3.1		0.021713
3.101		0.0216996
3.102		0.0216863
3.103		0.021673
3.104		0.0216597
3.105		0.0216464
3.106		0.0216331
3.107		0.0216199
3.108		0.0216066
3.109		0.0215934
3.11		0.0215802
3.111		0.0215669
3.112		0.0215537
3.113		0.0215405
3.114		0.0215274
3.115		0.0215142
3.116		0.021501
3.117		0.0214879
3.118		0.0214748
3.119		0.0214616
3.12		0.0214485
3.121		0.0214354
3.122		0.0214224
3.123		0.0214093
3.124		0.0213962
3.125		0.0213832
3.126		0.0213701
3.127		0.0213571
3.128		0.0213441
3.129		0.0213311
3.13		0.0213181
3.131		0.0213051
3.132		0.0212922
3.133		0.0212792
3.134		0.0212663
3.135		0.0212533
3.136		0.0212404
3.137		0.0212275
3.138		0.0212146
3.139		0.0212017
3.14		0.0211888
3.141		0.021176
3.142		0.0211631
3.143		0.0211503
3.144		0.0211375
3.145		0.0211247
3.146		0.0211118
3.147		0.0210991
3.148		0.0210863
3.149		0.0210735
3.15		0.0210607
3.151		0.021048
3.152		0.0210353
3.153		0.0210225
3.154		0.0210098
3.155		0.0209971
3.156		0.0209844
3.157		0.0209718
3.158		0.0209591
3.159		0.0209464
3.16		0.0209338
3.161		0.0209212
3.162		0.0209085
3.163		0.0208959
3.164		0.0208833
3.165		0.0208707
3.166		0.0208582
3.167		0.0208456
3.168		0.020833
3.169		0.0208205
3.17		0.020808
3.171		0.0207954
3.172		0.0207829
3.173		0.0207704
3.174		0.0207579
3.175		0.0207455
3.176		0.020733
3.177		0.0207205
3.178		0.0207081
3.179		0.0206957
3.18		0.0206833
3.181		0.0206708
3.182		0.0206584
3.183		0.0206461
3.184		0.0206337
3.185		0.0206213
3.186		0.020609
3.187		0.0205966
3.188		0.0205843
3.189		0.020572
3.19		0.0205596
3.191		0.0205473
3.192		0.0205351
3.193		0.0205228
3.194		0.0205105
3.195		0.0204983
3.196		0.020486
3.197		0.0204738
3.198		0.0204616
3.199		0.0204493
3.2		0.0204371
3.201		0.0204249
3.202		0.0204128
3.203		0.0204006
3.204		0.0203884
3.205		0.0203763
3.206		0.0203641
3.207		0.020352
3.208		0.0203399
3.209		0.0203278
3.21		0.0203157
3.211		0.0203036
3.212		0.0202915
3.213		0.0202795
3.214		0.0202674
3.215		0.0202554
3.216		0.0202434
3.217		0.0202313
3.218		0.0202193
3.219		0.0202073
3.22		0.0201953
3.221		0.0201834
3.222		0.0201714
3.223		0.0201594
3.224		0.0201475
3.225		0.0201355
3.226		0.0201236
3.227		0.0201117
3.228		0.0200998
3.229		0.0200879
3.23		0.020076
3.231		0.0200641
3.232		0.0200523
3.233		0.0200404
3.234		0.0200286
3.235		0.0200168
3.236		0.0200049
3.237		0.0199931
3.238		0.0199813
3.239		0.0199695
3.24		0.0199577
3.241		0.019946
3.242		0.0199342
3.243		0.0199225
3.244		0.0199107
3.245		0.019899
3.246		0.0198873
3.247		0.0198756
3.248		0.0198639
3.249		0.0198522
3.25		0.0198405
3.251		0.0198288
3.252		0.0198172
3.253		0.0198055
3.254		0.0197939
3.255		0.0197823
3.256		0.0197707
3.257		0.019759
3.258		0.0197475
3.259		0.0197359
3.26		0.0197243
3.261		0.0197127
3.262		0.0197012
3.263		0.0196896
3.264		0.0196781
3.265		0.0196666
3.266		0.019655
3.267		0.0196435
3.268		0.019632
3.269		0.0196205
3.27		0.0196091
3.271		0.0195976
3.272		0.0195861
3.273		0.0195747
3.274		0.0195633
3.275		0.0195518
3.276		0.0195404
3.277		0.019529
3.278		0.0195176
3.279		0.0195062
3.28		0.0194949
3.281		0.0194835
3.282		0.0194721
3.283		0.0194608
3.284		0.0194494
3.285		0.0194381
3.286		0.0194268
3.287		0.0194155
3.288		0.0194042
3.289		0.0193929
3.29		0.0193816
3.291		0.0193703
3.292		0.0193591
3.293		0.0193478
3.294		0.0193366
3.295		0.0193254
3.296		0.0193141
3.297		0.0193029
3.298		0.0192917
3.299		0.0192805
3.3		0.0192694
3.301		0.0192582
3.302		0.019247
3.303		0.0192359
3.304		0.0192247
3.305		0.0192136
3.306		0.0192025
3.307		0.0191913
3.308		0.0191802
3.309		0.0191691
3.31		0.0191581
3.311		0.019147
3.312		0.0191359
3.313		0.0191248
3.314		0.0191138
3.315		0.0191028
3.316		0.0190917
3.317		0.0190807
3.318		0.0190697
3.319		0.0190587
3.32		0.0190477
3.321		0.0190367
3.322		0.0190257
3.323		0.0190148
3.324		0.0190038
3.325		0.0189929
3.326		0.0189819
3.327		0.018971
3.328		0.0189601
3.329		0.0189492
3.33		0.0189383
3.331		0.0189274
3.332		0.0189165
3.333		0.0189057
3.334		0.0188948
3.335		0.0188839
3.336		0.0188731
3.337		0.0188623
3.338		0.0188514
3.339		0.0188406
3.34		0.0188298
3.341		0.018819
3.342		0.0188082
3.343		0.0187974
3.344		0.0187867
3.345		0.0187759
3.346		0.0187652
3.347		0.0187544
3.348		0.0187437
3.349		0.018733
3.35		0.0187223
3.351		0.0187115
3.352		0.0187008
3.353		0.0186902
3.354		0.0186795
3.355		0.0186688
3.356		0.0186582
3.357		0.0186475
3.358		0.0186369
3.359		0.0186262
3.36		0.0186156
3.361		0.018605
3.362		0.0185944
3.363		0.0185838
3.364		0.0185732
3.365		0.0185626
3.366		0.018552
3.367		0.0185415
3.368		0.0185309
3.369		0.0185204
3.37		0.0185098
3.371		0.0184993
3.372		0.0184888
3.373		0.0184783
3.374		0.0184678
3.375		0.0184573
3.376		0.0184468
3.377		0.0184364
3.378		0.0184259
3.379		0.0184154
3.38		0.018405
3.381		0.0183945
3.382		0.0183841
3.383		0.0183737
3.384		0.0183633
3.385		0.0183529
3.386		0.0183425
3.387		0.0183321
3.388		0.0183217
3.389		0.0183114
3.39		0.018301
3.391		0.0182907
3.392		0.0182803
3.393		0.01827
3.394		0.0182597
3.395		0.0182493
3.396		0.018239
3.397		0.0182287
3.398		0.0182184
3.399		0.0182082
3.4		0.0181979
3.401		0.0181876
3.402		0.0181774
3.403		0.0181671
3.404		0.0181569
3.405		0.0181467
3.406		0.0181364
3.407		0.0181262
3.408		0.018116
3.409		0.0181058
3.41		0.0180956
3.411		0.0180855
3.412		0.0180753
3.413		0.0180651
3.414		0.018055
3.415		0.0180448
3.416		0.0180347
3.417		0.0180246
3.418		0.0180144
3.419		0.0180043
3.42		0.0179942
3.421		0.0179841
3.422		0.0179741
3.423		0.017964
3.424		0.0179539
3.425		0.0179438
3.426		0.0179338
3.427		0.0179237
3.428		0.0179137
3.429		0.0179037
3.43		0.0178937
3.431		0.0178837
3.432		0.0178737
3.433		0.0178637
3.434		0.0178537
3.435		0.0178437
3.436		0.0178337
3.437		0.0178238
3.438		0.0178138
3.439		0.0178039
3.44		0.0177939
3.441		0.017784
3.442		0.0177741
3.443		0.0177642
3.444		0.0177543
3.445		0.0177444
3.446		0.0177345
3.447		0.0177246
3.448		0.0177147
3.449		0.0177049
3.45		0.017695
3.451		0.0176852
3.452		0.0176753
3.453		0.0176655
3.454		0.0176557
3.455		0.0176459
3.456		0.0176361
3.457		0.0176263
3.458		0.0176165
3.459		0.0176067
3.46		0.0175969
3.461		0.0175872
3.462		0.0175774
3.463		0.0175677
3.464		0.0175579
3.465		0.0175482
3.466		0.0175385
3.467		0.0175288
3.468		0.017519
3.469		0.0175093
3.47		0.0174997
3.471		0.01749
3.472		0.0174803
3.473		0.0174706
3.474		0.017461
3.475		0.0174513
3.476		0.0174417
3.477		0.017432
3.478		0.0174224
3.479		0.0174128
3.48		0.0174032
3.481		0.0173936
3.482		0.017384
3.483		0.0173744
3.484		0.0173648
3.485		0.0173552
3.486		0.0173456
3.487		0.0173361
3.488		0.0173265
3.489		0.017317
3.49		0.0173075
3.491		0.0172979
3.492		0.0172884
3.493		0.0172789
3.494		0.0172694
3.495		0.0172599
3.496		0.0172504
3.497		0.0172409
3.498		0.0172315
3.499		0.017222
3.5		0.0172125
3.501		0.0172031
3.502		0.0171936
3.503		0.0171842
3.504		0.0171748
3.505		0.0171654
3.506		0.017156
3.507		0.0171465
3.508		0.0171372
3.509		0.0171278
3.51		0.0171184
3.511		0.017109
3.512		0.0170996
3.513		0.0170903
3.514		0.0170809
3.515		0.0170716
3.516		0.0170623
3.517		0.0170529
3.518		0.0170436
3.519		0.0170343
3.52		0.017025
3.521		0.0170157
3.522		0.0170064
3.523		0.0169971
3.524		0.0169879
3.525		0.0169786
3.526		0.0169693
3.527		0.0169601
3.528		0.0169508
3.529		0.0169416
3.53		0.0169324
3.531		0.0169231
3.532		0.0169139
3.533		0.0169047
3.534		0.0168955
3.535		0.0168863
3.536		0.0168771
3.537		0.016868
3.538		0.0168588
3.539		0.0168496
3.54		0.0168405
3.541		0.0168313
3.542		0.0168222
3.543		0.0168131
3.544		0.0168039
3.545		0.0167948
3.546		0.0167857
3.547		0.0167766
3.548		0.0167675
3.549		0.0167584
3.55		0.0167493
3.551		0.0167402
3.552		0.0167312
3.553		0.0167221
3.554		0.0167131
3.555		0.016704
3.556		0.016695
3.557		0.016686
3.558		0.0166769
3.559		0.0166679
3.56		0.0166589
3.561		0.0166499
3.562		0.0166409
3.563		0.0166319
3.564		0.0166229
3.565		0.016614
3.566		0.016605
3.567		0.016596
3.568		0.0165871
3.569		0.0165781
3.57		0.0165692
3.571		0.0165603
3.572		0.0165514
3.573		0.0165424
3.574		0.0165335
3.575		0.0165246
3.576		0.0165157
3.577		0.0165069
3.578		0.016498
3.579		0.0164891
3.58		0.0164802
3.581		0.0164714
3.582		0.0164625
3.583		0.0164537
3.584		0.0164448
3.585		0.016436
3.586		0.0164272
3.587		0.0164184
3.588		0.0164096
3.589		0.0164008
3.59		0.016392
3.591		0.0163832
3.592		0.0163744
3.593		0.0163656
3.594		0.0163569
3.595		0.0163481
3.596		0.0163393
3.597		0.0163306
3.598		0.0163219
3.599		0.0163131
3.6		0.0163044
3.601		0.0162957
3.602		0.016287
3.603		0.0162783
3.604		0.0162696
3.605		0.0162609
3.606		0.0162522
3.607		0.0162435
3.608		0.0162348
3.609		0.0162262
3.61		0.0162175
3.611		0.0162089
3.612		0.0162002
3.613		0.0161916
3.614		0.016183
3.615		0.0161743
3.616		0.0161657
3.617		0.0161571
3.618		0.0161485
3.619		0.0161399
3.62		0.0161313
3.621		0.0161227
3.622		0.0161142
3.623		0.0161056
3.624		0.016097
3.625		0.0160885
3.626		0.0160799
3.627		0.0160714
3.628		0.0160629
3.629		0.0160543
3.63		0.0160458
3.631		0.0160373
3.632		0.0160288
3.633		0.0160203
3.634		0.0160118
3.635		0.0160033
3.636		0.0159948
3.637		0.0159864
3.638		0.0159779
3.639		0.0159694
3.64		0.015961
3.641		0.0159525
3.642		0.0159441
3.643		0.0159357
3.644		0.0159272
3.645		0.0159188
3.646		0.0159104
3.647		0.015902
3.648		0.0158936
3.649		0.0158852
3.65		0.0158768
3.651		0.0158684
3.652		0.01586
3.653		0.0158517
3.654		0.0158433
3.655		0.015835
3.656		0.0158266
3.657		0.0158183
3.658		0.0158099
3.659		0.0158016
3.66		0.0157933
3.661		0.015785
3.662		0.0157767
3.663		0.0157684
3.664		0.0157601
3.665		0.0157518
3.666		0.0157435
3.667		0.0157352
3.668		0.0157269
3.669		0.0157187
3.67		0.0157104
3.671		0.0157022
3.672		0.0156939
3.673		0.0156857
3.674		0.0156775
3.675		0.0156692
3.676		0.015661
3.677		0.0156528
3.678		0.0156446
3.679		0.0156364
3.68		0.0156282
3.681		0.01562
3.682		0.0156118
3.683		0.0156037
3.684		0.0155955
3.685		0.0155873
3.686		0.0155792
3.687		0.015571
3.688		0.0155629
3.689		0.0155548
3.69		0.0155466
3.691		0.0155385
3.692		0.0155304
3.693		0.0155223
3.694		0.0155142
3.695		0.0155061
3.696		0.015498
3.697		0.0154899
3.698		0.0154818
3.699		0.0154737
3.7		0.0154657
3.701		0.0154576
3.702		0.0154496
3.703		0.0154415
3.704		0.0154335
3.705		0.0154254
3.706		0.0154174
3.707		0.0154094
3.708		0.0154014
3.709		0.0153934
3.71		0.0153853
3.711		0.0153774
3.712		0.0153694
3.713		0.0153614
3.714		0.0153534
3.715		0.0153454
3.716		0.0153375
3.717		0.0153295
3.718		0.0153215
3.719		0.0153136
3.72		0.0153056
3.721		0.0152977
3.722		0.0152898
3.723		0.0152819
3.724		0.0152739
3.725		0.015266
3.726		0.0152581
3.727		0.0152502
3.728		0.0152423
3.729		0.0152344
3.73		0.0152265
3.731		0.0152187
3.732		0.0152108
3.733		0.0152029
3.734		0.0151951
3.735		0.0151872
3.736		0.0151794
3.737		0.0151715
3.738		0.0151637
3.739		0.0151559
3.74		0.0151481
3.741		0.0151402
3.742		0.0151324
3.743		0.0151246
3.744		0.0151168
3.745		0.015109
3.746		0.0151013
3.747		0.0150935
3.748		0.0150857
3.749		0.0150779
3.75		0.0150702
3.751		0.0150624
3.752		0.0150547
3.753		0.0150469
3.754		0.0150392
3.755		0.0150315
3.756		0.0150237
3.757		0.015016
3.758		0.0150083
3.759		0.0150006
3.76		0.0149929
3.761		0.0149852
3.762		0.0149775
3.763		0.0149698
3.764		0.0149621
3.765		0.0149545
3.766		0.0149468
3.767		0.0149391
3.768		0.0149315
3.769		0.0149238
3.77		0.0149162
3.771		0.0149085
3.772		0.0149009
3.773		0.0148933
3.774		0.0148857
3.775		0.014878
3.776		0.0148704
3.777		0.0148628
3.778		0.0148552
3.779		0.0148476
3.78		0.0148401
3.781		0.0148325
3.782		0.0148249
3.783		0.0148173
3.784		0.0148098
3.785		0.0148022
3.786		0.0147947
3.787		0.0147871
3.788		0.0147796
3.789		0.014772
3.79		0.0147645
3.791		0.014757
3.792		0.0147495
3.793		0.014742
3.794		0.0147345
3.795		0.014727
3.796		0.0147195
3.797		0.014712
3.798		0.0147045
3.799		0.014697
3.8		0.0146895
3.801		0.0146821
3.802		0.0146746
3.803		0.0146672
3.804		0.0146597
3.805		0.0146523
3.806		0.0146448
3.807		0.0146374
3.808		0.01463
3.809		0.0146225
3.81		0.0146151
3.811		0.0146077
3.812		0.0146003
3.813		0.0145929
3.814		0.0145855
3.815		0.0145781
3.816		0.0145707
3.817		0.0145634
3.818		0.014556
3.819		0.0145486
3.82		0.0145413
3.821		0.0145339
3.822		0.0145266
3.823		0.0145192
3.824		0.0145119
3.825		0.0145046
3.826		0.0144972
3.827		0.0144899
3.828		0.0144826
3.829		0.0144753
3.83		0.014468
3.831		0.0144607
3.832		0.0144534
3.833		0.0144461
3.834		0.0144388
3.835		0.0144315
3.836		0.0144243
3.837		0.014417
3.838		0.0144097
3.839		0.0144025
3.84		0.0143952
3.841		0.014388
3.842		0.0143807
3.843		0.0143735
3.844		0.0143663
3.845		0.0143591
3.846		0.0143518
3.847		0.0143446
3.848		0.0143374
3.849		0.0143302
3.85		0.014323
3.851		0.0143158
3.852		0.0143086
3.853		0.0143015
3.854		0.0142943
3.855		0.0142871
3.856		0.01428
3.857		0.0142728
3.858		0.0142656
3.859		0.0142585
3.86		0.0142514
3.861		0.0142442
3.862		0.0142371
3.863		0.01423
3.864		0.0142228
3.865		0.0142157
3.866		0.0142086
3.867		0.0142015
3.868		0.0141944
3.869		0.0141873
3.87		0.0141802
3.871		0.0141731
3.872		0.0141661
3.873		0.014159
3.874		0.0141519
3.875		0.0141448
3.876		0.0141378
3.877		0.0141307
3.878		0.0141237
3.879		0.0141166
3.88		0.0141096
3.881		0.0141026
3.882		0.0140955
3.883		0.0140885
3.884		0.0140815
3.885		0.0140745
3.886		0.0140675
3.887		0.0140605
3.888		0.0140535
3.889		0.0140465
3.89		0.0140395
3.891		0.0140325
3.892		0.0140256
3.893		0.0140186
3.894		0.0140116
3.895		0.0140047
3.896		0.0139977
3.897		0.0139908
3.898		0.0139838
3.899		0.0139769
3.9		0.0139699
3.901		0.013963
3.902		0.0139561
3.903		0.0139492
3.904		0.0139423
3.905		0.0139354
3.906		0.0139285
3.907		0.0139216
3.908		0.0139147
3.909		0.0139078
3.91		0.0139009
3.911		0.013894
3.912		0.0138871
3.913		0.0138803
3.914		0.0138734
3.915		0.0138666
3.916		0.0138597
3.917		0.0138529
3.918		0.013846
3.919		0.0138392
3.92		0.0138323
3.921		0.0138255
3.922		0.0138187
3.923		0.0138119
3.924		0.0138051
3.925		0.0137983
3.926		0.0137914
3.927		0.0137847
3.928		0.0137779
3.929		0.0137711
3.93		0.0137643
3.931		0.0137575
3.932		0.0137507
3.933		0.013744
3.934		0.0137372
3.935		0.0137304
3.936		0.0137237
3.937		0.0137169
3.938		0.0137102
3.939		0.0137035
3.94		0.0136967
3.941		0.01369
3.942		0.0136833
3.943		0.0136766
3.944		0.0136699
3.945		0.0136631
3.946		0.0136564
3.947		0.0136497
3.948		0.013643
3.949		0.0136364
3.95		0.0136297
3.951		0.013623
3.952		0.0136163
3.953		0.0136097
3.954		0.013603
3.955		0.0135963
3.956		0.0135897
3.957		0.013583
3.958		0.0135764
3.959		0.0135697
3.96		0.0135631
3.961		0.0135565
3.962		0.0135498
3.963		0.0135432
3.964		0.0135366
3.965		0.01353
3.966		0.0135234
3.967		0.0135168
3.968		0.0135102
3.969		0.0135036
3.97		0.013497
3.971		0.0134904
3.972		0.0134839
3.973		0.0134773
3.974		0.0134707
3.975		0.0134641
3.976		0.0134576
3.977		0.013451
3.978		0.0134445
3.979		0.0134379
3.98		0.0134314
3.981		0.0134249
3.982		0.0134183
3.983		0.0134118
3.984		0.0134053
3.985		0.0133988
3.986		0.0133923
3.987		0.0133858
3.988		0.0133793
3.989		0.0133728
3.99		0.0133663
3.991		0.0133598
3.992		0.0133533
3.993		0.0133468
3.994		0.0133403
3.995		0.0133339
3.996		0.0133274
3.997		0.0133209
3.998		0.0133145
3.999		0.013308
4		0.0133016
4.001		0.0132952
4.002		0.0132887
4.003		0.0132823
4.004		0.0132759
4.005		0.0132694
4.006		0.013263
4.007		0.0132566
4.008		0.0132502
4.009		0.0132438
4.01		0.0132374
4.011		0.013231
4.012		0.0132246
4.013		0.0132182
4.014		0.0132118
4.015		0.0132055
4.016		0.0131991
4.017		0.0131927
4.018		0.0131864
4.019		0.01318
4.02		0.0131736
4.021		0.0131673
4.022		0.013161
4.023		0.0131546
4.024		0.0131483
4.025		0.0131419
4.026		0.0131356
4.027		0.0131293
4.028		0.013123
4.029		0.0131167
4.03		0.0131104
4.031		0.0131041
4.032		0.0130978
4.033		0.0130915
4.034		0.0130852
4.035		0.0130789
4.036		0.0130726
4.037		0.0130663
4.038		0.0130601
4.039		0.0130538
4.04		0.0130475
4.041		0.0130413
4.042		0.013035
4.043		0.0130288
4.044		0.0130225
4.045		0.0130163
4.046		0.01301
4.047		0.0130038
4.048		0.0129976
4.049		0.0129914
4.05		0.0129851
4.051		0.0129789
4.052		0.0129727
4.053		0.0129665
4.054		0.0129603
4.055		0.0129541
4.056		0.0129479
4.057		0.0129417
4.058		0.0129355
4.059		0.0129294
4.06		0.0129232
4.061		0.012917
4.062		0.0129109
4.063		0.0129047
4.064		0.0128985
4.065		0.0128924
4.066		0.0128862
4.067		0.0128801
4.068		0.0128739
4.069		0.0128678
4.07		0.0128617
4.071		0.0128556
4.072		0.0128494
4.073		0.0128433
4.074		0.0128372
4.075		0.0128311
4.076		0.012825
4.077		0.0128189
4.078		0.0128128
4.079		0.0128067
4.08		0.0128006
4.081		0.0127945
4.082		0.0127884
4.083		0.0127824
4.084		0.0127763
4.085		0.0127702
4.086		0.0127642
4.087		0.0127581
4.088		0.0127521
4.089		0.012746
4.09		0.01274
4.091		0.0127339
4.092		0.0127279
4.093		0.0127219
4.094		0.0127158
4.095		0.0127098
4.096		0.0127038
4.097		0.0126978
4.098		0.0126918
4.099		0.0126858
4.1		0.0126798
4.101		0.0126738
4.102		0.0126678
4.103		0.0126618
4.104		0.0126558
4.105		0.0126498
4.106		0.0126438
4.107		0.0126379
4.108		0.0126319
4.109		0.0126259
4.11		0.01262
4.111		0.012614
4.112		0.0126081
4.113		0.0126021
4.114		0.0125962
4.115		0.0125902
4.116		0.0125843
4.117		0.0125784
4.118		0.0125724
4.119		0.0125665
4.12		0.0125606
4.121		0.0125547
4.122		0.0125488
4.123		0.0125429
4.124		0.012537
4.125		0.0125311
4.126		0.0125252
4.127		0.0125193
4.128		0.0125134
4.129		0.0125075
4.13		0.0125016
4.131		0.0124958
4.132		0.0124899
4.133		0.012484
4.134		0.0124782
4.135		0.0124723
4.136		0.0124665
4.137		0.0124606
4.138		0.0124548
4.139		0.0124489
4.14		0.0124431
4.141		0.0124373
4.142		0.0124314
4.143		0.0124256
4.144		0.0124198
4.145		0.012414
4.146		0.0124082
4.147		0.0124023
4.148		0.0123965
4.149		0.0123907
4.15		0.0123849
4.151		0.0123792
4.152		0.0123734
4.153		0.0123676
4.154		0.0123618
4.155		0.012356
4.156		0.0123503
4.157		0.0123445
4.158		0.0123387
4.159		0.012333
4.16		0.0123272
4.161		0.0123215
4.162		0.0123157
4.163		0.01231
4.164		0.0123042
4.165		0.0122985
4.166		0.0122928
4.167		0.012287
4.168		0.0122813
4.169		0.0122756
4.17		0.0122699
4.171		0.0122642
4.172		0.0122585
4.173		0.0122528
4.174		0.0122471
4.175		0.0122414
4.176		0.0122357
4.177		0.01223
4.178		0.0122243
4.179		0.0122186
4.18		0.0122129
4.181		0.0122073
4.182		0.0122016
4.183		0.0121959
4.184		0.0121903
4.185		0.0121846
4.186		0.012179
4.187		0.0121733
4.188		0.0121677
4.189		0.012162
4.19		0.0121564
4.191		0.0121508
4.192		0.0121451
4.193		0.0121395
4.194		0.0121339
4.195		0.0121283
4.196		0.0121227
4.197		0.012117
4.198		0.0121114
4.199		0.0121058
4.2		0.0121002
4.201		0.0120946
4.202		0.0120891
4.203		0.0120835
4.204		0.0120779
4.205		0.0120723
4.206		0.0120667
4.207		0.0120612
4.208		0.0120556
4.209		0.01205
4.21		0.0120445
4.211		0.0120389
4.212		0.0120334
4.213		0.0120278
4.214		0.0120223
4.215		0.0120167
4.216		0.0120112
4.217		0.0120057
4.218		0.0120001
4.219		0.0119946
4.22		0.0119891
4.221		0.0119836
4.222		0.011978
4.223		0.0119725
4.224		0.011967
4.225		0.0119615
4.226		0.011956
4.227		0.0119505
4.228		0.011945
4.229		0.0119396
4.23		0.0119341
4.231		0.0119286
4.232		0.0119231
4.233		0.0119176
4.234		0.0119122
4.235		0.0119067
4.236		0.0119012
4.237		0.0118958
4.238		0.0118903
4.239		0.0118849
4.24		0.0118794
4.241		0.011874
4.242		0.0118686
4.243		0.0118631
4.244		0.0118577
4.245		0.0118523
4.246		0.0118468
4.247		0.0118414
4.248		0.011836
4.249		0.0118306
4.25		0.0118252
4.251		0.0118198
4.252		0.0118144
4.253		0.011809
4.254		0.0118036
4.255		0.0117982
4.256		0.0117928
4.257		0.0117874
4.258		0.011782
4.259		0.0117767
4.26		0.0117713
4.261		0.0117659
4.262		0.0117605
4.263		0.0117552
4.264		0.0117498
4.265		0.0117445
4.266		0.0117391
4.267		0.0117338
4.268		0.0117284
4.269		0.0117231
4.27		0.0117177
4.271		0.0117124
4.272		0.0117071
4.273		0.0117018
4.274		0.0116964
4.275		0.0116911
4.276		0.0116858
4.277		0.0116805
4.278		0.0116752
4.279		0.0116699
4.28		0.0116646
4.281		0.0116593
4.282		0.011654
4.283		0.0116487
4.284		0.0116434
4.285		0.0116381
4.286		0.0116329
4.287		0.0116276
4.288		0.0116223
4.289		0.011617
4.29		0.0116118
4.291		0.0116065
4.292		0.0116013
4.293		0.011596
4.294		0.0115907
4.295		0.0115855
4.296		0.0115803
4.297		0.011575
4.298		0.0115698
4.299		0.0115645
4.3		0.0115593
4.301		0.0115541
4.302		0.0115489
4.303		0.0115437
4.304		0.0115384
4.305		0.0115332
4.306		0.011528
4.307		0.0115228
4.308		0.0115176
4.309		0.0115124
4.31		0.0115072
4.311		0.011502
4.312		0.0114968
4.313		0.0114917
4.314		0.0114865
4.315		0.0114813
4.316		0.0114761
4.317		0.011471
4.318		0.0114658
4.319		0.0114606
4.32		0.0114555
4.321		0.0114503
4.322		0.0114452
4.323		0.01144
4.324		0.0114349
4.325		0.0114297
4.326		0.0114246
4.327		0.0114194
4.328		0.0114143
4.329		0.0114092
4.33		0.0114041
4.331		0.0113989
4.332		0.0113938
4.333		0.0113887
4.334		0.0113836
4.335		0.0113785
4.336		0.0113734
4.337		0.0113683
4.338		0.0113632
4.339		0.0113581
4.34		0.011353
4.341		0.0113479
4.342		0.0113428
4.343		0.0113377
4.344		0.0113327
4.345		0.0113276
4.346		0.0113225
4.347		0.0113175
4.348		0.0113124
4.349		0.0113073
4.35		0.0113023
4.351		0.0112972
4.352		0.0112922
4.353		0.0112871
4.354		0.0112821
4.355		0.011277
4.356		0.011272
4.357		0.011267
4.358		0.0112619
4.359		0.0112569
4.36		0.0112519
4.361		0.0112469
4.362		0.0112419
4.363		0.0112368
4.364		0.0112318
4.365		0.0112268
4.366		0.0112218
4.367		0.0112168
4.368		0.0112118
4.369		0.0112068
4.37		0.0112018
4.371		0.0111969
4.372		0.0111919
4.373		0.0111869
4.374		0.0111819
4.375		0.0111769
4.376		0.011172
4.377		0.011167
4.378		0.011162
4.379		0.0111571
4.38		0.0111521
4.381		0.0111472
4.382		0.0111422
4.383		0.0111373
4.384		0.0111323
4.385		0.0111274
4.386		0.0111224
4.387		0.0111175
4.388		0.0111126
4.389		0.0111077
4.39		0.0111027
4.391		0.0110978
4.392		0.0110929
4.393		0.011088
4.394		0.0110831
4.395		0.0110782
4.396		0.0110733
4.397		0.0110683
4.398		0.0110635
4.399		0.0110586
4.4		0.0110537
4.401		0.0110488
4.402		0.0110439
4.403		0.011039
4.404		0.0110341
4.405		0.0110293
4.406		0.0110244
4.407		0.0110195
4.408		0.0110146
4.409		0.0110098
4.41		0.0110049
4.411		0.0110001
4.412		0.0109952
4.413		0.0109904
4.414		0.0109855
4.415		0.0109807
4.416		0.0109758
4.417		0.010971
4.418		0.0109662
4.419		0.0109613
4.42		0.0109565
4.421		0.0109517
4.422		0.0109468
4.423		0.010942
4.424		0.0109372
4.425		0.0109324
4.426		0.0109276
4.427		0.0109228
4.428		0.010918
4.429		0.0109132
4.43		0.0109084
4.431		0.0109036
4.432		0.0108988
4.433		0.010894
4.434		0.0108892
4.435		0.0108845
4.436		0.0108797
4.437		0.0108749
4.438		0.0108701
4.439		0.0108654
4.44		0.0108606
4.441		0.0108558
4.442		0.0108511
4.443		0.0108463
4.444		0.0108416
4.445		0.0108368
4.446		0.0108321
4.447		0.0108273
4.448		0.0108226
4.449		0.0108178
4.45		0.0108131
4.451		0.0108084
4.452		0.0108037
4.453		0.0107989
4.454		0.0107942
4.455		0.0107895
4.456		0.0107848
4.457		0.0107801
4.458		0.0107754
4.459		0.0107706
4.46		0.0107659
4.461		0.0107612
4.462		0.0107565
4.463		0.0107518
4.464		0.0107472
4.465		0.0107425
4.466		0.0107378
4.467		0.0107331
4.468		0.0107284
4.469		0.0107237
4.47		0.0107191
4.471		0.0107144
4.472		0.0107097
4.473		0.0107051
4.474		0.0107004
4.475		0.0106958
4.476		0.0106911
4.477		0.0106864
4.478		0.0106818
4.479		0.0106772
4.48		0.0106725
4.481		0.0106679
4.482		0.0106632
4.483		0.0106586
4.484		0.010654
4.485		0.0106493
4.486		0.0106447
4.487		0.0106401
4.488		0.0106355
4.489		0.0106309
4.49		0.0106263
4.491		0.0106216
4.492		0.010617
4.493		0.0106124
4.494		0.0106078
4.495		0.0106032
4.496		0.0105986
4.497		0.010594
4.498		0.0105895
4.499		0.0105849
4.5		0.0105803
4.501		0.0105757
4.502		0.0105711
4.503		0.0105666
4.504		0.010562
4.505		0.0105574
4.506		0.0105529
4.507		0.0105483
4.508		0.0105437
4.509		0.0105392
4.51		0.0105346
4.511		0.0105301
4.512		0.0105255
4.513		0.010521
4.514		0.0105164
4.515		0.0105119
4.516		0.0105074
4.517		0.0105028
4.518		0.0104983
4.519		0.0104938
4.52		0.0104892
4.521		0.0104847
4.522		0.0104802
4.523		0.0104757
4.524		0.0104712
4.525		0.0104667
4.526		0.0104622
4.527		0.0104577
4.528		0.0104532
4.529		0.0104487
4.53		0.0104442
4.531		0.0104397
4.532		0.0104352
4.533		0.0104307
4.534		0.0104262
4.535		0.0104217
4.536		0.0104173
4.537		0.0104128
4.538		0.0104083
4.539		0.0104038
4.54		0.0103994
4.541		0.0103949
4.542		0.0103904
4.543		0.010386
4.544		0.0103815
4.545		0.0103771
4.546		0.0103726
4.547		0.0103682
4.548		0.0103637
4.549		0.0103593
4.55		0.0103549
4.551		0.0103504
4.552		0.010346
4.553		0.0103416
4.554		0.0103371
4.555		0.0103327
4.556		0.0103283
4.557		0.0103239
4.558		0.0103195
4.559		0.010315
4.56		0.0103106
4.561		0.0103062
4.562		0.0103018
4.563		0.0102974
4.564		0.010293
4.565		0.0102886
4.566		0.0102842
4.567		0.0102798
4.568		0.0102755
4.569		0.0102711
4.57		0.0102667
4.571		0.0102623
4.572		0.0102579
4.573		0.0102536
4.574		0.0102492
4.575		0.0102448
4.576		0.0102405
4.577		0.0102361
4.578		0.0102317
4.579		0.0102274
4.58		0.010223
4.581		0.0102187
4.582		0.0102143
4.583		0.01021
4.584		0.0102056
4.585		0.0102013
4.586		0.010197
4.587		0.0101926
4.588		0.0101883
4.589		0.010184
4.59		0.0101796
4.591		0.0101753
4.592		0.010171
4.593		0.0101667
4.594		0.0101624
4.595		0.010158
4.596		0.0101537
4.597		0.0101494
4.598		0.0101451
4.599		0.0101408
4.6		0.0101365
4.601		0.0101322
4.602		0.0101279
4.603		0.0101236
4.604		0.0101193
4.605		0.0101151
4.606		0.0101108
4.607		0.0101065
4.608		0.0101022
4.609		0.0100979
4.61		0.0100937
4.611		0.0100894
4.612		0.0100851
4.613		0.0100809
4.614		0.0100766
4.615		0.0100724
4.616		0.0100681
4.617		0.0100638
4.618		0.0100596
4.619		0.0100553
4.62		0.0100511
4.621		0.0100469
4.622		0.0100426
4.623		0.0100384
4.624		0.0100341
4.625		0.0100299
4.626		0.0100257
4.627		0.0100215
4.628		0.0100172
4.629		0.010013
4.63		0.0100088
4.631		0.0100046
4.632		0.0100004
4.633		0.00999615
4.634		0.00999195
4.635		0.00998774
4.636		0.00998354
4.637		0.00997934
4.638		0.00997514
4.639		0.00997094
4.64		0.00996675
4.641		0.00996256
4.642		0.00995838
4.643		0.00995419
4.644		0.00995001
4.645		0.00994583
4.646		0.00994165
4.647		0.00993748
4.648		0.00993331
4.649		0.00992914
4.65		0.00992497
4.651		0.00992081
4.652		0.00991665
4.653		0.00991249
4.654		0.00990834
4.655		0.00990418
4.656		0.00990003
4.657		0.00989588
4.658		0.00989174
4.659		0.0098876
4.66		0.00988346
4.661		0.00987932
4.662		0.00987518
4.663		0.00987105
4.664		0.00986692
4.665		0.00986279
4.666		0.00985867
4.667		0.00985455
4.668		0.00985043
4.669		0.00984631
4.67		0.0098422
4.671		0.00983808
4.672		0.00983398
4.673		0.00982987
4.674		0.00982576
4.675		0.00982166
4.676		0.00981756
4.677		0.00981347
4.678		0.00980937
4.679		0.00980528
4.68		0.00980119
4.681		0.00979711
4.682		0.00979302
4.683		0.00978894
4.684		0.00978486
4.685		0.00978079
4.686		0.00977671
4.687		0.00977264
4.688		0.00976857
4.689		0.00976451
4.69		0.00976044
4.691		0.00975638
4.692		0.00975233
4.693		0.00974827
4.694		0.00974422
4.695		0.00974017
4.696		0.00973612
4.697		0.00973207
4.698		0.00972803
4.699		0.00972399
4.7		0.00971995
4.701		0.00971591
4.702		0.00971188
4.703		0.00970785
4.704		0.00970382
4.705		0.00969979
4.706		0.00969577
4.707		0.00969175
4.708		0.00968773
4.709		0.00968372
4.71		0.0096797
4.711		0.00967569
4.712		0.00967168
4.713		0.00966768
4.714		0.00966367
4.715		0.00965967
4.716		0.00965567
4.717		0.00965168
4.718		0.00964768
4.719		0.00964369
4.72		0.0096397
4.721		0.00963572
4.722		0.00963173
4.723		0.00962775
4.724		0.00962377
4.725		0.0096198
4.726		0.00961582
4.727		0.00961185
4.728		0.00960788
4.729		0.00960392
4.73		0.00959995
4.731		0.00959599
4.732		0.00959203
4.733		0.00958807
4.734		0.00958412
4.735		0.00958017
4.736		0.00957622
4.737		0.00957227
4.738		0.00956833
4.739		0.00956438
4.74		0.00956044
4.741		0.00955651
4.742		0.00955257
4.743		0.00954864
4.744		0.00954471
4.745		0.00954078
4.746		0.00953686
4.747		0.00953293
4.748		0.00952901
4.749		0.00952509
4.75		0.00952118
4.751		0.00951727
4.752		0.00951335
4.753		0.00950945
4.754		0.00950554
4.755		0.00950164
4.756		0.00949773
4.757		0.00949384
4.758		0.00948994
4.759		0.00948604
4.76		0.00948215
4.761		0.00947826
4.762		0.00947438
4.763		0.00947049
4.764		0.00946661
4.765		0.00946273
4.766		0.00945885
4.767		0.00945498
4.768		0.0094511
4.769		0.00944723
4.77		0.00944337
4.771		0.0094395
4.772		0.00943564
4.773		0.00943178
4.774		0.00942792
4.775		0.00942406
4.776		0.00942021
4.777		0.00941635
4.778		0.00941251
4.779		0.00940866
4.78		0.00940481
4.781		0.00940097
4.782		0.00939713
4.783		0.00939329
4.784		0.00938946
4.785		0.00938563
4.786		0.0093818
4.787		0.00937797
4.788		0.00937414
4.789		0.00937032
4.79		0.0093665
4.791		0.00936268
4.792		0.00935886
4.793		0.00935505
4.794		0.00935124
4.795		0.00934743
4.796		0.00934362
4.797		0.00933981
4.798		0.00933601
4.799		0.00933221
4.8		0.00932841
4.801		0.00932462
4.802		0.00932082
4.803		0.00931703
4.804		0.00931324
4.805		0.00930946
4.806		0.00930567
4.807		0.00930189
4.808		0.00929811
4.809		0.00929433
4.81		0.00929056
4.811		0.00928679
4.812		0.00928302
4.813		0.00927925
4.814		0.00927548
4.815		0.00927172
4.816		0.00926796
4.817		0.0092642
4.818		0.00926044
4.819		0.00925669
4.82		0.00925293
4.821		0.00924918
4.822		0.00924544
4.823		0.00924169
4.824		0.00923795
4.825		0.00923421
4.826		0.00923047
4.827		0.00922673
4.828		0.009223
4.829		0.00921927
4.83		0.00921554
4.831		0.00921181
4.832		0.00920808
4.833		0.00920436
4.834		0.00920064
4.835		0.00919692
4.836		0.00919321
4.837		0.00918949
4.838		0.00918578
4.839		0.00918207
4.84		0.00917836
4.841		0.00917466
4.842		0.00917096
4.843		0.00916726
4.844		0.00916356
4.845		0.00915986
4.846		0.00915617
4.847		0.00915248
4.848		0.00914879
4.849		0.0091451
4.85		0.00914141
4.851		0.00913773
4.852		0.00913405
4.853		0.00913037
4.854		0.0091267
4.855		0.00912302
4.856		0.00911935
4.857		0.00911568
4.858		0.00911201
4.859		0.00910835
4.86		0.00910469
4.861		0.00910103
4.862		0.00909737
4.863		0.00909371
4.864		0.00909006
4.865		0.0090864
4.866		0.00908275
4.867		0.00907911
4.868		0.00907546
4.869		0.00907182
4.87		0.00906818
4.871		0.00906454
4.872		0.0090609
4.873		0.00905727
4.874		0.00905364
4.875		0.00905001
4.876		0.00904638
4.877		0.00904275
4.878		0.00903913
4.879		0.00903551
4.88		0.00903189
4.881		0.00902827
4.882		0.00902466
4.883		0.00902104
4.884		0.00901743
4.885		0.00901382
4.886		0.00901022
4.887		0.00900661
4.888		0.00900301
4.889		0.00899941
4.89		0.00899581
4.891		0.00899222
4.892		0.00898862
4.893		0.00898503
4.894		0.00898144
4.895		0.00897786
4.896		0.00897427
4.897		0.00897069
4.898		0.00896711
4.899		0.00896353
4.9		0.00895995
4.901		0.00895638
4.902		0.00895281
4.903		0.00894924
4.904		0.00894567
4.905		0.0089421
4.906		0.00893854
4.907		0.00893498
4.908		0.00893142
4.909		0.00892786
4.91		0.00892431
4.911		0.00892076
4.912		0.0089172
4.913		0.00891366
4.914		0.00891011
4.915		0.00890656
4.916		0.00890302
4.917		0.00889948
4.918		0.00889594
4.919		0.00889241
4.92		0.00888887
4.921		0.00888534
4.922		0.00888181
4.923		0.00887828
4.924		0.00887476
4.925		0.00887123
4.926		0.00886771
4.927		0.00886419
4.928		0.00886068
4.929		0.00885716
4.93		0.00885365
4.931		0.00885014
4.932		0.00884663
4.933		0.00884312
4.934		0.00883962
4.935		0.00883611
4.936		0.00883261
4.937		0.00882911
4.938		0.00882562
4.939		0.00882212
4.94		0.00881863
4.941		0.00881514
4.942		0.00881165
4.943		0.00880817
4.944		0.00880468
4.945		0.0088012
4.946		0.00879772
4.947		0.00879424
4.948		0.00879077
4.949		0.00878729
4.95		0.00878382
4.951		0.00878035
4.952		0.00877688
4.953		0.00877342
4.954		0.00876995
4.955		0.00876649
4.956		0.00876303
4.957		0.00875957
4.958		0.00875612
4.959		0.00875266
4.96		0.00874921
4.961		0.00874576
4.962		0.00874232
4.963		0.00873887
4.964		0.00873543
4.965		0.00873199
4.966		0.00872855
4.967		0.00872511
4.968		0.00872167
4.969		0.00871824
4.97		0.00871481
4.971		0.00871138
4.972		0.00870795
4.973		0.00870453
4.974		0.0087011
4.975		0.00869768
4.976		0.00869426
4.977		0.00869085
4.978		0.00868743
4.979		0.00868402
4.98		0.00868061
4.981		0.0086772
4.982		0.00867379
4.983		0.00867039
4.984		0.00866698
4.985		0.00866358
4.986		0.00866018
4.987		0.00865679
4.988		0.00865339
4.989		0.00865
4.99		0.00864661
4.991		0.00864322
4.992		0.00863983
4.993		0.00863644
4.994		0.00863306
4.995		0.00862968
4.996		0.0086263
4.997		0.00862292
4.998		0.00861955
4.999		0.00861617
