0.005		0.116429
0.006		0.11953
0.007		0.119917
0.008		0.120178
0.009		0.121231
0.01		0.123403
0.011		0.126769
0.012		0.131254
0.013		0.136676
0.014		0.142792
0.015		0.149338
0.016		0.156057
0.017		0.162724
0.018		0.169151
0.019		0.175195
0.02		0.180752
0.021		0.185753
0.022		0.190161
0.023		0.193961
0.024		0.19716
0.025		0.199775
0.026		0.201834
0.027		0.203373
0.028		0.20443
0.029		0.205045
0.03		0.20526
0.031		0.205115
0.032		0.204649
0.033		0.203899
0.034		0.2029
0.035		0.201685
0.036		0.200284
0.037		0.198725
0.038		0.197034
0.039		0.195234
0.04		0.193346
0.041		0.191389
0.042		0.189381
0.043		0.187338
0.044		0.185273
0.045		0.183199
0.046		0.181127
0.047		0.179067
0.048		0.177028
0.049		0.175018
0.05		0.173043
0.051		0.17111
0.052		0.169223
0.053		0.167387
0.054		0.165605
0.055		0.163881
0.056		0.162217
0.057		0.160615
0.058		0.159078
0.059		0.157606
0.06		0.1562
0.061		0.154861
0.062		0.15359
0.063		0.152386
0.064		0.15125
0.065		0.150181
0.066		0.149179
0.067		0.148243
0.068		0.147372
0.069		0.146566
0.07		0.145823
0.071		0.145143
0.072		0.144525
0.073		0.143967
0.074		0.143468
0.075		0.143028
0.076		0.142644
0.077		0.142316
0.078		0.142042
0.079		0.141821
0.08		0.141652
0.081		0.141533
0.082		0.141463
0.083		0.14144
0.084		0.141465
0.085		0.141534
0.086		0.141648
0.087		0.141804
0.088		0.142002
0.089		0.14224
0.09		0.142517
0.091		0.142831
0.092		0.143183
0.093		0.14357
0.094		0.143992
0.095		0.144447
0.096		0.144935
0.097		0.145453
0.098		0.146002
0.099		0.146581
0.1		0.147187
0.101		0.147821
0.102		0.148482
0.103		0.149168
0.104		0.149878
0.105		0.150612
0.106		0.151369
0.107		0.152148
0.108		0.152948
0.109		0.153768
0.11		0.154608
0.111		0.155467
0.112		0.156344
0.113		0.157238
0.114		0.158149
0.115		0.159076
0.116		0.160018
0.117		0.160974
0.118		0.161944
0.119		0.162928
0.12		0.163924
0.121		0.164932
0.122		0.165952
0.123		0.166982
0.124		0.168023
0.125		0.169073
0.126		0.170133
0.127		0.171201
0.128		0.172277
0.129		0.173361
0.13		0.174452
0.131		0.175549
0.132		0.176653
0.133		0.177762
0.134		0.178876
0.135		0.179995
0.136		0.181119
0.137		0.182246
0.138		0.183377
0.139		0.184511
0.14		0.185647
0.141		0.186786
0.142		0.187927
0.143		0.189069
0.144		0.190212
0.145		0.191357
0.146		0.192502
0.147		0.193647
0.148		0.194792
0.149		0.195936
0.15		0.19708
0.151		0.198223
0.152		0.199364
0.153		0.200504
0.154		0.201642
0.155		0.202778
0.156		0.203911
0.157		0.205042
0.158		0.20617
0.159		0.207294
0.16		0.208416
0.161		0.209534
0.162		0.210648
0.163		0.211758
0.164		0.212864
0.165		0.213965
0.166		0.215062
0.167		0.216154
0.168		0.217242
0.169		0.218324
0.17		0.219401
0.171		0.220473
0.172		0.221539
0.173		0.222599
0.174		0.223654
0.175		0.224703
0.176		0.225745
0.177		0.226782
0.178		0.227812
0.179		0.228835
0.18		0.229852
0.181		0.230863
0.182		0.231867
0.183		0.232863
0.184		0.233853
0.185		0.234836
0.186		0.235812
0.187		0.236781
0.188		0.237742
0.189		0.238697
0.19		0.239643
0.191		0.240583
0.192		0.241515
0.193		0.242439
0.194		0.243356
0.195		0.244265
0.196		0.245167
0.197		0.246061
0.198		0.246947
0.199		0.247825
0.2		0.248696
0.201		0.249559
0.202		0.250413
0.203		0.251261
0.204		0.2521
0.205		0.252931
0.206		0.253754
0.207		0.25457
0.208		0.255377
0.209		0.256177
0.21		0.256969
0.211		0.257752
0.212		0.258528
0.213		0.259296
0.214		0.260056
0.215		0.260808
0.216		0.261552
0.217		0.262289
0.218		0.263017
0.219		0.263738
0.22		0.26445
0.221		0.265155
0.222		0.265852
0.223		0.266542
0.224		0.267223
0.225		0.267897
0.226		0.268563
0.227		0.269221
0.228		0.269872
0.229		0.270515
0.23		0.271151
0.231		0.271779
0.232		0.272399
0.233		0.273012
0.234		0.273617
0.235		0.274215
0.236		0.274806
0.237		0.275389
0.238		0.275965
0.239		0.276534
0.24		0.277095
0.241		0.277649
0.242		0.278196
0.243		0.278736
0.244		0.279269
0.245		0.279795
0.246		0.280313
0.247		0.280825
0.248		0.28133
0.249		0.281828
0.25		0.282319
0.251		0.282803
0.252		0.283281
0.253		0.283752
0.254		0.284216
0.255		0.284674
0.256		0.285125
0.257		0.285569
0.258		0.286007
0.259		0.286439
0.26		0.286864
0.261		0.287283
0.262		0.287695
0.263		0.288102
0.264		0.288502
0.265		0.288896
0.266		0.289284
0.267		0.289666
0.268		0.290041
0.269		0.290411
0.27		0.290775
0.271		0.291133
0.272		0.291485
0.273		0.291832
0.274		0.292172
0.275		0.292507
0.276		0.292837
0.277		0.29316
0.278		0.293478
0.279		0.293791
0.28		0.294098
0.281		0.2944
0.282		0.294696
0.283		0.294987
0.284		0.295273
0.285		0.295554
0.286		0.295829
0.287		0.296099
0.288		0.296364
0.289		0.296624
0.29		0.296879
0.291		0.297129
0.292		0.297374
0.293		0.297614
0.294		0.29785
0.295		0.29808
0.296		0.298306
0.297		0.298527
0.298		0.298743
0.299		0.298955
0.3		0.299162
0.301		0.299364
0.302		0.299562
0.303		0.299756
0.304		0.299945
0.305		0.300129
0.306		0.30031
0.307		0.300485
0.308		0.300657
0.309		0.300825
0.31		0.300988
0.311		0.301147
0.312		0.301302
0.313		0.301453
0.314		0.301599
0.315		0.301742
0.316		0.301881
0.317		0.302016
0.318		0.302146
0.319		0.302273
0.32		0.302397
0.321		0.302516
0.322		0.302632
0.323		0.302744
0.324		0.302852
0.325		0.302956
0.326		0.303057
0.327		0.303154
0.328		0.303248
0.329		0.303338
0.33		0.303425
0.331		0.303508
0.332		0.303588
0.333		0.303664
0.334		0.303737
0.335		0.303807
0.336		0.303873
0.337		0.303937
0.338		0.303996
0.339		0.304053
0.34		0.304106
0.341		0.304157
0.342		0.304204
0.343		0.304248
0.344		0.304289
0.345		0.304327
0.346		0.304362
0.347		0.304394
0.348		0.304423
0.349		0.304449
0.35		0.304473
0.351		0.304493
0.352		0.304511
0.353		0.304525
0.354		0.304537
0.355		0.304546
0.356		0.304553
0.357		0.304557
0.358		0.304558
0.359		0.304556
0.36		0.304552
0.361		0.304545
0.362		0.304536
0.363		0.304524
0.364		0.304509
0.365		0.304492
0.366		0.304473
0.367		0.304451
0.368		0.304427
0.369		0.3044
0.37		0.304371
0.371		0.30434
0.372		0.304306
0.373		0.30427
0.374		0.304231
0.375		0.304191
0.376		0.304148
0.377		0.304102
0.378		0.304055
0.379		0.304006
0.38		0.303954
0.381		0.3039
0.382		0.303844
0.383		0.303786
0.384		0.303726
0.385		0.303664
0.386		0.3036
0.387		0.303533
0.388		0.303465
0.389		0.303395
0.39		0.303323
0.391		0.303249
0.392		0.303173
0.393		0.303095
0.394		0.303015
0.395		0.302934
0.396		0.30285
0.397		0.302765
0.398		0.302678
0.399		0.302589
0.4		0.302498
0.401		0.302406
0.402		0.302312
0.403		0.302216
0.404		0.302119
0.405		0.302019
0.406		0.301919
0.407		0.301816
0.408		0.301712
0.409		0.301606
0.41		0.301499
0.411		0.30139
0.412		0.30128
0.413		0.301168
0.414		0.301054
0.415		0.300939
0.416		0.300823
0.417		0.300705
0.418		0.300585
0.419		0.300464
0.42		0.300342
0.421		0.300218
0.422		0.300093
0.423		0.299966
0.424		0.299838
0.425		0.299709
0.426		0.299578
0.427		0.299446
0.428		0.299313
0.429		0.299179
0.43		0.299043
0.431		0.298905
0.432		0.298767
0.433		0.298627
0.434		0.298486
0.435		0.298344
0.436		0.298201
0.437		0.298056
0.438		0.297911
0.439		0.297764
0.44		0.297616
0.441		0.297467
0.442		0.297316
0.443		0.297165
0.444		0.297012
0.445		0.296859
0.446		0.296704
0.447		0.296548
0.448		0.296391
0.449		0.296234
0.45		0.296075
0.451		0.295915
0.452		0.295754
0.453		0.295592
0.454		0.295429
0.455		0.295265
0.456		0.2951
0.457		0.294934
0.458		0.294767
0.459		0.2946
0.46		0.294431
0.461		0.294262
0.462		0.294091
0.463		0.29392
0.464		0.293748
0.465		0.293575
0.466		0.293401
0.467		0.293226
0.468		0.29305
0.469		0.292874
0.47		0.292697
0.471		0.292518
0.472		0.29234
0.473		0.29216
0.474		0.29198
0.475		0.291798
0.476		0.291616
0.477		0.291434
0.478		0.29125
0.479		0.291066
0.48		0.290881
0.481		0.290695
0.482		0.290509
0.483		0.290322
0.484		0.290134
0.485		0.289946
0.486		0.289757
0.487		0.289567
0.488		0.289377
0.489		0.289186
0.49		0.288994
0.491		0.288802
0.492		0.288609
0.493		0.288415
0.494		0.288221
0.495		0.288026
0.496		0.287831
0.497		0.287635
0.498		0.287438
0.499		0.287241
0.5		0.287044
0.501		0.286846
0.502		0.286647
0.503		0.286448
0.504		0.286248
0.505		0.286047
0.506		0.285847
0.507		0.285645
0.508		0.285443
0.509		0.285241
0.51		0.285038
0.511		0.284835
0.512		0.284631
0.513		0.284427
0.514		0.284222
0.515		0.284017
0.516		0.283812
0.517		0.283606
0.518		0.283399
0.519		0.283192
0.52		0.282985
0.521		0.282777
0.522		0.282569
0.523		0.282361
0.524		0.282152
0.525		0.281942
0.526		0.281733
0.527		0.281523
0.528		0.281312
0.529		0.281101
0.53		0.28089
0.531		0.280679
0.532		0.280467
0.533		0.280254
0.534		0.280042
0.535		0.279829
0.536		0.279616
0.537		0.279402
0.538		0.279188
0.539		0.278974
0.54		0.27876
0.541		0.278545
0.542		0.27833
0.543		0.278114
0.544		0.277899
0.545		0.277683
0.546		0.277467
0.547		0.27725
0.548		0.277033
0.549		0.276816
0.55		0.276599
0.551		0.276382
0.552		0.276164
0.553		0.275946
0.554		0.275728
0.555		0.275509
0.556		0.275291
0.557		0.275072
0.558		0.274853
0.559		0.274633
0.56		0.274414
0.561		0.274194
0.562		0.273974
0.563		0.273754
0.564		0.273533
0.565		0.273313
0.566		0.273092
0.567		0.272871
0.568		0.27265
0.569		0.272429
0.57		0.272207
0.571		0.271986
0.572		0.271764
0.573		0.271542
0.574		0.27132
0.575		0.271098
0.576		0.270876
0.577		0.270653
0.578		0.27043
0.579		0.270208
0.58		0.269985
0.581		0.269762
0.582		0.269539
0.583		0.269315
0.584		0.269092
0.585		0.268868
0.586		0.268645
0.587		0.268421
0.588		0.268197
0.589		0.267973
0.59		0.267749
0.591		0.267525
0.592		0.267301
0.593		0.267077
0.594		0.266852
0.595		0.266628
0.596		0.266403
0.597		0.266179
0.598		0.265954
0.599		0.265729
0.6		0.265505
0.601		0.26528
0.602		0.265055
0.603		0.26483
0.604		0.264605
0.605		0.26438
0.606		0.264154
0.607		0.263929
0.608		0.263704
0.609		0.263479
0.61		0.263253
0.611		0.263028
0.612		0.262803
0.613		0.262577
0.614		0.262352
0.615		0.262126
0.616		0.261901
0.617		0.261675
0.618		0.26145
0.619		0.261224
0.62		0.260999
0.621		0.260773
0.622		0.260548
0.623		0.260322
0.624		0.260096
0.625		0.259871
0.626		0.259645
0.627		0.25942
0.628		0.259194
0.629		0.258968
0.63		0.258743
0.631		0.258517
0.632		0.258292
0.633		0.258066
0.634		0.257841
0.635		0.257615
0.636		0.25739
0.637		0.257164
0.638		0.256939
0.639		0.256714
0.64		0.256488
0.641		0.256263
0.642		0.256038
0.643		0.255812
0.644		0.255587
0.645		0.255362
0.646		0.255137
0.647		0.254912
0.648		0.254687
0.649		0.254462
0.65		0.254237
0.651		0.254012
0.652		0.253787
0.653		0.253562
0.654		0.253338
0.655		0.253113
0.656		0.252888
0.657		0.252664
0.658		0.252439
0.659		0.252215
0.66		0.25199
0.661		0.251766
0.662		0.251542
0.663		0.251318
0.664		0.251094
0.665		0.25087
0.666		0.250646
0.667		0.250422
0.668		0.250198
0.669		0.249974
0.67		0.249751
0.671		0.249527
0.672		0.249304
0.673		0.24908
0.674		0.248857
0.675		0.248634
0.676		0.248411
0.677		0.248188
0.678		0.247965
0.679		0.247742
0.68		0.247519
0.681		0.247296
0.682		0.247074
0.683		0.246851
0.684		0.246629
0.685		0.246407
0.686		0.246184
0.687		0.245962
0.688		0.24574
0.689		0.245518
0.69		0.245297
0.691		0.245075
0.692		0.244853
0.693		0.244632
0.694		0.244411
0.695		0.244189
0.696		0.243968
0.697		0.243747
0.698		0.243526
0.699		0.243306
0.7		0.243085
0.701		0.242865
0.702		0.242644
0.703		0.242424
0.704		0.242204
0.705		0.241984
0.706		0.241764
0.707		0.241544
0.708		0.241324
0.709		0.241105
0.71		0.240885
0.711		0.240666
0.712		0.240447
0.713		0.240227
0.714		0.240009
0.715		0.23979
0.716		0.239571
0.717		0.239352
0.718		0.239134
0.719		0.238916
0.72		0.238698
0.721		0.23848
0.722		0.238262
0.723		0.238044
0.724		0.237826
0.725		0.237609
0.726		0.237392
0.727		0.237174
0.728		0.236957
0.729		0.23674
0.73		0.236524
0.731		0.236307
0.732		0.23609
0.733		0.235874
0.734		0.235658
0.735		0.235442
0.736		0.235226
0.737		0.23501
0.738		0.234794
0.739		0.234579
0.74		0.234364
0.741		0.234148
0.742		0.233933
0.743		0.233718
0.744		0.233504
0.745		0.233289
0.746		0.233075
0.747		0.23286
0.748		0.232646
0.749		0.232432
0.75		0.232218
0.751		0.232005
0.752		0.231791
0.753		0.231578
0.754		0.231365
0.755		0.231152
0.756		0.230939
0.757		0.230726
0.758		0.230513
0.759		0.230301
0.76		0.230089
0.761		0.229876
0.762		0.229664
0.763		0.229453
0.764		0.229241
0.765		0.229029
0.766		0.228818
0.767		0.228607
0.768		0.228396
0.769		0.228185
0.77		0.227974
0.771		0.227764
0.772		0.227554
0.773		0.227343
0.774		0.227133
0.775		0.226923
0.776		0.226714
0.777		0.226504
0.778		0.226295
0.779		0.226086
0.78		0.225877
0.781		0.225668
0.782		0.225459
0.783		0.22525
0.784		0.225042
0.785		0.224834
0.786		0.224626
0.787		0.224418
0.788		0.22421
0.789		0.224003
0.79		0.223795
0.791		0.223588
0.792		0.223381
0.793		0.223174
0.794		0.222967
0.795		0.222761
0.796		0.222555
0.797		0.222348
0.798		0.222142
0.799		0.221937
0.8		0.221731
0.801		0.221525
0.802		0.22132
0.803		0.221115
0.804		0.22091
0.805		0.220705
0.806		0.220501
0.807		0.220296
0.808		0.220092
0.809		0.219888
0.81		0.219684
0.811		0.21948
0.812		0.219276
0.813		0.219073
0.814		0.21887
0.815		0.218667
0.816		0.218464
0.817		0.218261
0.818		0.218059
0.819		0.217856
0.82		0.217654
0.821		0.217452
0.822		0.21725
0.823		0.217048
0.824		0.216847
0.825		0.216646
0.826		0.216445
0.827		0.216244
0.828		0.216043
0.829		0.215842
0.83		0.215642
0.831		0.215442
0.832		0.215242
0.833		0.215042
0.834		0.214842
0.835		0.214642
0.836		0.214443
0.837		0.214244
0.838		0.214045
0.839		0.213846
0.84		0.213647
0.841		0.213449
0.842		0.213251
0.843		0.213053
0.844		0.212855
0.845		0.212657
0.846		0.212459
0.847		0.212262
0.848		0.212065
0.849		0.211868
0.85		0.211671
0.851		0.211474
0.852		0.211278
0.853		0.211081
0.854		0.210885
0.855		0.210689
0.856		0.210494
0.857		0.210298
0.858		0.210103
0.859		0.209907
0.86		0.209712
0.861		0.209517
0.862		0.209323
0.863		0.209128
0.864		0.208934
0.865		0.20874
0.866		0.208546
0.867		0.208352
0.868		0.208159
0.869		0.207965
0.87		0.207772
0.871		0.207579
0.872		0.207386
0.873		0.207193
0.874		0.207001
0.875		0.206808
0.876		0.206616
0.877		0.206424
0.878		0.206232
0.879		0.206041
0.88		0.205849
0.881		0.205658
0.882		0.205467
0.883		0.205276
0.884		0.205086
0.885		0.204895
0.886		0.204705
0.887		0.204515
0.888		0.204325
0.889		0.204135
0.89		0.203945
0.891		0.203756
0.892		0.203567
0.893		0.203377
0.894		0.203189
0.895		0.203
0.896		0.202811
0.897		0.202623
0.898		0.202435
0.899		0.202247
0.9		0.202059
0.901		0.201871
0.902		0.201684
0.903		0.201497
0.904		0.20131
0.905		0.201123
0.906		0.200936
0.907		0.20075
0.908		0.200563
0.909		0.200377
0.91		0.200191
0.911		0.200005
0.912		0.19982
0.913		0.199634
0.914		0.199449
0.915		0.199264
0.916		0.199079
0.917		0.198894
0.918		0.19871
0.919		0.198525
0.92		0.198341
0.921		0.198157
0.922		0.197973
0.923		0.19779
0.924		0.197606
0.925		0.197423
0.926		0.19724
0.927		0.197057
0.928		0.196874
0.929		0.196692
0.93		0.196509
0.931		0.196327
0.932		0.196145
0.933		0.195963
0.934		0.195782
0.935		0.1956
0.936		0.195419
0.937		0.195238
0.938		0.195057
0.939		0.194876
0.94		0.194696
0.941		0.194515
0.942		0.194335
0.943		0.194155
0.944		0.193975
0.945		0.193795
0.946		0.193616
0.947		0.193437
0.948		0.193257
0.949		0.193079
0.95		0.1929
0.951		0.192721
0.952		0.192543
0.953		0.192364
0.954		0.192186
0.955		0.192009
0.956		0.191831
0.957		0.191653
0.958		0.191476
0.959		0.191299
0.96		0.191122
0.961		0.190945
0.962		0.190768
0.963		0.190592
0.964		0.190416
0.965		0.19024
0.966		0.190064
0.967		0.189888
0.968		0.189712
0.969		0.189537
0.97		0.189362
0.971		0.189187
0.972		0.189012
0.973		0.188837
0.974		0.188663
0.975		0.188488
0.976		0.188314
0.977		0.18814
0.978		0.187966
0.979		0.187793
0.98		0.187619
0.981		0.187446
0.982		0.187273
0.983		0.1871
0.984		0.186927
0.985		0.186755
0.986		0.186582
0.987		0.18641
0.988		0.186238
0.989		0.186066
0.99		0.185895
0.991		0.185723
0.992		0.185552
0.993		0.185381
0.994		0.18521
0.995		0.185039
0.996		0.184868
0.997		0.184698
0.998		0.184528
0.999		0.184357
1		0.184188
1.001		0.184018
1.002		0.183848
1.003		0.183679
1.004		0.18351
1.005		0.183341
1.006		0.183172
1.007		0.183003
1.008		0.182834
1.009		0.182666
1.01		0.182498
1.011		0.18233
1.012		0.182162
1.013		0.181994
1.014		0.181827
1.015		0.18166
1.016		0.181492
1.017		0.181325
1.018		0.181159
1.019		0.180992
1.02		0.180826
1.021		0.180659
1.022		0.180493
1.023		0.180327
1.024		0.180161
1.025		0.179996
1.026		0.17983
1.027		0.179665
1.028		0.1795
1.029		0.179335
1.03		0.17917
1.031		0.179006
1.032		0.178842
1.033		0.178677
1.034		0.178513
1.035		0.178349
1.036		0.178186
1.037		0.178022
1.038		0.177859
1.039		0.177696
1.04		0.177532
1.041		0.17737
1.042		0.177207
1.043		0.177044
1.044		0.176882
1.045		0.17672
1.046		0.176558
1.047		0.176396
1.048		0.176234
1.049		0.176073
1.05		0.175912
1.051		0.17575
1.052		0.175589
1.053		0.175429
1.054		0.175268
1.055		0.175107
1.056		0.174947
1.057		0.174787
1.058		0.174627
1.059		0.174467
1.06		0.174307
1.061		0.174148
1.062		0.173989
1.063		0.173829
1.064		0.17367
1.065		0.173512
1.066		0.173353
1.067		0.173195
1.068		0.173036
1.069		0.172878
1.07		0.17272
1.071		0.172562
1.072		0.172405
1.073		0.172247
1.074		0.17209
1.075		0.171933
1.076		0.171776
1.077		0.171619
1.078		0.171462
1.079		0.171306
1.08		0.171149
1.081		0.170993
1.082		0.170837
1.083		0.170681
1.084		0.170526
1.085		0.17037
1.086		0.170215
1.087		0.17006
1.088		0.169905
1.089		0.16975
1.09		0.169595
1.091		0.169441
1.092		0.169286
1.093		0.169132
1.094		0.168978
1.095		0.168824
1.096		0.16867
1.097		0.168517
1.098		0.168364
1.099		0.16821
1.1		0.168057
1.101		0.167904
1.102		0.167752
1.103		0.167599
1.104		0.167447
1.105		0.167294
1.106		0.167142
1.107		0.16699
1.108		0.166839
1.109		0.166687
1.11		0.166536
1.111		0.166384
1.112		0.166233
1.113		0.166082
1.114		0.165931
1.115		0.165781
1.116		0.16563
1.117		0.16548
1.118		0.16533
1.119		0.16518
1.12		0.16503
1.121		0.16488
1.122		0.164731
1.123		0.164581
1.124		0.164432
1.125		0.164283
1.126		0.164134
1.127		0.163986
1.128		0.163837
1.129		0.163689
1.13		0.16354
1.131		0.163392
1.132		0.163244
1.133		0.163097
1.134		0.162949
1.135		0.162802
1.136		0.162654
1.137		0.162507
1.138		0.16236
1.139		0.162213
1.14		0.162067
1.141		0.16192
1.142		0.161774
1.143		0.161628
1.144		0.161481
1.145		0.161336
1.146		0.16119
1.147		0.161044
1.148		0.160899
1.149		0.160754
1.15		0.160608
1.151		0.160464
1.152		0.160319
1.153		0.160174
1.154		0.16003
1.155		0.159885
1.156		0.159741
1.157		0.159597
1.158		0.159453
1.159		0.159309
1.16		0.159166
1.161		0.159022
1.162		0.158879
1.163		0.158736
1.164		0.158593
1.165		0.15845
1.166		0.158308
1.167		0.158165
1.168		0.158023
1.169		0.157881
1.17		0.157739
1.171		0.157597
1.172		0.157455
1.173		0.157314
1.174		0.157172
1.175		0.157031
1.176		0.15689
1.177		0.156749
1.178		0.156608
1.179		0.156467
1.18		0.156327
1.181		0.156186
1.182		0.156046
1.183		0.155906
1.184		0.155766
1.185		0.155626
1.186		0.155487
1.187		0.155347
1.188		0.155208
1.189		0.155069
1.19		0.15493
1.191		0.154791
1.192		0.154652
1.193		0.154514
1.194		0.154375
1.195		0.154237
1.196		0.154099
1.197		0.153961
1.198		0.153823
1.199		0.153686
1.2		0.153548
1.201		0.153411
1.202		0.153273
1.203		0.153136
1.204		0.152999
1.205		0.152863
1.206		0.152726
1.207		0.15259
1.208		0.152453
1.209		0.152317
1.21		0.152181
1.211		0.152045
1.212		0.151909
1.213		0.151774
1.214		0.151638
1.215		0.151503
1.216		0.151368
1.217		0.151233
1.218		0.151098
1.219		0.150963
1.22		0.150829
1.221		0.150694
1.222		0.15056
1.223		0.150426
1.224		0.150292
1.225		0.150158
1.226		0.150024
1.227		0.149891
1.228		0.149757
1.229		0.149624
1.23		0.149491
1.231		0.149358
1.232		0.149225
1.233		0.149092
1.234		0.14896
1.235		0.148827
1.236		0.148695
1.237		0.148563
1.238		0.148431
1.239		0.148299
1.24		0.148167
1.241		0.148036
1.242		0.147904
1.243		0.147773
1.244		0.147642
1.245		0.147511
1.246		0.14738
1.247		0.147249
1.248		0.147119
1.249		0.146988
1.25		0.146858
1.251		0.146728
1.252		0.146598
1.253		0.146468
1.254		0.146338
1.255		0.146209
1.256		0.146079
1.257		0.14595
1.258		0.145821
1.259		0.145692
1.26		0.145563
1.261		0.145434
1.262		0.145306
1.263		0.145177
1.264		0.145049
1.265		0.144921
1.266		0.144793
1.267		0.144665
1.268		0.144537
1.269		0.14441
1.27		0.144282
1.271		0.144155
1.272		0.144027
1.273		0.1439
1.274		0.143773
1.275		0.143647
1.276		0.14352
1.277		0.143393
1.278		0.143267
1.279		0.143141
1.28		0.143015
1.281		0.142889
1.282		0.142763
1.283		0.142637
1.284		0.142512
1.285		0.142386
1.286		0.142261
1.287		0.142136
1.288		0.142011
1.289		0.141886
1.29		0.141761
1.291		0.141637
1.292		0.141512
1.293		0.141388
1.294		0.141264
1.295		0.141139
1.296		0.141016
1.297		0.140892
1.298		0.140768
1.299		0.140645
1.3		0.140521
1.301		0.140398
1.302		0.140275
1.303		0.140152
1.304		0.140029
1.305		0.139906
1.306		0.139784
1.307		0.139661
1.308		0.139539
1.309		0.139417
1.31		0.139294
1.311		0.139173
1.312		0.139051
1.313		0.138929
1.314		0.138808
1.315		0.138686
1.316		0.138565
1.317		0.138444
1.318		0.138323
1.319		0.138202
1.32		0.138081
1.321		0.13796
1.322		0.13784
1.323		0.13772
1.324		0.137599
1.325		0.137479
1.326		0.137359
1.327		0.13724
1.328		0.13712
1.329		0.137
1.33		0.136881
1.331		0.136762
1.332		0.136642
1.333		0.136523
1.334		0.136404
1.335		0.136286
1.336		0.136167
1.337		0.136048
1.338		0.13593
1.339		0.135812
1.34		0.135694
1.341		0.135576
1.342		0.135458
1.343		0.13534
1.344		0.135222
1.345		0.135105
1.346		0.134987
1.347		0.13487
1.348		0.134753
1.349		0.134636
1.35		0.134519
1.351		0.134402
1.352		0.134286
1.353		0.134169
1.354		0.134053
1.355		0.133937
1.356		0.133821
1.357		0.133705
1.358		0.133589
1.359		0.133473
1.36		0.133357
1.361		0.133242
1.362		0.133127
1.363		0.133011
1.364		0.132896
1.365		0.132781
1.366		0.132667
1.367		0.132552
1.368		0.132437
1.369		0.132323
1.37		0.132208
1.371		0.132094
1.372		0.13198
1.373		0.131866
1.374		0.131752
1.375		0.131638
1.376		0.131525
1.377		0.131411
1.378		0.131298
1.379		0.131185
1.38		0.131072
1.381		0.130959
1.382		0.130846
1.383		0.130733
1.384		0.13062
1.385		0.130508
1.386		0.130396
1.387		0.130283
1.388		0.130171
1.389		0.130059
1.39		0.129947
1.391		0.129836
1.392		0.129724
1.393		0.129612
1.394		0.129501
1.395		0.12939
1.396		0.129278
1.397		0.129167
1.398		0.129057
1.399		0.128946
1.4		0.128835
1.401		0.128724
1.402		0.128614
1.403		0.128504
1.404		0.128394
1.405		0.128283
1.406		0.128174
1.407		0.128064
1.408		0.127954
1.409		0.127844
1.41		0.127735
1.411		0.127626
1.412		0.127516
1.413		0.127407
1.414		0.127298
1.415		0.127189
1.416		0.12708
1.417		0.126972
1.418		0.126863
1.419		0.126755
1.42		0.126647
1.421		0.126538
1.422		0.12643
1.423		0.126322
1.424		0.126215
1.425		0.126107
1.426		0.125999
1.427		0.125892
1.428		0.125784
1.429		0.125677
1.43		0.12557
1.431		0.125463
1.432		0.125356
1.433		0.125249
1.434		0.125143
1.435		0.125036
1.436		0.12493
1.437		0.124823
1.438		0.124717
1.439		0.124611
1.44		0.124505
1.441		0.124399
1.442		0.124294
1.443		0.124188
1.444		0.124082
1.445		0.123977
1.446		0.123872
1.447		0.123767
1.448		0.123662
1.449		0.123557
1.45		0.123452
1.451		0.123347
1.452		0.123243
1.453		0.123138
1.454		0.123034
1.455		0.122929
1.456		0.122825
1.457		0.122721
1.458		0.122617
1.459		0.122514
1.46		0.12241
1.461		0.122306
1.462		0.122203
1.463		0.122099
1.464		0.121996
1.465		0.121893
1.466		0.12179
1.467		0.121687
1.468		0.121584
1.469		0.121482
1.47		0.121379
1.471		0.121277
1.472		0.121174
1.473		0.121072
1.474		0.12097
1.475		0.120868
1.476		0.120766
1.477		0.120664
1.478		0.120563
1.479		0.120461
1.48		0.12036
1.481		0.120258
1.482		0.120157
1.483		0.120056
1.484		0.119955
1.485		0.119854
1.486		0.119753
1.487		0.119652
1.488		0.119552
1.489		0.119451
1.49		0.119351
1.491		0.119251
1.492		0.119151
1.493		0.11905
1.494		0.118951
1.495		0.118851
1.496		0.118751
1.497		0.118651
1.498		0.118552
1.499		0.118452
1.5		0.118353
1.501		0.118254
1.502		0.118155
1.503		0.118056
1.504		0.117957
1.505		0.117858
1.506		0.11776
1.507		0.117661
1.508		0.117563
1.509		0.117464
1.51		0.117366
1.511		0.117268
1.512		0.11717
1.513		0.117072
1.514		0.116974
1.515		0.116877
1.516		0.116779
1.517		0.116682
1.518		0.116584
1.519		0.116487
1.52		0.11639
1.521		0.116293
1.522		0.116196
1.523		0.116099
1.524		0.116002
1.525		0.115906
1.526		0.115809
1.527		0.115713
1.528		0.115616
1.529		0.11552
1.53		0.115424
1.531		0.115328
1.532		0.115232
1.533		0.115136
1.534		0.115041
1.535		0.114945
1.536		0.11485
1.537		0.114754
1.538		0.114659
1.539		0.114564
1.54		0.114469
1.541		0.114374
1.542		0.114279
1.543		0.114184
1.544		0.114089
1.545		0.113995
1.546		0.1139
1.547		0.113806
1.548		0.113712
1.549		0.113617
1.55		0.113523
1.551		0.113429
1.552		0.113336
1.553		0.113242
1.554		0.113148
1.555		0.113055
1.556		0.112961
1.557		0.112868
1.558		0.112775
1.559		0.112681
1.56		0.112588
1.561		0.112495
1.562		0.112403
1.563		0.11231
1.564		0.112217
1.565		0.112125
1.566		0.112032
1.567		0.11194
1.568		0.111848
1.569		0.111755
1.57		0.111663
1.571		0.111571
1.572		0.111479
1.573		0.111388
1.574		0.111296
1.575		0.111205
1.576		0.111113
1.577		0.111022
1.578		0.11093
1.579		0.110839
1.58		0.110748
1.581		0.110657
1.582		0.110566
1.583		0.110476
1.584		0.110385
1.585		0.110294
1.586		0.110204
1.587		0.110113
1.588		0.110023
1.589		0.109933
1.59		0.109843
1.591		0.109753
1.592		0.109663
1.593		0.109573
1.594		0.109483
1.595		0.109394
1.596		0.109304
1.597		0.109215
1.598		0.109126
1.599		0.109036
1.6		0.108947
1.601		0.108858
1.602		0.108769
1.603		0.10868
1.604		0.108592
1.605		0.108503
1.606		0.108414
1.607		0.108326
1.608		0.108238
1.609		0.108149
1.61		0.108061
1.611		0.107973
1.612		0.107885
1.613		0.107797
1.614		0.107709
1.615		0.107622
1.616		0.107534
1.617		0.107447
1.618		0.107359
1.619		0.107272
1.62		0.107185
1.621		0.107097
1.622		0.10701
1.623		0.106923
1.624		0.106837
1.625		0.10675
1.626		0.106663
1.627		0.106577
1.628		0.10649
1.629		0.106404
1.63		0.106317
1.631		0.106231
1.632		0.106145
1.633		0.106059
1.634		0.105973
1.635		0.105887
1.636		0.105801
1.637		0.105716
1.638		0.10563
1.639		0.105545
1.64		0.105459
1.641		0.105374
1.642		0.105289
1.643		0.105204
1.644		0.105119
1.645		0.105034
1.646		0.104949
1.647		0.104864
1.648		0.10478
1.649		0.104695
1.65		0.10461
1.651		0.104526
1.652		0.104442
1.653		0.104358
1.654		0.104273
1.655		0.104189
1.656		0.104105
1.657		0.104022
1.658		0.103938
1.659		0.103854
1.66		0.103771
1.661		0.103687
1.662		0.103604
1.663		0.10352
1.664		0.103437
1.665		0.103354
1.666		0.103271
1.667		0.103188
1.668		0.103105
1.669		0.103022
1.67		0.10294
1.671		0.102857
1.672		0.102775
1.673		0.102692
1.674		0.10261
1.675		0.102527
1.676		0.102445
1.677		0.102363
1.678		0.102281
1.679		0.102199
1.68		0.102118
1.681		0.102036
1.682		0.101954
1.683		0.101873
1.684		0.101791
1.685		0.10171
1.686		0.101628
1.687		0.101547
1.688		0.101466
1.689		0.101385
1.69		0.101304
1.691		0.101223
1.692		0.101142
1.693		0.101062
1.694		0.100981
1.695		0.100901
1.696		0.10082
1.697		0.10074
1.698		0.10066
1.699		0.100579
1.7		0.100499
1.701		0.100419
1.702		0.100339
1.703		0.100259
1.704		0.10018
1.705		0.1001
1.706		0.10002
1.707		0.0999409
1.708		0.0998615
1.709		0.0997822
1.71		0.0997029
1.711		0.0996237
1.712		0.0995447
1.713		0.0994657
1.714		0.0993867
1.715		0.0993079
1.716		0.0992291
1.717		0.0991505
1.718		0.0990719
1.719		0.0989934
1.72		0.098915
1.721		0.0988366
1.722		0.0987584
1.723		0.0986802
1.724		0.0986021
1.725		0.0985241
1.726		0.0984462
1.727		0.0983684
1.728		0.0982906
1.729		0.0982129
1.73		0.0981353
1.731		0.0980578
1.732		0.0979804
1.733		0.097903
1.734		0.0978258
1.735		0.0977486
1.736		0.0976715
1.737		0.0975945
1.738		0.0975175
1.739		0.0974407
1.74		0.0973639
1.741		0.0972872
1.742		0.0972106
1.743		0.097134
1.744		0.0970576
1.745		0.0969812
1.746		0.0969049
1.747		0.0968287
1.748		0.0967526
1.749		0.0966765
1.75		0.0966006
1.751		0.0965247
1.752		0.0964489
1.753		0.0963731
1.754		0.0962975
1.755		0.0962219
1.756		0.0961464
1.757		0.096071
1.758		0.0959957
1.759		0.0959204
1.76		0.0958452
1.761		0.0957701
1.762		0.0956951
1.763		0.0956202
1.764		0.0955453
1.765		0.0954705
1.766		0.0953958
1.767		0.0953212
1.768		0.0952467
1.769		0.0951722
1.77		0.0950978
1.771		0.0950235
1.772		0.0949493
1.773		0.0948751
1.774		0.094801
1.775		0.094727
1.776		0.0946531
1.777		0.0945793
1.778		0.0945055
1.779		0.0944318
1.78		0.0943582
1.781		0.0942847
1.782		0.0942112
1.783		0.0941378
1.784		0.0940645
1.785		0.0939913
1.786		0.0939181
1.787		0.0938451
1.788		0.0937721
1.789		0.0936991
1.79		0.0936263
1.791		0.0935535
1.792		0.0934808
1.793		0.0934082
1.794		0.0933357
1.795		0.0932632
1.796		0.0931908
1.797		0.0931185
1.798		0.0930463
1.799		0.0929741
1.8		0.092902
1.801		0.09283
1.802		0.0927581
1.803		0.0926862
1.804		0.0926145
1.805		0.0925427
1.806		0.0924711
1.807		0.0923996
1.808		0.0923281
1.809		0.0922567
1.81		0.0921853
1.811		0.0921141
1.812		0.0920429
1.813		0.0919718
1.814		0.0919007
1.815		0.0918298
1.816		0.0917589
1.817		0.0916881
1.818		0.0916173
1.819		0.0915467
1.82		0.0914761
1.821		0.0914055
1.822		0.0913351
1.823		0.0912647
1.824		0.0911944
1.825		0.0911242
1.826		0.091054
1.827		0.0909839
1.828		0.0909139
1.829		0.090844
1.83		0.0907741
1.831		0.0907044
1.832		0.0906346
1.833		0.090565
1.834		0.0904954
1.835		0.0904259
1.836		0.0903565
1.837		0.0902871
1.838		0.0902179
1.839		0.0901486
1.84		0.0900795
1.841		0.0900104
1.842		0.0899414
1.843		0.0898725
1.844		0.0898037
1.845		0.0897349
1.846		0.0896662
1.847		0.0895975
1.848		0.089529
1.849		0.0894605
1.85		0.089392
1.851		0.0893237
1.852		0.0892554
1.853		0.0891872
1.854		0.0891191
1.855		0.089051
1.856		0.088983
1.857		0.0889151
1.858		0.0888472
1.859		0.0887794
1.86		0.0887117
1.861		0.088644
1.862		0.0885765
1.863		0.0885089
1.864		0.0884415
1.865		0.0883741
1.866		0.0883068
1.867		0.0882396
1.868		0.0881724
1.869		0.0881054
1.87		0.0880383
1.871		0.0879714
1.872		0.0879045
1.873		0.0878377
1.874		0.0877709
1.875		0.0877043
1.876		0.0876377
1.877		0.0875711
1.878		0.0875047
1.879		0.0874382
1.88		0.0873719
1.881		0.0873057
1.882		0.0872395
1.883		0.0871733
1.884		0.0871073
1.885		0.0870413
1.886		0.0869754
1.887		0.0869095
1.888		0.0868437
1.889		0.086778
1.89		0.0867123
1.891		0.0866468
1.892		0.0865812
1.893		0.0865158
1.894		0.0864504
1.895		0.0863851
1.896		0.0863199
1.897		0.0862547
1.898		0.0861896
1.899		0.0861245
1.9		0.0860595
1.901		0.0859946
1.902		0.0859298
1.903		0.085865
1.904		0.0858003
1.905		0.0857356
1.906		0.0856711
1.907		0.0856065
1.908		0.0855421
1.909		0.0854777
1.91		0.0854134
1.911		0.0853492
1.912		0.085285
1.913		0.0852209
1.914		0.0851568
1.915		0.0850928
1.916		0.0850289
1.917		0.084965
1.918		0.0849013
1.919		0.0848375
1.92		0.0847739
1.921		0.0847103
1.922		0.0846468
1.923		0.0845833
1.924		0.0845199
1.925		0.0844566
1.926		0.0843933
1.927		0.0843301
1.928		0.084267
1.929		0.0842039
1.93		0.0841409
1.931		0.0840779
1.932		0.0840151
1.933		0.0839522
1.934		0.0838895
1.935		0.0838268
1.936		0.0837642
1.937		0.0837016
1.938		0.0836391
1.939		0.0835767
1.94		0.0835143
1.941		0.083452
1.942		0.0833898
1.943		0.0833276
1.944		0.0832655
1.945		0.0832034
1.946		0.0831414
1.947		0.0830795
1.948		0.0830177
1.949		0.0829559
1.95		0.0828941
1.951		0.0828325
1.952		0.0827709
1.953		0.0827093
1.954		0.0826478
1.955		0.0825864
1.956		0.082525
1.957		0.0824637
1.958		0.0824025
1.959		0.0823413
1.96		0.0822802
1.961		0.0822192
1.962		0.0821582
1.963		0.0820973
1.964		0.0820364
1.965		0.0819756
1.966		0.0819149
1.967		0.0818542
1.968		0.0817936
1.969		0.081733
1.97		0.0816726
1.971		0.0816121
1.972		0.0815518
1.973		0.0814915
1.974		0.0814312
1.975		0.081371
1.976		0.0813109
1.977		0.0812508
1.978		0.0811908
1.979		0.0811309
1.98		0.081071
1.981		0.0810112
1.982		0.0809514
1.983		0.0808917
1.984		0.0808321
1.985		0.0807725
1.986		0.080713
1.987		0.0806536
1.988		0.0805942
1.989		0.0805348
1.99		0.0804755
1.991		0.0804163
1.992		0.0803572
1.993		0.0802981
1.994		0.080239
1.995		0.0801801
1.996		0.0801211
1.997		0.0800623
1.998		0.0800035
1.999		0.0799448
2		0.0798861
2.001		0.0798275
2.002		0.0797689
2.003		0.0797104
2.004		0.0796519
2.005		0.0795936
2.006		0.0795352
2.007		0.079477
2.008		0.0794188
2.009		0.0793606
2.01		0.0793025
2.011		0.0792445
2.012		0.0791865
2.013		0.0791286
2.014		0.0790707
2.015		0.079013
2.016		0.0789552
2.017		0.0788975
2.018		0.0788399
2.019		0.0787823
2.02		0.0787248
2.021		0.0786674
2.022		0.07861
2.023		0.0785527
2.024		0.0784954
2.025		0.0784382
2.026		0.078381
2.027		0.0783239
2.028		0.0782668
2.029		0.0782099
2.03		0.0781529
2.031		0.078096
2.032		0.0780392
2.033		0.0779825
2.034		0.0779258
2.035		0.0778691
2.036		0.0778125
2.037		0.077756
2.038		0.0776995
2.039		0.0776431
2.04		0.0775867
2.041		0.0775304
2.042		0.0774742
2.043		0.077418
2.044		0.0773618
2.045		0.0773057
2.046		0.0772497
2.047		0.0771938
2.048		0.0771378
2.049		0.077082
2.05		0.0770262
2.051		0.0769704
2.052		0.0769147
2.053		0.0768591
2.054		0.0768035
2.055		0.076748
2.056		0.0766925
2.057		0.0766371
2.058		0.0765818
2.059		0.0765265
2.06		0.0764712
2.061		0.076416
2.062		0.0763609
2.063		0.0763058
2.064		0.0762508
2.065		0.0761958
2.066		0.0761409
2.067		0.076086
2.068		0.0760312
2.069		0.0759765
2.07		0.0759218
2.071		0.0758671
2.072		0.0758125
2.073		0.075758
2.074		0.0757035
2.075		0.0756491
2.076		0.0755947
2.077		0.0755404
2.078		0.0754861
2.079		0.0754319
2.08		0.0753777
2.081		0.0753236
2.082		0.0752696
2.083		0.0752156
2.084		0.0751617
2.085		0.0751078
2.086		0.0750539
2.087		0.0750001
2.088		0.0749464
2.089		0.0748927
2.09		0.0748391
2.091		0.0747856
2.092		0.074732
2.093		0.0746786
2.094		0.0746252
2.095		0.0745718
2.096		0.0745185
2.097		0.0744653
2.098		0.0744121
2.099		0.0743589
2.1		0.0743058
2.101		0.0742528
2.102		0.0741998
2.103		0.0741469
2.104		0.074094
2.105		0.0740411
2.106		0.0739884
2.107		0.0739356
2.108		0.073883
2.109		0.0738303
2.11		0.0737778
2.111		0.0737252
2.112		0.0736728
2.113		0.0736204
2.114		0.073568
2.115		0.0735157
2.116		0.0734634
2.117		0.0734112
2.118		0.0733591
2.119		0.073307
2.12		0.0732549
2.121		0.0732029
2.122		0.073151
2.123		0.0730991
2.124		0.0730472
2.125		0.0729954
2.126		0.0729437
2.127		0.072892
2.128		0.0728403
2.129		0.0727887
2.13		0.0727372
2.131		0.0726857
2.132		0.0726343
2.133		0.0725829
2.134		0.0725315
2.135		0.0724802
2.136		0.072429
2.137		0.0723778
2.138		0.0723267
2.139		0.0722756
2.14		0.0722245
2.141		0.0721736
2.142		0.0721226
2.143		0.0720717
2.144		0.0720209
2.145		0.0719701
2.146		0.0719194
2.147		0.0718687
2.148		0.071818
2.149		0.0717674
2.15		0.0717169
2.151		0.0716664
2.152		0.071616
2.153		0.0715656
2.154		0.0715152
2.155		0.0714649
2.156		0.0714147
2.157		0.0713645
2.158		0.0713144
2.159		0.0712643
2.16		0.0712142
2.161		0.0711642
2.162		0.0711143
2.163		0.0710644
2.164		0.0710145
2.165		0.0709647
2.166		0.070915
2.167		0.0708652
2.168		0.0708156
2.169		0.070766
2.17		0.0707164
2.171		0.0706669
2.172		0.0706174
2.173		0.070568
2.174		0.0705187
2.175		0.0704693
2.176		0.0704201
2.177		0.0703708
2.178		0.0703217
2.179		0.0702725
2.18		0.0702235
2.181		0.0701744
2.182		0.0701254
2.183		0.0700765
2.184		0.0700276
2.185		0.0699788
2.186		0.06993
2.187		0.0698812
2.188		0.0698325
2.189		0.0697839
2.19		0.0697353
2.191		0.0696867
2.192		0.0696382
2.193		0.0695898
2.194		0.0695413
2.195		0.069493
2.196		0.0694446
2.197		0.0693964
2.198		0.0693481
2.199		0.0693
2.2		0.0692518
2.201		0.0692037
2.202		0.0691557
2.203		0.0691077
2.204		0.0690598
2.205		0.0690119
2.206		0.068964
2.207		0.0689162
2.208		0.0688684
2.209		0.0688207
2.21		0.068773
2.211		0.0687254
2.212		0.0686778
2.213		0.0686303
2.214		0.0685828
2.215		0.0685354
2.216		0.068488
2.217		0.0684406
2.218		0.0683933
2.219		0.0683461
2.22		0.0682989
2.221		0.0682517
2.222		0.0682046
2.223		0.0681575
2.224		0.0681105
2.225		0.0680635
2.226		0.0680166
2.227		0.0679697
2.228		0.0679228
2.229		0.067876
2.23		0.0678293
2.231		0.0677825
2.232		0.0677359
2.233		0.0676893
2.234		0.0676427
2.235		0.0675961
2.236		0.0675497
2.237		0.0675032
2.238		0.0674568
2.239		0.0674105
2.24		0.0673641
2.241		0.0673179
2.242		0.0672717
2.243		0.0672255
2.244		0.0671794
2.245		0.0671333
2.246		0.0670872
2.247		0.0670412
2.248		0.0669953
2.249		0.0669494
2.25		0.0669035
2.251		0.0668577
2.252		0.0668119
2.253		0.0667662
2.254		0.0667205
2.255		0.0666748
2.256		0.0666292
2.257		0.0665837
2.258		0.0665381
2.259		0.0664927
2.26		0.0664472
2.261		0.0664018
2.262		0.0663565
2.263		0.0663112
2.264		0.066266
2.265		0.0662207
2.266		0.0661756
2.267		0.0661304
2.268		0.0660854
2.269		0.0660403
2.27		0.0659953
2.271		0.0659504
2.272		0.0659055
2.273		0.0658606
2.274		0.0658158
2.275		0.065771
2.276		0.0657263
2.277		0.0656816
2.278		0.0656369
2.279		0.0655923
2.28		0.0655477
2.281		0.0655032
2.282		0.0654587
2.283		0.0654143
2.284		0.0653699
2.285		0.0653255
2.286		0.0652812
2.287		0.0652369
2.288		0.0651927
2.289		0.0651485
2.29		0.0651044
2.291		0.0650603
2.292		0.0650162
2.293		0.0649722
2.294		0.0649282
2.295		0.0648843
2.296		0.0648404
2.297		0.0647965
2.298		0.0647527
2.299		0.0647089
2.3		0.0646652
2.301		0.0646215
2.302		0.0645779
2.303		0.0645343
2.304		0.0644907
2.305		0.0644472
2.306		0.0644037
2.307		0.0643603
2.308		0.0643169
2.309		0.0642735
2.31		0.0642302
2.311		0.0641869
2.312		0.0641437
2.313		0.0641005
2.314		0.0640573
2.315		0.0640142
2.316		0.0639712
2.317		0.0639281
2.318		0.0638851
2.319		0.0638422
2.32		0.0637993
2.321		0.0637564
2.322		0.0637136
2.323		0.0636708
2.324		0.0636281
2.325		0.0635854
2.326		0.0635427
2.327		0.0635001
2.328		0.0634575
2.329		0.0634149
2.33		0.0633724
2.331		0.06333
2.332		0.0632876
2.333		0.0632452
2.334		0.0632028
2.335		0.0631605
2.336		0.0631183
2.337		0.063076
2.338		0.0630338
2.339		0.0629917
2.34		0.0629496
2.341		0.0629075
2.342		0.0628655
2.343		0.0628235
2.344		0.0627816
2.345		0.0627397
2.346		0.0626978
2.347		0.062656
2.348		0.0626142
2.349		0.0625724
2.35		0.0625307
2.351		0.062489
2.352		0.0624474
2.353		0.0624058
2.354		0.0623643
2.355		0.0623227
2.356		0.0622813
2.357		0.0622398
2.358		0.0621984
2.359		0.0621571
2.36		0.0621158
2.361		0.0620745
2.362		0.0620332
2.363		0.061992
2.364		0.0619509
2.365		0.0619097
2.366		0.0618686
2.367		0.0618276
2.368		0.0617866
2.369		0.0617456
2.37		0.0617047
2.371		0.0616638
2.372		0.0616229
2.373		0.0615821
2.374		0.0615413
2.375		0.0615006
2.376		0.0614598
2.377		0.0614192
2.378		0.0613785
2.379		0.061338
2.38		0.0612974
2.381		0.0612569
2.382		0.0612164
2.383		0.061176
2.384		0.0611356
2.385		0.0610952
2.386		0.0610549
2.387		0.0610146
2.388		0.0609743
2.389		0.0609341
2.39		0.0608939
2.391		0.0608538
2.392		0.0608137
2.393		0.0607736
2.394		0.0607336
2.395		0.0606936
2.396		0.0606536
2.397		0.0606137
2.398		0.0605738
2.399		0.060534
2.4		0.0604942
2.401		0.0604544
2.402		0.0604147
2.403		0.060375
2.404		0.0603353
2.405		0.0602957
2.406		0.0602561
2.407		0.0602165
2.408		0.060177
2.409		0.0601376
2.41		0.0600981
2.411		0.0600587
2.412		0.0600194
2.413		0.05998
2.414		0.0599407
2.415		0.0599015
2.416		0.0598622
2.417		0.0598231
2.418		0.0597839
2.419		0.0597448
2.42		0.0597057
2.421		0.0596667
2.422		0.0596277
2.423		0.0595887
2.424		0.0595498
2.425		0.0595109
2.426		0.059472
2.427		0.0594332
2.428		0.0593944
2.429		0.0593557
2.43		0.0593169
2.431		0.0592783
2.432		0.0592396
2.433		0.059201
2.434		0.0591624
2.435		0.0591239
2.436		0.0590854
2.437		0.0590469
2.438		0.0590085
2.439		0.0589701
2.44		0.0589317
2.441		0.0588934
2.442		0.0588551
2.443		0.0588169
2.444		0.0587786
2.445		0.0587405
2.446		0.0587023
2.447		0.0586642
2.448		0.0586261
2.449		0.0585881
2.45		0.0585501
2.451		0.0585121
2.452		0.0584741
2.453		0.0584362
2.454		0.0583984
2.455		0.0583605
2.456		0.0583227
2.457		0.058285
2.458		0.0582472
2.459		0.0582095
2.46		0.0581719
2.461		0.0581342
2.462		0.0580967
2.463		0.0580591
2.464		0.0580216
2.465		0.0579841
2.466		0.0579466
2.467		0.0579092
2.468		0.0578718
2.469		0.0578345
2.47		0.0577971
2.471		0.0577599
2.472		0.0577226
2.473		0.0576854
2.474		0.0576482
2.475		0.0576111
2.476		0.0575739
2.477		0.0575369
2.478		0.0574998
2.479		0.0574628
2.48		0.0574258
2.481		0.0573889
2.482		0.057352
2.483		0.0573151
2.484		0.0572782
2.485		0.0572414
2.486		0.0572046
2.487		0.0571679
2.488		0.0571312
2.489		0.0570945
2.49		0.0570579
2.491		0.0570213
2.492		0.0569847
2.493		0.0569481
2.494		0.0569116
2.495		0.0568751
2.496		0.0568387
2.497		0.0568023
2.498		0.0567659
2.499		0.0567296
2.5		0.0566933
2.501		0.056657
2.502		0.0566207
2.503		0.0565845
2.504		0.0565483
2.505		0.0565122
2.506		0.0564761
2.507		0.05644
2.508		0.0564039
2.509		0.0563679
2.51		0.0563319
2.511		0.056296
2.512		0.0562601
2.513		0.0562242
2.514		0.0561883
2.515		0.0561525
2.516		0.0561167
2.517		0.056081
2.518		0.0560452
2.519		0.0560095
2.52		0.0559739
2.521		0.0559383
2.522		0.0559027
2.523		0.0558671
2.524		0.0558316
2.525		0.0557961
2.526		0.0557606
2.527		0.0557252
2.528		0.0556898
2.529		0.0556544
2.53		0.055619
2.531		0.0555837
2.532		0.0555485
2.533		0.0555132
2.534		0.055478
2.535		0.0554428
2.536		0.0554077
2.537		0.0553726
2.538		0.0553375
2.539		0.0553024
2.54		0.0552674
2.541		0.0552324
2.542		0.0551975
2.543		0.0551625
2.544		0.0551276
2.545		0.0550928
2.546		0.0550579
2.547		0.0550231
2.548		0.0549884
2.549		0.0549536
2.55		0.0549189
2.551		0.0548842
2.552		0.0548496
2.553		0.054815
2.554		0.0547804
2.555		0.0547458
2.556		0.0547113
2.557		0.0546768
2.558		0.0546424
2.559		0.0546079
2.56		0.0545735
2.561		0.0545392
2.562		0.0545048
2.563		0.0544705
2.564		0.0544363
2.565		0.054402
2.566		0.0543678
2.567		0.0543336
2.568		0.0542995
2.569		0.0542653
2.57		0.0542312
2.571		0.0541972
2.572		0.0541632
2.573		0.0541292
2.574		0.0540952
2.575		0.0540612
2.576		0.0540273
2.577		0.0539935
2.578		0.0539596
2.579		0.0539258
2.58		0.053892
2.581		0.0538582
2.582		0.0538245
2.583		0.0537908
2.584		0.0537571
2.585		0.0537235
2.586		0.0536899
2.587		0.0536563
2.588		0.0536228
2.589		0.0535893
2.59		0.0535558
2.591		0.0535223
2.592		0.0534889
2.593		0.0534555
2.594		0.0534221
2.595		0.0533888
2.596		0.0533555
2.597		0.0533222
2.598		0.0532889
2.599		0.0532557
2.6		0.0532225
2.601		0.0531894
2.602		0.0531562
2.603		0.0531231
2.604		0.05309
2.605		0.053057
2.606		0.053024
2.607		0.052991
2.608		0.052958
2.609		0.0529251
2.61		0.0528922
2.611		0.0528593
2.612		0.0528265
2.613		0.0527937
2.614		0.0527609
2.615		0.0527282
2.616		0.0526954
2.617		0.0526627
2.618		0.0526301
2.619		0.0525974
2.62		0.0525648
2.621		0.0525323
2.622		0.0524997
2.623		0.0524672
2.624		0.0524347
2.625		0.0524022
2.626		0.0523698
2.627		0.0523374
2.628		0.052305
2.629		0.0522726
2.63		0.0522403
2.631		0.052208
2.632		0.0521758
2.633		0.0521435
2.634		0.0521113
2.635		0.0520791
2.636		0.052047
2.637		0.0520149
2.638		0.0519828
2.639		0.0519507
2.64		0.0519187
2.641		0.0518867
2.642		0.0518547
2.643		0.0518227
2.644		0.0517908
2.645		0.0517589
2.646		0.051727
2.647		0.0516952
2.648		0.0516634
2.649		0.0516316
2.65		0.0515998
2.651		0.0515681
2.652		0.0515364
2.653		0.0515047
2.654		0.0514731
2.655		0.0514415
2.656		0.0514099
2.657		0.0513783
2.658		0.0513468
2.659		0.0513153
2.66		0.0512838
2.661		0.0512523
2.662		0.0512209
2.663		0.0511895
2.664		0.0511581
2.665		0.0511268
2.666		0.0510955
2.667		0.0510642
2.668		0.0510329
2.669		0.0510017
2.67		0.0509705
2.671		0.0509393
2.672		0.0509082
2.673		0.0508771
2.674		0.050846
2.675		0.0508149
2.676		0.0507838
2.677		0.0507528
2.678		0.0507218
2.679		0.0506909
2.68		0.0506599
2.681		0.050629
2.682		0.0505982
2.683		0.0505673
2.684		0.0505365
2.685		0.0505057
2.686		0.0504749
2.687		0.0504442
2.688		0.0504134
2.689		0.0503827
2.69		0.0503521
2.691		0.0503214
2.692		0.0502908
2.693		0.0502602
2.694		0.0502297
2.695		0.0501992
2.696		0.0501686
2.697		0.0501382
2.698		0.0501077
2.699		0.0500773
2.7		0.0500469
2.701		0.0500165
2.702		0.0499862
2.703		0.0499558
2.704		0.0499256
2.705		0.0498953
2.706		0.049865
2.707		0.0498348
2.708		0.0498046
2.709		0.0497745
2.71		0.0497443
2.711		0.0497142
2.712		0.0496841
2.713		0.0496541
2.714		0.049624
2.715		0.049594
2.716		0.0495641
2.717		0.0495341
2.718		0.0495042
2.719		0.0494743
2.72		0.0494444
2.721		0.0494145
2.722		0.0493847
2.723		0.0493549
2.724		0.0493251
2.725		0.0492954
2.726		0.0492657
2.727		0.049236
2.728		0.0492063
2.729		0.0491766
2.73		0.049147
2.731		0.0491174
2.732		0.0490879
2.733		0.0490583
2.734		0.0490288
2.735		0.0489993
2.736		0.0489698
2.737		0.0489404
2.738		0.048911
2.739		0.0488816
2.74		0.0488522
2.741		0.0488229
2.742		0.0487936
2.743		0.0487643
2.744		0.048735
2.745		0.0487058
2.746		0.0486765
2.747		0.0486474
2.748		0.0486182
2.749		0.0485891
2.75		0.0485599
2.751		0.0485308
2.752		0.0485018
2.753		0.0484727
2.754		0.0484437
2.755		0.0484147
2.756		0.0483858
2.757		0.0483568
2.758		0.0483279
2.759		0.048299
2.76		0.0482702
2.761		0.0482413
2.762		0.0482125
2.763		0.0481837
2.764		0.0481549
2.765		0.0481262
2.766		0.0480975
2.767		0.0480688
2.768		0.0480401
2.769		0.0480115
2.77		0.0479828
2.771		0.0479543
2.772		0.0479257
2.773		0.0478971
2.774		0.0478686
2.775		0.0478401
2.776		0.0478116
2.777		0.0477832
2.778		0.0477548
2.779		0.0477264
2.78		0.047698
2.781		0.0476696
2.782		0.0476413
2.783		0.047613
2.784		0.0475847
2.785		0.0475565
2.786		0.0475282
2.787		0.0475
2.788		0.0474718
2.789		0.0474437
2.79		0.0474155
2.791		0.0473874
2.792		0.0473593
2.793		0.0473313
2.794		0.0473032
2.795		0.0472752
2.796		0.0472472
2.797		0.0472193
2.798		0.0471913
2.799		0.0471634
2.8		0.0471355
2.801		0.0471076
2.802		0.0470798
2.803		0.0470519
2.804		0.0470241
2.805		0.0469964
2.806		0.0469686
2.807		0.0469409
2.808		0.0469132
2.809		0.0468855
2.81		0.0468578
2.811		0.0468302
2.812		0.0468026
2.813		0.046775
2.814		0.0467474
2.815		0.0467198
2.816		0.0466923
2.817		0.0466648
2.818		0.0466373
2.819		0.0466099
2.82		0.0465825
2.821		0.0465551
2.822		0.0465277
2.823		0.0465003
2.824		0.046473
2.825		0.0464457
2.826		0.0464184
2.827		0.0463911
2.828		0.0463639
2.829		0.0463366
2.83		0.0463094
2.831		0.0462823
2.832		0.0462551
2.833		0.046228
2.834		0.0462009
2.835		0.0461738
2.836		0.0461467
2.837		0.0461197
2.838		0.0460927
2.839		0.0460657
2.84		0.0460387
2.841		0.0460118
2.842		0.0459848
2.843		0.0459579
2.844		0.0459311
2.845		0.0459042
2.846		0.0458774
2.847		0.0458506
2.848		0.0458238
2.849		0.045797
2.85		0.0457703
2.851		0.0457435
2.852		0.0457168
2.853		0.0456902
2.854		0.0456635
2.855		0.0456369
2.856		0.0456103
2.857		0.0455837
2.858		0.0455571
2.859		0.0455306
2.86		0.045504
2.861		0.0454775
2.862		0.0454511
2.863		0.0454246
2.864		0.0453982
2.865		0.0453718
2.866		0.0453454
2.867		0.045319
2.868		0.0452927
2.869		0.0452663
2.87		0.04524
2.871		0.0452138
2.872		0.0451875
2.873		0.0451613
2.874		0.0451351
2.875		0.0451089
2.876		0.0450827
2.877		0.0450566
2.878		0.0450304
2.879		0.0450043
2.88		0.0449782
2.881		0.0449522
2.882		0.0449262
2.883		0.0449001
2.884		0.0448741
2.885		0.0448482
2.886		0.0448222
2.887		0.0447963
2.888		0.0447704
2.889		0.0447445
2.89		0.0447186
2.891		0.0446928
2.892		0.044667
2.893		0.0446412
2.894		0.0446154
2.895		0.0445896
2.896		0.0445639
2.897		0.0445382
2.898		0.0445125
2.899		0.0444868
2.9		0.0444612
2.901		0.0444355
2.902		0.0444099
2.903		0.0443843
2.904		0.0443588
2.905		0.0443332
2.906		0.0443077
2.907		0.0442822
2.908		0.0442567
2.909		0.0442312
2.91		0.0442058
2.911		0.0441804
2.912		0.044155
2.913		0.0441296
2.914		0.0441043
2.915		0.0440789
2.916		0.0440536
2.917		0.0440283
2.918		0.0440031
2.919		0.0439778
2.92		0.0439526
2.921		0.0439274
2.922		0.0439022
2.923		0.043877
2.924		0.0438519
2.925		0.0438267
2.926		0.0438016
2.927		0.0437765
2.928		0.0437515
2.929		0.0437264
2.93		0.0437014
2.931		0.0436764
2.932		0.0436514
2.933		0.0436265
2.934		0.0436015
2.935		0.0435766
2.936		0.0435517
2.937		0.0435268
2.938		0.043502
2.939		0.0434771
2.94		0.0434523
2.941		0.0434275
2.942		0.0434028
2.943		0.043378
2.944		0.0433533
2.945		0.0433286
2.946		0.0433039
2.947		0.0432792
2.948		0.0432545
2.949		0.0432299
2.95		0.0432053
2.951		0.0431807
2.952		0.0431561
2.953		0.0431316
2.954		0.043107
2.955		0.0430825
2.956		0.043058
2.957		0.0430336
2.958		0.0430091
2.959		0.0429847
2.96		0.0429603
2.961		0.0429359
2.962		0.0429115
2.963		0.0428871
2.964		0.0428628
2.965		0.0428385
2.966		0.0428142
2.967		0.0427899
2.968		0.0427657
2.969		0.0427414
2.97		0.0427172
2.971		0.042693
2.972		0.0426689
2.973		0.0426447
2.974		0.0426206
2.975		0.0425965
2.976		0.0425724
2.977		0.0425483
2.978		0.0425242
2.979		0.0425002
2.98		0.0424762
2.981		0.0424522
2.982		0.0424282
2.983		0.0424042
2.984		0.0423803
2.985		0.0423564
2.986		0.0423325
2.987		0.0423086
2.988		0.0422847
2.989		0.0422609
2.99		0.0422371
2.991		0.0422133
2.992		0.0421895
2.993		0.0421657
2.994		0.042142
2.995		0.0421183
2.996		0.0420946
2.997		0.0420709
2.998		0.0420472
2.999		0.0420236
3		0.0419999
3.001		0.0419763
3.002		0.0419527
3.003		0.0419291
3.004		0.0419056
3.005		0.0418821
3.006		0.0418585
3.007		0.0418351
3.008		0.0418116
3.009		0.0417881
3.01		0.0417647
3.011		0.0417413
3.012		0.0417179
3.013		0.0416945
3.014		0.0416711
3.015		0.0416478
3.016		0.0416245
3.017		0.0416011
3.018		0.0415779
3.019		0.0415546
3.02		0.0415313
3.021		0.0415081
3.022		0.0414849
3.023		0.0414617
3.024		0.0414385
3.025		0.0414154
3.026		0.0413922
3.027		0.0413691
3.028		0.041346
3.029		0.0413229
3.03		0.0412999
3.031		0.0412768
3.032		0.0412538
3.033		0.0412308
3.034		0.0412078
3.035		0.0411848
3.036		0.0411619
3.037		0.041139
3.038		0.041116
3.039		0.0410931
3.04		0.0410703
3.041		0.0410474
3.042		0.0410246
3.043		0.0410018
3.044		0.0409789
3.045		0.0409562
3.046		0.0409334
3.047		0.0409106
3.048		0.0408879
3.049		0.0408652
3.05		0.0408425
3.051		0.0408198
3.052		0.0407972
3.053		0.0407745
3.054		0.0407519
3.055		0.0407293
3.056		0.0407067
3.057		0.0406842
3.058		0.0406616
3.059		0.0406391
3.06		0.0406166
3.061		0.0405941
3.062		0.0405716
3.063		0.0405491
3.064		0.0405267
3.065		0.0405043
3.066		0.0404819
3.067		0.0404595
3.068		0.0404371
3.069		0.0404148
3.07		0.0403924
3.071		0.0403701
3.072		0.0403478
3.073		0.0403255
3.074		0.0403033
3.075		0.040281
3.076		0.0402588
3.077		0.0402366
3.078		0.0402144
3.079		0.0401922
3.08		0.0401701
3.081		0.0401479
3.082		0.0401258
3.083		0.0401037
3.084		0.0400816
3.085		0.0400596
3.086		0.0400375
3.087		0.0400155
3.088		0.0399935
3.089		0.0399715
3.09		0.0399495
3.091		0.0399275
3.092		0.0399056
3.093		0.0398836
3.094		0.0398617
3.095		0.0398398
3.096		0.039818
3.097		0.0397961
3.098		0.0397743
3.099		0.0397524
3.1		0.0397306
3.101		0.0397088
3.102		0.0396871
3.103		0.0396653
3.104		0.0396436
3.105		0.0396219
3.106		0.0396002
3.107		0.0395785
3.108		0.0395568
3.109		0.0395352
3.11		0.0395135
3.111		0.0394919
3.112		0.0394703
3.113		0.0394487
3.114		0.0394272
3.115		0.0394056
3.116		0.0393841
3.117		0.0393626
3.118		0.0393411
3.119		0.0393196
3.12		0.0392981
3.121		0.0392767
3.122		0.0392552
3.123		0.0392338
3.124		0.0392124
3.125		0.0391911
3.126		0.0391697
3.127		0.0391484
3.128		0.039127
3.129		0.0391057
3.13		0.0390844
3.131		0.0390631
3.132		0.0390419
3.133		0.0390206
3.134		0.0389994
3.135		0.0389782
3.136		0.038957
3.137		0.0389358
3.138		0.0389147
3.139		0.0388935
3.14		0.0388724
3.141		0.0388513
3.142		0.0388302
3.143		0.0388091
3.144		0.0387881
3.145		0.038767
3.146		0.038746
3.147		0.038725
3.148		0.038704
3.149		0.038683
3.15		0.038662
3.151		0.0386411
3.152		0.0386202
3.153		0.0385992
3.154		0.0385784
3.155		0.0385575
3.156		0.0385366
3.157		0.0385158
3.158		0.0384949
3.159		0.0384741
3.16		0.0384533
3.161		0.0384325
3.162		0.0384118
3.163		0.038391
3.164		0.0383703
3.165		0.0383496
3.166		0.0383289
3.167		0.0383082
3.168		0.0382875
3.169		0.0382669
3.17		0.0382462
3.171		0.0382256
3.172		0.038205
3.173		0.0381844
3.174		0.0381638
3.175		0.0381433
3.176		0.0381228
3.177		0.0381022
3.178		0.0380817
3.179		0.0380612
3.18		0.0380408
3.181		0.0380203
3.182		0.0379999
3.183		0.0379794
3.184		0.037959
3.185		0.0379386
3.186		0.0379182
3.187		0.0378979
3.188		0.0378775
3.189		0.0378572
3.19		0.0378369
3.191		0.0378166
3.192		0.0377963
3.193		0.037776
3.194		0.0377558
3.195		0.0377355
3.196		0.0377153
3.197		0.0376951
3.198		0.0376749
3.199		0.0376547
3.2		0.0376346
3.201		0.0376144
3.202		0.0375943
3.203		0.0375742
3.204		0.0375541
3.205		0.037534
3.206		0.0375139
3.207		0.0374939
3.208		0.0374739
3.209		0.0374538
3.21		0.0374338
3.211		0.0374139
3.212		0.0373939
3.213		0.0373739
3.214		0.037354
3.215		0.0373341
3.216		0.0373141
3.217		0.0372943
3.218		0.0372744
3.219		0.0372545
3.22		0.0372347
3.221		0.0372148
3.222		0.037195
3.223		0.0371752
3.224		0.0371554
3.225		0.0371356
3.226		0.0371159
3.227		0.0370961
3.228		0.0370764
3.229		0.0370567
3.23		0.037037
3.231		0.0370173
3.232		0.0369977
3.233		0.036978
3.234		0.0369584
3.235		0.0369388
3.236		0.0369191
3.237		0.0368996
3.238		0.03688
3.239		0.0368604
3.24		0.0368409
3.241		0.0368213
3.242		0.0368018
3.243		0.0367823
3.244		0.0367628
3.245		0.0367434
3.246		0.0367239
3.247		0.0367045
3.248		0.0366851
3.249		0.0366656
3.25		0.0366462
3.251		0.0366269
3.252		0.0366075
3.253		0.0365882
3.254		0.0365688
3.255		0.0365495
3.256		0.0365302
3.257		0.0365109
3.258		0.0364916
3.259		0.0364724
3.26		0.0364531
3.261		0.0364339
3.262		0.0364147
3.263		0.0363955
3.264		0.0363763
3.265		0.0363571
3.266		0.0363379
3.267		0.0363188
3.268		0.0362997
3.269		0.0362805
3.27		0.0362614
3.271		0.0362424
3.272		0.0362233
3.273		0.0362042
3.274		0.0361852
3.275		0.0361662
3.276		0.0361471
3.277		0.0361282
3.278		0.0361092
3.279		0.0360902
3.28		0.0360712
3.281		0.0360523
3.282		0.0360334
3.283		0.0360145
3.284		0.0359956
3.285		0.0359767
3.286		0.0359578
3.287		0.035939
3.288		0.0359201
3.289		0.0359013
3.29		0.0358825
3.291		0.0358637
3.292		0.0358449
3.293		0.0358261
3.294		0.0358074
3.295		0.0357886
3.296		0.0357699
3.297		0.0357512
3.298		0.0357325
3.299		0.0357138
3.3		0.0356952
3.301		0.0356765
3.302		0.0356579
3.303		0.0356392
3.304		0.0356206
3.305		0.035602
3.306		0.0355834
3.307		0.0355649
3.308		0.0355463
3.309		0.0355278
3.31		0.0355093
3.311		0.0354907
3.312		0.0354722
3.313		0.0354538
3.314		0.0354353
3.315		0.0354168
3.316		0.0353984
3.317		0.03538
3.318		0.0353615
3.319		0.0353431
3.32		0.0353247
3.321		0.0353064
3.322		0.035288
3.323		0.0352697
3.324		0.0352513
3.325		0.035233
3.326		0.0352147
3.327		0.0351964
3.328		0.0351781
3.329		0.0351599
3.33		0.0351416
3.331		0.0351234
3.332		0.0351052
3.333		0.035087
3.334		0.0350688
3.335		0.0350506
3.336		0.0350324
3.337		0.0350143
3.338		0.0349961
3.339		0.034978
3.34		0.0349599
3.341		0.0349418
3.342		0.0349237
3.343		0.0349056
3.344		0.0348876
3.345		0.0348695
3.346		0.0348515
3.347		0.0348335
3.348		0.0348155
3.349		0.0347975
3.35		0.0347795
3.351		0.0347616
3.352		0.0347436
3.353		0.0347257
3.354		0.0347078
3.355		0.0346898
3.356		0.0346719
3.357		0.0346541
3.358		0.0346362
3.359		0.0346183
3.36		0.0346005
3.361		0.0345827
3.362		0.0345649
3.363		0.0345471
3.364		0.0345293
3.365		0.0345115
3.366		0.0344937
3.367		0.034476
3.368		0.0344582
3.369		0.0344405
3.37		0.0344228
3.371		0.0344051
3.372		0.0343874
3.373		0.0343698
3.374		0.0343521
3.375		0.0343345
3.376		0.0343168
3.377		0.0342992
3.378		0.0342816
3.379		0.034264
3.38		0.0342465
3.381		0.0342289
3.382		0.0342113
3.383		0.0341938
3.384		0.0341763
3.385		0.0341588
3.386		0.0341413
3.387		0.0341238
3.388		0.0341063
3.389		0.0340889
3.39		0.0340714
3.391		0.034054
3.392		0.0340366
3.393		0.0340191
3.394		0.0340018
3.395		0.0339844
3.396		0.033967
3.397		0.0339496
3.398		0.0339323
3.399		0.033915
3.4		0.0338977
3.401		0.0338804
3.402		0.0338631
3.403		0.0338458
3.404		0.0338285
3.405		0.0338113
3.406		0.033794
3.407		0.0337768
3.408		0.0337596
3.409		0.0337424
3.41		0.0337252
3.411		0.033708
3.412		0.0336909
3.413		0.0336737
3.414		0.0336566
3.415		0.0336394
3.416		0.0336223
3.417		0.0336052
3.418		0.0335881
3.419		0.0335711
3.42		0.033554
3.421		0.033537
3.422		0.0335199
3.423		0.0335029
3.424		0.0334859
3.425		0.0334689
3.426		0.0334519
3.427		0.0334349
3.428		0.033418
3.429		0.033401
3.43		0.0333841
3.431		0.0333672
3.432		0.0333503
3.433		0.0333334
3.434		0.0333165
3.435		0.0332996
3.436		0.0332827
3.437		0.0332659
3.438		0.033249
3.439		0.0332322
3.44		0.0332154
3.441		0.0331986
3.442		0.0331818
3.443		0.0331651
3.444		0.0331483
3.445		0.0331315
3.446		0.0331148
3.447		0.0330981
3.448		0.0330814
3.449		0.0330647
3.45		0.033048
3.451		0.0330313
3.452		0.0330146
3.453		0.032998
3.454		0.0329813
3.455		0.0329647
3.456		0.0329481
3.457		0.0329315
3.458		0.0329149
3.459		0.0328983
3.46		0.0328818
3.461		0.0328652
3.462		0.0328487
3.463		0.0328321
3.464		0.0328156
3.465		0.0327991
3.466		0.0327826
3.467		0.0327661
3.468		0.0327497
3.469		0.0327332
3.47		0.0327168
3.471		0.0327003
3.472		0.0326839
3.473		0.0326675
3.474		0.0326511
3.475		0.0326347
3.476		0.0326184
3.477		0.032602
3.478		0.0325856
3.479		0.0325693
3.48		0.032553
3.481		0.0325367
3.482		0.0325204
3.483		0.0325041
3.484		0.0324878
3.485		0.0324715
3.486		0.0324553
3.487		0.032439
3.488		0.0324228
3.489		0.0324066
3.49		0.0323904
3.491		0.0323742
3.492		0.032358
3.493		0.0323418
3.494		0.0323257
3.495		0.0323095
3.496		0.0322934
3.497		0.0322773
3.498		0.0322612
3.499		0.0322451
3.5		0.032229
3.501		0.0322129
3.502		0.0321968
3.503		0.0321808
3.504		0.0321647
3.505		0.0321487
3.506		0.0321327
3.507		0.0321167
3.508		0.0321007
3.509		0.0320847
3.51		0.0320687
3.511		0.0320528
3.512		0.0320368
3.513		0.0320209
3.514		0.032005
3.515		0.031989
3.516		0.0319731
3.517		0.0319573
3.518		0.0319414
3.519		0.0319255
3.52		0.0319096
3.521		0.0318938
3.522		0.031878
3.523		0.0318621
3.524		0.0318463
3.525		0.0318305
3.526		0.0318147
3.527		0.031799
3.528		0.0317832
3.529		0.0317675
3.53		0.0317517
3.531		0.031736
3.532		0.0317203
3.533		0.0317046
3.534		0.0316889
3.535		0.0316732
3.536		0.0316575
3.537		0.0316418
3.538		0.0316262
3.539		0.0316105
3.54		0.0315949
3.541		0.0315793
3.542		0.0315637
3.543		0.0315481
3.544		0.0315325
3.545		0.0315169
3.546		0.0315014
3.547		0.0314858
3.548		0.0314703
3.549		0.0314548
3.55		0.0314392
3.551		0.0314237
3.552		0.0314082
3.553		0.0313928
3.554		0.0313773
3.555		0.0313618
3.556		0.0313464
3.557		0.0313309
3.558		0.0313155
3.559		0.0313001
3.56		0.0312847
3.561		0.0312693
3.562		0.0312539
3.563		0.0312385
3.564		0.0312232
3.565		0.0312078
3.566		0.0311925
3.567		0.0311772
3.568		0.0311618
3.569		0.0311465
3.57		0.0311312
3.571		0.031116
3.572		0.0311007
3.573		0.0310854
3.574		0.0310702
3.575		0.0310549
3.576		0.0310397
3.577		0.0310245
3.578		0.0310093
3.579		0.0309941
3.58		0.0309789
3.581		0.0309637
3.582		0.0309486
3.583		0.0309334
3.584		0.0309183
3.585		0.0309031
3.586		0.030888
3.587		0.0308729
3.588		0.0308578
3.589		0.0308427
3.59		0.0308276
3.591		0.0308126
3.592		0.0307975
3.593		0.0307825
3.594		0.0307674
3.595		0.0307524
3.596		0.0307374
3.597		0.0307224
3.598		0.0307074
3.599		0.0306924
3.6		0.0306774
3.601		0.0306625
3.602		0.0306475
3.603		0.0306326
3.604		0.0306177
3.605		0.0306027
3.606		0.0305878
3.607		0.0305729
3.608		0.0305581
3.609		0.0305432
3.61		0.0305283
3.611		0.0305135
3.612		0.0304986
3.613		0.0304838
3.614		0.030469
3.615		0.0304542
3.616		0.0304394
3.617		0.0304246
3.618		0.0304098
3.619		0.030395
3.62		0.0303803
3.621		0.0303655
3.622		0.0303508
3.623		0.030336
3.624		0.0303213
3.625		0.0303066
3.626		0.0302919
3.627		0.0302772
3.628		0.0302626
3.629		0.0302479
3.63		0.0302332
3.631		0.0302186
3.632		0.030204
3.633		0.0301893
3.634		0.0301747
3.635		0.0301601
3.636		0.0301455
3.637		0.0301309
3.638		0.0301164
3.639		0.0301018
3.64		0.0300873
3.641		0.0300727
3.642		0.0300582
3.643		0.0300437
3.644		0.0300292
3.645		0.0300147
3.646		0.0300002
3.647		0.0299857
3.648		0.0299712
3.649		0.0299568
3.65		0.0299423
3.651		0.0299279
3.652		0.0299134
3.653		0.029899
3.654		0.0298846
3.655		0.0298702
3.656		0.0298558
3.657		0.0298414
3.658		0.0298271
3.659		0.0298127
3.66		0.0297984
3.661		0.029784
3.662		0.0297697
3.663		0.0297554
3.664		0.0297411
3.665		0.0297268
3.666		0.0297125
3.667		0.0296982
3.668		0.0296839
3.669		0.0296697
3.67		0.0296554
3.671		0.0296412
3.672		0.029627
3.673		0.0296128
3.674		0.0295986
3.675		0.0295844
3.676		0.0295702
3.677		0.029556
3.678		0.0295418
3.679		0.0295277
3.68		0.0295135
3.681		0.0294994
3.682		0.0294853
3.683		0.0294711
3.684		0.029457
3.685		0.0294429
3.686		0.0294288
3.687		0.0294148
3.688		0.0294007
3.689		0.0293866
3.69		0.0293726
3.691		0.0293585
3.692		0.0293445
3.693		0.0293305
3.694		0.0293165
3.695		0.0293025
3.696		0.0292885
3.697		0.0292745
3.698		0.0292605
3.699		0.0292466
3.7		0.0292326
3.701		0.0292187
3.702		0.0292048
3.703		0.0291908
3.704		0.0291769
3.705		0.029163
3.706		0.0291491
3.707		0.0291352
3.708		0.0291214
3.709		0.0291075
3.71		0.0290937
3.711		0.0290798
3.712		0.029066
3.713		0.0290521
3.714		0.0290383
3.715		0.0290245
3.716		0.0290107
3.717		0.0289969
3.718		0.0289832
3.719		0.0289694
3.72		0.0289556
3.721		0.0289419
3.722		0.0289282
3.723		0.0289144
3.724		0.0289007
3.725		0.028887
3.726		0.0288733
3.727		0.0288596
3.728		0.0288459
3.729		0.0288322
3.73		0.0288186
3.731		0.0288049
3.732		0.0287913
3.733		0.0287776
3.734		0.028764
3.735		0.0287504
3.736		0.0287368
3.737		0.0287232
3.738		0.0287096
3.739		0.028696
3.74		0.0286825
3.741		0.0286689
3.742		0.0286554
3.743		0.0286418
3.744		0.0286283
3.745		0.0286148
3.746		0.0286013
3.747		0.0285877
3.748		0.0285743
3.749		0.0285608
3.75		0.0285473
3.751		0.0285338
3.752		0.0285204
3.753		0.0285069
3.754		0.0284935
3.755		0.0284801
3.756		0.0284666
3.757		0.0284532
3.758		0.0284398
3.759		0.0284264
3.76		0.0284131
3.761		0.0283997
3.762		0.0283863
3.763		0.028373
3.764		0.0283596
3.765		0.0283463
3.766		0.028333
3.767		0.0283196
3.768		0.0283063
3.769		0.028293
3.77		0.0282797
3.771		0.0282665
3.772		0.0282532
3.773		0.0282399
3.774		0.0282267
3.775		0.0282134
3.776		0.0282002
3.777		0.028187
3.778		0.0281737
3.779		0.0281605
3.78		0.0281473
3.781		0.0281341
3.782		0.028121
3.783		0.0281078
3.784		0.0280946
3.785		0.0280815
3.786		0.0280683
3.787		0.0280552
3.788		0.0280421
3.789		0.0280289
3.79		0.0280158
3.791		0.0280027
3.792		0.0279896
3.793		0.0279766
3.794		0.0279635
3.795		0.0279504
3.796		0.0279374
3.797		0.0279243
3.798		0.0279113
3.799		0.0278982
3.8		0.0278852
3.801		0.0278722
3.802		0.0278592
3.803		0.0278462
3.804		0.0278332
3.805		0.0278203
3.806		0.0278073
3.807		0.0277943
3.808		0.0277814
3.809		0.0277684
3.81		0.0277555
3.811		0.0277426
3.812		0.0277297
3.813		0.0277168
3.814		0.0277039
3.815		0.027691
3.816		0.0276781
3.817		0.0276652
3.818		0.0276524
3.819		0.0276395
3.82		0.0276267
3.821		0.0276138
3.822		0.027601
3.823		0.0275882
3.824		0.0275754
3.825		0.0275626
3.826		0.0275498
3.827		0.027537
3.828		0.0275242
3.829		0.0275115
3.83		0.0274987
3.831		0.027486
3.832		0.0274732
3.833		0.0274605
3.834		0.0274478
3.835		0.0274351
3.836		0.0274224
3.837		0.0274097
3.838		0.027397
3.839		0.0273843
3.84		0.0273716
3.841		0.027359
3.842		0.0273463
3.843		0.0273337
3.844		0.027321
3.845		0.0273084
3.846		0.0272958
3.847		0.0272832
3.848		0.0272706
3.849		0.027258
3.85		0.0272454
3.851		0.0272328
3.852		0.0272203
3.853		0.0272077
3.854		0.0271951
3.855		0.0271826
3.856		0.0271701
3.857		0.0271575
3.858		0.027145
3.859		0.0271325
3.86		0.02712
3.861		0.0271075
3.862		0.027095
3.863		0.0270826
3.864		0.0270701
3.865		0.0270577
3.866		0.0270452
3.867		0.0270328
3.868		0.0270203
3.869		0.0270079
3.87		0.0269955
3.871		0.0269831
3.872		0.0269707
3.873		0.0269583
3.874		0.0269459
3.875		0.0269335
3.876		0.0269212
3.877		0.0269088
3.878		0.0268965
3.879		0.0268841
3.88		0.0268718
3.881		0.0268595
3.882		0.0268471
3.883		0.0268348
3.884		0.0268225
3.885		0.0268102
3.886		0.026798
3.887		0.0267857
3.888		0.0267734
3.889		0.0267612
3.89		0.0267489
3.891		0.0267367
3.892		0.0267244
3.893		0.0267122
3.894		0.0267
3.895		0.0266878
3.896		0.0266756
3.897		0.0266634
3.898		0.0266512
3.899		0.026639
3.9		0.0266269
3.901		0.0266147
3.902		0.0266026
3.903		0.0265904
3.904		0.0265783
3.905		0.0265662
3.906		0.026554
3.907		0.0265419
3.908		0.0265298
3.909		0.0265177
3.91		0.0265056
3.911		0.0264936
3.912		0.0264815
3.913		0.0264694
3.914		0.0264574
3.915		0.0264453
3.916		0.0264333
3.917		0.0264213
3.918		0.0264092
3.919		0.0263972
3.92		0.0263852
3.921		0.0263732
3.922		0.0263612
3.923		0.0263492
3.924		0.0263373
3.925		0.0263253
3.926		0.0263133
3.927		0.0263014
3.928		0.0262894
3.929		0.0262775
3.93		0.0262656
3.931		0.0262537
3.932		0.0262418
3.933		0.0262299
3.934		0.026218
3.935		0.0262061
3.936		0.0261942
3.937		0.0261823
3.938		0.0261705
3.939		0.0261586
3.94		0.0261468
3.941		0.0261349
3.942		0.0261231
3.943		0.0261113
3.944		0.0260994
3.945		0.0260876
3.946		0.0260758
3.947		0.026064
3.948		0.0260523
3.949		0.0260405
3.95		0.0260287
3.951		0.0260169
3.952		0.0260052
3.953		0.0259935
3.954		0.0259817
3.955		0.02597
3.956		0.0259583
3.957		0.0259465
3.958		0.0259348
3.959		0.0259231
3.96		0.0259114
3.961		0.0258998
3.962		0.0258881
3.963		0.0258764
3.964		0.0258648
3.965		0.0258531
3.966		0.0258415
3.967		0.0258298
3.968		0.0258182
3.969		0.0258066
3.97		0.025795
3.971		0.0257834
3.972		0.0257718
3.973		0.0257602
3.974		0.0257486
3.975		0.025737
3.976		0.0257254
3.977		0.0257139
3.978		0.0257023
3.979		0.0256908
3.98		0.0256792
3.981		0.0256677
3.982		0.0256562
3.983		0.0256447
3.984		0.0256332
3.985		0.0256217
3.986		0.0256102
3.987		0.0255987
3.988		0.0255872
3.989		0.0255757
3.99		0.0255643
3.991		0.0255528
3.992		0.0255414
3.993		0.0255299
3.994		0.0255185
3.995		0.0255071
3.996		0.0254957
3.997		0.0254842
3.998		0.0254728
3.999		0.0254615
4		0.0254501
4.001		0.0254387
4.002		0.0254273
4.003		0.0254159
4.004		0.0254046
4.005		0.0253932
4.006		0.0253819
4.007		0.0253706
4.008		0.0253592
4.009		0.0253479
4.01		0.0253366
4.011		0.0253253
4.012		0.025314
4.013		0.0253027
4.014		0.0252914
4.015		0.0252802
4.016		0.0252689
4.017		0.0252576
4.018		0.0252464
4.019		0.0252351
4.02		0.0252239
4.021		0.0252127
4.022		0.0252014
4.023		0.0251902
4.024		0.025179
4.025		0.0251678
4.026		0.0251566
4.027		0.0251454
4.028		0.0251342
4.029		0.0251231
4.03		0.0251119
4.031		0.0251007
4.032		0.0250896
4.033		0.0250784
4.034		0.0250673
4.035		0.0250562
4.036		0.0250451
4.037		0.0250339
4.038		0.0250228
4.039		0.0250117
4.04		0.0250006
4.041		0.0249896
4.042		0.0249785
4.043		0.0249674
4.044		0.0249563
4.045		0.0249453
4.046		0.0249342
4.047		0.0249232
4.048		0.0249122
4.049		0.0249011
4.05		0.0248901
4.051		0.0248791
4.052		0.0248681
4.053		0.0248571
4.054		0.0248461
4.055		0.0248351
4.056		0.0248241
4.057		0.0248132
4.058		0.0248022
4.059		0.0247912
4.06		0.0247803
4.061		0.0247693
4.062		0.0247584
4.063		0.0247475
4.064		0.0247366
4.065		0.0247256
4.066		0.0247147
4.067		0.0247038
4.068		0.0246929
4.069		0.0246821
4.07		0.0246712
4.071		0.0246603
4.072		0.0246494
4.073		0.0246386
4.074		0.0246277
4.075		0.0246169
4.076		0.0246061
4.077		0.0245952
4.078		0.0245844
4.079		0.0245736
4.08		0.0245628
4.081		0.024552
4.082		0.0245412
4.083		0.0245304
4.084		0.0245196
4.085		0.0245088
4.086		0.0244981
4.087		0.0244873
4.088		0.0244766
4.089		0.0244658
4.09		0.0244551
4.091		0.0244443
4.092		0.0244336
4.093		0.0244229
4.094		0.0244122
4.095		0.0244015
4.096		0.0243908
4.097		0.0243801
4.098		0.0243694
4.099		0.0243587
4.1		0.0243481
4.101		0.0243374
4.102		0.0243267
4.103		0.0243161
4.104		0.0243054
4.105		0.0242948
4.106		0.0242842
4.107		0.0242736
4.108		0.0242629
4.109		0.0242523
4.11		0.0242417
4.111		0.0242311
4.112		0.0242206
4.113		0.02421
4.114		0.0241994
4.115		0.0241888
4.116		0.0241783
4.117		0.0241677
4.118		0.0241572
4.119		0.0241466
4.12		0.0241361
4.121		0.0241256
4.122		0.024115
4.123		0.0241045
4.124		0.024094
4.125		0.0240835
4.126		0.024073
4.127		0.0240625
4.128		0.0240521
4.129		0.0240416
4.13		0.0240311
4.131		0.0240207
4.132		0.0240102
4.133		0.0239998
4.134		0.0239893
4.135		0.0239789
4.136		0.0239685
4.137		0.023958
4.138		0.0239476
4.139		0.0239372
4.14		0.0239268
4.141		0.0239164
4.142		0.023906
4.143		0.0238957
4.144		0.0238853
4.145		0.0238749
4.146		0.0238646
4.147		0.0238542
4.148		0.0238439
4.149		0.0238335
4.15		0.0238232
4.151		0.0238129
4.152		0.0238025
4.153		0.0237922
4.154		0.0237819
4.155		0.0237716
4.156		0.0237613
4.157		0.023751
4.158		0.0237408
4.159		0.0237305
4.16		0.0237202
4.161		0.0237099
4.162		0.0236997
4.163		0.0236894
4.164		0.0236792
4.165		0.023669
4.166		0.0236587
4.167		0.0236485
4.168		0.0236383
4.169		0.0236281
4.17		0.0236179
4.171		0.0236077
4.172		0.0235975
4.173		0.0235873
4.174		0.0235771
4.175		0.023567
4.176		0.0235568
4.177		0.0235466
4.178		0.0235365
4.179		0.0235264
4.18		0.0235162
4.181		0.0235061
4.182		0.023496
4.183		0.0234858
4.184		0.0234757
4.185		0.0234656
4.186		0.0234555
4.187		0.0234454
4.188		0.0234353
4.189		0.0234253
4.19		0.0234152
4.191		0.0234051
4.192		0.023395
4.193		0.023385
4.194		0.0233749
4.195		0.0233649
4.196		0.0233549
4.197		0.0233448
4.198		0.0233348
4.199		0.0233248
4.2		0.0233148
4.201		0.0233048
4.202		0.0232948
4.203		0.0232848
4.204		0.0232748
4.205		0.0232648
4.206		0.0232548
4.207		0.0232449
4.208		0.0232349
4.209		0.023225
4.21		0.023215
4.211		0.0232051
4.212		0.0231951
4.213		0.0231852
4.214		0.0231753
4.215		0.0231654
4.216		0.0231555
4.217		0.0231456
4.218		0.0231357
4.219		0.0231258
4.22		0.0231159
4.221		0.023106
4.222		0.0230961
4.223		0.0230863
4.224		0.0230764
4.225		0.0230665
4.226		0.0230567
4.227		0.0230469
4.228		0.023037
4.229		0.0230272
4.23		0.0230174
4.231		0.0230075
4.232		0.0229977
4.233		0.0229879
4.234		0.0229781
4.235		0.0229683
4.236		0.0229586
4.237		0.0229488
4.238		0.022939
4.239		0.0229292
4.24		0.0229195
4.241		0.0229097
4.242		0.0229
4.243		0.0228902
4.244		0.0228805
4.245		0.0228707
4.246		0.022861
4.247		0.0228513
4.248		0.0228416
4.249		0.0228319
4.25		0.0228222
4.251		0.0228125
4.252		0.0228028
4.253		0.0227931
4.254		0.0227834
4.255		0.0227738
4.256		0.0227641
4.257		0.0227544
4.258		0.0227448
4.259		0.0227351
4.26		0.0227255
4.261		0.0227159
4.262		0.0227062
4.263		0.0226966
4.264		0.022687
4.265		0.0226774
4.266		0.0226678
4.267		0.0226582
4.268		0.0226486
4.269		0.022639
4.27		0.0226294
4.271		0.0226198
4.272		0.0226103
4.273		0.0226007
4.274		0.0225912
4.275		0.0225816
4.276		0.0225721
4.277		0.0225625
4.278		0.022553
4.279		0.0225435
4.28		0.0225339
4.281		0.0225244
4.282		0.0225149
4.283		0.0225054
4.284		0.0224959
4.285		0.0224864
4.286		0.0224769
4.287		0.0224675
4.288		0.022458
4.289		0.0224485
4.29		0.022439
4.291		0.0224296
4.292		0.0224201
4.293		0.0224107
4.294		0.0224013
4.295		0.0223918
4.296		0.0223824
4.297		0.022373
4.298		0.0223636
4.299		0.0223541
4.3		0.0223447
4.301		0.0223353
4.302		0.022326
4.303		0.0223166
4.304		0.0223072
4.305		0.0222978
4.306		0.0222884
4.307		0.0222791
4.308		0.0222697
4.309		0.0222604
4.31		0.022251
4.311		0.0222417
4.312		0.0222323
4.313		0.022223
4.314		0.0222137
4.315		0.0222044
4.316		0.0221951
4.317		0.0221858
4.318		0.0221765
4.319		0.0221672
4.32		0.0221579
4.321		0.0221486
4.322		0.0221393
4.323		0.02213
4.324		0.0221208
4.325		0.0221115
4.326		0.0221023
4.327		0.022093
4.328		0.0220838
4.329		0.0220745
4.33		0.0220653
4.331		0.0220561
4.332		0.0220469
4.333		0.0220376
4.334		0.0220284
4.335		0.0220192
4.336		0.02201
4.337		0.0220008
4.338		0.0219917
4.339		0.0219825
4.34		0.0219733
4.341		0.0219641
4.342		0.021955
4.343		0.0219458
4.344		0.0219367
4.345		0.0219275
4.346		0.0219184
4.347		0.0219092
4.348		0.0219001
4.349		0.021891
4.35		0.0218819
4.351		0.0218728
4.352		0.0218636
4.353		0.0218545
4.354		0.0218454
4.355		0.0218364
4.356		0.0218273
4.357		0.0218182
4.358		0.0218091
4.359		0.0218001
4.36		0.021791
4.361		0.0217819
4.362		0.0217729
4.363		0.0217638
4.364		0.0217548
4.365		0.0217458
4.366		0.0217367
4.367		0.0217277
4.368		0.0217187
4.369		0.0217097
4.37		0.0217007
4.371		0.0216917
4.372		0.0216827
4.373		0.0216737
4.374		0.0216647
4.375		0.0216557
4.376		0.0216467
4.377		0.0216378
4.378		0.0216288
4.379		0.0216198
4.38		0.0216109
4.381		0.0216019
4.382		0.021593
4.383		0.0215841
4.384		0.0215751
4.385		0.0215662
4.386		0.0215573
4.387		0.0215484
4.388		0.0215395
4.389		0.0215306
4.39		0.0215217
4.391		0.0215128
4.392		0.0215039
4.393		0.021495
4.394		0.0214861
4.395		0.0214773
4.396		0.0214684
4.397		0.0214595
4.398		0.0214507
4.399		0.0214418
4.4		0.021433
4.401		0.0214241
4.402		0.0214153
4.403		0.0214065
4.404		0.0213977
4.405		0.0213888
4.406		0.02138
4.407		0.0213712
4.408		0.0213624
4.409		0.0213536
4.41		0.0213448
4.411		0.021336
4.412		0.0213273
4.413		0.0213185
4.414		0.0213097
4.415		0.021301
4.416		0.0212922
4.417		0.0212834
4.418		0.0212747
4.419		0.021266
4.42		0.0212572
4.421		0.0212485
4.422		0.0212398
4.423		0.021231
4.424		0.0212223
4.425		0.0212136
4.426		0.0212049
4.427		0.0211962
4.428		0.0211875
4.429		0.0211788
4.43		0.0211701
4.431		0.0211614
4.432		0.0211528
4.433		0.0211441
4.434		0.0211354
4.435		0.0211268
4.436		0.0211181
4.437		0.0211095
4.438		0.0211008
4.439		0.0210922
4.44		0.0210836
4.441		0.0210749
4.442		0.0210663
4.443		0.0210577
4.444		0.0210491
4.445		0.0210405
4.446		0.0210319
4.447		0.0210233
4.448		0.0210147
4.449		0.0210061
4.45		0.0209975
4.451		0.020989
4.452		0.0209804
4.453		0.0209718
4.454		0.0209633
4.455		0.0209547
4.456		0.0209462
4.457		0.0209376
4.458		0.0209291
4.459		0.0209205
4.46		0.020912
4.461		0.0209035
4.462		0.020895
4.463		0.0208864
4.464		0.0208779
4.465		0.0208694
4.466		0.0208609
4.467		0.0208524
4.468		0.020844
4.469		0.0208355
4.47		0.020827
4.471		0.0208185
4.472		0.0208101
4.473		0.0208016
4.474		0.0207931
4.475		0.0207847
4.476		0.0207762
4.477		0.0207678
4.478		0.0207594
4.479		0.0207509
4.48		0.0207425
4.481		0.0207341
4.482		0.0207257
4.483		0.0207172
4.484		0.0207088
4.485		0.0207004
4.486		0.020692
4.487		0.0206836
4.488		0.0206753
4.489		0.0206669
4.49		0.0206585
4.491		0.0206501
4.492		0.0206418
4.493		0.0206334
4.494		0.020625
4.495		0.0206167
4.496		0.0206083
4.497		0.0206
4.498		0.0205917
4.499		0.0205833
4.5		0.020575
4.501		0.0205667
4.502		0.0205584
4.503		0.02055
4.504		0.0205417
4.505		0.0205334
4.506		0.0205251
4.507		0.0205168
4.508		0.0205086
4.509		0.0205003
4.51		0.020492
4.511		0.0204837
4.512		0.0204755
4.513		0.0204672
4.514		0.0204589
4.515		0.0204507
4.516		0.0204424
4.517		0.0204342
4.518		0.0204259
4.519		0.0204177
4.52		0.0204095
4.521		0.0204013
4.522		0.020393
4.523		0.0203848
4.524		0.0203766
4.525		0.0203684
4.526		0.0203602
4.527		0.020352
4.528		0.0203438
4.529		0.0203356
4.53		0.0203275
4.531		0.0203193
4.532		0.0203111
4.533		0.020303
4.534		0.0202948
4.535		0.0202866
4.536		0.0202785
4.537		0.0202703
4.538		0.0202622
4.539		0.0202541
4.54		0.0202459
4.541		0.0202378
4.542		0.0202297
4.543		0.0202216
4.544		0.0202135
4.545		0.0202053
4.546		0.0201972
4.547		0.0201891
4.548		0.0201811
4.549		0.020173
4.55		0.0201649
4.551		0.0201568
4.552		0.0201487
4.553		0.0201407
4.554		0.0201326
4.555		0.0201245
4.556		0.0201165
4.557		0.0201084
4.558		0.0201004
4.559		0.0200923
4.56		0.0200843
4.561		0.0200763
4.562		0.0200682
4.563		0.0200602
4.564		0.0200522
4.565		0.0200442
4.566		0.0200362
4.567		0.0200282
4.568		0.0200202
4.569		0.0200122
4.57		0.0200042
4.571		0.0199962
4.572		0.0199882
4.573		0.0199803
4.574		0.0199723
4.575		0.0199643
4.576		0.0199564
4.577		0.0199484
4.578		0.0199405
4.579		0.0199325
4.58		0.0199246
4.581		0.0199166
4.582		0.0199087
4.583		0.0199008
4.584		0.0198929
4.585		0.0198849
4.586		0.019877
4.587		0.0198691
4.588		0.0198612
4.589		0.0198533
4.59		0.0198454
4.591		0.0198375
4.592		0.0198296
4.593		0.0198218
4.594		0.0198139
4.595		0.019806
4.596		0.0197981
4.597		0.0197903
4.598		0.0197824
4.599		0.0197746
4.6		0.0197667
4.601		0.0197589
4.602		0.019751
4.603		0.0197432
4.604		0.0197354
4.605		0.0197275
4.606		0.0197197
4.607		0.0197119
4.608		0.0197041
4.609		0.0196963
4.61		0.0196885
4.611		0.0196807
4.612		0.0196729
4.613		0.0196651
4.614		0.0196573
4.615		0.0196495
4.616		0.0196418
4.617		0.019634
4.618		0.0196262
4.619		0.0196184
4.62		0.0196107
4.621		0.0196029
4.622		0.0195952
4.623		0.0195874
4.624		0.0195797
4.625		0.019572
4.626		0.0195642
4.627		0.0195565
4.628		0.0195488
4.629		0.0195411
4.63		0.0195334
4.631		0.0195257
4.632		0.0195179
4.633		0.0195102
4.634		0.0195026
4.635		0.0194949
4.636		0.0194872
4.637		0.0194795
4.638		0.0194718
4.639		0.0194641
4.64		0.0194565
4.641		0.0194488
4.642		0.0194412
4.643		0.0194335
4.644		0.0194259
4.645		0.0194182
4.646		0.0194106
4.647		0.0194029
4.648		0.0193953
4.649		0.0193877
4.65		0.01938
4.651		0.0193724
4.652		0.0193648
4.653		0.0193572
4.654		0.0193496
4.655		0.019342
4.656		0.0193344
4.657		0.0193268
4.658		0.0193192
4.659		0.0193116
4.66		0.0193041
4.661		0.0192965
4.662		0.0192889
4.663		0.0192813
4.664		0.0192738
4.665		0.0192662
4.666		0.0192587
4.667		0.0192511
4.668		0.0192436
4.669		0.019236
4.67		0.0192285
4.671		0.019221
4.672		0.0192134
4.673		0.0192059
4.674		0.0191984
4.675		0.0191909
4.676		0.0191834
4.677		0.0191759
4.678		0.0191684
4.679		0.0191609
4.68		0.0191534
4.681		0.0191459
4.682		0.0191384
4.683		0.0191309
4.684		0.0191235
4.685		0.019116
4.686		0.0191085
4.687		0.0191011
4.688		0.0190936
4.689		0.0190861
4.69		0.0190787
4.691		0.0190712
4.692		0.0190638
4.693		0.0190564
4.694		0.0190489
4.695		0.0190415
4.696		0.0190341
4.697		0.0190267
4.698		0.0190193
4.699		0.0190118
4.7		0.0190044
4.701		0.018997
4.702		0.0189896
4.703		0.0189822
4.704		0.0189749
4.705		0.0189675
4.706		0.0189601
4.707		0.0189527
4.708		0.0189453
4.709		0.018938
4.71		0.0189306
4.711		0.0189232
4.712		0.0189159
4.713		0.0189085
4.714		0.0189012
4.715		0.0188938
4.716		0.0188865
4.717		0.0188792
4.718		0.0188718
4.719		0.0188645
4.72		0.0188572
4.721		0.0188499
4.722		0.0188426
4.723		0.0188353
4.724		0.018828
4.725		0.0188207
4.726		0.0188134
4.727		0.0188061
4.728		0.0187988
4.729		0.0187915
4.73		0.0187842
4.731		0.0187769
4.732		0.0187697
4.733		0.0187624
4.734		0.0187551
4.735		0.0187479
4.736		0.0187406
4.737		0.0187334
4.738		0.0187261
4.739		0.0187189
4.74		0.0187116
4.741		0.0187044
4.742		0.0186972
4.743		0.0186899
4.744		0.0186827
4.745		0.0186755
4.746		0.0186683
4.747		0.0186611
4.748		0.0186539
4.749		0.0186467
4.75		0.0186395
4.751		0.0186323
4.752		0.0186251
4.753		0.0186179
4.754		0.0186107
4.755		0.0186036
4.756		0.0185964
4.757		0.0185892
4.758		0.018582
4.759		0.0185749
4.76		0.0185677
4.761		0.0185606
4.762		0.0185534
4.763		0.0185463
4.764		0.0185391
4.765		0.018532
4.766		0.0185249
4.767		0.0185178
4.768		0.0185106
4.769		0.0185035
4.77		0.0184964
4.771		0.0184893
4.772		0.0184822
4.773		0.0184751
4.774		0.018468
4.775		0.0184609
4.776		0.0184538
4.777		0.0184467
4.778		0.0184396
4.779		0.0184325
4.78		0.0184255
4.781		0.0184184
4.782		0.0184113
4.783		0.0184043
4.784		0.0183972
4.785		0.0183901
4.786		0.0183831
4.787		0.018376
4.788		0.018369
4.789		0.018362
4.79		0.0183549
4.791		0.0183479
4.792		0.0183409
4.793		0.0183338
4.794		0.0183268
4.795		0.0183198
4.796		0.0183128
4.797		0.0183058
4.798		0.0182988
4.799		0.0182918
4.8		0.0182848
4.801		0.0182778
4.802		0.0182708
4.803		0.0182638
4.804		0.0182568
4.805		0.0182499
4.806		0.0182429
4.807		0.0182359
4.808		0.018229
4.809		0.018222
4.81		0.018215
4.811		0.0182081
4.812		0.0182011
4.813		0.0181942
4.814		0.0181873
4.815		0.0181803
4.816		0.0181734
4.817		0.0181665
4.818		0.0181595
4.819		0.0181526
4.82		0.0181457
4.821		0.0181388
4.822		0.0181319
4.823		0.018125
4.824		0.0181181
4.825		0.0181112
4.826		0.0181043
4.827		0.0180974
4.828		0.0180905
4.829		0.0180836
4.83		0.0180767
4.831		0.0180699
4.832		0.018063
4.833		0.0180561
4.834		0.0180493
4.835		0.0180424
4.836		0.0180355
4.837		0.0180287
4.838		0.0180218
4.839		0.018015
4.84		0.0180082
4.841		0.0180013
4.842		0.0179945
4.843		0.0179877
4.844		0.0179808
4.845		0.017974
4.846		0.0179672
4.847		0.0179604
4.848		0.0179536
4.849		0.0179468
4.85		0.01794
4.851		0.0179332
4.852		0.0179264
4.853		0.0179196
4.854		0.0179128
4.855		0.017906
4.856		0.0178992
4.857		0.0178925
4.858		0.0178857
4.859		0.0178789
4.86		0.0178722
4.861		0.0178654
4.862		0.0178586
4.863		0.0178519
4.864		0.0178451
4.865		0.0178384
4.866		0.0178317
4.867		0.0178249
4.868		0.0178182
4.869		0.0178115
4.87		0.0178047
4.871		0.017798
4.872		0.0177913
4.873		0.0177846
4.874		0.0177779
4.875		0.0177712
4.876		0.0177645
4.877		0.0177578
4.878		0.0177511
4.879		0.0177444
4.88		0.0177377
4.881		0.017731
4.882		0.0177243
4.883		0.0177176
4.884		0.017711
4.885		0.0177043
4.886		0.0176976
4.887		0.017691
4.888		0.0176843
4.889		0.0176776
4.89		0.017671
4.891		0.0176644
4.892		0.0176577
4.893		0.0176511
4.894		0.0176444
4.895		0.0176378
4.896		0.0176312
4.897		0.0176245
4.898		0.0176179
4.899		0.0176113
4.9		0.0176047
4.901		0.0175981
4.902		0.0175915
4.903		0.0175849
4.904		0.0175783
4.905		0.0175717
4.906		0.0175651
4.907		0.0175585
4.908		0.0175519
4.909		0.0175453
4.91		0.0175387
4.911		0.0175322
4.912		0.0175256
4.913		0.017519
4.914		0.0175125
4.915		0.0175059
4.916		0.0174994
4.917		0.0174928
4.918		0.0174862
4.919		0.0174797
4.92		0.0174732
4.921		0.0174666
4.922		0.0174601
4.923		0.0174536
4.924		0.017447
4.925		0.0174405
4.926		0.017434
4.927		0.0174275
4.928		0.017421
4.929		0.0174144
4.93		0.0174079
4.931		0.0174014
4.932		0.0173949
4.933		0.0173884
4.934		0.017382
4.935		0.0173755
4.936		0.017369
4.937		0.0173625
4.938		0.017356
4.939		0.0173496
4.94		0.0173431
4.941		0.0173366
4.942		0.0173302
4.943		0.0173237
4.944		0.0173172
4.945		0.0173108
4.946		0.0173043
4.947		0.0172979
4.948		0.0172915
4.949		0.017285
4.95		0.0172786
4.951		0.0172722
4.952		0.0172657
4.953		0.0172593
4.954		0.0172529
4.955		0.0172465
4.956		0.0172401
4.957		0.0172336
4.958		0.0172272
4.959		0.0172208
4.96		0.0172144
4.961		0.017208
4.962		0.0172016
4.963		0.0171953
4.964		0.0171889
4.965		0.0171825
4.966		0.0171761
4.967		0.0171697
4.968		0.0171634
4.969		0.017157
4.97		0.0171506
4.971		0.0171443
4.972		0.0171379
4.973		0.0171316
4.974		0.0171252
4.975		0.0171189
4.976		0.0171125
4.977		0.0171062
4.978		0.0170999
4.979		0.0170935
4.98		0.0170872
4.981		0.0170809
4.982		0.0170745
4.983		0.0170682
4.984		0.0170619
4.985		0.0170556
4.986		0.0170493
4.987		0.017043
4.988		0.0170367
4.989		0.0170304
4.99		0.0170241
4.991		0.0170178
4.992		0.0170115
4.993		0.0170052
4.994		0.0169989
4.995		0.0169927
4.996		0.0169864
4.997		0.0169801
4.998		0.0169739
4.999		0.0169676
