0.001		-nan(ind)
0.002		-nan(ind)
0.003		0
0.004		6.93889e-12
0.005		0
0.006		0
0.007		0
0.008		5.20417e-12
0.009		0
0.01		2.88658e-11
0.011		3.71604e-10
0.012		2.95134e-09
0.013		1.67591e-08
0.014		7.3486e-08
0.015		2.62086e-07
0.016		7.90773e-07
0.017		2.08004e-06
0.018		4.8823e-06
0.019		1.04156e-05
0.02		2.04939e-05
0.021		3.76344e-05
0.022		6.51281e-05
0.023		0.000107063
0.024		0.000168298
0.025		0.000254393
0.026		0.000371498
0.027		0.000526218
0.028		0.000725466
0.029		0.000976307
0.03		0.00128581
0.031		0.0016609
0.032		0.00210825
0.033		0.00263419
0.034		0.0032446
0.035		0.00394486
0.036		0.00473982
0.037		0.00563377
0.038		0.00663041
0.039		0.00773289
0.04		0.00894382
0.041		0.0102652
0.042		0.0116987
0.043		0.0132453
0.044		0.0149057
0.045		0.0166801
0.046		0.0185683
0.047		0.02057
0.048		0.0226842
0.049		0.0249102
0.05		0.0272464
0.051		0.0296915
0.052		0.0322439
0.053		0.0349016
0.054		0.0376629
0.055		0.0405256
0.056		0.0434876
0.057		0.0465466
0.058		0.0497006
0.059		0.052947
0.06		0.0562836
0.061		0.059708
0.062		0.0632179
0.063		0.0668107
0.064		0.0704842
0.065		0.0742359
0.066		0.0780635
0.067		0.0819646
0.068		0.0859369
0.069		0.0899779
0.07		0.0940855
0.071		0.0982574
0.072		0.102491
0.073		0.106785
0.074		0.111136
0.075		0.115542
0.076		0.120002
0.077		0.124513
0.078		0.129073
0.079		0.133679
0.08		0.138331
0.081		0.143025
0.082		0.14776
0.083		0.152534
0.084		0.157345
0.085		0.162191
0.086		0.16707
0.087		0.17198
0.088		0.17692
0.089		0.181886
0.09		0.186879
0.091		0.191895
0.092		0.196934
0.093		0.201992
0.094		0.207069
0.095		0.212163
0.096		0.217272
0.097		0.222395
0.098		0.227529
0.099		0.232673
0.1		0.237826
0.101		0.242986
0.102		0.24815
0.103		0.253319
0.104		0.25849
0.105		0.263661
0.106		0.268831
0.107		0.273999
0.108		0.279163
0.109		0.284322
0.11		0.289474
0.111		0.294618
0.112		0.299753
0.113		0.304876
0.114		0.309988
0.115		0.315086
0.116		0.320169
0.117		0.325236
0.118		0.330286
0.119		0.335318
0.12		0.340329
0.121		0.34532
0.122		0.350289
0.123		0.355235
0.124		0.360157
0.125		0.365054
0.126		0.369924
0.127		0.374767
0.128		0.379582
0.129		0.384368
0.13		0.389123
0.131		0.393848
0.132		0.398541
0.133		0.403201
0.134		0.407828
0.135		0.41242
0.136		0.416977
0.137		0.421499
0.138		0.425983
0.139		0.430431
0.14		0.434841
0.141		0.439212
0.142		0.443545
0.143		0.447837
0.144		0.452089
0.145		0.456301
0.146		0.460472
0.147		0.4646
0.148		0.468687
0.149		0.472731
0.15		0.476731
0.151		0.480689
0.152		0.484603
0.153		0.488472
0.154		0.492298
0.155		0.496079
0.156		0.499814
0.157		0.503505
0.158		0.50715
0.159		0.51075
0.16		0.514304
0.161		0.517812
0.162		0.521274
0.163		0.52469
0.164		0.528059
0.165		0.531382
0.166		0.534659
0.167		0.53789
0.168		0.541073
0.169		0.544211
0.17		0.547302
0.171		0.550346
0.172		0.553345
0.173		0.556296
0.174		0.559202
0.175		0.562061
0.176		0.564875
0.177		0.567642
0.178		0.570363
0.179		0.573039
0.18		0.575669
0.181		0.578254
0.182		0.580794
0.183		0.583289
0.184		0.585738
0.185		0.588144
0.186		0.590504
0.187		0.592821
0.188		0.595094
0.189		0.597323
0.19		0.599509
0.191		0.601651
0.192		0.603751
0.193		0.605808
0.194		0.607822
0.195		0.609795
0.196		0.611726
0.197		0.613615
0.198		0.615464
0.199		0.617271
0.2		0.619038
0.201		0.620765
0.202		0.622452
0.203		0.6241
0.204		0.625708
0.205		0.627278
0.206		0.628809
0.207		0.630302
0.208		0.631757
0.209		0.633175
0.21		0.634556
0.211		0.6359
0.212		0.637207
0.213		0.638479
0.214		0.639715
0.215		0.640916
0.216		0.642082
0.217		0.643214
0.218		0.644311
0.219		0.645375
0.22		0.646405
0.221		0.647402
0.222		0.648366
0.223		0.649299
0.224		0.650199
0.225		0.651067
0.226		0.651905
0.227		0.652711
0.228		0.653487
0.229		0.654233
0.23		0.65495
0.231		0.655636
0.232		0.656294
0.233		0.656923
0.234		0.657524
0.235		0.658097
0.236		0.658642
0.237		0.65916
0.238		0.659652
0.239		0.660116
0.24		0.660555
0.241		0.660967
0.242		0.661354
0.243		0.661716
0.244		0.662053
0.245		0.662365
0.246		0.662654
0.247		0.662918
0.248		0.663159
0.249		0.663377
0.25		0.663572
0.251		0.663744
0.252		0.663894
0.253		0.664022
0.254		0.664129
0.255		0.664214
0.256		0.664278
0.257		0.664322
0.258		0.664345
0.259		0.664348
0.26		0.664331
0.261		0.664295
0.262		0.66424
0.263		0.664165
0.264		0.664072
0.265		0.663961
0.266		0.663831
0.267		0.663684
0.268		0.663519
0.269		0.663336
0.27		0.663137
0.271		0.662921
0.272		0.662688
0.273		0.66244
0.274		0.662175
0.275		0.661894
0.276		0.661598
0.277		0.661287
0.278		0.660961
0.279		0.660619
0.28		0.660264
0.281		0.659894
0.282		0.65951
0.283		0.659112
0.284		0.6587
0.285		0.658275
0.286		0.657837
0.287		0.657386
0.288		0.656922
0.289		0.656446
0.29		0.655957
0.291		0.655456
0.292		0.654944
0.293		0.654419
0.294		0.653883
0.295		0.653336
0.296		0.652777
0.297		0.652208
0.298		0.651627
0.299		0.651037
0.3		0.650435
0.301		0.649824
0.302		0.649202
0.303		0.648571
0.304		0.64793
0.305		0.647279
0.306		0.646619
0.307		0.64595
0.308		0.645272
0.309		0.644585
0.31		0.643889
0.311		0.643185
0.312		0.642473
0.313		0.641752
0.314		0.641023
0.315		0.640286
0.316		0.639541
0.317		0.638789
0.318		0.638029
0.319		0.637262
0.32		0.636488
0.321		0.635706
0.322		0.634918
0.323		0.634123
0.324		0.633321
0.325		0.632512
0.326		0.631697
0.327		0.630876
0.328		0.630049
0.329		0.629215
0.33		0.628376
0.331		0.627531
0.332		0.62668
0.333		0.625824
0.334		0.624962
0.335		0.624095
0.336		0.623222
0.337		0.622345
0.338		0.621462
0.339		0.620574
0.34		0.619682
0.341		0.618785
0.342		0.617883
0.343		0.616977
0.344		0.616067
0.345		0.615152
0.346		0.614233
0.347		0.613309
0.348		0.612382
0.349		0.611451
0.35		0.610516
0.351		0.609577
0.352		0.608635
0.353		0.607689
0.354		0.606739
0.355		0.605786
0.356		0.60483
0.357		0.603871
0.358		0.602908
0.359		0.601942
0.36		0.600974
0.361		0.600002
0.362		0.599028
0.363		0.59805
0.364		0.59707
0.365		0.596088
0.366		0.595103
0.367		0.594115
0.368		0.593125
0.369		0.592133
0.37		0.591138
0.371		0.590141
0.372		0.589142
0.373		0.588141
0.374		0.587138
0.375		0.586133
0.376		0.585126
0.377		0.584117
0.378		0.583107
0.379		0.582095
0.38		0.581081
0.381		0.580065
0.382		0.579048
0.383		0.57803
0.384		0.57701
0.385		0.575989
0.386		0.574966
0.387		0.573942
0.388		0.572917
0.389		0.571891
0.39		0.570864
0.391		0.569835
0.392		0.568806
0.393		0.567776
0.394		0.566744
0.395		0.565712
0.396		0.564679
0.397		0.563646
0.398		0.562611
0.399		0.561576
0.4		0.560541
0.401		0.559504
0.402		0.558467
0.403		0.55743
0.404		0.556392
0.405		0.555354
0.406		0.554315
0.407		0.553276
0.408		0.552237
0.409		0.551198
0.41		0.550158
0.411		0.549118
0.412		0.548078
0.413		0.547037
0.414		0.545997
0.415		0.544957
0.416		0.543916
0.417		0.542876
0.418		0.541836
0.419		0.540795
0.42		0.539755
0.421		0.538715
0.422		0.537675
0.423		0.536636
0.424		0.535596
0.425		0.534557
0.426		0.533519
0.427		0.53248
0.428		0.531442
0.429		0.530404
0.43		0.529367
0.431		0.52833
0.432		0.527294
0.433		0.526258
0.434		0.525223
0.435		0.524188
0.436		0.523154
0.437		0.52212
0.438		0.521087
0.439		0.520055
0.44		0.519023
0.441		0.517992
0.442		0.516962
0.443		0.515932
0.444		0.514903
0.445		0.513875
0.446		0.512848
0.447		0.511822
0.448		0.510796
0.449		0.509772
0.45		0.508748
0.451		0.507725
0.452		0.506703
0.453		0.505682
0.454		0.504662
0.455		0.503643
0.456		0.502625
0.457		0.501608
0.458		0.500592
0.459		0.499578
0.46		0.498564
0.461		0.497551
0.462		0.496539
0.463		0.495529
0.464		0.49452
0.465		0.493512
0.466		0.492505
0.467		0.491499
0.468		0.490494
0.469		0.489491
0.47		0.488489
0.471		0.487488
0.472		0.486488
0.473		0.48549
0.474		0.484493
0.475		0.483497
0.476		0.482503
0.477		0.48151
0.478		0.480518
0.479		0.479527
0.48		0.478538
0.481		0.477551
0.482		0.476564
0.483		0.475579
0.484		0.474596
0.485		0.473614
0.486		0.472633
0.487		0.471654
0.488		0.470676
0.489		0.4697
0.49		0.468725
0.491		0.467752
0.492		0.46678
0.493		0.46581
0.494		0.464841
0.495		0.463874
0.496		0.462908
0.497		0.461944
0.498		0.460982
0.499		0.46002
0.5		0.459061
0.501		0.458103
0.502		0.457147
0.503		0.456192
0.504		0.455239
0.505		0.454287
0.506		0.453337
0.507		0.452389
0.508		0.451442
0.509		0.450497
0.51		0.449554
0.511		0.448612
0.512		0.447672
0.513		0.446733
0.514		0.445796
0.515		0.444861
0.516		0.443928
0.517		0.442996
0.518		0.442066
0.519		0.441138
0.52		0.440211
0.521		0.439286
0.522		0.438363
0.523		0.437441
0.524		0.436521
0.525		0.435603
0.526		0.434687
0.527		0.433772
0.528		0.432859
0.529		0.431948
0.53		0.431038
0.531		0.430131
0.532		0.429225
0.533		0.42832
0.534		0.427418
0.535		0.426517
0.536		0.425618
0.537		0.424721
0.538		0.423826
0.539		0.422932
0.54		0.42204
0.541		0.42115
0.542		0.420262
0.543		0.419375
0.544		0.418491
0.545		0.417608
0.546		0.416726
0.547		0.415847
0.548		0.41497
0.549		0.414094
0.55		0.41322
0.551		0.412348
0.552		0.411477
0.553		0.410609
0.554		0.409742
0.555		0.408877
0.556		0.408014
0.557		0.407153
0.558		0.406293
0.559		0.405435
0.56		0.40458
0.561		0.403725
0.562		0.402873
0.563		0.402023
0.564		0.401174
0.565		0.400327
0.566		0.399482
0.567		0.398639
0.568		0.397798
0.569		0.396958
0.57		0.396121
0.571		0.395285
0.572		0.394451
0.573		0.393619
0.574		0.392788
0.575		0.39196
0.576		0.391133
0.577		0.390308
0.578		0.389485
0.579		0.388663
0.58		0.387844
0.581		0.387026
0.582		0.38621
0.583		0.385396
0.584		0.384584
0.585		0.383774
0.586		0.382965
0.587		0.382159
0.588		0.381354
0.589		0.38055
0.59		0.379749
0.591		0.37895
0.592		0.378152
0.593		0.377356
0.594		0.376562
0.595		0.37577
0.596		0.374979
0.597		0.374191
0.598		0.373404
0.599		0.372619
0.6		0.371836
0.601		0.371054
0.602		0.370275
0.603		0.369497
0.604		0.368721
0.605		0.367947
0.606		0.367174
0.607		0.366404
0.608		0.365635
0.609		0.364868
0.61		0.364103
0.611		0.363339
0.612		0.362578
0.613		0.361818
0.614		0.36106
0.615		0.360303
0.616		0.359549
0.617		0.358796
0.618		0.358045
0.619		0.357296
0.62		0.356548
0.621		0.355803
0.622		0.355059
0.623		0.354317
0.624		0.353576
0.625		0.352838
0.626		0.352101
0.627		0.351366
0.628		0.350632
0.629		0.349901
0.63		0.349171
0.631		0.348443
0.632		0.347716
0.633		0.346992
0.634		0.346269
0.635		0.345548
0.636		0.344828
0.637		0.344111
0.638		0.343395
0.639		0.34268
0.64		0.341968
0.641		0.341257
0.642		0.340548
0.643		0.339841
0.644		0.339135
0.645		0.338431
0.646		0.337729
0.647		0.337028
0.648		0.33633
0.649		0.335632
0.65		0.334937
0.651		0.334243
0.652		0.333551
0.653		0.332861
0.654		0.332172
0.655		0.331485
0.656		0.3308
0.657		0.330116
0.658		0.329434
0.659		0.328754
0.66		0.328076
0.661		0.327399
0.662		0.326723
0.663		0.32605
0.664		0.325378
0.665		0.324707
0.666		0.324039
0.667		0.323372
0.668		0.322706
0.669		0.322043
0.67		0.321381
0.671		0.32072
0.672		0.320061
0.673		0.319404
0.674		0.318749
0.675		0.318095
0.676		0.317442
0.677		0.316792
0.678		0.316142
0.679		0.315495
0.68		0.314849
0.681		0.314205
0.682		0.313562
0.683		0.312921
0.684		0.312282
0.685		0.311644
0.686		0.311007
0.687		0.310373
0.688		0.309739
0.689		0.309108
0.69		0.308478
0.691		0.307849
0.692		0.307223
0.693		0.306597
0.694		0.305974
0.695		0.305351
0.696		0.304731
0.697		0.304112
0.698		0.303494
0.699		0.302878
0.7		0.302264
0.701		0.301651
0.702		0.301039
0.703		0.30043
0.704		0.299821
0.705		0.299214
0.706		0.298609
0.707		0.298005
0.708		0.297403
0.709		0.296802
0.71		0.296203
0.711		0.295605
0.712		0.295009
0.713		0.294415
0.714		0.293821
0.715		0.29323
0.716		0.292639
0.717		0.292051
0.718		0.291463
0.719		0.290877
0.72		0.290293
0.721		0.28971
0.722		0.289129
0.723		0.288549
0.724		0.28797
0.725		0.287393
0.726		0.286818
0.727		0.286244
0.728		0.285671
0.729		0.2851
0.73		0.28453
0.731		0.283962
0.732		0.283395
0.733		0.282829
0.734		0.282265
0.735		0.281702
0.736		0.281141
0.737		0.280581
0.738		0.280023
0.739		0.279466
0.74		0.27891
0.741		0.278356
0.742		0.277803
0.743		0.277252
0.744		0.276702
0.745		0.276153
0.746		0.275606
0.747		0.27506
0.748		0.274516
0.749		0.273973
0.75		0.273431
0.751		0.27289
0.752		0.272351
0.753		0.271814
0.754		0.271278
0.755		0.270743
0.756		0.270209
0.757		0.269677
0.758		0.269146
0.759		0.268616
0.76		0.268088
0.761		0.267561
0.762		0.267036
0.763		0.266511
0.764		0.265988
0.765		0.265467
0.766		0.264947
0.767		0.264428
0.768		0.26391
0.769		0.263394
0.77		0.262879
0.771		0.262365
0.772		0.261852
0.773		0.261341
0.774		0.260831
0.775		0.260323
0.776		0.259815
0.777		0.259309
0.778		0.258805
0.779		0.258301
0.78		0.257799
0.781		0.257298
0.782		0.256798
0.783		0.2563
0.784		0.255803
0.785		0.255307
0.786		0.254812
0.787		0.254319
0.788		0.253827
0.789		0.253336
0.79		0.252846
0.791		0.252358
0.792		0.25187
0.793		0.251384
0.794		0.2509
0.795		0.250416
0.796		0.249934
0.797		0.249453
0.798		0.248973
0.799		0.248494
0.8		0.248017
0.801		0.24754
0.802		0.247065
0.803		0.246591
0.804		0.246119
0.805		0.245647
0.806		0.245177
0.807		0.244708
0.808		0.24424
0.809		0.243773
0.81		0.243307
0.811		0.242843
0.812		0.242379
0.813		0.241917
0.814		0.241456
0.815		0.240996
0.816		0.240538
0.817		0.24008
0.818		0.239624
0.819		0.239169
0.82		0.238715
0.821		0.238262
0.822		0.23781
0.823		0.237359
0.824		0.23691
0.825		0.236461
0.826		0.236014
0.827		0.235568
0.828		0.235123
0.829		0.234679
0.83		0.234236
0.831		0.233794
0.832		0.233354
0.833		0.232914
0.834		0.232476
0.835		0.232038
0.836		0.231602
0.837		0.231167
0.838		0.230733
0.839		0.2303
0.84		0.229868
0.841		0.229437
0.842		0.229007
0.843		0.228579
0.844		0.228151
0.845		0.227725
0.846		0.227299
0.847		0.226875
0.848		0.226451
0.849		0.226029
0.85		0.225608
0.851		0.225188
0.852		0.224768
0.853		0.22435
0.854		0.223933
0.855		0.223517
0.856		0.223102
0.857		0.222688
0.858		0.222275
0.859		0.221863
0.86		0.221452
0.861		0.221043
0.862		0.220634
0.863		0.220226
0.864		0.219819
0.865		0.219413
0.866		0.219008
0.867		0.218605
0.868		0.218202
0.869		0.2178
0.87		0.217399
0.871		0.216999
0.872		0.2166
0.873		0.216202
0.874		0.215806
0.875		0.21541
0.876		0.215015
0.877		0.214621
0.878		0.214228
0.879		0.213836
0.88		0.213445
0.881		0.213055
0.882		0.212666
0.883		0.212277
0.884		0.21189
0.885		0.211504
0.886		0.211119
0.887		0.210734
0.888		0.210351
0.889		0.209968
0.89		0.209587
0.891		0.209206
0.892		0.208827
0.893		0.208448
0.894		0.20807
0.895		0.207693
0.896		0.207317
0.897		0.206942
0.898		0.206568
0.899		0.206195
0.9		0.205823
0.901		0.205451
0.902		0.205081
0.903		0.204711
0.904		0.204343
0.905		0.203975
0.906		0.203608
0.907		0.203242
0.908		0.202877
0.909		0.202513
0.91		0.20215
0.911		0.201787
0.912		0.201426
0.913		0.201065
0.914		0.200705
0.915		0.200347
0.916		0.199989
0.917		0.199632
0.918		0.199275
0.919		0.19892
0.92		0.198565
0.921		0.198212
0.922		0.197859
0.923		0.197507
0.924		0.197156
0.925		0.196806
0.926		0.196456
0.927		0.196108
0.928		0.19576
0.929		0.195413
0.93		0.195067
0.931		0.194722
0.932		0.194378
0.933		0.194034
0.934		0.193691
0.935		0.193349
0.936		0.193008
0.937		0.192668
0.938		0.192329
0.939		0.19199
0.94		0.191653
0.941		0.191316
0.942		0.190979
0.943		0.190644
0.944		0.19031
0.945		0.189976
0.946		0.189643
0.947		0.189311
0.948		0.18898
0.949		0.188649
0.95		0.188319
0.951		0.18799
0.952		0.187662
0.953		0.187335
0.954		0.187008
0.955		0.186683
0.956		0.186358
0.957		0.186033
0.958		0.18571
0.959		0.185387
0.96		0.185065
0.961		0.184744
0.962		0.184424
0.963		0.184104
0.964		0.183785
0.965		0.183467
0.966		0.18315
0.967		0.182833
0.968		0.182518
0.969		0.182202
0.97		0.181888
0.971		0.181575
0.972		0.181262
0.973		0.18095
0.974		0.180638
0.975		0.180328
0.976		0.180018
0.977		0.179709
0.978		0.1794
0.979		0.179093
0.98		0.178786
0.981		0.17848
0.982		0.178174
0.983		0.177869
0.984		0.177565
0.985		0.177262
0.986		0.176959
0.987		0.176658
0.988		0.176356
0.989		0.176056
0.99		0.175756
0.991		0.175457
0.992		0.175159
0.993		0.174861
0.994		0.174564
0.995		0.174268
0.996		0.173972
0.997		0.173677
0.998		0.173383
0.999		0.17309
1		0.172797
1.001		0.172505
1.002		0.172214
1.003		0.171923
1.004		0.171633
1.005		0.171343
1.006		0.171055
1.007		0.170767
1.008		0.170479
1.009		0.170193
1.01		0.169907
1.011		0.169621
1.012		0.169337
1.013		0.169053
1.014		0.168769
1.015		0.168487
1.016		0.168205
1.017		0.167923
1.018		0.167643
1.019		0.167363
1.02		0.167083
1.021		0.166804
1.022		0.166526
1.023		0.166249
1.024		0.165972
1.025		0.165696
1.026		0.16542
1.027		0.165145
1.028		0.164871
1.029		0.164598
1.03		0.164325
1.031		0.164052
1.032		0.16378
1.033		0.163509
1.034		0.163239
1.035		0.162969
1.036		0.1627
1.037		0.162431
1.038		0.162163
1.039		0.161896
1.04		0.161629
1.041		0.161363
1.042		0.161097
1.043		0.160832
1.044		0.160568
1.045		0.160304
1.046		0.160041
1.047		0.159779
1.048		0.159517
1.049		0.159256
1.05		0.158995
1.051		0.158735
1.052		0.158475
1.053		0.158216
1.054		0.157958
1.055		0.1577
1.056		0.157443
1.057		0.157187
1.058		0.156931
1.059		0.156675
1.06		0.156421
1.061		0.156166
1.062		0.155913
1.063		0.15566
1.064		0.155407
1.065		0.155155
1.066		0.154904
1.067		0.154653
1.068		0.154403
1.069		0.154153
1.07		0.153904
1.071		0.153656
1.072		0.153408
1.073		0.15316
1.074		0.152914
1.075		0.152667
1.076		0.152422
1.077		0.152176
1.078		0.151932
1.079		0.151688
1.08		0.151444
1.081		0.151201
1.082		0.150959
1.083		0.150717
1.084		0.150476
1.085		0.150235
1.086		0.149995
1.087		0.149755
1.088		0.149516
1.089		0.149277
1.09		0.149039
1.091		0.148802
1.092		0.148565
1.093		0.148328
1.094		0.148092
1.095		0.147857
1.096		0.147622
1.097		0.147388
1.098		0.147154
1.099		0.146921
1.1		0.146688
1.101		0.146455
1.102		0.146224
1.103		0.145992
1.104		0.145762
1.105		0.145532
1.106		0.145302
1.107		0.145073
1.108		0.144844
1.109		0.144616
1.11		0.144388
1.111		0.144161
1.112		0.143934
1.113		0.143708
1.114		0.143483
1.115		0.143257
1.116		0.143033
1.117		0.142809
1.118		0.142585
1.119		0.142362
1.12		0.142139
1.121		0.141917
1.122		0.141695
1.123		0.141474
1.124		0.141253
1.125		0.141033
1.126		0.140813
1.127		0.140594
1.128		0.140375
1.129		0.140157
1.13		0.139939
1.131		0.139722
1.132		0.139505
1.133		0.139289
1.134		0.139073
1.135		0.138857
1.136		0.138642
1.137		0.138428
1.138		0.138214
1.139		0.138
1.14		0.137787
1.141		0.137575
1.142		0.137362
1.143		0.137151
1.144		0.13694
1.145		0.136729
1.146		0.136518
1.147		0.136309
1.148		0.136099
1.149		0.13589
1.15		0.135682
1.151		0.135474
1.152		0.135266
1.153		0.135059
1.154		0.134852
1.155		0.134646
1.156		0.13444
1.157		0.134235
1.158		0.13403
1.159		0.133826
1.16		0.133622
1.161		0.133418
1.162		0.133215
1.163		0.133012
1.164		0.13281
1.165		0.132608
1.166		0.132407
1.167		0.132206
1.168		0.132006
1.169		0.131805
1.17		0.131606
1.171		0.131407
1.172		0.131208
1.173		0.131009
1.174		0.130812
1.175		0.130614
1.176		0.130417
1.177		0.13022
1.178		0.130024
1.179		0.129828
1.18		0.129633
1.181		0.129438
1.182		0.129243
1.183		0.129049
1.184		0.128855
1.185		0.128662
1.186		0.128469
1.187		0.128277
1.188		0.128085
1.189		0.127893
1.19		0.127702
1.191		0.127511
1.192		0.12732
1.193		0.12713
1.194		0.126941
1.195		0.126751
1.196		0.126563
1.197		0.126374
1.198		0.126186
1.199		0.125998
1.2		0.125811
1.201		0.125624
1.202		0.125438
1.203		0.125252
1.204		0.125066
1.205		0.124881
1.206		0.124696
1.207		0.124511
1.208		0.124327
1.209		0.124144
1.21		0.12396
1.211		0.123777
1.212		0.123595
1.213		0.123413
1.214		0.123231
1.215		0.123049
1.216		0.122868
1.217		0.122688
1.218		0.122508
1.219		0.122328
1.22		0.122148
1.221		0.121969
1.222		0.12179
1.223		0.121612
1.224		0.121434
1.225		0.121256
1.226		0.121079
1.227		0.120902
1.228		0.120725
1.229		0.120549
1.23		0.120374
1.231		0.120198
1.232		0.120023
1.233		0.119848
1.234		0.119674
1.235		0.1195
1.236		0.119326
1.237		0.119153
1.238		0.11898
1.239		0.118808
1.24		0.118636
1.241		0.118464
1.242		0.118292
1.243		0.118121
1.244		0.11795
1.245		0.11778
1.246		0.11761
1.247		0.11744
1.248		0.117271
1.249		0.117102
1.25		0.116933
1.251		0.116765
1.252		0.116597
1.253		0.116429
1.254		0.116262
1.255		0.116095
1.256		0.115929
1.257		0.115762
1.258		0.115596
1.259		0.115431
1.26		0.115266
1.261		0.115101
1.262		0.114936
1.263		0.114772
1.264		0.114608
1.265		0.114445
1.266		0.114281
1.267		0.114119
1.268		0.113956
1.269		0.113794
1.27		0.113632
1.271		0.11347
1.272		0.113309
1.273		0.113148
1.274		0.112988
1.275		0.112828
1.276		0.112668
1.277		0.112508
1.278		0.112349
1.279		0.11219
1.28		0.112031
1.281		0.111873
1.282		0.111715
1.283		0.111557
1.284		0.1114
1.285		0.111243
1.286		0.111086
1.287		0.11093
1.288		0.110774
1.289		0.110618
1.29		0.110463
1.291		0.110308
1.292		0.110153
1.293		0.109998
1.294		0.109844
1.295		0.10969
1.296		0.109537
1.297		0.109384
1.298		0.109231
1.299		0.109078
1.3		0.108926
1.301		0.108774
1.302		0.108622
1.303		0.108471
1.304		0.108319
1.305		0.108169
1.306		0.108018
1.307		0.107868
1.308		0.107718
1.309		0.107568
1.31		0.107419
1.311		0.10727
1.312		0.107121
1.313		0.106973
1.314		0.106825
1.315		0.106677
1.316		0.106529
1.317		0.106382
1.318		0.106235
1.319		0.106089
1.32		0.105942
1.321		0.105796
1.322		0.10565
1.323		0.105505
1.324		0.10536
1.325		0.105215
1.326		0.10507
1.327		0.104926
1.328		0.104782
1.329		0.104638
1.33		0.104495
1.331		0.104351
1.332		0.104208
1.333		0.104066
1.334		0.103923
1.335		0.103781
1.336		0.10364
1.337		0.103498
1.338		0.103357
1.339		0.103216
1.34		0.103075
1.341		0.102935
1.342		0.102795
1.343		0.102655
1.344		0.102515
1.345		0.102376
1.346		0.102237
1.347		0.102098
1.348		0.10196
1.349		0.101821
1.35		0.101683
1.351		0.101546
1.352		0.101408
1.353		0.101271
1.354		0.101134
1.355		0.100998
1.356		0.100861
1.357		0.100725
1.358		0.100589
1.359		0.100454
1.36		0.100319
1.361		0.100184
1.362		0.100049
1.363		0.0999142
1.364		0.09978
1.365		0.099646
1.366		0.0995123
1.367		0.0993788
1.368		0.0992456
1.369		0.0991127
1.37		0.09898
1.371		0.0988475
1.372		0.0987154
1.373		0.0985834
1.374		0.0984518
1.375		0.0983204
1.376		0.0981892
1.377		0.0980583
1.378		0.0979276
1.379		0.0977972
1.38		0.0976671
1.381		0.0975372
1.382		0.0974075
1.383		0.0972781
1.384		0.0971489
1.385		0.09702
1.386		0.0968914
1.387		0.096763
1.388		0.0966348
1.389		0.0965069
1.39		0.0963792
1.391		0.0962517
1.392		0.0961245
1.393		0.0959976
1.394		0.0958709
1.395		0.0957444
1.396		0.0956182
1.397		0.0954922
1.398		0.0953665
1.399		0.095241
1.4		0.0951157
1.401		0.0949907
1.402		0.0948659
1.403		0.0947413
1.404		0.094617
1.405		0.0944929
1.406		0.0943691
1.407		0.0942455
1.408		0.0941221
1.409		0.093999
1.41		0.093876
1.411		0.0937534
1.412		0.0936309
1.413		0.0935087
1.414		0.0933867
1.415		0.093265
1.416		0.0931434
1.417		0.0930221
1.418		0.0929011
1.419		0.0927802
1.42		0.0926596
1.421		0.0925393
1.422		0.0924191
1.423		0.0922992
1.424		0.0921795
1.425		0.09206
1.426		0.0919407
1.427		0.0918217
1.428		0.0917029
1.429		0.0915843
1.43		0.0914659
1.431		0.0913478
1.432		0.0912299
1.433		0.0911122
1.434		0.0909947
1.435		0.0908774
1.436		0.0907604
1.437		0.0906435
1.438		0.0905269
1.439		0.0904106
1.44		0.0902944
1.441		0.0901784
1.442		0.0900627
1.443		0.0899472
1.444		0.0898318
1.445		0.0897167
1.446		0.0896019
1.447		0.0894872
1.448		0.0893727
1.449		0.0892585
1.45		0.0891445
1.451		0.0890306
1.452		0.088917
1.453		0.0888036
1.454		0.0886904
1.455		0.0885775
1.456		0.0884647
1.457		0.0883521
1.458		0.0882398
1.459		0.0881276
1.46		0.0880157
1.461		0.0879039
1.462		0.0877924
1.463		0.0876811
1.464		0.0875699
1.465		0.087459
1.466		0.0873483
1.467		0.0872378
1.468		0.0871275
1.469		0.0870174
1.47		0.0869075
1.471		0.0867978
1.472		0.0866883
1.473		0.086579
1.474		0.0864699
1.475		0.086361
1.476		0.0862523
1.477		0.0861438
1.478		0.0860355
1.479		0.0859274
1.48		0.0858195
1.481		0.0857118
1.482		0.0856042
1.483		0.0854969
1.484		0.0853898
1.485		0.0852829
1.486		0.0851761
1.487		0.0850696
1.488		0.0849632
1.489		0.0848571
1.49		0.0847511
1.491		0.0846454
1.492		0.0845398
1.493		0.0844344
1.494		0.0843292
1.495		0.0842242
1.496		0.0841194
1.497		0.0840147
1.498		0.0839103
1.499		0.0838061
1.5		0.083702
1.501		0.0835981
1.502		0.0834944
1.503		0.0833909
1.504		0.0832876
1.505		0.0831845
1.506		0.0830816
1.507		0.0829788
1.508		0.0828762
1.509		0.0827739
1.51		0.0826716
1.511		0.0825696
1.512		0.0824678
1.513		0.0823661
1.514		0.0822647
1.515		0.0821634
1.516		0.0820623
1.517		0.0819613
1.518		0.0818606
1.519		0.08176
1.52		0.0816596
1.521		0.0815594
1.522		0.0814594
1.523		0.0813596
1.524		0.0812599
1.525		0.0811604
1.526		0.0810611
1.527		0.0809619
1.528		0.080863
1.529		0.0807642
1.53		0.0806656
1.531		0.0805671
1.532		0.0804689
1.533		0.0803708
1.534		0.0802729
1.535		0.0801751
1.536		0.0800776
1.537		0.0799802
1.538		0.079883
1.539		0.0797859
1.54		0.079689
1.541		0.0795923
1.542		0.0794958
1.543		0.0793994
1.544		0.0793032
1.545		0.0792072
1.546		0.0791113
1.547		0.0790157
1.548		0.0789201
1.549		0.0788248
1.55		0.0787296
1.551		0.0786346
1.552		0.0785397
1.553		0.0784451
1.554		0.0783505
1.555		0.0782562
1.556		0.078162
1.557		0.078068
1.558		0.0779741
1.559		0.0778804
1.56		0.0777869
1.561		0.0776936
1.562		0.0776004
1.563		0.0775073
1.564		0.0774145
1.565		0.0773217
1.566		0.0772292
1.567		0.0771368
1.568		0.0770446
1.569		0.0769525
1.57		0.0768606
1.571		0.0767689
1.572		0.0766773
1.573		0.0765858
1.574		0.0764946
1.575		0.0764035
1.576		0.0763125
1.577		0.0762217
1.578		0.0761311
1.579		0.0760406
1.58		0.0759503
1.581		0.0758601
1.582		0.0757701
1.583		0.0756803
1.584		0.0755906
1.585		0.075501
1.586		0.0754116
1.587		0.0753224
1.588		0.0752333
1.589		0.0751444
1.59		0.0750556
1.591		0.074967
1.592		0.0748785
1.593		0.0747902
1.594		0.074702
1.595		0.074614
1.596		0.0745262
1.597		0.0744385
1.598		0.0743509
1.599		0.0742635
1.6		0.0741762
1.601		0.0740891
1.602		0.0740022
1.603		0.0739153
1.604		0.0738287
1.605		0.0737422
1.606		0.0736558
1.607		0.0735696
1.608		0.0734835
1.609		0.0733976
1.61		0.0733118
1.611		0.0732262
1.612		0.0731407
1.613		0.0730554
1.614		0.0729702
1.615		0.0728851
1.616		0.0728002
1.617		0.0727154
1.618		0.0726308
1.619		0.0725464
1.62		0.072462
1.621		0.0723778
1.622		0.0722938
1.623		0.0722099
1.624		0.0721261
1.625		0.0720425
1.626		0.0719591
1.627		0.0718757
1.628		0.0717925
1.629		0.0717095
1.63		0.0716266
1.631		0.0715438
1.632		0.0714612
1.633		0.0713787
1.634		0.0712963
1.635		0.0712141
1.636		0.071132
1.637		0.0710501
1.638		0.0709683
1.639		0.0708866
1.64		0.0708051
1.641		0.0707237
1.642		0.0706425
1.643		0.0705613
1.644		0.0704804
1.645		0.0703995
1.646		0.0703188
1.647		0.0702382
1.648		0.0701578
1.649		0.0700775
1.65		0.0699973
1.651		0.0699173
1.652		0.0698374
1.653		0.0697576
1.654		0.069678
1.655		0.0695985
1.656		0.0695191
1.657		0.0694399
1.658		0.0693608
1.659		0.0692818
1.66		0.069203
1.661		0.0691243
1.662		0.0690457
1.663		0.0689672
1.664		0.0688889
1.665		0.0688107
1.666		0.0687327
1.667		0.0686547
1.668		0.068577
1.669		0.0684993
1.67		0.0684217
1.671		0.0683443
1.672		0.068267
1.673		0.0681899
1.674		0.0681129
1.675		0.068036
1.676		0.0679592
1.677		0.0678825
1.678		0.067806
1.679		0.0677296
1.68		0.0676533
1.681		0.0675772
1.682		0.0675012
1.683		0.0674253
1.684		0.0673495
1.685		0.0672739
1.686		0.0671984
1.687		0.067123
1.688		0.0670477
1.689		0.0669725
1.69		0.0668975
1.691		0.0668226
1.692		0.0667478
1.693		0.0666732
1.694		0.0665986
1.695		0.0665242
1.696		0.0664499
1.697		0.0663758
1.698		0.0663017
1.699		0.0662278
1.7		0.066154
1.701		0.0660803
1.702		0.0660067
1.703		0.0659333
1.704		0.06586
1.705		0.0657867
1.706		0.0657137
1.707		0.0656407
1.708		0.0655678
1.709		0.0654951
1.71		0.0654225
1.711		0.06535
1.712		0.0652776
1.713		0.0652054
1.714		0.0651332
1.715		0.0650612
1.716		0.0649893
1.717		0.0649175
1.718		0.0648458
1.719		0.0647742
1.72		0.0647028
1.721		0.0646315
1.722		0.0645602
1.723		0.0644891
1.724		0.0644182
1.725		0.0643473
1.726		0.0642765
1.727		0.0642059
1.728		0.0641354
1.729		0.0640649
1.73		0.0639946
1.731		0.0639244
1.732		0.0638544
1.733		0.0637844
1.734		0.0637146
1.735		0.0636448
1.736		0.0635752
1.737		0.0635057
1.738		0.0634363
1.739		0.063367
1.74		0.0632978
1.741		0.0632287
1.742		0.0631598
1.743		0.0630909
1.744		0.0630222
1.745		0.0629535
1.746		0.062885
1.747		0.0628166
1.748		0.0627483
1.749		0.0626801
1.75		0.062612
1.751		0.062544
1.752		0.0624762
1.753		0.0624084
1.754		0.0623408
1.755		0.0622732
1.756		0.0622058
1.757		0.0621384
1.758		0.0620712
1.759		0.0620041
1.76		0.0619371
1.761		0.0618702
1.762		0.0618034
1.763		0.0617367
1.764		0.0616701
1.765		0.0616036
1.766		0.0615372
1.767		0.061471
1.768		0.0614048
1.769		0.0613387
1.77		0.0612728
1.771		0.0612069
1.772		0.0611412
1.773		0.0610755
1.774		0.06101
1.775		0.0609445
1.776		0.0608792
1.777		0.060814
1.778		0.0607488
1.779		0.0606838
1.78		0.0606189
1.781		0.060554
1.782		0.0604893
1.783		0.0604247
1.784		0.0603602
1.785		0.0602957
1.786		0.0602314
1.787		0.0601672
1.788		0.0601031
1.789		0.0600391
1.79		0.0599751
1.791		0.0599113
1.792		0.0598476
1.793		0.059784
1.794		0.0597205
1.795		0.059657
1.796		0.0595937
1.797		0.0595305
1.798		0.0594674
1.799		0.0594044
1.8		0.0593414
1.801		0.0592786
1.802		0.0592159
1.803		0.0591532
1.804		0.0590907
1.805		0.0590282
1.806		0.0589659
1.807		0.0589036
1.808		0.0588415
1.809		0.0587794
1.81		0.0587175
1.811		0.0586556
1.812		0.0585939
1.813		0.0585322
1.814		0.0584706
1.815		0.0584091
1.816		0.0583477
1.817		0.0582864
1.818		0.0582252
1.819		0.0581641
1.82		0.0581031
1.821		0.0580422
1.822		0.0579814
1.823		0.0579207
1.824		0.05786
1.825		0.0577995
1.826		0.057739
1.827		0.0576787
1.828		0.0576184
1.829		0.0575583
1.83		0.0574982
1.831		0.0574382
1.832		0.0573783
1.833		0.0573185
1.834		0.0572588
1.835		0.0571992
1.836		0.0571396
1.837		0.0570802
1.838		0.0570209
1.839		0.0569616
1.84		0.0569024
1.841		0.0568434
1.842		0.0567844
1.843		0.0567255
1.844		0.0566667
1.845		0.056608
1.846		0.0565493
1.847		0.0564908
1.848		0.0564324
1.849		0.056374
1.85		0.0563157
1.851		0.0562576
1.852		0.0561995
1.853		0.0561415
1.854		0.0560835
1.855		0.0560257
1.856		0.055968
1.857		0.0559103
1.858		0.0558528
1.859		0.0557953
1.86		0.0557379
1.861		0.0556806
1.862		0.0556234
1.863		0.0555662
1.864		0.0555092
1.865		0.0554522
1.866		0.0553953
1.867		0.0553386
1.868		0.0552819
1.869		0.0552252
1.87		0.0551687
1.871		0.0551123
1.872		0.0550559
1.873		0.0549996
1.874		0.0549434
1.875		0.0548873
1.876		0.0548313
1.877		0.0547754
1.878		0.0547195
1.879		0.0546637
1.88		0.054608
1.881		0.0545524
1.882		0.0544969
1.883		0.0544415
1.884		0.0543861
1.885		0.0543309
1.886		0.0542757
1.887		0.0542206
1.888		0.0541655
1.889		0.0541106
1.89		0.0540557
1.891		0.0540009
1.892		0.0539462
1.893		0.0538916
1.894		0.0538371
1.895		0.0537826
1.896		0.0537283
1.897		0.053674
1.898		0.0536198
1.899		0.0535656
1.9		0.0535116
1.901		0.0534576
1.902		0.0534037
1.903		0.0533499
1.904		0.0532962
1.905		0.0532425
1.906		0.053189
1.907		0.0531355
1.908		0.0530821
1.909		0.0530287
1.91		0.0529755
1.911		0.0529223
1.912		0.0528692
1.913		0.0528162
1.914		0.0527632
1.915		0.0527104
1.916		0.0526576
1.917		0.0526049
1.918		0.0525523
1.919		0.0524997
1.92		0.0524472
1.921		0.0523948
1.922		0.0523425
1.923		0.0522903
1.924		0.0522381
1.925		0.052186
1.926		0.052134
1.927		0.0520821
1.928		0.0520302
1.929		0.0519784
1.93		0.0519267
1.931		0.0518751
1.932		0.0518235
1.933		0.051772
1.934		0.0517206
1.935		0.0516693
1.936		0.051618
1.937		0.0515669
1.938		0.0515157
1.939		0.0514647
1.94		0.0514138
1.941		0.0513629
1.942		0.0513121
1.943		0.0512613
1.944		0.0512107
1.945		0.0511601
1.946		0.0511096
1.947		0.0510591
1.948		0.0510088
1.949		0.0509585
1.95		0.0509082
1.951		0.0508581
1.952		0.050808
1.953		0.050758
1.954		0.0507081
1.955		0.0506582
1.956		0.0506084
1.957		0.0505587
1.958		0.0505091
1.959		0.0504595
1.96		0.05041
1.961		0.0503606
1.962		0.0503112
1.963		0.0502619
1.964		0.0502127
1.965		0.0501636
1.966		0.0501145
1.967		0.0500655
1.968		0.0500166
1.969		0.0499677
1.97		0.0499189
1.971		0.0498702
1.972		0.0498216
1.973		0.049773
1.974		0.0497245
1.975		0.049676
1.976		0.0496277
1.977		0.0495794
1.978		0.0495311
1.979		0.049483
1.98		0.0494349
1.981		0.0493869
1.982		0.0493389
1.983		0.049291
1.984		0.0492432
1.985		0.0491954
1.986		0.0491478
1.987		0.0491002
1.988		0.0490526
1.989		0.0490051
1.99		0.0489577
1.991		0.0489104
1.992		0.0488631
1.993		0.0488159
1.994		0.0487688
1.995		0.0487217
1.996		0.0486747
1.997		0.0486277
1.998		0.0485809
1.999		0.0485341
2		0.0484873
2.001		0.0484406
2.002		0.048394
2.003		0.0483475
2.004		0.048301
2.005		0.0482546
2.006		0.0482083
2.007		0.048162
2.008		0.0481158
2.009		0.0480696
2.01		0.0480235
2.011		0.0479775
2.012		0.0479316
2.013		0.0478857
2.014		0.0478399
2.015		0.0477941
2.016		0.0477484
2.017		0.0477028
2.018		0.0476572
2.019		0.0476117
2.02		0.0475663
2.021		0.0475209
2.022		0.0474756
2.023		0.0474304
2.024		0.0473852
2.025		0.0473401
2.026		0.047295
2.027		0.04725
2.028		0.0472051
2.029		0.0471602
2.03		0.0471154
2.031		0.0470707
2.032		0.047026
2.033		0.0469814
2.034		0.0469368
2.035		0.0468924
2.036		0.0468479
2.037		0.0468036
2.038		0.0467593
2.039		0.046715
2.04		0.0466708
2.041		0.0466267
2.042		0.0465827
2.043		0.0465387
2.044		0.0464947
2.045		0.0464509
2.046		0.0464071
2.047		0.0463633
2.048		0.0463196
2.049		0.046276
2.05		0.0462324
2.051		0.0461889
2.052		0.0461455
2.053		0.0461021
2.054		0.0460588
2.055		0.0460155
2.056		0.0459723
2.057		0.0459291
2.058		0.0458861
2.059		0.045843
2.06		0.0458001
2.061		0.0457572
2.062		0.0457143
2.063		0.0456715
2.064		0.0456288
2.065		0.0455861
2.066		0.0455435
2.067		0.0455009
2.068		0.0454584
2.069		0.045416
2.07		0.0453736
2.071		0.0453313
2.072		0.0452891
2.073		0.0452469
2.074		0.0452047
2.075		0.0451626
2.076		0.0451206
2.077		0.0450786
2.078		0.0450367
2.079		0.0449948
2.08		0.044953
2.081		0.0449113
2.082		0.0448696
2.083		0.044828
2.084		0.0447864
2.085		0.0447449
2.086		0.0447035
2.087		0.0446621
2.088		0.0446207
2.089		0.0445794
2.09		0.0445382
2.091		0.044497
2.092		0.0444559
2.093		0.0444148
2.094		0.0443738
2.095		0.0443329
2.096		0.044292
2.097		0.0442512
2.098		0.0442104
2.099		0.0441696
2.1		0.044129
2.101		0.0440884
2.102		0.0440478
2.103		0.0440073
2.104		0.0439668
2.105		0.0439264
2.106		0.0438861
2.107		0.0438458
2.108		0.0438056
2.109		0.0437654
2.11		0.0437253
2.111		0.0436852
2.112		0.0436452
2.113		0.0436052
2.114		0.0435653
2.115		0.0435255
2.116		0.0434857
2.117		0.0434459
2.118		0.0434062
2.119		0.0433666
2.12		0.043327
2.121		0.0432875
2.122		0.043248
2.123		0.0432086
2.124		0.0431692
2.125		0.0431299
2.126		0.0430906
2.127		0.0430514
2.128		0.0430123
2.129		0.0429731
2.13		0.0429341
2.131		0.0428951
2.132		0.0428561
2.133		0.0428172
2.134		0.0427784
2.135		0.0427396
2.136		0.0427009
2.137		0.0426622
2.138		0.0426235
2.139		0.0425849
2.14		0.0425464
2.141		0.0425079
2.142		0.0424695
2.143		0.0424311
2.144		0.0423928
2.145		0.0423545
2.146		0.0423163
2.147		0.0422781
2.148		0.04224
2.149		0.0422019
2.15		0.0421639
2.151		0.0421259
2.152		0.042088
2.153		0.0420501
2.154		0.0420123
2.155		0.0419745
2.156		0.0419368
2.157		0.0418991
2.158		0.0418615
2.159		0.0418239
2.16		0.0417864
2.161		0.0417489
2.162		0.0417115
2.163		0.0416742
2.164		0.0416368
2.165		0.0415996
2.166		0.0415623
2.167		0.0415252
2.168		0.041488
2.169		0.041451
2.17		0.0414139
2.171		0.041377
2.172		0.04134
2.173		0.0413031
2.174		0.0412663
2.175		0.0412295
2.176		0.0411928
2.177		0.0411561
2.178		0.0411195
2.179		0.0410829
2.18		0.0410463
2.181		0.0410098
2.182		0.0409734
2.183		0.040937
2.184		0.0409006
2.185		0.0408643
2.186		0.0408281
2.187		0.0407919
2.188		0.0407557
2.189		0.0407196
2.19		0.0406835
2.191		0.0406475
2.192		0.0406115
2.193		0.0405756
2.194		0.0405397
2.195		0.0405039
2.196		0.0404681
2.197		0.0404324
2.198		0.0403967
2.199		0.0403611
2.2		0.0403255
2.201		0.0402899
2.202		0.0402544
2.203		0.0402189
2.204		0.0401835
2.205		0.0401482
2.206		0.0401129
2.207		0.0400776
2.208		0.0400424
2.209		0.0400072
2.21		0.039972
2.211		0.0399369
2.212		0.0399019
2.213		0.0398669
2.214		0.0398319
2.215		0.039797
2.216		0.0397622
2.217		0.0397274
2.218		0.0396926
2.219		0.0396579
2.22		0.0396232
2.221		0.0395885
2.222		0.0395539
2.223		0.0395194
2.224		0.0394849
2.225		0.0394504
2.226		0.039416
2.227		0.0393816
2.228		0.0393473
2.229		0.039313
2.23		0.0392788
2.231		0.0392446
2.232		0.0392104
2.233		0.0391763
2.234		0.0391423
2.235		0.0391083
2.236		0.0390743
2.237		0.0390404
2.238		0.0390065
2.239		0.0389726
2.24		0.0389388
2.241		0.0389051
2.242		0.0388714
2.243		0.0388377
2.244		0.0388041
2.245		0.0387705
2.246		0.0387369
2.247		0.0387034
2.248		0.03867
2.249		0.0386366
2.25		0.0386032
2.251		0.0385699
2.252		0.0385366
2.253		0.0385033
2.254		0.0384701
2.255		0.038437
2.256		0.0384039
2.257		0.0383708
2.258		0.0383378
2.259		0.0383048
2.26		0.0382718
2.261		0.0382389
2.262		0.0382061
2.263		0.0381732
2.264		0.0381405
2.265		0.0381077
2.266		0.038075
2.267		0.0380424
2.268		0.0380098
2.269		0.0379772
2.27		0.0379447
2.271		0.0379122
2.272		0.0378797
2.273		0.0378473
2.274		0.0378149
2.275		0.0377826
2.276		0.0377503
2.277		0.0377181
2.278		0.0376859
2.279		0.0376537
2.28		0.0376216
2.281		0.0375895
2.282		0.0375575
2.283		0.0375255
2.284		0.0374935
2.285		0.0374616
2.286		0.0374297
2.287		0.0373979
2.288		0.0373661
2.289		0.0373343
2.29		0.0373026
2.291		0.0372709
2.292		0.0372393
2.293		0.0372077
2.294		0.0371761
2.295		0.0371446
2.296		0.0371131
2.297		0.0370817
2.298		0.0370503
2.299		0.0370189
2.3		0.0369876
2.301		0.0369563
2.302		0.0369251
2.303		0.0368939
2.304		0.0368627
2.305		0.0368316
2.306		0.0368005
2.307		0.0367695
2.308		0.0367384
2.309		0.0367075
2.31		0.0366765
2.311		0.0366456
2.312		0.0366148
2.313		0.036584
2.314		0.0365532
2.315		0.0365225
2.316		0.0364917
2.317		0.0364611
2.318		0.0364305
2.319		0.0363999
2.32		0.0363693
2.321		0.0363388
2.322		0.0363083
2.323		0.0362779
2.324		0.0362475
2.325		0.0362171
2.326		0.0361868
2.327		0.0361565
2.328		0.0361263
2.329		0.0360961
2.33		0.0360659
2.331		0.0360358
2.332		0.0360057
2.333		0.0359756
2.334		0.0359456
2.335		0.0359156
2.336		0.0358856
2.337		0.0358557
2.338		0.0358259
2.339		0.035796
2.34		0.0357662
2.341		0.0357365
2.342		0.0357067
2.343		0.035677
2.344		0.0356474
2.345		0.0356178
2.346		0.0355882
2.347		0.0355586
2.348		0.0355291
2.349		0.0354996
2.35		0.0354702
2.351		0.0354408
2.352		0.0354114
2.353		0.0353821
2.354		0.0353528
2.355		0.0353236
2.356		0.0352943
2.357		0.0352652
2.358		0.035236
2.359		0.0352069
2.36		0.0351778
2.361		0.0351488
2.362		0.0351198
2.363		0.0350908
2.364		0.0350619
2.365		0.035033
2.366		0.0350041
2.367		0.0349753
2.368		0.0349465
2.369		0.0349177
2.37		0.034889
2.371		0.0348603
2.372		0.0348316
2.373		0.034803
2.374		0.0347744
2.375		0.0347459
2.376		0.0347174
2.377		0.0346889
2.378		0.0346604
2.379		0.034632
2.38		0.0346036
2.381		0.0345753
2.382		0.034547
2.383		0.0345187
2.384		0.0344905
2.385		0.0344623
2.386		0.0344341
2.387		0.034406
2.388		0.0343779
2.389		0.0343498
2.39		0.0343218
2.391		0.0342938
2.392		0.0342658
2.393		0.0342379
2.394		0.03421
2.395		0.0341821
2.396		0.0341543
2.397		0.0341265
2.398		0.0340987
2.399		0.034071
2.4		0.0340433
2.401		0.0340156
2.402		0.033988
2.403		0.0339604
2.404		0.0339328
2.405		0.0339053
2.406		0.0338778
2.407		0.0338503
2.408		0.0338229
2.409		0.0337955
2.41		0.0337681
2.411		0.0337408
2.412		0.0337135
2.413		0.0336862
2.414		0.033659
2.415		0.0336318
2.416		0.0336046
2.417		0.0335774
2.418		0.0335503
2.419		0.0335233
2.42		0.0334962
2.421		0.0334692
2.422		0.0334422
2.423		0.0334153
2.424		0.0333884
2.425		0.0333615
2.426		0.0333347
2.427		0.0333078
2.428		0.0332811
2.429		0.0332543
2.43		0.0332276
2.431		0.0332009
2.432		0.0331742
2.433		0.0331476
2.434		0.033121
2.435		0.0330945
2.436		0.0330679
2.437		0.0330414
2.438		0.033015
2.439		0.0329885
2.44		0.0329621
2.441		0.0329358
2.442		0.0329094
2.443		0.0328831
2.444		0.0328568
2.445		0.0328306
2.446		0.0328044
2.447		0.0327782
2.448		0.032752
2.449		0.0327259
2.45		0.0326998
2.451		0.0326737
2.452		0.0326477
2.453		0.0326217
2.454		0.0325957
2.455		0.0325698
2.456		0.0325439
2.457		0.032518
2.458		0.0324922
2.459		0.0324664
2.46		0.0324406
2.461		0.0324148
2.462		0.0323891
2.463		0.0323634
2.464		0.0323377
2.465		0.0323121
2.466		0.0322865
2.467		0.0322609
2.468		0.0322354
2.469		0.0322099
2.47		0.0321844
2.471		0.0321589
2.472		0.0321335
2.473		0.0321081
2.474		0.0320827
2.475		0.0320574
2.476		0.0320321
2.477		0.0320068
2.478		0.0319816
2.479		0.0319563
2.48		0.0319312
2.481		0.031906
2.482		0.0318809
2.483		0.0318558
2.484		0.0318307
2.485		0.0318057
2.486		0.0317807
2.487		0.0317557
2.488		0.0317307
2.489		0.0317058
2.49		0.0316809
2.491		0.031656
2.492		0.0316312
2.493		0.0316064
2.494		0.0315816
2.495		0.0315569
2.496		0.0315321
2.497		0.0315074
2.498		0.0314828
2.499		0.0314581
2.5		0.0314335
2.501		0.031409
2.502		0.0313844
2.503		0.0313599
2.504		0.0313354
2.505		0.0313109
2.506		0.0312865
2.507		0.0312621
2.508		0.0312377
2.509		0.0312133
2.51		0.031189
2.511		0.0311647
2.512		0.0311405
2.513		0.0311162
2.514		0.031092
2.515		0.0310678
2.516		0.0310437
2.517		0.0310195
2.518		0.0309954
2.519		0.0309714
2.52		0.0309473
2.521		0.0309233
2.522		0.0308993
2.523		0.0308754
2.524		0.0308514
2.525		0.0308275
2.526		0.0308036
2.527		0.0307798
2.528		0.030756
2.529		0.0307322
2.53		0.0307084
2.531		0.0306847
2.532		0.0306609
2.533		0.0306373
2.534		0.0306136
2.535		0.03059
2.536		0.0305664
2.537		0.0305428
2.538		0.0305192
2.539		0.0304957
2.54		0.0304722
2.541		0.0304487
2.542		0.0304253
2.543		0.0304019
2.544		0.0303785
2.545		0.0303551
2.546		0.0303318
2.547		0.0303085
2.548		0.0302852
2.549		0.0302619
2.55		0.0302387
2.551		0.0302155
2.552		0.0301923
2.553		0.0301692
2.554		0.030146
2.555		0.0301229
2.556		0.0300999
2.557		0.0300768
2.558		0.0300538
2.559		0.0300308
2.56		0.0300078
2.561		0.0299849
2.562		0.029962
2.563		0.0299391
2.564		0.0299162
2.565		0.0298934
2.566		0.0298706
2.567		0.0298478
2.568		0.029825
2.569		0.0298023
2.57		0.0297796
2.571		0.0297569
2.572		0.0297342
2.573		0.0297116
2.574		0.029689
2.575		0.0296664
2.576		0.0296438
2.577		0.0296213
2.578		0.0295988
2.579		0.0295763
2.58		0.0295539
2.581		0.0295314
2.582		0.029509
2.583		0.0294867
2.584		0.0294643
2.585		0.029442
2.586		0.0294197
2.587		0.0293974
2.588		0.0293751
2.589		0.0293529
2.59		0.0293307
2.591		0.0293085
2.592		0.0292864
2.593		0.0292643
2.594		0.0292422
2.595		0.0292201
2.596		0.029198
2.597		0.029176
2.598		0.029154
2.599		0.029132
2.6		0.0291101
2.601		0.0290881
2.602		0.0290662
2.603		0.0290443
2.604		0.0290225
2.605		0.0290006
2.606		0.0289788
2.607		0.0289571
2.608		0.0289353
2.609		0.0289136
2.61		0.0288918
2.611		0.0288702
2.612		0.0288485
2.613		0.0288269
2.614		0.0288052
2.615		0.0287837
2.616		0.0287621
2.617		0.0287405
2.618		0.028719
2.619		0.0286975
2.62		0.0286761
2.621		0.0286546
2.622		0.0286332
2.623		0.0286118
2.624		0.0285904
2.625		0.0285691
2.626		0.0285477
2.627		0.0285264
2.628		0.0285052
2.629		0.0284839
2.63		0.0284627
2.631		0.0284415
2.632		0.0284203
2.633		0.0283991
2.634		0.028378
2.635		0.0283568
2.636		0.0283358
2.637		0.0283147
2.638		0.0282936
2.639		0.0282726
2.64		0.0282516
2.641		0.0282306
2.642		0.0282097
2.643		0.0281887
2.644		0.0281678
2.645		0.028147
2.646		0.0281261
2.647		0.0281053
2.648		0.0280844
2.649		0.0280636
2.65		0.0280429
2.651		0.0280221
2.652		0.0280014
2.653		0.0279807
2.654		0.02796
2.655		0.0279394
2.656		0.0279187
2.657		0.0278981
2.658		0.0278775
2.659		0.027857
2.66		0.0278364
2.661		0.0278159
2.662		0.0277954
2.663		0.0277749
2.664		0.0277545
2.665		0.0277341
2.666		0.0277136
2.667		0.0276933
2.668		0.0276729
2.669		0.0276525
2.67		0.0276322
2.671		0.0276119
2.672		0.0275917
2.673		0.0275714
2.674		0.0275512
2.675		0.027531
2.676		0.0275108
2.677		0.0274906
2.678		0.0274705
2.679		0.0274503
2.68		0.0274302
2.681		0.0274102
2.682		0.0273901
2.683		0.0273701
2.684		0.0273501
2.685		0.0273301
2.686		0.0273101
2.687		0.0272902
2.688		0.0272702
2.689		0.0272503
2.69		0.0272305
2.691		0.0272106
2.692		0.0271908
2.693		0.0271709
2.694		0.0271511
2.695		0.0271314
2.696		0.0271116
2.697		0.0270919
2.698		0.0270722
2.699		0.0270525
2.7		0.0270328
2.701		0.0270132
2.702		0.0269935
2.703		0.0269739
2.704		0.0269544
2.705		0.0269348
2.706		0.0269153
2.707		0.0268957
2.708		0.0268762
2.709		0.0268568
2.71		0.0268373
2.711		0.0268179
2.712		0.0267985
2.713		0.0267791
2.714		0.0267597
2.715		0.0267403
2.716		0.026721
2.717		0.0267017
2.718		0.0266824
2.719		0.0266631
2.72		0.0266439
2.721		0.0266247
2.722		0.0266054
2.723		0.0265863
2.724		0.0265671
2.725		0.0265479
2.726		0.0265288
2.727		0.0265097
2.728		0.0264906
2.729		0.0264716
2.73		0.0264525
2.731		0.0264335
2.732		0.0264145
2.733		0.0263955
2.734		0.0263766
2.735		0.0263576
2.736		0.0263387
2.737		0.0263198
2.738		0.0263009
2.739		0.0262821
2.74		0.0262632
2.741		0.0262444
2.742		0.0262256
2.743		0.0262068
2.744		0.026188
2.745		0.0261693
2.746		0.0261506
2.747		0.0261319
2.748		0.0261132
2.749		0.0260945
2.75		0.0260759
2.751		0.0260573
2.752		0.0260387
2.753		0.0260201
2.754		0.0260015
2.755		0.025983
2.756		0.0259645
2.757		0.025946
2.758		0.0259275
2.759		0.025909
2.76		0.0258906
2.761		0.0258721
2.762		0.0258537
2.763		0.0258354
2.764		0.025817
2.765		0.0257986
2.766		0.0257803
2.767		0.025762
2.768		0.0257437
2.769		0.0257254
2.77		0.0257072
2.771		0.025689
2.772		0.0256707
2.773		0.0256526
2.774		0.0256344
2.775		0.0256162
2.776		0.0255981
2.777		0.02558
2.778		0.0255619
2.779		0.0255438
2.78		0.0255257
2.781		0.0255077
2.782		0.0254897
2.783		0.0254717
2.784		0.0254537
2.785		0.0254357
2.786		0.0254178
2.787		0.0253998
2.788		0.0253819
2.789		0.0253641
2.79		0.0253462
2.791		0.0253283
2.792		0.0253105
2.793		0.0252927
2.794		0.0252749
2.795		0.0252571
2.796		0.0252393
2.797		0.0252216
2.798		0.0252039
2.799		0.0251862
2.8		0.0251685
2.801		0.0251508
2.802		0.0251332
2.803		0.0251156
2.804		0.0250979
2.805		0.0250803
2.806		0.0250628
2.807		0.0250452
2.808		0.0250277
2.809		0.0250102
2.81		0.0249927
2.811		0.0249752
2.812		0.0249577
2.813		0.0249403
2.814		0.0249228
2.815		0.0249054
2.816		0.024888
2.817		0.0248707
2.818		0.0248533
2.819		0.024836
2.82		0.0248186
2.821		0.0248013
2.822		0.0247841
2.823		0.0247668
2.824		0.0247495
2.825		0.0247323
2.826		0.0247151
2.827		0.0246979
2.828		0.0246807
2.829		0.0246636
2.83		0.0246464
2.831		0.0246293
2.832		0.0246122
2.833		0.0245951
2.834		0.024578
2.835		0.024561
2.836		0.0245439
2.837		0.0245269
2.838		0.0245099
2.839		0.0244929
2.84		0.024476
2.841		0.024459
2.842		0.0244421
2.843		0.0244252
2.844		0.0244083
2.845		0.0243914
2.846		0.0243745
2.847		0.0243577
2.848		0.0243409
2.849		0.0243241
2.85		0.0243073
2.851		0.0242905
2.852		0.0242737
2.853		0.024257
2.854		0.0242403
2.855		0.0242236
2.856		0.0242069
2.857		0.0241902
2.858		0.0241736
2.859		0.0241569
2.86		0.0241403
2.861		0.0241237
2.862		0.0241071
2.863		0.0240905
2.864		0.024074
2.865		0.0240574
2.866		0.0240409
2.867		0.0240244
2.868		0.0240079
2.869		0.0239915
2.87		0.023975
2.871		0.0239586
2.872		0.0239422
2.873		0.0239258
2.874		0.0239094
2.875		0.023893
2.876		0.0238767
2.877		0.0238603
2.878		0.023844
2.879		0.0238277
2.88		0.0238114
2.881		0.0237952
2.882		0.0237789
2.883		0.0237627
2.884		0.0237465
2.885		0.0237302
2.886		0.0237141
2.887		0.0236979
2.888		0.0236817
2.889		0.0236656
2.89		0.0236495
2.891		0.0236334
2.892		0.0236173
2.893		0.0236012
2.894		0.0235852
2.895		0.0235691
2.896		0.0235531
2.897		0.0235371
2.898		0.0235211
2.899		0.0235051
2.9		0.0234892
2.901		0.0234732
2.902		0.0234573
2.903		0.0234414
2.904		0.0234255
2.905		0.0234096
2.906		0.0233938
2.907		0.0233779
2.908		0.0233621
2.909		0.0233463
2.91		0.0233305
2.911		0.0233147
2.912		0.0232989
2.913		0.0232832
2.914		0.0232675
2.915		0.0232517
2.916		0.023236
2.917		0.0232203
2.918		0.0232047
2.919		0.023189
2.92		0.0231734
2.921		0.0231578
2.922		0.0231421
2.923		0.0231266
2.924		0.023111
2.925		0.0230954
2.926		0.0230799
2.927		0.0230643
2.928		0.0230488
2.929		0.0230333
2.93		0.0230178
2.931		0.0230024
2.932		0.0229869
2.933		0.0229715
2.934		0.0229561
2.935		0.0229407
2.936		0.0229253
2.937		0.0229099
2.938		0.0228945
2.939		0.0228792
2.94		0.0228639
2.941		0.0228485
2.942		0.0228332
2.943		0.022818
2.944		0.0228027
2.945		0.0227874
2.946		0.0227722
2.947		0.022757
2.948		0.0227418
2.949		0.0227266
2.95		0.0227114
2.951		0.0226962
2.952		0.0226811
2.953		0.022666
2.954		0.0226508
2.955		0.0226357
2.956		0.0226206
2.957		0.0226056
2.958		0.0225905
2.959		0.0225755
2.96		0.0225604
2.961		0.0225454
2.962		0.0225304
2.963		0.0225155
2.964		0.0225005
2.965		0.0224855
2.966		0.0224706
2.967		0.0224557
2.968		0.0224408
2.969		0.0224259
2.97		0.022411
2.971		0.0223961
2.972		0.0223813
2.973		0.0223664
2.974		0.0223516
2.975		0.0223368
2.976		0.022322
2.977		0.0223072
2.978		0.0222925
2.979		0.0222777
2.98		0.022263
2.981		0.0222483
2.982		0.0222336
2.983		0.0222189
2.984		0.0222042
2.985		0.0221895
2.986		0.0221749
2.987		0.0221603
2.988		0.0221456
2.989		0.022131
2.99		0.0221165
2.991		0.0221019
2.992		0.0220873
2.993		0.0220728
2.994		0.0220582
2.995		0.0220437
2.996		0.0220292
2.997		0.0220147
2.998		0.0220003
2.999		0.0219858
3		0.0219713
3.001		0.0219569
3.002		0.0219425
3.003		0.0219281
3.004		0.0219137
3.005		0.0218993
3.006		0.021885
3.007		0.0218706
3.008		0.0218563
3.009		0.021842
3.01		0.0218276
3.011		0.0218134
3.012		0.0217991
3.013		0.0217848
3.014		0.0217706
3.015		0.0217563
3.016		0.0217421
3.017		0.0217279
3.018		0.0217137
3.019		0.0216995
3.02		0.0216853
3.021		0.0216712
3.022		0.021657
3.023		0.0216429
3.024		0.0216288
3.025		0.0216147
3.026		0.0216006
3.027		0.0215866
3.028		0.0215725
3.029		0.0215585
3.03		0.0215444
3.031		0.0215304
3.032		0.0215164
3.033		0.0215024
3.034		0.0214884
3.035		0.0214745
3.036		0.0214605
3.037		0.0214466
3.038		0.0214327
3.039		0.0214188
3.04		0.0214049
3.041		0.021391
3.042		0.0213771
3.043		0.0213632
3.044		0.0213494
3.045		0.0213356
3.046		0.0213218
3.047		0.021308
3.048		0.0212942
3.049		0.0212804
3.05		0.0212666
3.051		0.0212529
3.052		0.0212391
3.053		0.0212254
3.054		0.0212117
3.055		0.021198
3.056		0.0211843
3.057		0.0211707
3.058		0.021157
3.059		0.0211434
3.06		0.0211297
3.061		0.0211161
3.062		0.0211025
3.063		0.0210889
3.064		0.0210753
3.065		0.0210618
3.066		0.0210482
3.067		0.0210347
3.068		0.0210212
3.069		0.0210076
3.07		0.0209941
3.071		0.0209807
3.072		0.0209672
3.073		0.0209537
3.074		0.0209403
3.075		0.0209268
3.076		0.0209134
3.077		0.0209
3.078		0.0208866
3.079		0.0208732
3.08		0.0208598
3.081		0.0208465
3.082		0.0208331
3.083		0.0208198
3.084		0.0208065
3.085		0.0207932
3.086		0.0207799
3.087		0.0207666
3.088		0.0207533
3.089		0.0207401
3.09		0.0207268
3.091		0.0207136
3.092		0.0207004
3.093		0.0206872
3.094		0.020674
3.095		0.0206608
3.096		0.0206476
3.097		0.0206345
3.098		0.0206213
3.099		0.0206082
3.1		0.0205951
3.101		0.020582
3.102		0.0205689
3.103		0.0205558
3.104		0.0205427
3.105		0.0205297
3.106		0.0205166
3.107		0.0205036
3.108		0.0204906
3.109		0.0204775
3.11		0.0204645
3.111		0.0204516
3.112		0.0204386
3.113		0.0204256
3.114		0.0204127
3.115		0.0203998
3.116		0.0203868
3.117		0.0203739
3.118		0.020361
3.119		0.0203481
3.12		0.0203353
3.121		0.0203224
3.122		0.0203095
3.123		0.0202967
3.124		0.0202839
3.125		0.0202711
3.126		0.0202583
3.127		0.0202455
3.128		0.0202327
3.129		0.0202199
3.13		0.0202072
3.131		0.0201944
3.132		0.0201817
3.133		0.020169
3.134		0.0201563
3.135		0.0201436
3.136		0.0201309
3.137		0.0201182
3.138		0.0201056
3.139		0.0200929
3.14		0.0200803
3.141		0.0200677
3.142		0.0200551
3.143		0.0200425
3.144		0.0200299
3.145		0.0200173
3.146		0.0200047
3.147		0.0199922
3.148		0.0199797
3.149		0.0199671
3.15		0.0199546
3.151		0.0199421
3.152		0.0199296
3.153		0.0199171
3.154		0.0199047
3.155		0.0198922
3.156		0.0198798
3.157		0.0198673
3.158		0.0198549
3.159		0.0198425
3.16		0.0198301
3.161		0.0198177
3.162		0.0198053
3.163		0.019793
3.164		0.0197806
3.165		0.0197683
3.166		0.0197559
3.167		0.0197436
3.168		0.0197313
3.169		0.019719
3.17		0.0197067
3.171		0.0196944
3.172		0.0196822
3.173		0.0196699
3.174		0.0196577
3.175		0.0196455
3.176		0.0196332
3.177		0.019621
3.178		0.0196088
3.179		0.0195967
3.18		0.0195845
3.181		0.0195723
3.182		0.0195602
3.183		0.019548
3.184		0.0195359
3.185		0.0195238
3.186		0.0195117
3.187		0.0194996
3.188		0.0194875
3.189		0.0194754
3.19		0.0194634
3.191		0.0194513
3.192		0.0194393
3.193		0.0194273
3.194		0.0194153
3.195		0.0194032
3.196		0.0193913
3.197		0.0193793
3.198		0.0193673
3.199		0.0193553
3.2		0.0193434
3.201		0.0193315
3.202		0.0193195
3.203		0.0193076
3.204		0.0192957
3.205		0.0192838
3.206		0.0192719
3.207		0.0192601
3.208		0.0192482
3.209		0.0192363
3.21		0.0192245
3.211		0.0192127
3.212		0.0192009
3.213		0.019189
3.214		0.0191772
3.215		0.0191655
3.216		0.0191537
3.217		0.0191419
3.218		0.0191302
3.219		0.0191184
3.22		0.0191067
3.221		0.019095
3.222		0.0190833
3.223		0.0190716
3.224		0.0190599
3.225		0.0190482
3.226		0.0190365
3.227		0.0190249
3.228		0.0190132
3.229		0.0190016
3.23		0.01899
3.231		0.0189783
3.232		0.0189667
3.233		0.0189551
3.234		0.0189436
3.235		0.018932
3.236		0.0189204
3.237		0.0189089
3.238		0.0188973
3.239		0.0188858
3.24		0.0188743
3.241		0.0188628
3.242		0.0188513
3.243		0.0188398
3.244		0.0188283
3.245		0.0188168
3.246		0.0188054
3.247		0.0187939
3.248		0.0187825
3.249		0.0187711
3.25		0.0187597
3.251		0.0187483
3.252		0.0187369
3.253		0.0187255
3.254		0.0187141
3.255		0.0187027
3.256		0.0186914
3.257		0.01868
3.258		0.0186687
3.259		0.0186574
3.26		0.0186461
3.261		0.0186348
3.262		0.0186235
3.263		0.0186122
3.264		0.0186009
3.265		0.0185897
3.266		0.0185784
3.267		0.0185672
3.268		0.0185559
3.269		0.0185447
3.27		0.0185335
3.271		0.0185223
3.272		0.0185111
3.273		0.0184999
3.274		0.0184888
3.275		0.0184776
3.276		0.0184664
3.277		0.0184553
3.278		0.0184442
3.279		0.018433
3.28		0.0184219
3.281		0.0184108
3.282		0.0183997
3.283		0.0183887
3.284		0.0183776
3.285		0.0183665
3.286		0.0183555
3.287		0.0183444
3.288		0.0183334
3.289		0.0183224
3.29		0.0183114
3.291		0.0183004
3.292		0.0182894
3.293		0.0182784
3.294		0.0182674
3.295		0.0182565
3.296		0.0182455
3.297		0.0182346
3.298		0.0182236
3.299		0.0182127
3.3		0.0182018
3.301		0.0181909
3.302		0.01818
3.303		0.0181691
3.304		0.0181582
3.305		0.0181474
3.306		0.0181365
3.307		0.0181257
3.308		0.0181148
3.309		0.018104
3.31		0.0180932
3.311		0.0180824
3.312		0.0180716
3.313		0.0180608
3.314		0.01805
3.315		0.0180393
3.316		0.0180285
3.317		0.0180178
3.318		0.018007
3.319		0.0179963
3.32		0.0179856
3.321		0.0179749
3.322		0.0179641
3.323		0.0179535
3.324		0.0179428
3.325		0.0179321
3.326		0.0179214
3.327		0.0179108
3.328		0.0179001
3.329		0.0178895
3.33		0.0178789
3.331		0.0178683
3.332		0.0178577
3.333		0.0178471
3.334		0.0178365
3.335		0.0178259
3.336		0.0178153
3.337		0.0178048
3.338		0.0177942
3.339		0.0177837
3.34		0.0177731
3.341		0.0177626
3.342		0.0177521
3.343		0.0177416
3.344		0.0177311
3.345		0.0177206
3.346		0.0177101
3.347		0.0176997
3.348		0.0176892
3.349		0.0176788
3.35		0.0176683
3.351		0.0176579
3.352		0.0176475
3.353		0.0176371
3.354		0.0176267
3.355		0.0176163
3.356		0.0176059
3.357		0.0175955
3.358		0.0175851
3.359		0.0175748
3.36		0.0175644
3.361		0.0175541
3.362		0.0175438
3.363		0.0175334
3.364		0.0175231
3.365		0.0175128
3.366		0.0175025
3.367		0.0174922
3.368		0.017482
3.369		0.0174717
3.37		0.0174614
3.371		0.0174512
3.372		0.0174409
3.373		0.0174307
3.374		0.0174205
3.375		0.0174103
3.376		0.0174001
3.377		0.0173899
3.378		0.0173797
3.379		0.0173695
3.38		0.0173593
3.381		0.0173492
3.382		0.017339
3.383		0.0173289
3.384		0.0173188
3.385		0.0173086
3.386		0.0172985
3.387		0.0172884
3.388		0.0172783
3.389		0.0172682
3.39		0.0172581
3.391		0.0172481
3.392		0.017238
3.393		0.017228
3.394		0.0172179
3.395		0.0172079
3.396		0.0171979
3.397		0.0171878
3.398		0.0171778
3.399		0.0171678
3.4		0.0171578
3.401		0.0171478
3.402		0.0171379
3.403		0.0171279
3.404		0.0171179
3.405		0.017108
3.406		0.017098
3.407		0.0170881
3.408		0.0170782
3.409		0.0170683
3.41		0.0170584
3.411		0.0170485
3.412		0.0170386
3.413		0.0170287
3.414		0.0170188
3.415		0.017009
3.416		0.0169991
3.417		0.0169893
3.418		0.0169794
3.419		0.0169696
3.42		0.0169598
3.421		0.01695
3.422		0.0169402
3.423		0.0169304
3.424		0.0169206
3.425		0.0169108
3.426		0.016901
3.427		0.0168913
3.428		0.0168815
3.429		0.0168718
3.43		0.016862
3.431		0.0168523
3.432		0.0168426
3.433		0.0168329
3.434		0.0168232
3.435		0.0168135
3.436		0.0168038
3.437		0.0167941
3.438		0.0167844
3.439		0.0167748
3.44		0.0167651
3.441		0.0167555
3.442		0.0167458
3.443		0.0167362
3.444		0.0167266
3.445		0.016717
3.446		0.0167074
3.447		0.0166978
3.448		0.0166882
3.449		0.0166786
3.45		0.016669
3.451		0.0166595
3.452		0.0166499
3.453		0.0166404
3.454		0.0166308
3.455		0.0166213
3.456		0.0166118
3.457		0.0166023
3.458		0.0165927
3.459		0.0165832
3.46		0.0165738
3.461		0.0165643
3.462		0.0165548
3.463		0.0165453
3.464		0.0165359
3.465		0.0165264
3.466		0.016517
3.467		0.0165076
3.468		0.0164981
3.469		0.0164887
3.47		0.0164793
3.471		0.0164699
3.472		0.0164605
3.473		0.0164511
3.474		0.0164417
3.475		0.0164324
3.476		0.016423
3.477		0.0164137
3.478		0.0164043
3.479		0.016395
3.48		0.0163856
3.481		0.0163763
3.482		0.016367
3.483		0.0163577
3.484		0.0163484
3.485		0.0163391
3.486		0.0163298
3.487		0.0163206
3.488		0.0163113
3.489		0.016302
3.49		0.0162928
3.491		0.0162835
3.492		0.0162743
3.493		0.0162651
3.494		0.0162559
3.495		0.0162466
3.496		0.0162374
3.497		0.0162282
3.498		0.0162191
3.499		0.0162099
3.5		0.0162007
3.501		0.0161915
3.502		0.0161824
3.503		0.0161732
3.504		0.0161641
3.505		0.016155
3.506		0.0161458
3.507		0.0161367
3.508		0.0161276
3.509		0.0161185
3.51		0.0161094
3.511		0.0161003
3.512		0.0160912
3.513		0.0160822
3.514		0.0160731
3.515		0.016064
3.516		0.016055
3.517		0.0160459
3.518		0.0160369
3.519		0.0160279
3.52		0.0160189
3.521		0.0160098
3.522		0.0160008
3.523		0.0159918
3.524		0.0159829
3.525		0.0159739
3.526		0.0159649
3.527		0.0159559
3.528		0.015947
3.529		0.015938
3.53		0.0159291
3.531		0.0159201
3.532		0.0159112
3.533		0.0159023
3.534		0.0158934
3.535		0.0158845
3.536		0.0158756
3.537		0.0158667
3.538		0.0158578
3.539		0.0158489
3.54		0.01584
3.541		0.0158312
3.542		0.0158223
3.543		0.0158135
3.544		0.0158046
3.545		0.0157958
3.546		0.015787
3.547		0.0157782
3.548		0.0157693
3.549		0.0157605
3.55		0.0157517
3.551		0.015743
3.552		0.0157342
3.553		0.0157254
3.554		0.0157166
3.555		0.0157079
3.556		0.0156991
3.557		0.0156904
3.558		0.0156816
3.559		0.0156729
3.56		0.0156642
3.561		0.0156555
3.562		0.0156468
3.563		0.0156381
3.564		0.0156294
3.565		0.0156207
3.566		0.015612
3.567		0.0156033
3.568		0.0155947
3.569		0.015586
3.57		0.0155774
3.571		0.0155687
3.572		0.0155601
3.573		0.0155514
3.574		0.0155428
3.575		0.0155342
3.576		0.0155256
3.577		0.015517
3.578		0.0155084
3.579		0.0154998
3.58		0.0154912
3.581		0.0154827
3.582		0.0154741
3.583		0.0154655
3.584		0.015457
3.585		0.0154484
3.586		0.0154399
3.587		0.0154314
3.588		0.0154228
3.589		0.0154143
3.59		0.0154058
3.591		0.0153973
3.592		0.0153888
3.593		0.0153803
3.594		0.0153719
3.595		0.0153634
3.596		0.0153549
3.597		0.0153464
3.598		0.015338
3.599		0.0153295
3.6		0.0153211
3.601		0.0153127
3.602		0.0153043
3.603		0.0152958
3.604		0.0152874
3.605		0.015279
3.606		0.0152706
3.607		0.0152622
3.608		0.0152538
3.609		0.0152455
3.61		0.0152371
3.611		0.0152287
3.612		0.0152204
3.613		0.015212
3.614		0.0152037
3.615		0.0151953
3.616		0.015187
3.617		0.0151787
3.618		0.0151704
3.619		0.0151621
3.62		0.0151538
3.621		0.0151455
3.622		0.0151372
3.623		0.0151289
3.624		0.0151206
3.625		0.0151123
3.626		0.0151041
3.627		0.0150958
3.628		0.0150876
3.629		0.0150793
3.63		0.0150711
3.631		0.0150629
3.632		0.0150547
3.633		0.0150464
3.634		0.0150382
3.635		0.01503
3.636		0.0150218
3.637		0.0150136
3.638		0.0150055
3.639		0.0149973
3.64		0.0149891
3.641		0.014981
3.642		0.0149728
3.643		0.0149647
3.644		0.0149565
3.645		0.0149484
3.646		0.0149403
3.647		0.0149321
3.648		0.014924
3.649		0.0149159
3.65		0.0149078
3.651		0.0148997
3.652		0.0148916
3.653		0.0148835
3.654		0.0148755
3.655		0.0148674
3.656		0.0148593
3.657		0.0148513
3.658		0.0148432
3.659		0.0148352
3.66		0.0148271
3.661		0.0148191
3.662		0.0148111
3.663		0.0148031
3.664		0.0147951
3.665		0.0147871
3.666		0.0147791
3.667		0.0147711
3.668		0.0147631
3.669		0.0147551
3.67		0.0147471
3.671		0.0147392
3.672		0.0147312
3.673		0.0147233
3.674		0.0147153
3.675		0.0147074
3.676		0.0146994
3.677		0.0146915
3.678		0.0146836
3.679		0.0146757
3.68		0.0146678
3.681		0.0146599
3.682		0.014652
3.683		0.0146441
3.684		0.0146362
3.685		0.0146283
3.686		0.0146204
3.687		0.0146126
3.688		0.0146047
3.689		0.0145969
3.69		0.014589
3.691		0.0145812
3.692		0.0145734
3.693		0.0145655
3.694		0.0145577
3.695		0.0145499
3.696		0.0145421
3.697		0.0145343
3.698		0.0145265
3.699		0.0145187
3.7		0.0145109
3.701		0.0145032
3.702		0.0144954
3.703		0.0144876
3.704		0.0144799
3.705		0.0144721
3.706		0.0144644
3.707		0.0144566
3.708		0.0144489
3.709		0.0144412
3.71		0.0144334
3.711		0.0144257
3.712		0.014418
3.713		0.0144103
3.714		0.0144026
3.715		0.0143949
3.716		0.0143873
3.717		0.0143796
3.718		0.0143719
3.719		0.0143642
3.72		0.0143566
3.721		0.0143489
3.722		0.0143413
3.723		0.0143336
3.724		0.014326
3.725		0.0143184
3.726		0.0143108
3.727		0.0143031
3.728		0.0142955
3.729		0.0142879
3.73		0.0142803
3.731		0.0142727
3.732		0.0142651
3.733		0.0142576
3.734		0.01425
3.735		0.0142424
3.736		0.0142349
3.737		0.0142273
3.738		0.0142198
3.739		0.0142122
3.74		0.0142047
3.741		0.0141971
3.742		0.0141896
3.743		0.0141821
3.744		0.0141746
3.745		0.0141671
3.746		0.0141596
3.747		0.0141521
3.748		0.0141446
3.749		0.0141371
3.75		0.0141296
3.751		0.0141221
3.752		0.0141147
3.753		0.0141072
3.754		0.0140998
3.755		0.0140923
3.756		0.0140849
3.757		0.0140774
3.758		0.01407
3.759		0.0140626
3.76		0.0140552
3.761		0.0140477
3.762		0.0140403
3.763		0.0140329
3.764		0.0140255
3.765		0.0140181
3.766		0.0140108
3.767		0.0140034
3.768		0.013996
3.769		0.0139886
3.77		0.0139813
3.771		0.0139739
3.772		0.0139666
3.773		0.0139592
3.774		0.0139519
3.775		0.0139445
3.776		0.0139372
3.777		0.0139299
3.778		0.0139226
3.779		0.0139153
3.78		0.013908
3.781		0.0139007
3.782		0.0138934
3.783		0.0138861
3.784		0.0138788
3.785		0.0138715
3.786		0.0138643
3.787		0.013857
3.788		0.0138497
3.789		0.0138425
3.79		0.0138352
3.791		0.013828
3.792		0.0138208
3.793		0.0138135
3.794		0.0138063
3.795		0.0137991
3.796		0.0137919
3.797		0.0137847
3.798		0.0137775
3.799		0.0137703
3.8		0.0137631
3.801		0.0137559
3.802		0.0137487
3.803		0.0137415
3.804		0.0137344
3.805		0.0137272
3.806		0.01372
3.807		0.0137129
3.808		0.0137057
3.809		0.0136986
3.81		0.0136915
3.811		0.0136843
3.812		0.0136772
3.813		0.0136701
3.814		0.013663
3.815		0.0136559
3.816		0.0136488
3.817		0.0136417
3.818		0.0136346
3.819		0.0136275
3.82		0.0136204
3.821		0.0136133
3.822		0.0136063
3.823		0.0135992
3.824		0.0135922
3.825		0.0135851
3.826		0.0135781
3.827		0.013571
3.828		0.013564
3.829		0.0135569
3.83		0.0135499
3.831		0.0135429
3.832		0.0135359
3.833		0.0135289
3.834		0.0135219
3.835		0.0135149
3.836		0.0135079
3.837		0.0135009
3.838		0.0134939
3.839		0.0134869
3.84		0.01348
3.841		0.013473
3.842		0.013466
3.843		0.0134591
3.844		0.0134521
3.845		0.0134452
3.846		0.0134383
3.847		0.0134313
3.848		0.0134244
3.849		0.0134175
3.85		0.0134106
3.851		0.0134036
3.852		0.0133967
3.853		0.0133898
3.854		0.0133829
3.855		0.013376
3.856		0.0133692
3.857		0.0133623
3.858		0.0133554
3.859		0.0133485
3.86		0.0133417
3.861		0.0133348
3.862		0.013328
3.863		0.0133211
3.864		0.0133143
3.865		0.0133074
3.866		0.0133006
3.867		0.0132938
3.868		0.0132869
3.869		0.0132801
3.87		0.0132733
3.871		0.0132665
3.872		0.0132597
3.873		0.0132529
3.874		0.0132461
3.875		0.0132393
3.876		0.0132325
3.877		0.0132258
3.878		0.013219
3.879		0.0132122
3.88		0.0132055
3.881		0.0131987
3.882		0.013192
3.883		0.0131852
3.884		0.0131785
3.885		0.0131717
3.886		0.013165
3.887		0.0131583
3.888		0.0131516
3.889		0.0131449
3.89		0.0131382
3.891		0.0131314
3.892		0.0131247
3.893		0.0131181
3.894		0.0131114
3.895		0.0131047
3.896		0.013098
3.897		0.0130913
3.898		0.0130847
3.899		0.013078
3.9		0.0130713
3.901		0.0130647
3.902		0.013058
3.903		0.0130514
3.904		0.0130448
3.905		0.0130381
3.906		0.0130315
3.907		0.0130249
3.908		0.0130183
3.909		0.0130116
3.91		0.013005
3.911		0.0129984
3.912		0.0129918
3.913		0.0129852
3.914		0.0129787
3.915		0.0129721
3.916		0.0129655
3.917		0.0129589
3.918		0.0129524
3.919		0.0129458
3.92		0.0129392
3.921		0.0129327
3.922		0.0129261
3.923		0.0129196
3.924		0.0129131
3.925		0.0129065
3.926		0.0129
3.927		0.0128935
3.928		0.012887
3.929		0.0128804
3.93		0.0128739
3.931		0.0128674
3.932		0.0128609
3.933		0.0128544
3.934		0.0128479
3.935		0.0128415
3.936		0.012835
3.937		0.0128285
3.938		0.012822
3.939		0.0128156
3.94		0.0128091
3.941		0.0128027
3.942		0.0127962
3.943		0.0127898
3.944		0.0127833
3.945		0.0127769
3.946		0.0127705
3.947		0.012764
3.948		0.0127576
3.949		0.0127512
3.95		0.0127448
3.951		0.0127384
3.952		0.012732
3.953		0.0127256
3.954		0.0127192
3.955		0.0127128
3.956		0.0127064
3.957		0.0127
3.958		0.0126937
3.959		0.0126873
3.96		0.0126809
3.961		0.0126746
3.962		0.0126682
3.963		0.0126619
3.964		0.0126555
3.965		0.0126492
3.966		0.0126429
3.967		0.0126365
3.968		0.0126302
3.969		0.0126239
3.97		0.0126176
3.971		0.0126113
3.972		0.012605
3.973		0.0125987
3.974		0.0125924
3.975		0.0125861
3.976		0.0125798
3.977		0.0125735
3.978		0.0125672
3.979		0.0125609
3.98		0.0125547
3.981		0.0125484
3.982		0.0125422
3.983		0.0125359
3.984		0.0125296
3.985		0.0125234
3.986		0.0125172
3.987		0.0125109
3.988		0.0125047
3.989		0.0124985
3.99		0.0124922
3.991		0.012486
3.992		0.0124798
3.993		0.0124736
3.994		0.0124674
3.995		0.0124612
3.996		0.012455
3.997		0.0124488
3.998		0.0124426
3.999		0.0124365
4		0.0124303
4.001		0.0124241
4.002		0.0124179
4.003		0.0124118
4.004		0.0124056
4.005		0.0123995
4.006		0.0123933
4.007		0.0123872
4.008		0.012381
4.009		0.0123749
4.01		0.0123688
4.011		0.0123626
4.012		0.0123565
4.013		0.0123504
4.014		0.0123443
4.015		0.0123382
4.016		0.0123321
4.017		0.012326
4.018		0.0123199
4.019		0.0123138
4.02		0.0123077
4.021		0.0123016
4.022		0.0122956
4.023		0.0122895
4.024		0.0122834
4.025		0.0122774
4.026		0.0122713
4.027		0.0122652
4.028		0.0122592
4.029		0.0122531
4.03		0.0122471
4.031		0.0122411
4.032		0.012235
4.033		0.012229
4.034		0.012223
4.035		0.012217
4.036		0.012211
4.037		0.0122049
4.038		0.0121989
4.039		0.0121929
4.04		0.0121869
4.041		0.0121809
4.042		0.012175
4.043		0.012169
4.044		0.012163
4.045		0.012157
4.046		0.0121511
4.047		0.0121451
4.048		0.0121391
4.049		0.0121332
4.05		0.0121272
4.051		0.0121213
4.052		0.0121153
4.053		0.0121094
4.054		0.0121035
4.055		0.0120975
4.056		0.0120916
4.057		0.0120857
4.058		0.0120798
4.059		0.0120738
4.06		0.0120679
4.061		0.012062
4.062		0.0120561
4.063		0.0120502
4.064		0.0120443
4.065		0.0120385
4.066		0.0120326
4.067		0.0120267
4.068		0.0120208
4.069		0.0120149
4.07		0.0120091
4.071		0.0120032
4.072		0.0119974
4.073		0.0119915
4.074		0.0119857
4.075		0.0119798
4.076		0.011974
4.077		0.0119681
4.078		0.0119623
4.079		0.0119565
4.08		0.0119507
4.081		0.0119448
4.082		0.011939
4.083		0.0119332
4.084		0.0119274
4.085		0.0119216
4.086		0.0119158
4.087		0.01191
4.088		0.0119042
4.089		0.0118984
4.09		0.0118926
4.091		0.0118869
4.092		0.0118811
4.093		0.0118753
4.094		0.0118696
4.095		0.0118638
4.096		0.011858
4.097		0.0118523
4.098		0.0118465
4.099		0.0118408
4.1		0.0118351
4.101		0.0118293
4.102		0.0118236
4.103		0.0118179
4.104		0.0118121
4.105		0.0118064
4.106		0.0118007
4.107		0.011795
4.108		0.0117893
4.109		0.0117836
4.11		0.0117779
4.111		0.0117722
4.112		0.0117665
4.113		0.0117608
4.114		0.0117551
4.115		0.0117495
4.116		0.0117438
4.117		0.0117381
4.118		0.0117325
4.119		0.0117268
4.12		0.0117211
4.121		0.0117155
4.122		0.0117098
4.123		0.0117042
4.124		0.0116986
4.125		0.0116929
4.126		0.0116873
4.127		0.0116817
4.128		0.011676
4.129		0.0116704
4.13		0.0116648
4.131		0.0116592
4.132		0.0116536
4.133		0.011648
4.134		0.0116424
4.135		0.0116368
4.136		0.0116312
4.137		0.0116256
4.138		0.01162
4.139		0.0116144
4.14		0.0116089
4.141		0.0116033
4.142		0.0115977
4.143		0.0115921
4.144		0.0115866
4.145		0.011581
4.146		0.0115755
4.147		0.0115699
4.148		0.0115644
4.149		0.0115588
4.15		0.0115533
4.151		0.0115478
4.152		0.0115422
4.153		0.0115367
4.154		0.0115312
4.155		0.0115257
4.156		0.0115202
4.157		0.0115147
4.158		0.0115092
4.159		0.0115037
4.16		0.0114982
4.161		0.0114927
4.162		0.0114872
4.163		0.0114817
4.164		0.0114762
4.165		0.0114707
4.166		0.0114653
4.167		0.0114598
4.168		0.0114543
4.169		0.0114489
4.17		0.0114434
4.171		0.0114379
4.172		0.0114325
4.173		0.0114271
4.174		0.0114216
4.175		0.0114162
4.176		0.0114107
4.177		0.0114053
4.178		0.0113999
4.179		0.0113945
4.18		0.011389
4.181		0.0113836
4.182		0.0113782
4.183		0.0113728
4.184		0.0113674
4.185		0.011362
4.186		0.0113566
4.187		0.0113512
4.188		0.0113458
4.189		0.0113404
4.19		0.0113351
4.191		0.0113297
4.192		0.0113243
4.193		0.0113189
4.194		0.0113136
4.195		0.0113082
4.196		0.0113028
4.197		0.0112975
4.198		0.0112921
4.199		0.0112868
4.2		0.0112815
4.201		0.0112761
4.202		0.0112708
4.203		0.0112654
4.204		0.0112601
4.205		0.0112548
4.206		0.0112495
4.207		0.0112442
4.208		0.0112388
4.209		0.0112335
4.21		0.0112282
4.211		0.0112229
4.212		0.0112176
4.213		0.0112123
4.214		0.011207
4.215		0.0112018
4.216		0.0111965
4.217		0.0111912
4.218		0.0111859
4.219		0.0111807
4.22		0.0111754
4.221		0.0111701
4.222		0.0111649
4.223		0.0111596
4.224		0.0111543
4.225		0.0111491
4.226		0.0111439
4.227		0.0111386
4.228		0.0111334
4.229		0.0111281
4.23		0.0111229
4.231		0.0111177
4.232		0.0111125
4.233		0.0111072
4.234		0.011102
4.235		0.0110968
4.236		0.0110916
4.237		0.0110864
4.238		0.0110812
4.239		0.011076
4.24		0.0110708
4.241		0.0110656
4.242		0.0110604
4.243		0.0110552
4.244		0.0110501
4.245		0.0110449
4.246		0.0110397
4.247		0.0110345
4.248		0.0110294
4.249		0.0110242
4.25		0.0110191
4.251		0.0110139
4.252		0.0110087
4.253		0.0110036
4.254		0.0109985
4.255		0.0109933
4.256		0.0109882
4.257		0.010983
4.258		0.0109779
4.259		0.0109728
4.26		0.0109677
4.261		0.0109625
4.262		0.0109574
4.263		0.0109523
4.264		0.0109472
4.265		0.0109421
4.266		0.010937
4.267		0.0109319
4.268		0.0109268
4.269		0.0109217
4.27		0.0109166
4.271		0.0109116
4.272		0.0109065
4.273		0.0109014
4.274		0.0108963
4.275		0.0108913
4.276		0.0108862
4.277		0.0108811
4.278		0.0108761
4.279		0.010871
4.28		0.010866
4.281		0.0108609
4.282		0.0108559
4.283		0.0108508
4.284		0.0108458
4.285		0.0108408
4.286		0.0108357
4.287		0.0108307
4.288		0.0108257
4.289		0.0108207
4.29		0.0108156
4.291		0.0108106
4.292		0.0108056
4.293		0.0108006
4.294		0.0107956
4.295		0.0107906
4.296		0.0107856
4.297		0.0107806
4.298		0.0107756
4.299		0.0107706
4.3		0.0107657
4.301		0.0107607
4.302		0.0107557
4.303		0.0107507
4.304		0.0107458
4.305		0.0107408
4.306		0.0107358
4.307		0.0107309
4.308		0.0107259
4.309		0.010721
4.31		0.010716
4.311		0.0107111
4.312		0.0107062
4.313		0.0107012
4.314		0.0106963
4.315		0.0106913
4.316		0.0106864
4.317		0.0106815
4.318		0.0106766
4.319		0.0106717
4.32		0.0106667
4.321		0.0106618
4.322		0.0106569
4.323		0.010652
4.324		0.0106471
4.325		0.0106422
4.326		0.0106373
4.327		0.0106324
4.328		0.0106276
4.329		0.0106227
4.33		0.0106178
4.331		0.0106129
4.332		0.010608
4.333		0.0106032
4.334		0.0105983
4.335		0.0105934
4.336		0.0105886
4.337		0.0105837
4.338		0.0105789
4.339		0.010574
4.34		0.0105692
4.341		0.0105643
4.342		0.0105595
4.343		0.0105547
4.344		0.0105498
4.345		0.010545
4.346		0.0105402
4.347		0.0105353
4.348		0.0105305
4.349		0.0105257
4.35		0.0105209
4.351		0.0105161
4.352		0.0105113
4.353		0.0105065
4.354		0.0105017
4.355		0.0104969
4.356		0.0104921
4.357		0.0104873
4.358		0.0104825
4.359		0.0104777
4.36		0.0104729
4.361		0.0104682
4.362		0.0104634
4.363		0.0104586
4.364		0.0104538
4.365		0.0104491
4.366		0.0104443
4.367		0.0104396
4.368		0.0104348
4.369		0.0104301
4.37		0.0104253
4.371		0.0104206
4.372		0.0104158
4.373		0.0104111
4.374		0.0104063
4.375		0.0104016
4.376		0.0103969
4.377		0.0103922
4.378		0.0103874
4.379		0.0103827
4.38		0.010378
4.381		0.0103733
4.382		0.0103686
4.383		0.0103639
4.384		0.0103592
4.385		0.0103545
4.386		0.0103498
4.387		0.0103451
4.388		0.0103404
4.389		0.0103357
4.39		0.010331
4.391		0.0103263
4.392		0.0103217
4.393		0.010317
4.394		0.0103123
4.395		0.0103076
4.396		0.010303
4.397		0.0102983
4.398		0.0102937
4.399		0.010289
4.4		0.0102843
4.401		0.0102797
4.402		0.0102751
4.403		0.0102704
4.404		0.0102658
4.405		0.0102611
4.406		0.0102565
4.407		0.0102519
4.408		0.0102472
4.409		0.0102426
4.41		0.010238
4.411		0.0102334
4.412		0.0102288
4.413		0.0102241
4.414		0.0102195
4.415		0.0102149
4.416		0.0102103
4.417		0.0102057
4.418		0.0102011
4.419		0.0101965
4.42		0.0101919
4.421		0.0101874
4.422		0.0101828
4.423		0.0101782
4.424		0.0101736
4.425		0.010169
4.426		0.0101645
4.427		0.0101599
4.428		0.0101553
4.429		0.0101508
4.43		0.0101462
4.431		0.0101417
4.432		0.0101371
4.433		0.0101326
4.434		0.010128
4.435		0.0101235
4.436		0.0101189
4.437		0.0101144
4.438		0.0101098
4.439		0.0101053
4.44		0.0101008
4.441		0.0100963
4.442		0.0100917
4.443		0.0100872
4.444		0.0100827
4.445		0.0100782
4.446		0.0100737
4.447		0.0100692
4.448		0.0100647
4.449		0.0100602
4.45		0.0100557
4.451		0.0100512
4.452		0.0100467
4.453		0.0100422
4.454		0.0100377
4.455		0.0100332
4.456		0.0100287
4.457		0.0100243
4.458		0.0100198
4.459		0.0100153
4.46		0.0100108
4.461		0.0100064
4.462		0.0100019
4.463		0.00999745
4.464		0.00999299
4.465		0.00998854
4.466		0.00998409
4.467		0.00997964
4.468		0.0099752
4.469		0.00997075
4.47		0.00996631
4.471		0.00996188
4.472		0.00995744
4.473		0.00995301
4.474		0.00994859
4.475		0.00994416
4.476		0.00993974
4.477		0.00993532
4.478		0.00993091
4.479		0.00992649
4.48		0.00992208
4.481		0.00991768
4.482		0.00991327
4.483		0.00990887
4.484		0.00990447
4.485		0.00990008
4.486		0.00989569
4.487		0.0098913
4.488		0.00988691
4.489		0.00988253
4.49		0.00987815
4.491		0.00987377
4.492		0.00986939
4.493		0.00986502
4.494		0.00986065
4.495		0.00985629
4.496		0.00985192
4.497		0.00984756
4.498		0.00984321
4.499		0.00983885
4.5		0.0098345
4.501		0.00983015
4.502		0.0098258
4.503		0.00982146
4.504		0.00981712
4.505		0.00981278
4.506		0.00980845
4.507		0.00980412
4.508		0.00979979
4.509		0.00979546
4.51		0.00979114
4.511		0.00978682
4.512		0.0097825
4.513		0.00977819
4.514		0.00977388
4.515		0.00976957
4.516		0.00976526
4.517		0.00976096
4.518		0.00975666
4.519		0.00975236
4.52		0.00974807
4.521		0.00974377
4.522		0.00973948
4.523		0.0097352
4.524		0.00973091
4.525		0.00972663
4.526		0.00972236
4.527		0.00971808
4.528		0.00971381
4.529		0.00970954
4.53		0.00970527
4.531		0.00970101
4.532		0.00969675
4.533		0.00969249
4.534		0.00968824
4.535		0.00968398
4.536		0.00967973
4.537		0.00967549
4.538		0.00967124
4.539		0.009667
4.54		0.00966276
4.541		0.00965853
4.542		0.00965429
4.543		0.00965006
4.544		0.00964584
4.545		0.00964161
4.546		0.00963739
4.547		0.00963317
4.548		0.00962895
4.549		0.00962474
4.55		0.00962053
4.551		0.00961632
4.552		0.00961212
4.553		0.00960791
4.554		0.00960371
4.555		0.00959952
4.556		0.00959532
4.557		0.00959113
4.558		0.00958694
4.559		0.00958275
4.56		0.00957857
4.561		0.00957439
4.562		0.00957021
4.563		0.00956604
4.564		0.00956186
4.565		0.00955769
4.566		0.00955353
4.567		0.00954936
4.568		0.0095452
4.569		0.00954104
4.57		0.00953689
4.571		0.00953273
4.572		0.00952858
4.573		0.00952443
4.574		0.00952029
4.575		0.00951615
4.576		0.00951201
4.577		0.00950787
4.578		0.00950373
4.579		0.0094996
4.58		0.00949547
4.581		0.00949135
4.582		0.00948722
4.583		0.0094831
4.584		0.00947898
4.585		0.00947487
4.586		0.00947075
4.587		0.00946664
4.588		0.00946253
4.589		0.00945843
4.59		0.00945433
4.591		0.00945023
4.592		0.00944613
4.593		0.00944203
4.594		0.00943794
4.595		0.00943385
4.596		0.00942977
4.597		0.00942568
4.598		0.0094216
4.599		0.00941752
4.6		0.00941345
4.601		0.00940937
4.602		0.0094053
4.603		0.00940123
4.604		0.00939717
4.605		0.0093931
4.606		0.00938904
4.607		0.00938499
4.608		0.00938093
4.609		0.00937688
4.61		0.00937283
4.611		0.00936878
4.612		0.00936474
4.613		0.0093607
4.614		0.00935666
4.615		0.00935262
4.616		0.00934859
4.617		0.00934455
4.618		0.00934053
4.619		0.0093365
4.62		0.00933248
4.621		0.00932845
4.622		0.00932444
4.623		0.00932042
4.624		0.00931641
4.625		0.0093124
4.626		0.00930839
4.627		0.00930438
4.628		0.00930038
4.629		0.00929638
4.63		0.00929238
4.631		0.00928838
4.632		0.00928439
4.633		0.0092804
4.634		0.00927641
4.635		0.00927243
4.636		0.00926845
4.637		0.00926447
4.638		0.00926049
4.639		0.00925651
4.64		0.00925254
4.641		0.00924857
4.642		0.0092446
4.643		0.00924064
4.644		0.00923668
4.645		0.00923272
4.646		0.00922876
4.647		0.00922481
4.648		0.00922085
4.649		0.0092169
4.65		0.00921296
4.651		0.00920901
4.652		0.00920507
4.653		0.00920113
4.654		0.0091972
4.655		0.00919326
4.656		0.00918933
4.657		0.0091854
4.658		0.00918147
4.659		0.00917755
4.66		0.00917363
4.661		0.00916971
4.662		0.00916579
4.663		0.00916188
4.664		0.00915797
4.665		0.00915406
4.666		0.00915015
4.667		0.00914625
4.668		0.00914234
4.669		0.00913844
4.67		0.00913455
4.671		0.00913065
4.672		0.00912676
4.673		0.00912287
4.674		0.00911898
4.675		0.0091151
4.676		0.00911122
4.677		0.00910734
4.678		0.00910346
4.679		0.00909959
4.68		0.00909572
4.681		0.00909185
4.682		0.00908798
4.683		0.00908411
4.684		0.00908025
4.685		0.00907639
4.686		0.00907253
4.687		0.00906868
4.688		0.00906483
4.689		0.00906098
4.69		0.00905713
4.691		0.00905329
4.692		0.00904944
4.693		0.0090456
4.694		0.00904176
4.695		0.00903793
4.696		0.0090341
4.697		0.00903027
4.698		0.00902644
4.699		0.00902261
4.7		0.00901879
4.701		0.00901497
4.702		0.00901115
4.703		0.00900733
4.704		0.00900352
4.705		0.00899971
4.706		0.0089959
4.707		0.00899209
4.708		0.00898829
4.709		0.00898449
4.71		0.00898069
4.711		0.00897689
4.712		0.0089731
4.713		0.00896931
4.714		0.00896552
4.715		0.00896173
4.716		0.00895795
4.717		0.00895416
4.718		0.00895038
4.719		0.00894661
4.72		0.00894283
4.721		0.00893906
4.722		0.00893529
4.723		0.00893152
4.724		0.00892776
4.725		0.00892399
4.726		0.00892023
4.727		0.00891647
4.728		0.00891272
4.729		0.00890896
4.73		0.00890521
4.731		0.00890146
4.732		0.00889772
4.733		0.00889397
4.734		0.00889023
4.735		0.00888649
4.736		0.00888275
4.737		0.00887902
4.738		0.00887529
4.739		0.00887155
4.74		0.00886783
4.741		0.0088641
4.742		0.00886038
4.743		0.00885666
4.744		0.00885294
4.745		0.00884922
4.746		0.00884551
4.747		0.0088418
4.748		0.00883809
4.749		0.00883438
4.75		0.00883068
4.751		0.00882697
4.752		0.00882328
4.753		0.00881958
4.754		0.00881588
4.755		0.00881219
4.756		0.0088085
4.757		0.00880481
4.758		0.00880112
4.759		0.00879744
4.76		0.00879376
4.761		0.00879008
4.762		0.0087864
4.763		0.00878273
4.764		0.00877906
4.765		0.00877539
4.766		0.00877172
4.767		0.00876805
4.768		0.00876439
4.769		0.00876073
4.77		0.00875707
4.771		0.00875342
4.772		0.00874976
4.773		0.00874611
4.774		0.00874246
4.775		0.00873881
4.776		0.00873517
4.777		0.00873153
4.778		0.00872789
4.779		0.00872425
4.78		0.00872061
4.781		0.00871698
4.782		0.00871335
4.783		0.00870972
4.784		0.00870609
4.785		0.00870247
4.786		0.00869885
4.787		0.00869523
4.788		0.00869161
4.789		0.00868799
4.79		0.00868438
4.791		0.00868077
4.792		0.00867716
4.793		0.00867356
4.794		0.00866995
4.795		0.00866635
4.796		0.00866275
4.797		0.00865915
4.798		0.00865556
4.799		0.00865196
4.8		0.00864837
4.801		0.00864478
4.802		0.0086412
4.803		0.00863761
4.804		0.00863403
4.805		0.00863045
4.806		0.00862688
4.807		0.0086233
4.808		0.00861973
4.809		0.00861616
4.81		0.00861259
4.811		0.00860902
4.812		0.00860546
4.813		0.0086019
4.814		0.00859834
4.815		0.00859478
4.816		0.00859122
4.817		0.00858767
4.818		0.00858412
4.819		0.00858057
4.82		0.00857702
4.821		0.00857348
4.822		0.00856994
4.823		0.0085664
4.824		0.00856286
4.825		0.00855933
4.826		0.00855579
4.827		0.00855226
4.828		0.00854873
4.829		0.00854521
4.83		0.00854168
4.831		0.00853816
4.832		0.00853464
4.833		0.00853112
4.834		0.0085276
4.835		0.00852409
4.836		0.00852058
4.837		0.00851707
4.838		0.00851356
4.839		0.00851006
4.84		0.00850655
4.841		0.00850305
4.842		0.00849955
4.843		0.00849606
4.844		0.00849256
4.845		0.00848907
4.846		0.00848558
4.847		0.00848209
4.848		0.00847861
4.849		0.00847512
4.85		0.00847164
4.851		0.00846816
4.852		0.00846469
4.853		0.00846121
4.854		0.00845774
4.855		0.00845427
4.856		0.0084508
4.857		0.00844733
4.858		0.00844387
4.859		0.0084404
4.86		0.00843694
4.861		0.00843349
4.862		0.00843003
4.863		0.00842658
4.864		0.00842312
4.865		0.00841968
4.866		0.00841623
4.867		0.00841278
4.868		0.00840934
4.869		0.0084059
4.87		0.00840246
4.871		0.00839902
4.872		0.00839559
4.873		0.00839215
4.874		0.00838872
4.875		0.0083853
4.876		0.00838187
4.877		0.00837844
4.878		0.00837502
4.879		0.0083716
4.88		0.00836818
4.881		0.00836477
4.882		0.00836135
4.883		0.00835794
4.884		0.00835453
4.885		0.00835112
4.886		0.00834772
4.887		0.00834432
4.888		0.00834091
4.889		0.00833751
4.89		0.00833412
4.891		0.00833072
4.892		0.00832733
4.893		0.00832394
4.894		0.00832055
4.895		0.00831716
4.896		0.00831378
4.897		0.00831039
4.898		0.00830701
4.899		0.00830364
4.9		0.00830026
4.901		0.00829688
4.902		0.00829351
4.903		0.00829014
4.904		0.00828677
4.905		0.00828341
4.906		0.00828004
4.907		0.00827668
4.908		0.00827332
4.909		0.00826996
4.91		0.0082666
4.911		0.00826325
4.912		0.0082599
4.913		0.00825655
4.914		0.0082532
4.915		0.00824985
4.916		0.00824651
4.917		0.00824317
4.918		0.00823983
4.919		0.00823649
4.92		0.00823315
4.921		0.00822982
4.922		0.00822649
4.923		0.00822316
4.924		0.00821983
4.925		0.00821651
4.926		0.00821318
4.927		0.00820986
4.928		0.00820654
4.929		0.00820322
4.93		0.00819991
4.931		0.00819659
4.932		0.00819328
4.933		0.00818997
4.934		0.00818666
4.935		0.00818336
4.936		0.00818005
4.937		0.00817675
4.938		0.00817345
4.939		0.00817015
4.94		0.00816686
4.941		0.00816357
4.942		0.00816027
4.943		0.00815698
4.944		0.0081537
4.945		0.00815041
4.946		0.00814713
4.947		0.00814384
4.948		0.00814056
4.949		0.00813729
4.95		0.00813401
4.951		0.00813074
4.952		0.00812746
4.953		0.00812419
4.954		0.00812093
4.955		0.00811766
4.956		0.0081144
4.957		0.00811113
4.958		0.00810787
4.959		0.00810461
4.96		0.00810136
4.961		0.0080981
4.962		0.00809485
4.963		0.0080916
4.964		0.00808835
4.965		0.00808511
4.966		0.00808186
4.967		0.00807862
4.968		0.00807538
4.969		0.00807214
4.97		0.0080689
4.971		0.00806567
4.972		0.00806243
4.973		0.0080592
4.974		0.00805597
4.975		0.00805275
4.976		0.00804952
4.977		0.0080463
4.978		0.00804308
4.979		0.00803986
4.98		0.00803664
4.981		0.00803343
4.982		0.00803021
4.983		0.008027
4.984		0.00802379
4.985		0.00802058
4.986		0.00801738
4.987		0.00801417
4.988		0.00801097
4.989		0.00800777
4.99		0.00800457
4.991		0.00800138
4.992		0.00799818
4.993		0.00799499
4.994		0.0079918
4.995		0.00798861
4.996		0.00798542
4.997		0.00798224
4.998		0.00797905
4.999		0.00797587
