0.005		0.108954
0.01		0.124058
0.015		0.169282
0.02		0.211174
0.025		0.227192
0.03		0.224094
0.035		0.211992
0.04		0.19718
0.045		0.182768
0.05		0.170105
0.055		0.159674
0.06		0.151542
0.065		0.14558
0.07		0.141579
0.075		0.139304
0.08		0.138523
0.085		0.139019
0.09		0.140597
0.095		0.143086
0.1		0.146335
0.105		0.150212
0.11		0.154604
0.115		0.159409
0.12		0.164542
0.125		0.169927
0.13		0.175495
0.135		0.181191
0.14		0.186961
0.145		0.192763
0.15		0.198557
0.155		0.20431
0.16		0.209993
0.165		0.215583
0.17		0.221058
0.175		0.2264
0.18		0.231596
0.185		0.236635
0.19		0.241506
0.195		0.246203
0.2		0.250722
0.205		0.255057
0.21		0.259208
0.215		0.263173
0.22		0.266953
0.225		0.270549
0.23		0.273962
0.235		0.277195
0.24		0.280251
0.245		0.283134
0.25		0.285847
0.255		0.288394
0.26		0.290779
0.265		0.293007
0.27		0.295083
0.275		0.29701
0.28		0.298794
0.285		0.30044
0.29		0.30195
0.295		0.303331
0.3		0.304587
0.305		0.305722
0.31		0.30674
0.315		0.307647
0.32		0.308445
0.325		0.309139
0.33		0.309734
0.335		0.310233
0.34		0.31064
0.345		0.310958
0.35		0.311192
0.355		0.311345
0.36		0.31142
0.365		0.31142
0.37		0.311349
0.375		0.31121
0.38		0.311006
0.385		0.31074
0.39		0.310414
0.395		0.310032
0.4		0.309596
0.405		0.309109
0.41		0.308572
0.415		0.307989
0.42		0.307362
0.425		0.306692
0.43		0.305983
0.435		0.305236
0.44		0.304453
0.445		0.303635
0.45		0.302786
0.455		0.301906
0.46		0.300997
0.465		0.300062
0.47		0.2991
0.475		0.298115
0.48		0.297106
0.485		0.296077
0.49		0.295027
0.495		0.293958
0.5		0.292872
0.505		0.29177
0.51		0.290652
0.515		0.28952
0.52		0.288375
0.525		0.287217
0.53		0.286048
0.535		0.284868
0.54		0.283679
0.545		0.282481
0.55		0.281275
0.555		0.280061
0.56		0.278841
0.565		0.277614
0.57		0.276382
0.575		0.275146
0.58		0.273905
0.585		0.27266
0.59		0.271412
0.595		0.270162
0.6		0.268909
0.605		0.267655
0.61		0.266399
0.615		0.265142
0.62		0.263884
0.625		0.262627
0.63		0.261369
0.635		0.260112
0.64		0.258856
0.645		0.257601
0.65		0.256347
0.655		0.255094
0.66		0.253844
0.665		0.252596
0.67		0.25135
0.675		0.250106
0.68		0.248865
0.685		0.247627
0.69		0.246393
0.695		0.245161
0.7		0.243933
0.705		0.242709
0.71		0.241488
0.715		0.240271
0.72		0.239058
0.725		0.237849
0.73		0.236645
0.735		0.235445
0.74		0.234249
0.745		0.233058
0.75		0.231871
0.755		0.230689
0.76		0.229512
0.765		0.22834
0.77		0.227173
0.775		0.22601
0.78		0.224853
0.785		0.223701
0.79		0.222553
0.795		0.221411
0.8		0.220275
0.805		0.219143
0.81		0.218017
0.815		0.216897
0.82		0.215781
0.825		0.214671
0.83		0.213567
0.835		0.212467
0.84		0.211374
0.845		0.210286
0.85		0.209203
0.855		0.208126
0.86		0.207054
0.865		0.205988
0.87		0.204928
0.875		0.203873
0.88		0.202824
0.885		0.20178
0.89		0.200741
0.895		0.199709
0.9		0.198682
0.905		0.19766
0.91		0.196644
0.915		0.195634
0.92		0.194629
0.925		0.193629
0.93		0.192636
0.935		0.191647
0.94		0.190665
0.945		0.189687
0.95		0.188716
0.955		0.187749
0.96		0.186788
0.965		0.185833
0.97		0.184883
0.975		0.183939
0.98		0.182999
0.985		0.182066
0.99		0.181137
0.995		0.180214
1		0.179297
1.005		0.178384
1.01		0.177477
1.015		0.176576
1.02		0.175679
1.025		0.174788
1.03		0.173902
1.035		0.173021
1.04		0.172146
1.045		0.171275
1.05		0.17041
1.055		0.16955
1.06		0.168695
1.065		0.167845
1.07		0.167
1.075		0.16616
1.08		0.165325
1.085		0.164495
1.09		0.16367
1.095		0.16285
1.1		0.162034
1.105		0.161224
1.11		0.160419
1.115		0.159618
1.12		0.158822
1.125		0.158031
1.13		0.157245
1.135		0.156464
1.14		0.155687
1.145		0.154915
1.15		0.154147
1.155		0.153385
1.16		0.152627
1.165		0.151873
1.17		0.151124
1.175		0.150379
1.18		0.149639
1.185		0.148904
1.19		0.148173
1.195		0.147446
1.2		0.146724
1.205		0.146006
1.21		0.145293
1.215		0.144584
1.22		0.143879
1.225		0.143179
1.23		0.142483
1.235		0.141791
1.24		0.141103
1.245		0.140419
1.25		0.13974
1.255		0.139065
1.26		0.138393
1.265		0.137726
1.27		0.137063
1.275		0.136404
1.28		0.135749
1.285		0.135098
1.29		0.134451
1.295		0.133808
1.3		0.133169
1.305		0.132534
1.31		0.131903
1.315		0.131275
1.32		0.130651
1.325		0.130031
1.33		0.129415
1.335		0.128803
1.34		0.128194
1.345		0.127589
1.35		0.126988
1.355		0.12639
1.36		0.125796
1.365		0.125206
1.37		0.124619
1.375		0.124036
1.38		0.123456
1.385		0.12288
1.39		0.122307
1.395		0.121738
1.4		0.121172
1.405		0.12061
1.41		0.120051
1.415		0.119495
1.42		0.118943
1.425		0.118394
1.43		0.117848
1.435		0.117306
1.44		0.116767
1.445		0.116231
1.45		0.115699
1.455		0.11517
1.46		0.114643
1.465		0.11412
1.47		0.113601
1.475		0.113084
1.48		0.11257
1.485		0.11206
1.49		0.111552
1.495		0.111048
1.5		0.110547
1.505		0.110048
1.51		0.109553
1.515		0.10906
1.52		0.108571
1.525		0.108084
1.53		0.107601
1.535		0.10712
1.54		0.106642
1.545		0.106167
1.55		0.105694
1.555		0.105225
1.56		0.104758
1.565		0.104294
1.57		0.103833
1.575		0.103375
1.58		0.102919
1.585		0.102466
1.59		0.102016
1.595		0.101568
1.6		0.101123
1.605		0.100681
1.61		0.100241
1.615		0.0998038
1.62		0.0993691
1.625		0.0989371
1.63		0.0985075
1.635		0.0980805
1.64		0.0976559
1.645		0.0972339
1.65		0.0968143
1.655		0.0963972
1.66		0.0959825
1.665		0.0955702
1.67		0.0951603
1.675		0.0947529
1.68		0.0943477
1.685		0.093945
1.69		0.0935446
1.695		0.0931464
1.7		0.0927506
1.705		0.0923571
1.71		0.0919659
1.715		0.0915769
1.72		0.0911902
1.725		0.0908057
1.73		0.0904234
1.735		0.0900433
1.74		0.0896654
1.745		0.0892897
1.75		0.0889161
1.755		0.0885446
1.76		0.0881753
1.765		0.0878081
1.77		0.087443
1.775		0.08708
1.78		0.086719
1.785		0.0863601
1.79		0.0860032
1.795		0.0856484
1.8		0.0852956
1.805		0.0849448
1.81		0.0845959
1.815		0.084249
1.82		0.0839041
1.825		0.0835612
1.83		0.0832201
1.835		0.082881
1.84		0.0825438
1.845		0.0822085
1.85		0.0818751
1.855		0.0815435
1.86		0.0812138
1.865		0.080886
1.87		0.08056
1.875		0.0802358
1.88		0.0799134
1.885		0.0795927
1.89		0.0792739
1.895		0.0789569
1.9		0.0786416
1.905		0.078328
1.91		0.0780162
1.915		0.0777061
1.92		0.0773978
1.925		0.0770911
1.93		0.0767861
1.935		0.0764828
1.94		0.0761812
1.945		0.0758812
1.95		0.0755829
1.955		0.0752861
1.96		0.0749911
1.965		0.0746976
1.97		0.0744057
1.975		0.0741155
1.98		0.0738268
1.985		0.0735396
1.99		0.0732541
1.995		0.0729701
2		0.0726876
2.005		0.0724066
2.01		0.0721272
2.015		0.0718493
2.02		0.0715729
2.025		0.0712979
2.03		0.0710245
2.035		0.0707525
2.04		0.070482
2.045		0.0702129
2.05		0.0699453
2.055		0.0696791
2.06		0.0694143
2.065		0.0691509
2.07		0.0688889
2.075		0.0686284
2.08		0.0683692
2.085		0.0681114
2.09		0.0678549
2.095		0.0675998
2.1		0.0673461
2.105		0.0670937
2.11		0.0668426
2.115		0.0665929
2.12		0.0663445
2.125		0.0660973
2.13		0.0658515
2.135		0.065607
2.14		0.0653637
2.145		0.0651217
2.15		0.064881
2.155		0.0646415
2.16		0.0644033
2.165		0.0641663
2.17		0.0639306
2.175		0.0636961
2.18		0.0634627
2.185		0.0632306
2.19		0.0629997
2.195		0.06277
2.2		0.0625415
2.205		0.0623142
2.21		0.062088
2.215		0.061863
2.22		0.0616391
2.225		0.0614164
2.23		0.0611948
2.235		0.0609744
2.24		0.0607551
2.245		0.0605369
2.25		0.0603198
2.255		0.0601038
2.26		0.0598889
2.265		0.0596751
2.27		0.0594624
2.275		0.0592508
2.28		0.0590402
2.285		0.0588307
2.29		0.0586223
2.295		0.0584149
2.3		0.0582085
2.305		0.0580032
2.31		0.0577989
2.315		0.0575957
2.32		0.0573934
2.325		0.0571922
2.33		0.056992
2.335		0.0567927
2.34		0.0565945
2.345		0.0563973
2.35		0.056201
2.355		0.0560057
2.36		0.0558113
2.365		0.055618
2.37		0.0554256
2.375		0.0552341
2.38		0.0550436
2.385		0.054854
2.39		0.0546653
2.395		0.0544776
2.4		0.0542908
2.405		0.0541049
2.41		0.0539199
2.415		0.0537358
2.42		0.0535527
2.425		0.0533704
2.43		0.053189
2.435		0.0530084
2.44		0.0528288
2.445		0.05265
2.45		0.0524721
2.455		0.0522951
2.46		0.0521189
2.465		0.0519435
2.47		0.051769
2.475		0.0515954
2.48		0.0514225
2.485		0.0512505
2.49		0.0510794
2.495		0.050909
2.5		0.0507395
2.505		0.0505707
2.51		0.0504028
2.515		0.0502357
2.52		0.0500694
2.525		0.0499038
2.53		0.0497391
2.535		0.0495751
2.54		0.0494119
2.545		0.0492495
2.55		0.0490878
2.555		0.0489269
2.56		0.0487668
2.565		0.0486074
2.57		0.0484487
2.575		0.0482908
2.58		0.0481337
2.585		0.0479772
2.59		0.0478216
2.595		0.0476666
2.6		0.0475123
2.605		0.0473588
2.61		0.047206
2.615		0.0470539
2.62		0.0469025
2.625		0.0467518
2.63		0.0466018
2.635		0.0464525
2.64		0.0463039
2.645		0.0461559
2.65		0.0460087
2.655		0.0458621
2.66		0.0457162
2.665		0.045571
2.67		0.0454264
2.675		0.0452825
2.68		0.0451393
2.685		0.0449967
2.69		0.0448547
2.695		0.0447134
2.7		0.0445727
2.705		0.0444327
2.71		0.0442933
2.715		0.0441546
2.72		0.0440164
2.725		0.0438789
2.73		0.043742
2.735		0.0436058
2.74		0.0434701
2.745		0.0433351
2.75		0.0432006
2.755		0.0430668
2.76		0.0429336
2.765		0.0428009
2.77		0.0426689
2.775		0.0425374
2.78		0.0424065
2.785		0.0422762
2.79		0.0421465
2.795		0.0420174
2.8		0.0418888
2.805		0.0417608
2.81		0.0416334
2.815		0.0415065
2.82		0.0413802
2.825		0.0412544
2.83		0.0411292
2.835		0.0410046
2.84		0.0408805
2.845		0.0407569
2.85		0.0406339
2.855		0.0405114
2.86		0.0403895
2.865		0.040268
2.87		0.0401471
2.875		0.0400268
2.88		0.0399069
2.885		0.0397876
2.89		0.0396688
2.895		0.0395505
2.9		0.0394328
2.905		0.0393155
2.91		0.0391987
2.915		0.0390825
2.92		0.0389667
2.925		0.0388514
2.93		0.0387367
2.935		0.0386224
2.94		0.0385086
2.945		0.0383953
2.95		0.0382825
2.955		0.0381702
2.96		0.0380583
2.965		0.0379469
2.97		0.037836
2.975		0.0377256
2.98		0.0376156
2.985		0.0375061
2.99		0.0373971
2.995		0.0372885
3		0.0371804
3.005		0.0370727
3.01		0.0369655
3.015		0.0368587
3.02		0.0367524
3.025		0.0366465
3.03		0.0365411
3.035		0.0364361
3.04		0.0363316
3.045		0.0362275
3.05		0.0361238
3.055		0.0360206
3.06		0.0359177
3.065		0.0358154
3.07		0.0357134
3.075		0.0356119
3.08		0.0355107
3.085		0.03541
3.09		0.0353097
3.095		0.0352099
3.1		0.0351104
3.105		0.0350114
3.11		0.0349127
3.115		0.0348145
3.12		0.0347166
3.125		0.0346192
3.13		0.0345222
3.135		0.0344255
3.14		0.0343293
3.145		0.0342334
3.15		0.0341379
3.155		0.0340429
3.16		0.0339482
3.165		0.0338538
3.17		0.0337599
3.175		0.0336664
3.18		0.0335732
3.185		0.0334804
3.19		0.033388
3.195		0.0332959
3.2		0.0332043
3.205		0.033113
3.21		0.033022
3.215		0.0329314
3.22		0.0328412
3.225		0.0327514
3.23		0.0326619
3.235		0.0325727
3.24		0.0324839
3.245		0.0323955
3.25		0.0323074
3.255		0.0322197
3.26		0.0321323
3.265		0.0320453
3.27		0.0319586
3.275		0.0318722
3.28		0.0317862
3.285		0.0317005
3.29		0.0316152
3.295		0.0315302
3.3		0.0314455
3.305		0.0313612
3.31		0.0312772
3.315		0.0311935
3.32		0.0311102
3.325		0.0310272
3.33		0.0309445
3.335		0.0308621
3.34		0.03078
3.345		0.0306983
3.35		0.0306169
3.355		0.0305358
3.36		0.030455
3.365		0.0303745
3.37		0.0302943
3.375		0.0302145
3.38		0.0301349
3.385		0.0300557
3.39		0.0299768
3.395		0.0298981
3.4		0.0298198
3.405		0.0297418
3.41		0.029664
3.415		0.0295866
3.42		0.0295095
3.425		0.0294326
3.43		0.0293561
3.435		0.0292798
3.44		0.0292038
3.445		0.0291281
3.45		0.0290528
3.455		0.0289776
3.46		0.0289028
3.465		0.0288283
3.47		0.028754
3.475		0.02868
3.48		0.0286063
3.485		0.0285329
3.49		0.0284598
3.495		0.0283869
3.5		0.0283143
3.505		0.028242
3.51		0.0281699
3.515		0.0280981
3.52		0.0280266
3.525		0.0279553
3.53		0.0278843
3.535		0.0278136
3.54		0.0277432
3.545		0.027673
3.55		0.027603
3.555		0.0275333
3.56		0.0274639
3.565		0.0273948
3.57		0.0273258
3.575		0.0272572
3.58		0.0271888
3.585		0.0271206
3.59		0.0270527
3.595		0.0269851
3.6		0.0269177
3.605		0.0268505
3.61		0.0267836
3.615		0.0267169
3.62		0.0266505
3.625		0.0265843
3.63		0.0265184
3.635		0.0264527
3.64		0.0263872
3.645		0.026322
3.65		0.026257
3.655		0.0261923
3.66		0.0261278
3.665		0.0260635
3.67		0.0259994
3.675		0.0259356
3.68		0.025872
3.685		0.0258087
3.69		0.0257455
3.695		0.0256826
3.7		0.02562
3.705		0.0255575
3.71		0.0254953
3.715		0.0254333
3.72		0.0253715
3.725		0.0253099
3.73		0.0252486
3.735		0.0251874
3.74		0.0251265
3.745		0.0250658
3.75		0.0250053
3.755		0.0249451
3.76		0.024885
3.765		0.0248252
3.77		0.0247656
3.775		0.0247061
3.78		0.0246469
3.785		0.0245879
3.79		0.0245291
3.795		0.0244706
3.8		0.0244122
3.805		0.024354
3.81		0.024296
3.815		0.0242383
3.82		0.0241807
3.825		0.0241233
3.83		0.0240662
3.835		0.0240092
3.84		0.0239524
3.845		0.0238959
3.85		0.0238395
3.855		0.0237833
3.86		0.0237273
3.865		0.0236715
3.87		0.0236159
3.875		0.0235605
3.88		0.0235053
3.885		0.0234503
3.89		0.0233955
3.895		0.0233408
3.9		0.0232864
3.905		0.0232321
3.91		0.023178
3.915		0.0231241
3.92		0.0230704
3.925		0.0230169
3.93		0.0229635
3.935		0.0229103
3.94		0.0228574
3.945		0.0228046
3.95		0.0227519
3.955		0.0226995
3.96		0.0226472
3.965		0.0225951
3.97		0.0225432
3.975		0.0224915
3.98		0.0224399
3.985		0.0223885
3.99		0.0223373
3.995		0.0222863
4		0.0222354
4.005		0.0221847
4.01		0.0221342
4.015		0.0220838
4.02		0.0220336
4.025		0.0219836
4.03		0.0219337
4.035		0.021884
4.04		0.0218345
4.045		0.0217852
4.05		0.021736
4.055		0.0216869
4.06		0.0216381
4.065		0.0215894
4.07		0.0215408
4.075		0.0214924
4.08		0.0214442
4.085		0.0213961
4.09		0.0213482
4.095		0.0213005
4.1		0.0212529
4.105		0.0212055
4.11		0.0211582
4.115		0.0211111
4.12		0.0210641
4.125		0.0210173
4.13		0.0209706
4.135		0.0209241
4.14		0.0208778
4.145		0.0208316
4.15		0.0207855
4.155		0.0207396
4.16		0.0206939
4.165		0.0206483
4.17		0.0206028
4.175		0.0205575
4.18		0.0205123
4.185		0.0204673
4.19		0.0204224
4.195		0.0203777
4.2		0.0203331
4.205		0.0202887
4.21		0.0202444
4.215		0.0202003
4.22		0.0201563
4.225		0.0201124
4.23		0.0200687
4.235		0.0200251
4.24		0.0199816
4.245		0.0199383
4.25		0.0198952
4.255		0.0198521
4.26		0.0198092
4.265		0.0197665
4.27		0.0197239
4.275		0.0196814
4.28		0.019639
4.285		0.0195968
4.29		0.0195547
4.295		0.0195128
4.3		0.019471
4.305		0.0194293
4.31		0.0193878
4.315		0.0193463
4.32		0.019305
4.325		0.0192639
4.33		0.0192229
4.335		0.019182
4.34		0.0191412
4.345		0.0191005
4.35		0.01906
4.355		0.0190196
4.36		0.0189794
4.365		0.0189392
4.37		0.0188992
4.375		0.0188593
4.38		0.0188196
4.385		0.0187799
4.39		0.0187404
4.395		0.018701
4.4		0.0186618
4.405		0.0186226
4.41		0.0185836
4.415		0.0185447
4.42		0.0185059
4.425		0.0184672
4.43		0.0184287
4.435		0.0183903
4.44		0.018352
4.445		0.0183138
4.45		0.0182757
4.455		0.0182377
4.46		0.0181999
4.465		0.0181622
4.47		0.0181246
4.475		0.0180871
4.48		0.0180497
4.485		0.0180124
4.49		0.0179753
4.495		0.0179383
4.5		0.0179013
4.505		0.0178645
4.51		0.0178278
4.515		0.0177912
4.52		0.0177547
4.525		0.0177184
4.53		0.0176821
4.535		0.017646
4.54		0.0176099
4.545		0.017574
4.55		0.0175382
4.555		0.0175025
4.56		0.0174669
4.565		0.0174314
4.57		0.017396
4.575		0.0173607
4.58		0.0173255
4.585		0.0172904
4.59		0.0172555
4.595		0.0172206
4.6		0.0171859
4.605		0.0171512
4.61		0.0171166
4.615		0.0170822
4.62		0.0170479
4.625		0.0170136
4.63		0.0169795
4.635		0.0169454
4.64		0.0169115
4.645		0.0168776
4.65		0.0168439
4.655		0.0168103
4.66		0.0167767
4.665		0.0167433
4.67		0.0167099
4.675		0.0166767
4.68		0.0166435
4.685		0.0166105
4.69		0.0165775
4.695		0.0165447
4.7		0.0165119
4.705		0.0164793
4.71		0.0164467
4.715		0.0164142
4.72		0.0163818
4.725		0.0163496
4.73		0.0163174
4.735		0.0162853
4.74		0.0162533
4.745		0.0162214
4.75		0.0161896
4.755		0.0161578
4.76		0.0161262
4.765		0.0160947
4.77		0.0160632
4.775		0.0160319
4.78		0.0160006
4.785		0.0159694
4.79		0.0159383
4.795		0.0159073
4.8		0.0158764
4.805		0.0158456
4.81		0.0158149
4.815		0.0157842
4.82		0.0157537
4.825		0.0157232
4.83		0.0156928
4.835		0.0156625
4.84		0.0156323
4.845		0.0156022
4.85		0.0155722
4.855		0.0155422
4.86		0.0155124
4.865		0.0154826
4.87		0.0154529
4.875		0.0154233
4.88		0.0153938
4.885		0.0153643
4.89		0.015335
4.895		0.0153057
4.9		0.0152765
4.905		0.0152474
4.91		0.0152184
4.915		0.0151894
4.92		0.0151606
4.925		0.0151318
4.93		0.0151031
4.935		0.0150745
4.94		0.0150459
4.945		0.0150175
4.95		0.0149891
4.955		0.0149608
4.96		0.0149326
4.965		0.0149044
4.97		0.0148764
4.975		0.0148484
4.98		0.0148205
4.985		0.0147926
4.99		0.0147649
4.995		0.0147372
5		0.0147096
