0.005		3.9968e-11
0.006		4.00605e-09
0.007		9.5128e-08
0.008		9.87609e-07
0.009		5.92834e-06
0.01		2.43187e-05
0.011		7.5785e-05
0.012		0.00019247
0.013		0.000418114
0.014		0.000804113
0.015		0.00140389
0.016		0.00226717
0.017		0.00343527
0.018		0.00493814
0.019		0.006793
0.02		0.00900454
0.021		0.0115661
0.022		0.0144615
0.023		0.0176674
0.024		0.0211551
0.025		0.0248931
0.026		0.0288482
0.027		0.0329877
0.028		0.03728
0.029		0.0416959
0.03		0.0462088
0.031		0.0507951
0.032		0.0554346
0.033		0.0601104
0.034		0.0648085
0.035		0.0695183
0.036		0.0742314
0.037		0.0789424
0.038		0.0836475
0.039		0.0883453
0.04		0.0930354
0.041		0.0977191
0.042		0.102399
0.043		0.107077
0.044		0.111757
0.045		0.116443
0.046		0.12114
0.047		0.12585
0.048		0.130579
0.049		0.135331
0.05		0.140108
0.051		0.144914
0.052		0.149753
0.053		0.154627
0.054		0.159537
0.055		0.164487
0.056		0.169476
0.057		0.174506
0.058		0.179578
0.059		0.18469
0.06		0.189844
0.061		0.195038
0.062		0.20027
0.063		0.205539
0.064		0.210844
0.065		0.216182
0.066		0.221551
0.067		0.226947
0.068		0.232369
0.069		0.237813
0.07		0.243276
0.071		0.248754
0.072		0.254245
0.073		0.259743
0.074		0.265247
0.075		0.270751
0.076		0.276253
0.077		0.281748
0.078		0.287233
0.079		0.292703
0.08		0.298156
0.081		0.303588
0.082		0.308995
0.083		0.314373
0.084		0.319719
0.085		0.32503
0.086		0.330303
0.087		0.335533
0.088		0.340719
0.089		0.345857
0.09		0.350944
0.091		0.355978
0.092		0.360956
0.093		0.365875
0.094		0.370734
0.095		0.375529
0.096		0.38026
0.097		0.384924
0.098		0.389519
0.099		0.394043
0.1		0.398495
0.101		0.402874
0.102		0.407178
0.103		0.411406
0.104		0.415557
0.105		0.41963
0.106		0.423624
0.107		0.427539
0.108		0.431373
0.109		0.435127
0.11		0.4388
0.111		0.442391
0.112		0.445901
0.113		0.449329
0.114		0.452675
0.115		0.45594
0.116		0.459123
0.117		0.462225
0.118		0.465246
0.119		0.468186
0.12		0.471046
0.121		0.473827
0.122		0.476528
0.123		0.479151
0.124		0.481697
0.125		0.484165
0.126		0.486557
0.127		0.488874
0.128		0.491116
0.129		0.493284
0.13		0.49538
0.131		0.497404
0.132		0.499357
0.133		0.50124
0.134		0.503055
0.135		0.504803
0.136		0.506483
0.137		0.508099
0.138		0.50965
0.139		0.511138
0.14		0.512564
0.141		0.51393
0.142		0.515236
0.143		0.516483
0.144		0.517673
0.145		0.518807
0.146		0.519887
0.147		0.520912
0.148		0.521885
0.149		0.522807
0.15		0.523679
0.151		0.524501
0.152		0.525276
0.153		0.526004
0.154		0.526687
0.155		0.527325
0.156		0.52792
0.157		0.528473
0.158		0.528985
0.159		0.529456
0.16		0.529889
0.161		0.530284
0.162		0.530642
0.163		0.530964
0.164		0.531252
0.165		0.531506
0.166		0.531727
0.167		0.531916
0.168		0.532074
0.169		0.532202
0.17		0.532302
0.171		0.532373
0.172		0.532417
0.173		0.532434
0.174		0.532426
0.175		0.532393
0.176		0.532336
0.177		0.532256
0.178		0.532153
0.179		0.532029
0.18		0.531884
0.181		0.531719
0.182		0.531535
0.183		0.531331
0.184		0.53111
0.185		0.530871
0.186		0.530615
0.187		0.530343
0.188		0.530055
0.189		0.529752
0.19		0.529435
0.191		0.529104
0.192		0.52876
0.193		0.528403
0.194		0.528033
0.195		0.527652
0.196		0.527259
0.197		0.526855
0.198		0.526441
0.199		0.526017
0.2		0.525583
0.201		0.52514
0.202		0.524689
0.203		0.524229
0.204		0.523761
0.205		0.523285
0.206		0.522802
0.207		0.522312
0.208		0.521816
0.209		0.521313
0.21		0.520804
0.211		0.52029
0.212		0.51977
0.213		0.519245
0.214		0.518715
0.215		0.51818
0.216		0.517641
0.217		0.517098
0.218		0.51655
0.219		0.515999
0.22		0.515445
0.221		0.514887
0.222		0.514327
0.223		0.513763
0.224		0.513196
0.225		0.512627
0.226		0.512056
0.227		0.511482
0.228		0.510906
0.229		0.510329
0.23		0.509749
0.231		0.509168
0.232		0.508585
0.233		0.508001
0.234		0.507415
0.235		0.506828
0.236		0.50624
0.237		0.505651
0.238		0.505061
0.239		0.504471
0.24		0.503879
0.241		0.503287
0.242		0.502694
0.243		0.502101
0.244		0.501508
0.245		0.500913
0.246		0.500319
0.247		0.499724
0.248		0.49913
0.249		0.498535
0.25		0.49794
0.251		0.497344
0.252		0.496749
0.253		0.496154
0.254		0.495559
0.255		0.494964
0.256		0.494369
0.257		0.493774
0.258		0.493179
0.259		0.492585
0.26		0.491991
0.261		0.491397
0.262		0.490803
0.263		0.49021
0.264		0.489616
0.265		0.489024
0.266		0.488431
0.267		0.487839
0.268		0.487247
0.269		0.486655
0.27		0.486064
0.271		0.485473
0.272		0.484882
0.273		0.484292
0.274		0.483702
0.275		0.483113
0.276		0.482524
0.277		0.481935
0.278		0.481346
0.279		0.480758
0.28		0.48017
0.281		0.479583
0.282		0.478996
0.283		0.478409
0.284		0.477822
0.285		0.477236
0.286		0.47665
0.287		0.476065
0.288		0.475479
0.289		0.474894
0.29		0.474309
0.291		0.473725
0.292		0.47314
0.293		0.472556
0.294		0.471972
0.295		0.471388
0.296		0.470805
0.297		0.470222
0.298		0.469638
0.299		0.469055
0.3		0.468472
0.301		0.46789
0.302		0.467307
0.303		0.466725
0.304		0.466142
0.305		0.46556
0.306		0.464978
0.307		0.464395
0.308		0.463813
0.309		0.463231
0.31		0.462649
0.311		0.462067
0.312		0.461485
0.313		0.460903
0.314		0.460321
0.315		0.459739
0.316		0.459157
0.317		0.458574
0.318		0.457992
0.319		0.45741
0.32		0.456827
0.321		0.456245
0.322		0.455662
0.323		0.455079
0.324		0.454496
0.325		0.453913
0.326		0.45333
0.327		0.452747
0.328		0.452164
0.329		0.45158
0.33		0.450996
0.331		0.450412
0.332		0.449828
0.333		0.449243
0.334		0.448659
0.335		0.448074
0.336		0.447489
0.337		0.446904
0.338		0.446318
0.339		0.445732
0.34		0.445146
0.341		0.44456
0.342		0.443973
0.343		0.443387
0.344		0.442799
0.345		0.442212
0.346		0.441624
0.347		0.441036
0.348		0.440448
0.349		0.43986
0.35		0.439271
0.351		0.438682
0.352		0.438092
0.353		0.437503
0.354		0.436912
0.355		0.436322
0.356		0.435731
0.357		0.43514
0.358		0.434549
0.359		0.433957
0.36		0.433365
0.361		0.432773
0.362		0.432181
0.363		0.431588
0.364		0.430994
0.365		0.430401
0.366		0.429807
0.367		0.429213
0.368		0.428618
0.369		0.428023
0.37		0.427428
0.371		0.426832
0.372		0.426236
0.373		0.42564
0.374		0.425044
0.375		0.424447
0.376		0.42385
0.377		0.423252
0.378		0.422654
0.379		0.422056
0.38		0.421458
0.381		0.420859
0.382		0.42026
0.383		0.419661
0.384		0.419061
0.385		0.418461
0.386		0.417861
0.387		0.417261
0.388		0.41666
0.389		0.416059
0.39		0.415457
0.391		0.414856
0.392		0.414254
0.393		0.413652
0.394		0.413049
0.395		0.412447
0.396		0.411844
0.397		0.411241
0.398		0.410637
0.399		0.410034
0.4		0.40943
0.401		0.408826
0.402		0.408222
0.403		0.407617
0.404		0.407012
0.405		0.406407
0.406		0.405802
0.407		0.405197
0.408		0.404592
0.409		0.403986
0.41		0.40338
0.411		0.402774
0.412		0.402168
0.413		0.401561
0.414		0.400955
0.415		0.400348
0.416		0.399742
0.417		0.399135
0.418		0.398528
0.419		0.397921
0.42		0.397313
0.421		0.396706
0.422		0.396099
0.423		0.395491
0.424		0.394883
0.425		0.394276
0.426		0.393668
0.427		0.39306
0.428		0.392452
0.429		0.391844
0.43		0.391236
0.431		0.390628
0.432		0.39002
0.433		0.389412
0.434		0.388804
0.435		0.388196
0.436		0.387588
0.437		0.38698
0.438		0.386372
0.439		0.385764
0.44		0.385156
0.441		0.384548
0.442		0.38394
0.443		0.383332
0.444		0.382724
0.445		0.382116
0.446		0.381509
0.447		0.380901
0.448		0.380294
0.449		0.379686
0.45		0.379079
0.451		0.378472
0.452		0.377865
0.453		0.377258
0.454		0.376651
0.455		0.376044
0.456		0.375437
0.457		0.374831
0.458		0.374225
0.459		0.373619
0.46		0.373013
0.461		0.372407
0.462		0.371802
0.463		0.371196
0.464		0.370591
0.465		0.369986
0.466		0.369382
0.467		0.368777
0.468		0.368173
0.469		0.367569
0.47		0.366965
0.471		0.366362
0.472		0.365758
0.473		0.365155
0.474		0.364553
0.475		0.36395
0.476		0.363348
0.477		0.362746
0.478		0.362145
0.479		0.361544
0.48		0.360943
0.481		0.360342
0.482		0.359742
0.483		0.359142
0.484		0.358542
0.485		0.357943
0.486		0.357344
0.487		0.356746
0.488		0.356147
0.489		0.35555
0.49		0.354952
0.491		0.354355
0.492		0.353759
0.493		0.353162
0.494		0.352566
0.495		0.351971
0.496		0.351376
0.497		0.350781
0.498		0.350187
0.499		0.349594
0.5		0.349
0.501		0.348408
0.502		0.347815
0.503		0.347223
0.504		0.346632
0.505		0.346041
0.506		0.34545
0.507		0.34486
0.508		0.344271
0.509		0.343682
0.51		0.343093
0.511		0.342505
0.512		0.341918
0.513		0.341331
0.514		0.340744
0.515		0.340158
0.516		0.339573
0.517		0.338988
0.518		0.338404
0.519		0.33782
0.52		0.337237
0.521		0.336654
0.522		0.336072
0.523		0.33549
0.524		0.334909
0.525		0.334329
0.526		0.333749
0.527		0.33317
0.528		0.332591
0.529		0.332013
0.53		0.331436
0.531		0.330859
0.532		0.330283
0.533		0.329707
0.534		0.329132
0.535		0.328558
0.536		0.327984
0.537		0.327411
0.538		0.326838
0.539		0.326266
0.54		0.325695
0.541		0.325125
0.542		0.324555
0.543		0.323986
0.544		0.323417
0.545		0.322849
0.546		0.322282
0.547		0.321715
0.548		0.32115
0.549		0.320584
0.55		0.32002
0.551		0.319456
0.552		0.318893
0.553		0.318331
0.554		0.317769
0.555		0.317208
0.556		0.316648
0.557		0.316088
0.558		0.315529
0.559		0.314971
0.56		0.314413
0.561		0.313857
0.562		0.313301
0.563		0.312746
0.564		0.312191
0.565		0.311637
0.566		0.311084
0.567		0.310532
0.568		0.30998
0.569		0.30943
0.57		0.308879
0.571		0.30833
0.572		0.307782
0.573		0.307234
0.574		0.306687
0.575		0.306141
0.576		0.305595
0.577		0.30505
0.578		0.304506
0.579		0.303963
0.58		0.303421
0.581		0.302879
0.582		0.302339
0.583		0.301798
0.584		0.301259
0.585		0.300721
0.586		0.300183
0.587		0.299646
0.588		0.29911
0.589		0.298575
0.59		0.298041
0.591		0.297507
0.592		0.296974
0.593		0.296442
0.594		0.295911
0.595		0.29538
0.596		0.294851
0.597		0.294322
0.598		0.293794
0.599		0.293267
0.6		0.292741
0.601		0.292215
0.602		0.291691
0.603		0.291167
0.604		0.290644
0.605		0.290122
0.606		0.2896
0.607		0.28908
0.608		0.28856
0.609		0.288041
0.61		0.287523
0.611		0.287006
0.612		0.28649
0.613		0.285974
0.614		0.28546
0.615		0.284946
0.616		0.284433
0.617		0.283921
0.618		0.28341
0.619		0.282899
0.62		0.28239
0.621		0.281881
0.622		0.281373
0.623		0.280866
0.624		0.28036
0.625		0.279855
0.626		0.27935
0.627		0.278847
0.628		0.278344
0.629		0.277842
0.63		0.277341
0.631		0.276841
0.632		0.276342
0.633		0.275844
0.634		0.275346
0.635		0.27485
0.636		0.274354
0.637		0.273859
0.638		0.273365
0.639		0.272872
0.64		0.272379
0.641		0.271888
0.642		0.271397
0.643		0.270908
0.644		0.270419
0.645		0.269931
0.646		0.269444
0.647		0.268958
0.648		0.268472
0.649		0.267988
0.65		0.267504
0.651		0.267021
0.652		0.26654
0.653		0.266059
0.654		0.265579
0.655		0.265099
0.656		0.264621
0.657		0.264144
0.658		0.263667
0.659		0.263191
0.66		0.262716
0.661		0.262242
0.662		0.261769
0.663		0.261297
0.664		0.260826
0.665		0.260355
0.666		0.259886
0.667		0.259417
0.668		0.258949
0.669		0.258482
0.67		0.258016
0.671		0.257551
0.672		0.257087
0.673		0.256623
0.674		0.256161
0.675		0.255699
0.676		0.255238
0.677		0.254778
0.678		0.254319
0.679		0.253861
0.68		0.253404
0.681		0.252947
0.682		0.252492
0.683		0.252037
0.684		0.251583
0.685		0.25113
0.686		0.250678
0.687		0.250227
0.688		0.249776
0.689		0.249327
0.69		0.248878
0.691		0.248431
0.692		0.247984
0.693		0.247538
0.694		0.247093
0.695		0.246649
0.696		0.246205
0.697		0.245763
0.698		0.245321
0.699		0.24488
0.7		0.24444
0.701		0.244001
0.702		0.243563
0.703		0.243126
0.704		0.242689
0.705		0.242254
0.706		0.241819
0.707		0.241385
0.708		0.240952
0.709		0.24052
0.71		0.240089
0.711		0.239658
0.712		0.239229
0.713		0.2388
0.714		0.238372
0.715		0.237945
0.716		0.237519
0.717		0.237094
0.718		0.236669
0.719		0.236246
0.72		0.235823
0.721		0.235401
0.722		0.23498
0.723		0.23456
0.724		0.234141
0.725		0.233722
0.726		0.233305
0.727		0.232888
0.728		0.232472
0.729		0.232057
0.73		0.231643
0.731		0.231229
0.732		0.230817
0.733		0.230405
0.734		0.229994
0.735		0.229584
0.736		0.229175
0.737		0.228767
0.738		0.228359
0.739		0.227952
0.74		0.227546
0.741		0.227141
0.742		0.226737
0.743		0.226334
0.744		0.225931
0.745		0.22553
0.746		0.225129
0.747		0.224729
0.748		0.22433
0.749		0.223931
0.75		0.223534
0.751		0.223137
0.752		0.222741
0.753		0.222346
0.754		0.221952
0.755		0.221558
0.756		0.221165
0.757		0.220774
0.758		0.220383
0.759		0.219992
0.76		0.219603
0.761		0.219214
0.762		0.218827
0.763		0.21844
0.764		0.218054
0.765		0.217668
0.766		0.217284
0.767		0.2169
0.768		0.216517
0.769		0.216135
0.77		0.215754
0.771		0.215373
0.772		0.214993
0.773		0.214614
0.774		0.214236
0.775		0.213859
0.776		0.213482
0.777		0.213107
0.778		0.212732
0.779		0.212358
0.78		0.211984
0.781		0.211612
0.782		0.21124
0.783		0.210869
0.784		0.210499
0.785		0.210129
0.786		0.20976
0.787		0.209393
0.788		0.209025
0.789		0.208659
0.79		0.208294
0.791		0.207929
0.792		0.207565
0.793		0.207201
0.794		0.206839
0.795		0.206477
0.796		0.206116
0.797		0.205756
0.798		0.205397
0.799		0.205038
0.8		0.20468
0.801		0.204323
0.802		0.203967
0.803		0.203611
0.804		0.203256
0.805		0.202902
0.806		0.202549
0.807		0.202196
0.808		0.201845
0.809		0.201494
0.81		0.201143
0.811		0.200794
0.812		0.200445
0.813		0.200097
0.814		0.19975
0.815		0.199403
0.816		0.199057
0.817		0.198712
0.818		0.198368
0.819		0.198024
0.82		0.197681
0.821		0.197339
0.822		0.196998
0.823		0.196657
0.824		0.196317
0.825		0.195978
0.826		0.195639
0.827		0.195301
0.828		0.194964
0.829		0.194628
0.83		0.194292
0.831		0.193957
0.832		0.193623
0.833		0.19329
0.834		0.192957
0.835		0.192625
0.836		0.192294
0.837		0.191963
0.838		0.191633
0.839		0.191304
0.84		0.190976
0.841		0.190648
0.842		0.190321
0.843		0.189995
0.844		0.189669
0.845		0.189344
0.846		0.18902
0.847		0.188696
0.848		0.188373
0.849		0.188051
0.85		0.18773
0.851		0.187409
0.852		0.187089
0.853		0.186769
0.854		0.186451
0.855		0.186133
0.856		0.185815
0.857		0.185499
0.858		0.185183
0.859		0.184868
0.86		0.184553
0.861		0.184239
0.862		0.183926
0.863		0.183613
0.864		0.183301
0.865		0.18299
0.866		0.18268
0.867		0.18237
0.868		0.182061
0.869		0.181752
0.87		0.181444
0.871		0.181137
0.872		0.18083
0.873		0.180525
0.874		0.180219
0.875		0.179915
0.876		0.179611
0.877		0.179308
0.878		0.179005
0.879		0.178703
0.88		0.178402
0.881		0.178101
0.882		0.177801
0.883		0.177502
0.884		0.177203
0.885		0.176905
0.886		0.176608
0.887		0.176311
0.888		0.176015
0.889		0.17572
0.89		0.175425
0.891		0.175131
0.892		0.174837
0.893		0.174544
0.894		0.174252
0.895		0.17396
0.896		0.173669
0.897		0.173379
0.898		0.173089
0.899		0.1728
0.9		0.172511
0.901		0.172223
0.902		0.171936
0.903		0.171649
0.904		0.171363
0.905		0.171078
0.906		0.170793
0.907		0.170509
0.908		0.170225
0.909		0.169942
0.91		0.16966
0.911		0.169378
0.912		0.169097
0.913		0.168817
0.914		0.168537
0.915		0.168258
0.916		0.167979
0.917		0.167701
0.918		0.167423
0.919		0.167146
0.92		0.16687
0.921		0.166594
0.922		0.166319
0.923		0.166045
0.924		0.165771
0.925		0.165497
0.926		0.165225
0.927		0.164952
0.928		0.164681
0.929		0.16441
0.93		0.164139
0.931		0.16387
0.932		0.1636
0.933		0.163332
0.934		0.163064
0.935		0.162796
0.936		0.162529
0.937		0.162263
0.938		0.161997
0.939		0.161732
0.94		0.161467
0.941		0.161203
0.942		0.16094
0.943		0.160677
0.944		0.160414
0.945		0.160153
0.946		0.159891
0.947		0.159631
0.948		0.15937
0.949		0.159111
0.95		0.158852
0.951		0.158593
0.952		0.158336
0.953		0.158078
0.954		0.157821
0.955		0.157565
0.956		0.15731
0.957		0.157054
0.958		0.1568
0.959		0.156546
0.96		0.156292
0.961		0.156039
0.962		0.155787
0.963		0.155535
0.964		0.155284
0.965		0.155033
0.966		0.154783
0.967		0.154533
0.968		0.154284
0.969		0.154035
0.97		0.153787
0.971		0.15354
0.972		0.153293
0.973		0.153046
0.974		0.1528
0.975		0.152555
0.976		0.15231
0.977		0.152065
0.978		0.151821
0.979		0.151578
0.98		0.151335
0.981		0.151093
0.982		0.150851
0.983		0.15061
0.984		0.150369
0.985		0.150129
0.986		0.149889
0.987		0.14965
0.988		0.149411
0.989		0.149173
0.99		0.148935
0.991		0.148698
0.992		0.148461
0.993		0.148225
0.994		0.147989
0.995		0.147754
0.996		0.147519
0.997		0.147285
0.998		0.147051
0.999		0.146818
1		0.146585
1.001		0.146353
1.002		0.146122
1.003		0.14589
1.004		0.14566
1.005		0.145429
1.006		0.1452
1.007		0.14497
1.008		0.144742
1.009		0.144513
1.01		0.144285
1.011		0.144058
1.012		0.143831
1.013		0.143605
1.014		0.143379
1.015		0.143154
1.016		0.142929
1.017		0.142704
1.018		0.14248
1.019		0.142257
1.02		0.142034
1.021		0.141811
1.022		0.141589
1.023		0.141368
1.024		0.141147
1.025		0.140926
1.026		0.140706
1.027		0.140486
1.028		0.140267
1.029		0.140048
1.03		0.139829
1.031		0.139612
1.032		0.139394
1.033		0.139177
1.034		0.138961
1.035		0.138745
1.036		0.138529
1.037		0.138314
1.038		0.138099
1.039		0.137885
1.04		0.137671
1.041		0.137458
1.042		0.137245
1.043		0.137032
1.044		0.13682
1.045		0.136609
1.046		0.136398
1.047		0.136187
1.048		0.135977
1.049		0.135767
1.05		0.135558
1.051		0.135349
1.052		0.13514
1.053		0.134932
1.054		0.134725
1.055		0.134518
1.056		0.134311
1.057		0.134105
1.058		0.133899
1.059		0.133693
1.06		0.133488
1.061		0.133284
1.062		0.13308
1.063		0.132876
1.064		0.132673
1.065		0.13247
1.066		0.132267
1.067		0.132065
1.068		0.131864
1.069		0.131662
1.07		0.131462
1.071		0.131261
1.072		0.131061
1.073		0.130862
1.074		0.130663
1.075		0.130464
1.076		0.130266
1.077		0.130068
1.078		0.12987
1.079		0.129673
1.08		0.129477
1.081		0.129281
1.082		0.129085
1.083		0.128889
1.084		0.128694
1.085		0.1285
1.086		0.128306
1.087		0.128112
1.088		0.127918
1.089		0.127725
1.09		0.127533
1.091		0.127341
1.092		0.127149
1.093		0.126957
1.094		0.126766
1.095		0.126576
1.096		0.126386
1.097		0.126196
1.098		0.126006
1.099		0.125817
1.1		0.125629
1.101		0.12544
1.102		0.125253
1.103		0.125065
1.104		0.124878
1.105		0.124691
1.106		0.124505
1.107		0.124319
1.108		0.124134
1.109		0.123948
1.11		0.123764
1.111		0.123579
1.112		0.123395
1.113		0.123211
1.114		0.123028
1.115		0.122845
1.116		0.122663
1.117		0.122481
1.118		0.122299
1.119		0.122117
1.12		0.121936
1.121		0.121756
1.122		0.121575
1.123		0.121395
1.124		0.121216
1.125		0.121037
1.126		0.120858
1.127		0.120679
1.128		0.120501
1.129		0.120323
1.13		0.120146
1.131		0.119969
1.132		0.119792
1.133		0.119616
1.134		0.11944
1.135		0.119265
1.136		0.119089
1.137		0.118914
1.138		0.11874
1.139		0.118566
1.14		0.118392
1.141		0.118219
1.142		0.118045
1.143		0.117873
1.144		0.1177
1.145		0.117528
1.146		0.117357
1.147		0.117185
1.148		0.117014
1.149		0.116844
1.15		0.116673
1.151		0.116503
1.152		0.116334
1.153		0.116164
1.154		0.115995
1.155		0.115827
1.156		0.115659
1.157		0.115491
1.158		0.115323
1.159		0.115156
1.16		0.114989
1.161		0.114822
1.162		0.114656
1.163		0.11449
1.164		0.114325
1.165		0.114159
1.166		0.113995
1.167		0.11383
1.168		0.113666
1.169		0.113502
1.17		0.113338
1.171		0.113175
1.172		0.113012
1.173		0.11285
1.174		0.112687
1.175		0.112525
1.176		0.112364
1.177		0.112202
1.178		0.112041
1.179		0.111881
1.18		0.11172
1.181		0.11156
1.182		0.111401
1.183		0.111241
1.184		0.111082
1.185		0.110924
1.186		0.110765
1.187		0.110607
1.188		0.110449
1.189		0.110292
1.19		0.110135
1.191		0.109978
1.192		0.109821
1.193		0.109665
1.194		0.109509
1.195		0.109353
1.196		0.109198
1.197		0.109043
1.198		0.108888
1.199		0.108734
1.2		0.10858
1.201		0.108426
1.202		0.108273
1.203		0.10812
1.204		0.107967
1.205		0.107814
1.206		0.107662
1.207		0.10751
1.208		0.107358
1.209		0.107207
1.21		0.107056
1.211		0.106905
1.212		0.106755
1.213		0.106605
1.214		0.106455
1.215		0.106305
1.216		0.106156
1.217		0.106007
1.218		0.105858
1.219		0.10571
1.22		0.105562
1.221		0.105414
1.222		0.105266
1.223		0.105119
1.224		0.104972
1.225		0.104826
1.226		0.104679
1.227		0.104533
1.228		0.104387
1.229		0.104242
1.23		0.104097
1.231		0.103952
1.232		0.103807
1.233		0.103663
1.234		0.103519
1.235		0.103375
1.236		0.103231
1.237		0.103088
1.238		0.102945
1.239		0.102802
1.24		0.10266
1.241		0.102518
1.242		0.102376
1.243		0.102234
1.244		0.102093
1.245		0.101952
1.246		0.101811
1.247		0.101671
1.248		0.101531
1.249		0.101391
1.25		0.101251
1.251		0.101112
1.252		0.100973
1.253		0.100834
1.254		0.100695
1.255		0.100557
1.256		0.100419
1.257		0.100281
1.258		0.100143
1.259		0.100006
1.26		0.0998691
1.261		0.0997324
1.262		0.099596
1.263		0.0994598
1.264		0.0993238
1.265		0.0991881
1.266		0.0990527
1.267		0.0989176
1.268		0.0987827
1.269		0.0986481
1.27		0.0985137
1.271		0.0983796
1.272		0.0982457
1.273		0.0981121
1.274		0.0979788
1.275		0.0978457
1.276		0.0977129
1.277		0.0975803
1.278		0.097448
1.279		0.0973159
1.28		0.0971841
1.281		0.0970525
1.282		0.0969212
1.283		0.0967901
1.284		0.0966593
1.285		0.0965288
1.286		0.0963985
1.287		0.0962684
1.288		0.0961386
1.289		0.096009
1.29		0.0958797
1.291		0.0957506
1.292		0.0956218
1.293		0.0954932
1.294		0.0953649
1.295		0.0952368
1.296		0.0951089
1.297		0.0949813
1.298		0.0948539
1.299		0.0947268
1.3		0.0945999
1.301		0.0944733
1.302		0.0943469
1.303		0.0942207
1.304		0.0940948
1.305		0.0939691
1.306		0.0938437
1.307		0.0937185
1.308		0.0935935
1.309		0.0934687
1.31		0.0933442
1.311		0.09322
1.312		0.0930959
1.313		0.0929721
1.314		0.0928486
1.315		0.0927252
1.316		0.0926021
1.317		0.0924793
1.318		0.0923566
1.319		0.0922342
1.32		0.0921121
1.321		0.0919901
1.322		0.0918684
1.323		0.0917469
1.324		0.0916256
1.325		0.0915046
1.326		0.0913838
1.327		0.0912632
1.328		0.0911429
1.329		0.0910227
1.33		0.0909028
1.331		0.0907831
1.332		0.0906637
1.333		0.0905444
1.334		0.0904254
1.335		0.0903066
1.336		0.0901881
1.337		0.0900697
1.338		0.0899516
1.339		0.0898337
1.34		0.089716
1.341		0.0895986
1.342		0.0894813
1.343		0.0893643
1.344		0.0892475
1.345		0.0891309
1.346		0.0890145
1.347		0.0888983
1.348		0.0887824
1.349		0.0886666
1.35		0.0885511
1.351		0.0884358
1.352		0.0883207
1.353		0.0882059
1.354		0.0880912
1.355		0.0879767
1.356		0.0878625
1.357		0.0877485
1.358		0.0876347
1.359		0.0875211
1.36		0.0874077
1.361		0.0872945
1.362		0.0871815
1.363		0.0870687
1.364		0.0869562
1.365		0.0868438
1.366		0.0867316
1.367		0.0866197
1.368		0.086508
1.369		0.0863964
1.37		0.0862851
1.371		0.086174
1.372		0.0860631
1.373		0.0859523
1.374		0.0858418
1.375		0.0857315
1.376		0.0856214
1.377		0.0855115
1.378		0.0854018
1.379		0.0852923
1.38		0.085183
1.381		0.0850739
1.382		0.084965
1.383		0.0848563
1.384		0.0847478
1.385		0.0846395
1.386		0.0845314
1.387		0.0844234
1.388		0.0843157
1.389		0.0842082
1.39		0.0841009
1.391		0.0839937
1.392		0.0838868
1.393		0.0837801
1.394		0.0836735
1.395		0.0835672
1.396		0.083461
1.397		0.083355
1.398		0.0832493
1.399		0.0831437
1.4		0.0830383
1.401		0.0829331
1.402		0.0828281
1.403		0.0827232
1.404		0.0826186
1.405		0.0825142
1.406		0.0824099
1.407		0.0823058
1.408		0.082202
1.409		0.0820983
1.41		0.0819948
1.411		0.0818915
1.412		0.0817883
1.413		0.0816854
1.414		0.0815826
1.415		0.08148
1.416		0.0813777
1.417		0.0812754
1.418		0.0811734
1.419		0.0810716
1.42		0.0809699
1.421		0.0808685
1.422		0.0807672
1.423		0.0806661
1.424		0.0805651
1.425		0.0804644
1.426		0.0803638
1.427		0.0802634
1.428		0.0801632
1.429		0.0800632
1.43		0.0799633
1.431		0.0798637
1.432		0.0797642
1.433		0.0796648
1.434		0.0795657
1.435		0.0794667
1.436		0.079368
1.437		0.0792693
1.438		0.0791709
1.439		0.0790726
1.44		0.0789746
1.441		0.0788766
1.442		0.0787789
1.443		0.0786813
1.444		0.078584
1.445		0.0784867
1.446		0.0783897
1.447		0.0782928
1.448		0.0781961
1.449		0.0780996
1.45		0.0780032
1.451		0.077907
1.452		0.077811
1.453		0.0777152
1.454		0.0776195
1.455		0.077524
1.456		0.0774286
1.457		0.0773335
1.458		0.0772385
1.459		0.0771436
1.46		0.077049
1.461		0.0769544
1.462		0.0768601
1.463		0.0767659
1.464		0.0766719
1.465		0.0765781
1.466		0.0764844
1.467		0.0763909
1.468		0.0762976
1.469		0.0762044
1.47		0.0761113
1.471		0.0760185
1.472		0.0759258
1.473		0.0758333
1.474		0.0757409
1.475		0.0756487
1.476		0.0755566
1.477		0.0754648
1.478		0.075373
1.479		0.0752815
1.48		0.0751901
1.481		0.0750988
1.482		0.0750077
1.483		0.0749168
1.484		0.074826
1.485		0.0747354
1.486		0.074645
1.487		0.0745547
1.488		0.0744645
1.489		0.0743745
1.49		0.0742847
1.491		0.074195
1.492		0.0741055
1.493		0.0740162
1.494		0.073927
1.495		0.0738379
1.496		0.073749
1.497		0.0736603
1.498		0.0735717
1.499		0.0734833
1.5		0.073395
1.501		0.0733068
1.502		0.0732189
1.503		0.073131
1.504		0.0730434
1.505		0.0729559
1.506		0.0728685
1.507		0.0727813
1.508		0.0726942
1.509		0.0726073
1.51		0.0725205
1.511		0.0724339
1.512		0.0723474
1.513		0.0722611
1.514		0.0721749
1.515		0.0720889
1.516		0.072003
1.517		0.0719173
1.518		0.0718317
1.519		0.0717462
1.52		0.071661
1.521		0.0715758
1.522		0.0714908
1.523		0.071406
1.524		0.0713212
1.525		0.0712367
1.526		0.0711523
1.527		0.071068
1.528		0.0709839
1.529		0.0708999
1.53		0.070816
1.531		0.0707323
1.532		0.0706488
1.533		0.0705653
1.534		0.0704821
1.535		0.0703989
1.536		0.0703159
1.537		0.0702331
1.538		0.0701504
1.539		0.0700678
1.54		0.0699854
1.541		0.0699031
1.542		0.0698209
1.543		0.0697389
1.544		0.0696571
1.545		0.0695753
1.546		0.0694937
1.547		0.0694123
1.548		0.069331
1.549		0.0692498
1.55		0.0691687
1.551		0.0690878
1.552		0.0690071
1.553		0.0689264
1.554		0.0688459
1.555		0.0687656
1.556		0.0686853
1.557		0.0686052
1.558		0.0685253
1.559		0.0684455
1.56		0.0683658
1.561		0.0682862
1.562		0.0682068
1.563		0.0681275
1.564		0.0680484
1.565		0.0679693
1.566		0.0678904
1.567		0.0678117
1.568		0.0677331
1.569		0.0676546
1.57		0.0675762
1.571		0.067498
1.572		0.0674199
1.573		0.0673419
1.574		0.0672641
1.575		0.0671864
1.576		0.0671088
1.577		0.0670313
1.578		0.066954
1.579		0.0668768
1.58		0.0667998
1.581		0.0667228
1.582		0.066646
1.583		0.0665693
1.584		0.0664928
1.585		0.0664164
1.586		0.0663401
1.587		0.0662639
1.588		0.0661879
1.589		0.0661119
1.59		0.0660362
1.591		0.0659605
1.592		0.065885
1.593		0.0658095
1.594		0.0657342
1.595		0.0656591
1.596		0.065584
1.597		0.0655091
1.598		0.0654343
1.599		0.0653597
1.6		0.0652851
1.601		0.0652107
1.602		0.0651364
1.603		0.0650622
1.604		0.0649882
1.605		0.0649142
1.606		0.0648404
1.607		0.0647667
1.608		0.0646932
1.609		0.0646197
1.61		0.0645464
1.611		0.0644732
1.612		0.0644001
1.613		0.0643271
1.614		0.0642543
1.615		0.0641815
1.616		0.0641089
1.617		0.0640364
1.618		0.0639641
1.619		0.0638918
1.62		0.0638197
1.621		0.0637477
1.622		0.0636758
1.623		0.063604
1.624		0.0635323
1.625		0.0634608
1.626		0.0633894
1.627		0.063318
1.628		0.0632468
1.629		0.0631758
1.63		0.0631048
1.631		0.063034
1.632		0.0629632
1.633		0.0628926
1.634		0.0628221
1.635		0.0627517
1.636		0.0626814
1.637		0.0626113
1.638		0.0625412
1.639		0.0624713
1.64		0.0624015
1.641		0.0623318
1.642		0.0622622
1.643		0.0621927
1.644		0.0621233
1.645		0.0620541
1.646		0.0619849
1.647		0.0619159
1.648		0.061847
1.649		0.0617781
1.65		0.0617094
1.651		0.0616409
1.652		0.0615724
1.653		0.061504
1.654		0.0614358
1.655		0.0613676
1.656		0.0612996
1.657		0.0612316
1.658		0.0611638
1.659		0.0610961
1.66		0.0610285
1.661		0.060961
1.662		0.0608936
1.663		0.0608264
1.664		0.0607592
1.665		0.0606921
1.666		0.0606252
1.667		0.0605583
1.668		0.0604916
1.669		0.0604249
1.67		0.0603584
1.671		0.060292
1.672		0.0602257
1.673		0.0601595
1.674		0.0600934
1.675		0.0600274
1.676		0.0599615
1.677		0.0598957
1.678		0.05983
1.679		0.0597644
1.68		0.059699
1.681		0.0596336
1.682		0.0595683
1.683		0.0595032
1.684		0.0594381
1.685		0.0593732
1.686		0.0593083
1.687		0.0592436
1.688		0.0591789
1.689		0.0591144
1.69		0.0590499
1.691		0.0589856
1.692		0.0589214
1.693		0.0588572
1.694		0.0587932
1.695		0.0587293
1.696		0.0586654
1.697		0.0586017
1.698		0.0585381
1.699		0.0584746
1.7		0.0584111
1.701		0.0583478
1.702		0.0582846
1.703		0.0582214
1.704		0.0581584
1.705		0.0580955
1.706		0.0580326
1.707		0.0579699
1.708		0.0579073
1.709		0.0578447
1.71		0.0577823
1.711		0.05772
1.712		0.0576577
1.713		0.0575956
1.714		0.0575335
1.715		0.0574716
1.716		0.0574097
1.717		0.057348
1.718		0.0572863
1.719		0.0572248
1.72		0.0571633
1.721		0.0571019
1.722		0.0570406
1.723		0.0569795
1.724		0.0569184
1.725		0.0568574
1.726		0.0567965
1.727		0.0567357
1.728		0.056675
1.729		0.0566144
1.73		0.0565539
1.731		0.0564935
1.732		0.0564331
1.733		0.0563729
1.734		0.0563128
1.735		0.0562527
1.736		0.0561928
1.737		0.0561329
1.738		0.0560731
1.739		0.0560135
1.74		0.0559539
1.741		0.0558944
1.742		0.055835
1.743		0.0557757
1.744		0.0557165
1.745		0.0556574
1.746		0.0555983
1.747		0.0555394
1.748		0.0554805
1.749		0.0554218
1.75		0.0553631
1.751		0.0553045
1.752		0.0552461
1.753		0.0551877
1.754		0.0551293
1.755		0.0550711
1.756		0.055013
1.757		0.054955
1.758		0.054897
1.759		0.0548392
1.76		0.0547814
1.761		0.0547237
1.762		0.0546661
1.763		0.0546086
1.764		0.0545512
1.765		0.0544939
1.766		0.0544366
1.767		0.0543795
1.768		0.0543224
1.769		0.0542654
1.77		0.0542085
1.771		0.0541517
1.772		0.054095
1.773		0.0540384
1.774		0.0539818
1.775		0.0539254
1.776		0.053869
1.777		0.0538127
1.778		0.0537565
1.779		0.0537004
1.78		0.0536444
1.781		0.0535884
1.782		0.0535326
1.783		0.0534768
1.784		0.0534211
1.785		0.0533655
1.786		0.05331
1.787		0.0532545
1.788		0.0531992
1.789		0.0531439
1.79		0.0530887
1.791		0.0530336
1.792		0.0529786
1.793		0.0529237
1.794		0.0528688
1.795		0.0528141
1.796		0.0527594
1.797		0.0527048
1.798		0.0526503
1.799		0.0525958
1.8		0.0525415
1.801		0.0524872
1.802		0.052433
1.803		0.0523789
1.804		0.0523249
1.805		0.0522709
1.806		0.052217
1.807		0.0521633
1.808		0.0521096
1.809		0.0520559
1.81		0.0520024
1.811		0.0519489
1.812		0.0518955
1.813		0.0518422
1.814		0.051789
1.815		0.0517359
1.816		0.0516828
1.817		0.0516298
1.818		0.0515769
1.819		0.0515241
1.82		0.0514713
1.821		0.0514187
1.822		0.0513661
1.823		0.0513136
1.824		0.0512611
1.825		0.0512088
1.826		0.0511565
1.827		0.0511043
1.828		0.0510522
1.829		0.0510002
1.83		0.0509482
1.831		0.0508963
1.832		0.0508445
1.833		0.0507928
1.834		0.0507411
1.835		0.0506895
1.836		0.050638
1.837		0.0505866
1.838		0.0505352
1.839		0.050484
1.84		0.0504328
1.841		0.0503816
1.842		0.0503306
1.843		0.0502796
1.844		0.0502287
1.845		0.0501779
1.846		0.0501272
1.847		0.0500765
1.848		0.0500259
1.849		0.0499754
1.85		0.0499249
1.851		0.0498746
1.852		0.0498243
1.853		0.049774
1.854		0.0497239
1.855		0.0496738
1.856		0.0496238
1.857		0.0495739
1.858		0.049524
1.859		0.0494742
1.86		0.0494245
1.861		0.0493749
1.862		0.0493253
1.863		0.0492758
1.864		0.0492264
1.865		0.0491771
1.866		0.0491278
1.867		0.0490786
1.868		0.0490295
1.869		0.0489804
1.87		0.0489314
1.871		0.0488825
1.872		0.0488337
1.873		0.0487849
1.874		0.0487362
1.875		0.0486876
1.876		0.048639
1.877		0.0485905
1.878		0.0485421
1.879		0.0484938
1.88		0.0484455
1.881		0.0483973
1.882		0.0483492
1.883		0.0483011
1.884		0.0482531
1.885		0.0482052
1.886		0.0481573
1.887		0.0481096
1.888		0.0480618
1.889		0.0480142
1.89		0.0479666
1.891		0.0479191
1.892		0.0478717
1.893		0.0478243
1.894		0.047777
1.895		0.0477298
1.896		0.0476826
1.897		0.0476355
1.898		0.0475885
1.899		0.0475415
1.9		0.0474946
1.901		0.0474478
1.902		0.047401
1.903		0.0473543
1.904		0.0473077
1.905		0.0472612
1.906		0.0472147
1.907		0.0471683
1.908		0.0471219
1.909		0.0470756
1.91		0.0470294
1.911		0.0469832
1.912		0.0469371
1.913		0.0468911
1.914		0.0468452
1.915		0.0467993
1.916		0.0467534
1.917		0.0467077
1.918		0.046662
1.919		0.0466164
1.92		0.0465708
1.921		0.0465253
1.922		0.0464799
1.923		0.0464345
1.924		0.0463892
1.925		0.046344
1.926		0.0462988
1.927		0.0462537
1.928		0.0462086
1.929		0.0461637
1.93		0.0461187
1.931		0.0460739
1.932		0.0460291
1.933		0.0459844
1.934		0.0459397
1.935		0.0458951
1.936		0.0458506
1.937		0.0458061
1.938		0.0457617
1.939		0.0457174
1.94		0.0456731
1.941		0.0456289
1.942		0.0455847
1.943		0.0455406
1.944		0.0454966
1.945		0.0454526
1.946		0.0454087
1.947		0.0453649
1.948		0.0453211
1.949		0.0452774
1.95		0.0452337
1.951		0.0451901
1.952		0.0451466
1.953		0.0451031
1.954		0.0450597
1.955		0.0450163
1.956		0.044973
1.957		0.0449298
1.958		0.0448866
1.959		0.0448435
1.96		0.0448005
1.961		0.0447575
1.962		0.0447146
1.963		0.0446717
1.964		0.0446289
1.965		0.0445862
1.966		0.0445435
1.967		0.0445009
1.968		0.0444583
1.969		0.0444158
1.97		0.0443733
1.971		0.044331
1.972		0.0442886
1.973		0.0442464
1.974		0.0442042
1.975		0.044162
1.976		0.0441199
1.977		0.0440779
1.978		0.0440359
1.979		0.043994
1.98		0.0439521
1.981		0.0439103
1.982		0.0438686
1.983		0.0438269
1.984		0.0437853
1.985		0.0437437
1.986		0.0437022
1.987		0.0436608
1.988		0.0436194
1.989		0.0435781
1.99		0.0435368
1.991		0.0434956
1.992		0.0434544
1.993		0.0434133
1.994		0.0433722
1.995		0.0433313
1.996		0.0432903
1.997		0.0432494
1.998		0.0432086
1.999		0.0431679
2		0.0431272
2.001		0.0430865
2.002		0.0430459
2.003		0.0430054
2.004		0.0429649
2.005		0.0429245
2.006		0.0428841
2.007		0.0428438
2.008		0.0428035
2.009		0.0427633
2.01		0.0427232
2.011		0.0426831
2.012		0.042643
2.013		0.042603
2.014		0.0425631
2.015		0.0425232
2.016		0.0424834
2.017		0.0424437
2.018		0.042404
2.019		0.0423643
2.02		0.0423247
2.021		0.0422852
2.022		0.0422457
2.023		0.0422062
2.024		0.0421668
2.025		0.0421275
2.026		0.0420882
2.027		0.042049
2.028		0.0420098
2.029		0.0419707
2.03		0.0419317
2.031		0.0418927
2.032		0.0418537
2.033		0.0418148
2.034		0.041776
2.035		0.0417372
2.036		0.0416984
2.037		0.0416597
2.038		0.0416211
2.039		0.0415825
2.04		0.041544
2.041		0.0415055
2.042		0.0414671
2.043		0.0414287
2.044		0.0413904
2.045		0.0413521
2.046		0.0413139
2.047		0.0412757
2.048		0.0412376
2.049		0.0411996
2.05		0.0411615
2.051		0.0411236
2.052		0.0410857
2.053		0.0410478
2.054		0.04101
2.055		0.0409723
2.056		0.0409346
2.057		0.0408969
2.058		0.0408593
2.059		0.0408218
2.06		0.0407843
2.061		0.0407468
2.062		0.0407094
2.063		0.0406721
2.064		0.0406348
2.065		0.0405975
2.066		0.0405603
2.067		0.0405232
2.068		0.0404861
2.069		0.040449
2.07		0.040412
2.071		0.0403751
2.072		0.0403382
2.073		0.0403013
2.074		0.0402645
2.075		0.0402278
2.076		0.0401911
2.077		0.0401544
2.078		0.0401178
2.079		0.0400813
2.08		0.0400448
2.081		0.0400083
2.082		0.0399719
2.083		0.0399355
2.084		0.0398992
2.085		0.039863
2.086		0.0398268
2.087		0.0397906
2.088		0.0397545
2.089		0.0397184
2.09		0.0396824
2.091		0.0396464
2.092		0.0396105
2.093		0.0395746
2.094		0.0395388
2.095		0.039503
2.096		0.0394673
2.097		0.0394316
2.098		0.039396
2.099		0.0393604
2.1		0.0393248
2.101		0.0392893
2.102		0.0392539
2.103		0.0392185
2.104		0.0391831
2.105		0.0391478
2.106		0.0391126
2.107		0.0390774
2.108		0.0390422
2.109		0.0390071
2.11		0.038972
2.111		0.038937
2.112		0.038902
2.113		0.038867
2.114		0.0388322
2.115		0.0387973
2.116		0.0387625
2.117		0.0387278
2.118		0.0386931
2.119		0.0386584
2.12		0.0386238
2.121		0.0385892
2.122		0.0385547
2.123		0.0385202
2.124		0.0384858
2.125		0.0384514
2.126		0.0384171
2.127		0.0383828
2.128		0.0383485
2.129		0.0383143
2.13		0.0382801
2.131		0.038246
2.132		0.0382119
2.133		0.0381779
2.134		0.0381439
2.135		0.03811
2.136		0.0380761
2.137		0.0380423
2.138		0.0380084
2.139		0.0379747
2.14		0.037941
2.141		0.0379073
2.142		0.0378737
2.143		0.0378401
2.144		0.0378065
2.145		0.037773
2.146		0.0377396
2.147		0.0377062
2.148		0.0376728
2.149		0.0376395
2.15		0.0376062
2.151		0.037573
2.152		0.0375398
2.153		0.0375066
2.154		0.0374735
2.155		0.0374405
2.156		0.0374074
2.157		0.0373745
2.158		0.0373415
2.159		0.0373086
2.16		0.0372758
2.161		0.037243
2.162		0.0372102
2.163		0.0371775
2.164		0.0371448
2.165		0.0371122
2.166		0.0370796
2.167		0.037047
2.168		0.0370145
2.169		0.036982
2.17		0.0369496
2.171		0.0369172
2.172		0.0368849
2.173		0.0368526
2.174		0.0368203
2.175		0.0367881
2.176		0.0367559
2.177		0.0367238
2.178		0.0366917
2.179		0.0366596
2.18		0.0366276
2.181		0.0365957
2.182		0.0365637
2.183		0.0365318
2.184		0.0365
2.185		0.0364682
2.186		0.0364364
2.187		0.0364047
2.188		0.036373
2.189		0.0363414
2.19		0.0363098
2.191		0.0362782
2.192		0.0362467
2.193		0.0362152
2.194		0.0361838
2.195		0.0361524
2.196		0.036121
2.197		0.0360897
2.198		0.0360584
2.199		0.0360272
2.2		0.035996
2.201		0.0359648
2.202		0.0359337
2.203		0.0359026
2.204		0.0358715
2.205		0.0358405
2.206		0.0358096
2.207		0.0357787
2.208		0.0357478
2.209		0.0357169
2.21		0.0356861
2.211		0.0356554
2.212		0.0356246
2.213		0.0355939
2.214		0.0355633
2.215		0.0355327
2.216		0.0355021
2.217		0.0354716
2.218		0.0354411
2.219		0.0354106
2.22		0.0353802
2.221		0.0353498
2.222		0.0353195
2.223		0.0352892
2.224		0.0352589
2.225		0.0352287
2.226		0.0351985
2.227		0.0351684
2.228		0.0351382
2.229		0.0351082
2.23		0.0350781
2.231		0.0350481
2.232		0.0350182
2.233		0.0349883
2.234		0.0349584
2.235		0.0349285
2.236		0.0348987
2.237		0.0348689
2.238		0.0348392
2.239		0.0348095
2.24		0.0347799
2.241		0.0347502
2.242		0.0347206
2.243		0.0346911
2.244		0.0346616
2.245		0.0346321
2.246		0.0346027
2.247		0.0345733
2.248		0.0345439
2.249		0.0345146
2.25		0.0344853
2.251		0.034456
2.252		0.0344268
2.253		0.0343977
2.254		0.0343685
2.255		0.0343394
2.256		0.0343103
2.257		0.0342813
2.258		0.0342523
2.259		0.0342233
2.26		0.0341944
2.261		0.0341655
2.262		0.0341367
2.263		0.0341079
2.264		0.0340791
2.265		0.0340503
2.266		0.0340216
2.267		0.0339929
2.268		0.0339643
2.269		0.0339357
2.27		0.0339071
2.271		0.0338786
2.272		0.0338501
2.273		0.0338216
2.274		0.0337932
2.275		0.0337648
2.276		0.0337365
2.277		0.0337081
2.278		0.0336799
2.279		0.0336516
2.28		0.0336234
2.281		0.0335952
2.282		0.0335671
2.283		0.033539
2.284		0.0335109
2.285		0.0334828
2.286		0.0334548
2.287		0.0334269
2.288		0.0333989
2.289		0.033371
2.29		0.0333431
2.291		0.0333153
2.292		0.0332875
2.293		0.0332597
2.294		0.033232
2.295		0.0332043
2.296		0.0331767
2.297		0.033149
2.298		0.0331214
2.299		0.0330939
2.3		0.0330663
2.301		0.0330388
2.302		0.0330114
2.303		0.032984
2.304		0.0329566
2.305		0.0329292
2.306		0.0329019
2.307		0.0328746
2.308		0.0328473
2.309		0.0328201
2.31		0.0327929
2.311		0.0327657
2.312		0.0327386
2.313		0.0327115
2.314		0.0326845
2.315		0.0326574
2.316		0.0326304
2.317		0.0326035
2.318		0.0325766
2.319		0.0325497
2.32		0.0325228
2.321		0.032496
2.322		0.0324692
2.323		0.0324424
2.324		0.0324157
2.325		0.032389
2.326		0.0323623
2.327		0.0323357
2.328		0.0323091
2.329		0.0322825
2.33		0.032256
2.331		0.0322295
2.332		0.032203
2.333		0.0321765
2.334		0.0321501
2.335		0.0321238
2.336		0.0320974
2.337		0.0320711
2.338		0.0320448
2.339		0.0320186
2.34		0.0319923
2.341		0.0319662
2.342		0.03194
2.343		0.0319139
2.344		0.0318878
2.345		0.0318617
2.346		0.0318357
2.347		0.0318097
2.348		0.0317837
2.349		0.0317578
2.35		0.0317319
2.351		0.031706
2.352		0.0316802
2.353		0.0316544
2.354		0.0316286
2.355		0.0316029
2.356		0.0315771
2.357		0.0315515
2.358		0.0315258
2.359		0.0315002
2.36		0.0314746
2.361		0.031449
2.362		0.0314235
2.363		0.031398
2.364		0.0313725
2.365		0.0313471
2.366		0.0313217
2.367		0.0312963
2.368		0.0312709
2.369		0.0312456
2.37		0.0312203
2.371		0.0311951
2.372		0.0311698
2.373		0.0311446
2.374		0.0311195
2.375		0.0310943
2.376		0.0310692
2.377		0.0310442
2.378		0.0310191
2.379		0.0309941
2.38		0.0309691
2.381		0.0309441
2.382		0.0309192
2.383		0.0308943
2.384		0.0308694
2.385		0.0308446
2.386		0.0308198
2.387		0.030795
2.388		0.0307703
2.389		0.0307455
2.39		0.0307208
2.391		0.0306962
2.392		0.0306715
2.393		0.0306469
2.394		0.0306224
2.395		0.0305978
2.396		0.0305733
2.397		0.0305488
2.398		0.0305244
2.399		0.0304999
2.4		0.0304755
2.401		0.0304512
2.402		0.0304268
2.403		0.0304025
2.404		0.0303782
2.405		0.0303539
2.406		0.0303297
2.407		0.0303055
2.408		0.0302813
2.409		0.0302572
2.41		0.0302331
2.411		0.030209
2.412		0.0301849
2.413		0.0301609
2.414		0.0301369
2.415		0.0301129
2.416		0.030089
2.417		0.0300651
2.418		0.0300412
2.419		0.0300173
2.42		0.0299935
2.421		0.0299697
2.422		0.0299459
2.423		0.0299222
2.424		0.0298984
2.425		0.0298747
2.426		0.0298511
2.427		0.0298274
2.428		0.0298038
2.429		0.0297802
2.43		0.0297567
2.431		0.0297332
2.432		0.0297097
2.433		0.0296862
2.434		0.0296627
2.435		0.0296393
2.436		0.0296159
2.437		0.0295926
2.438		0.0295692
2.439		0.0295459
2.44		0.0295226
2.441		0.0294994
2.442		0.0294762
2.443		0.029453
2.444		0.0294298
2.445		0.0294066
2.446		0.0293835
2.447		0.0293604
2.448		0.0293374
2.449		0.0293143
2.45		0.0292913
2.451		0.0292683
2.452		0.0292454
2.453		0.0292224
2.454		0.0291995
2.455		0.0291767
2.456		0.0291538
2.457		0.029131
2.458		0.0291082
2.459		0.0290854
2.46		0.0290627
2.461		0.0290399
2.462		0.0290172
2.463		0.0289946
2.464		0.0289719
2.465		0.0289493
2.466		0.0289267
2.467		0.0289042
2.468		0.0288816
2.469		0.0288591
2.47		0.0288366
2.471		0.0288142
2.472		0.0287917
2.473		0.0287693
2.474		0.0287469
2.475		0.0287246
2.476		0.0287023
2.477		0.0286799
2.478		0.0286577
2.479		0.0286354
2.48		0.0286132
2.481		0.028591
2.482		0.0285688
2.483		0.0285467
2.484		0.0285245
2.485		0.0285024
2.486		0.0284803
2.487		0.0284583
2.488		0.0284363
2.489		0.0284143
2.49		0.0283923
2.491		0.0283703
2.492		0.0283484
2.493		0.0283265
2.494		0.0283047
2.495		0.0282828
2.496		0.028261
2.497		0.0282392
2.498		0.0282174
2.499		0.0281957
2.5		0.0281739
2.501		0.0281522
2.502		0.0281306
2.503		0.0281089
2.504		0.0280873
2.505		0.0280657
2.506		0.0280441
2.507		0.0280225
2.508		0.028001
2.509		0.0279795
2.51		0.027958
2.511		0.0279366
2.512		0.0279151
2.513		0.0278937
2.514		0.0278724
2.515		0.027851
2.516		0.0278297
2.517		0.0278084
2.518		0.0277871
2.519		0.0277658
2.52		0.0277446
2.521		0.0277234
2.522		0.0277022
2.523		0.027681
2.524		0.0276599
2.525		0.0276388
2.526		0.0276177
2.527		0.0275966
2.528		0.0275755
2.529		0.0275545
2.53		0.0275335
2.531		0.0275126
2.532		0.0274916
2.533		0.0274707
2.534		0.0274498
2.535		0.0274289
2.536		0.027408
2.537		0.0273872
2.538		0.0273664
2.539		0.0273456
2.54		0.0273248
2.541		0.0273041
2.542		0.0272834
2.543		0.0272627
2.544		0.027242
2.545		0.0272214
2.546		0.0272008
2.547		0.0271802
2.548		0.0271596
2.549		0.027139
2.55		0.0271185
2.551		0.027098
2.552		0.0270775
2.553		0.027057
2.554		0.0270366
2.555		0.0270162
2.556		0.0269958
2.557		0.0269754
2.558		0.0269551
2.559		0.0269347
2.56		0.0269144
2.561		0.0268942
2.562		0.0268739
2.563		0.0268537
2.564		0.0268335
2.565		0.0268133
2.566		0.0267931
2.567		0.026773
2.568		0.0267528
2.569		0.0267327
2.57		0.0267127
2.571		0.0266926
2.572		0.0266726
2.573		0.0266526
2.574		0.0266326
2.575		0.0266126
2.576		0.0265927
2.577		0.0265727
2.578		0.0265528
2.579		0.026533
2.58		0.0265131
2.581		0.0264933
2.582		0.0264735
2.583		0.0264537
2.584		0.0264339
2.585		0.0264142
2.586		0.0263944
2.587		0.0263747
2.588		0.0263551
2.589		0.0263354
2.59		0.0263158
2.591		0.0262961
2.592		0.0262765
2.593		0.026257
2.594		0.0262374
2.595		0.0262179
2.596		0.0261984
2.597		0.0261789
2.598		0.0261594
2.599		0.02614
2.6		0.0261206
2.601		0.0261012
2.602		0.0260818
2.603		0.0260624
2.604		0.0260431
2.605		0.0260238
2.606		0.0260045
2.607		0.0259852
2.608		0.025966
2.609		0.0259467
2.61		0.0259275
2.611		0.0259083
2.612		0.0258892
2.613		0.02587
2.614		0.0258509
2.615		0.0258318
2.616		0.0258127
2.617		0.0257937
2.618		0.0257746
2.619		0.0257556
2.62		0.0257366
2.621		0.0257176
2.622		0.0256987
2.623		0.0256797
2.624		0.0256608
2.625		0.0256419
2.626		0.025623
2.627		0.0256042
2.628		0.0255853
2.629		0.0255665
2.63		0.0255477
2.631		0.025529
2.632		0.0255102
2.633		0.0254915
2.634		0.0254728
2.635		0.0254541
2.636		0.0254354
2.637		0.0254167
2.638		0.0253981
2.639		0.0253795
2.64		0.0253609
2.641		0.0253423
2.642		0.0253238
2.643		0.0253053
2.644		0.0252868
2.645		0.0252683
2.646		0.0252498
2.647		0.0252313
2.648		0.0252129
2.649		0.0251945
2.65		0.0251761
2.651		0.0251577
2.652		0.0251394
2.653		0.0251211
2.654		0.0251028
2.655		0.0250845
2.656		0.0250662
2.657		0.0250479
2.658		0.0250297
2.659		0.0250115
2.66		0.0249933
2.661		0.0249751
2.662		0.024957
2.663		0.0249388
2.664		0.0249207
2.665		0.0249026
2.666		0.0248846
2.667		0.0248665
2.668		0.0248485
2.669		0.0248305
2.67		0.0248125
2.671		0.0247945
2.672		0.0247765
2.673		0.0247586
2.674		0.0247407
2.675		0.0247228
2.676		0.0247049
2.677		0.024687
2.678		0.0246692
2.679		0.0246514
2.68		0.0246335
2.681		0.0246158
2.682		0.024598
2.683		0.0245802
2.684		0.0245625
2.685		0.0245448
2.686		0.0245271
2.687		0.0245094
2.688		0.0244918
2.689		0.0244742
2.69		0.0244565
2.691		0.0244389
2.692		0.0244214
2.693		0.0244038
2.694		0.0243863
2.695		0.0243687
2.696		0.0243512
2.697		0.0243338
2.698		0.0243163
2.699		0.0242988
2.7		0.0242814
2.701		0.024264
2.702		0.0242466
2.703		0.0242292
2.704		0.0242119
2.705		0.0241945
2.706		0.0241772
2.707		0.0241599
2.708		0.0241426
2.709		0.0241254
2.71		0.0241081
2.711		0.0240909
2.712		0.0240737
2.713		0.0240565
2.714		0.0240393
2.715		0.0240222
2.716		0.0240051
2.717		0.0239879
2.718		0.0239708
2.719		0.0239538
2.72		0.0239367
2.721		0.0239196
2.722		0.0239026
2.723		0.0238856
2.724		0.0238686
2.725		0.0238516
2.726		0.0238347
2.727		0.0238178
2.728		0.0238008
2.729		0.0237839
2.73		0.023767
2.731		0.0237502
2.732		0.0237333
2.733		0.0237165
2.734		0.0236997
2.735		0.0236829
2.736		0.0236661
2.737		0.0236494
2.738		0.0236326
2.739		0.0236159
2.74		0.0235992
2.741		0.0235825
2.742		0.0235658
2.743		0.0235492
2.744		0.0235325
2.745		0.0235159
2.746		0.0234993
2.747		0.0234827
2.748		0.0234662
2.749		0.0234496
2.75		0.0234331
2.751		0.0234166
2.752		0.0234001
2.753		0.0233836
2.754		0.0233671
2.755		0.0233507
2.756		0.0233342
2.757		0.0233178
2.758		0.0233014
2.759		0.023285
2.76		0.0232687
2.761		0.0232523
2.762		0.023236
2.763		0.0232197
2.764		0.0232034
2.765		0.0231871
2.766		0.0231709
2.767		0.0231546
2.768		0.0231384
2.769		0.0231222
2.77		0.023106
2.771		0.0230898
2.772		0.0230737
2.773		0.0230575
2.774		0.0230414
2.775		0.0230253
2.776		0.0230092
2.777		0.0229931
2.778		0.0229771
2.779		0.022961
2.78		0.022945
2.781		0.022929
2.782		0.022913
2.783		0.022897
2.784		0.0228811
2.785		0.0228651
2.786		0.0228492
2.787		0.0228333
2.788		0.0228174
2.789		0.0228015
2.79		0.0227857
2.791		0.0227698
2.792		0.022754
2.793		0.0227382
2.794		0.0227224
2.795		0.0227066
2.796		0.0226909
2.797		0.0226751
2.798		0.0226594
2.799		0.0226437
2.8		0.022628
2.801		0.0226123
2.802		0.0225966
2.803		0.022581
2.804		0.0225653
2.805		0.0225497
2.806		0.0225341
2.807		0.0225185
2.808		0.022503
2.809		0.0224874
2.81		0.0224719
2.811		0.0224564
2.812		0.0224409
2.813		0.0224254
2.814		0.0224099
2.815		0.0223944
2.816		0.022379
2.817		0.0223636
2.818		0.0223482
2.819		0.0223328
2.82		0.0223174
2.821		0.022302
2.822		0.0222867
2.823		0.0222713
2.824		0.022256
2.825		0.0222407
2.826		0.0222254
2.827		0.0222102
2.828		0.0221949
2.829		0.0221797
2.83		0.0221645
2.831		0.0221493
2.832		0.0221341
2.833		0.0221189
2.834		0.0221037
2.835		0.0220886
2.836		0.0220735
2.837		0.0220583
2.838		0.0220432
2.839		0.0220282
2.84		0.0220131
2.841		0.021998
2.842		0.021983
2.843		0.021968
2.844		0.021953
2.845		0.021938
2.846		0.021923
2.847		0.021908
2.848		0.0218931
2.849		0.0218782
2.85		0.0218633
2.851		0.0218483
2.852		0.0218335
2.853		0.0218186
2.854		0.0218037
2.855		0.0217889
2.856		0.0217741
2.857		0.0217593
2.858		0.0217445
2.859		0.0217297
2.86		0.0217149
2.861		0.0217002
2.862		0.0216854
2.863		0.0216707
2.864		0.021656
2.865		0.0216413
2.866		0.0216266
2.867		0.021612
2.868		0.0215973
2.869		0.0215827
2.87		0.0215681
2.871		0.0215535
2.872		0.0215389
2.873		0.0215243
2.874		0.0215098
2.875		0.0214952
2.876		0.0214807
2.877		0.0214662
2.878		0.0214517
2.879		0.0214372
2.88		0.0214227
2.881		0.0214082
2.882		0.0213938
2.883		0.0213794
2.884		0.021365
2.885		0.0213506
2.886		0.0213362
2.887		0.0213218
2.888		0.0213075
2.889		0.0212931
2.89		0.0212788
2.891		0.0212645
2.892		0.0212502
2.893		0.0212359
2.894		0.0212216
2.895		0.0212074
2.896		0.0211931
2.897		0.0211789
2.898		0.0211647
2.899		0.0211505
2.9		0.0211363
2.901		0.0211221
2.902		0.021108
2.903		0.0210938
2.904		0.0210797
2.905		0.0210656
2.906		0.0210515
2.907		0.0210374
2.908		0.0210233
2.909		0.0210093
2.91		0.0209952
2.911		0.0209812
2.912		0.0209672
2.913		0.0209532
2.914		0.0209392
2.915		0.0209252
2.916		0.0209112
2.917		0.0208973
2.918		0.0208834
2.919		0.0208694
2.92		0.0208555
2.921		0.0208416
2.922		0.0208278
2.923		0.0208139
2.924		0.0208
2.925		0.0207862
2.926		0.0207724
2.927		0.0207586
2.928		0.0207448
2.929		0.020731
2.93		0.0207172
2.931		0.0207035
2.932		0.0206897
2.933		0.020676
2.934		0.0206623
2.935		0.0206486
2.936		0.0206349
2.937		0.0206212
2.938		0.0206076
2.939		0.0205939
2.94		0.0205803
2.941		0.0205667
2.942		0.020553
2.943		0.0205394
2.944		0.0205259
2.945		0.0205123
2.946		0.0204987
2.947		0.0204852
2.948		0.0204717
2.949		0.0204582
2.95		0.0204447
2.951		0.0204312
2.952		0.0204177
2.953		0.0204042
2.954		0.0203908
2.955		0.0203774
2.956		0.0203639
2.957		0.0203505
2.958		0.0203371
2.959		0.0203237
2.96		0.0203104
2.961		0.020297
2.962		0.0202837
2.963		0.0202703
2.964		0.020257
2.965		0.0202437
2.966		0.0202304
2.967		0.0202172
2.968		0.0202039
2.969		0.0201906
2.97		0.0201774
2.971		0.0201642
2.972		0.020151
2.973		0.0201378
2.974		0.0201246
2.975		0.0201114
2.976		0.0200982
2.977		0.0200851
2.978		0.0200719
2.979		0.0200588
2.98		0.0200457
2.981		0.0200326
2.982		0.0200195
2.983		0.0200065
2.984		0.0199934
2.985		0.0199803
2.986		0.0199673
2.987		0.0199543
2.988		0.0199413
2.989		0.0199283
2.99		0.0199153
2.991		0.0199023
2.992		0.0198894
2.993		0.0198764
2.994		0.0198635
2.995		0.0198506
2.996		0.0198377
2.997		0.0198248
2.998		0.0198119
2.999		0.019799
3		0.0197861
3.001		0.0197733
3.002		0.0197605
3.003		0.0197476
3.004		0.0197348
3.005		0.019722
3.006		0.0197092
3.007		0.0196965
3.008		0.0196837
3.009		0.019671
3.01		0.0196582
3.011		0.0196455
3.012		0.0196328
3.013		0.0196201
3.014		0.0196074
3.015		0.0195947
3.016		0.0195821
3.017		0.0195694
3.018		0.0195568
3.019		0.0195441
3.02		0.0195315
3.021		0.0195189
3.022		0.0195063
3.023		0.0194938
3.024		0.0194812
3.025		0.0194686
3.026		0.0194561
3.027		0.0194436
3.028		0.019431
3.029		0.0194185
3.03		0.019406
3.031		0.0193936
3.032		0.0193811
3.033		0.0193686
3.034		0.0193562
3.035		0.0193438
3.036		0.0193313
3.037		0.0193189
3.038		0.0193065
3.039		0.0192941
3.04		0.0192818
3.041		0.0192694
3.042		0.019257
3.043		0.0192447
3.044		0.0192324
3.045		0.0192201
3.046		0.0192078
3.047		0.0191955
3.048		0.0191832
3.049		0.0191709
3.05		0.0191587
3.051		0.0191464
3.052		0.0191342
3.053		0.019122
3.054		0.0191097
3.055		0.0190975
3.056		0.0190854
3.057		0.0190732
3.058		0.019061
3.059		0.0190489
3.06		0.0190367
3.061		0.0190246
3.062		0.0190125
3.063		0.0190004
3.064		0.0189883
3.065		0.0189762
3.066		0.0189641
3.067		0.018952
3.068		0.01894
3.069		0.018928
3.07		0.0189159
3.071		0.0189039
3.072		0.0188919
3.073		0.0188799
3.074		0.0188679
3.075		0.018856
3.076		0.018844
3.077		0.018832
3.078		0.0188201
3.079		0.0188082
3.08		0.0187963
3.081		0.0187844
3.082		0.0187725
3.083		0.0187606
3.084		0.0187487
3.085		0.0187369
3.086		0.018725
3.087		0.0187132
3.088		0.0187014
3.089		0.0186895
3.09		0.0186777
3.091		0.0186659
3.092		0.0186542
3.093		0.0186424
3.094		0.0186306
3.095		0.0186189
3.096		0.0186071
3.097		0.0185954
3.098		0.0185837
3.099		0.018572
3.1		0.0185603
3.101		0.0185486
3.102		0.018537
3.103		0.0185253
3.104		0.0185136
3.105		0.018502
3.106		0.0184904
3.107		0.0184788
3.108		0.0184672
3.109		0.0184556
3.11		0.018444
3.111		0.0184324
3.112		0.0184208
3.113		0.0184093
3.114		0.0183978
3.115		0.0183862
3.116		0.0183747
3.117		0.0183632
3.118		0.0183517
3.119		0.0183402
3.12		0.0183287
3.121		0.0183173
3.122		0.0183058
3.123		0.0182944
3.124		0.0182829
3.125		0.0182715
3.126		0.0182601
3.127		0.0182487
3.128		0.0182373
3.129		0.0182259
3.13		0.0182146
3.131		0.0182032
3.132		0.0181918
3.133		0.0181805
3.134		0.0181692
3.135		0.0181579
3.136		0.0181465
3.137		0.0181353
3.138		0.018124
3.139		0.0181127
3.14		0.0181014
3.141		0.0180902
3.142		0.0180789
3.143		0.0180677
3.144		0.0180565
3.145		0.0180453
3.146		0.0180341
3.147		0.0180229
3.148		0.0180117
3.149		0.0180005
3.15		0.0179893
3.151		0.0179782
3.152		0.017967
3.153		0.0179559
3.154		0.0179448
3.155		0.0179337
3.156		0.0179226
3.157		0.0179115
3.158		0.0179004
3.159		0.0178893
3.16		0.0178783
3.161		0.0178672
3.162		0.0178562
3.163		0.0178452
3.164		0.0178342
3.165		0.0178231
3.166		0.0178121
3.167		0.0178012
3.168		0.0177902
3.169		0.0177792
3.17		0.0177682
3.171		0.0177573
3.172		0.0177464
3.173		0.0177354
3.174		0.0177245
3.175		0.0177136
3.176		0.0177027
3.177		0.0176918
3.178		0.0176809
3.179		0.0176701
3.18		0.0176592
3.181		0.0176484
3.182		0.0176375
3.183		0.0176267
3.184		0.0176159
3.185		0.0176051
3.186		0.0175943
3.187		0.0175835
3.188		0.0175727
3.189		0.0175619
3.19		0.0175512
3.191		0.0175404
3.192		0.0175297
3.193		0.017519
3.194		0.0175082
3.195		0.0174975
3.196		0.0174868
3.197		0.0174761
3.198		0.0174655
3.199		0.0174548
3.2		0.0174441
3.201		0.0174335
3.202		0.0174228
3.203		0.0174122
3.204		0.0174016
3.205		0.017391
3.206		0.0173803
3.207		0.0173698
3.208		0.0173592
3.209		0.0173486
3.21		0.017338
3.211		0.0173275
3.212		0.0173169
3.213		0.0173064
3.214		0.0172959
3.215		0.0172853
3.216		0.0172748
3.217		0.0172643
3.218		0.0172538
3.219		0.0172434
3.22		0.0172329
3.221		0.0172224
3.222		0.017212
3.223		0.0172015
3.224		0.0171911
3.225		0.0171807
3.226		0.0171703
3.227		0.0171599
3.228		0.0171495
3.229		0.0171391
3.23		0.0171287
3.231		0.0171183
3.232		0.017108
3.233		0.0170976
3.234		0.0170873
3.235		0.017077
3.236		0.0170666
3.237		0.0170563
3.238		0.017046
3.239		0.0170357
3.24		0.0170255
3.241		0.0170152
3.242		0.0170049
3.243		0.0169947
3.244		0.0169844
3.245		0.0169742
3.246		0.0169639
3.247		0.0169537
3.248		0.0169435
3.249		0.0169333
3.25		0.0169231
3.251		0.0169129
3.252		0.0169028
3.253		0.0168926
3.254		0.0168824
3.255		0.0168723
3.256		0.0168622
3.257		0.016852
3.258		0.0168419
3.259		0.0168318
3.26		0.0168217
3.261		0.0168116
3.262		0.0168015
3.263		0.0167915
3.264		0.0167814
3.265		0.0167713
3.266		0.0167613
3.267		0.0167513
3.268		0.0167412
3.269		0.0167312
3.27		0.0167212
3.271		0.0167112
3.272		0.0167012
3.273		0.0166912
3.274		0.0166812
3.275		0.0166713
3.276		0.0166613
3.277		0.0166514
3.278		0.0166414
3.279		0.0166315
3.28		0.0166216
3.281		0.0166117
3.282		0.0166018
3.283		0.0165919
3.284		0.016582
3.285		0.0165721
3.286		0.0165622
3.287		0.0165524
3.288		0.0165425
3.289		0.0165327
3.29		0.0165228
3.291		0.016513
3.292		0.0165032
3.293		0.0164934
3.294		0.0164836
3.295		0.0164738
3.296		0.016464
3.297		0.0164542
3.298		0.0164445
3.299		0.0164347
3.3		0.016425
3.301		0.0164152
3.302		0.0164055
3.303		0.0163958
3.304		0.0163861
3.305		0.0163763
3.306		0.0163666
3.307		0.016357
3.308		0.0163473
3.309		0.0163376
3.31		0.0163279
3.311		0.0163183
3.312		0.0163086
3.313		0.016299
3.314		0.0162894
3.315		0.0162798
3.316		0.0162702
3.317		0.0162605
3.318		0.016251
3.319		0.0162414
3.32		0.0162318
3.321		0.0162222
3.322		0.0162127
3.323		0.0162031
3.324		0.0161936
3.325		0.016184
3.326		0.0161745
3.327		0.016165
3.328		0.0161555
3.329		0.016146
3.33		0.0161365
3.331		0.016127
3.332		0.0161175
3.333		0.016108
3.334		0.0160986
3.335		0.0160891
3.336		0.0160797
3.337		0.0160702
3.338		0.0160608
3.339		0.0160514
3.34		0.016042
3.341		0.0160326
3.342		0.0160232
3.343		0.0160138
3.344		0.0160044
3.345		0.015995
3.346		0.0159857
3.347		0.0159763
3.348		0.015967
3.349		0.0159576
3.35		0.0159483
3.351		0.015939
3.352		0.0159297
3.353		0.0159204
3.354		0.0159111
3.355		0.0159018
3.356		0.0158925
3.357		0.0158832
3.358		0.015874
3.359		0.0158647
3.36		0.0158555
3.361		0.0158462
3.362		0.015837
3.363		0.0158278
3.364		0.0158185
3.365		0.0158093
3.366		0.0158001
3.367		0.0157909
3.368		0.0157818
3.369		0.0157726
3.37		0.0157634
3.371		0.0157542
3.372		0.0157451
3.373		0.015736
3.374		0.0157268
3.375		0.0157177
3.376		0.0157086
3.377		0.0156994
3.378		0.0156903
3.379		0.0156812
3.38		0.0156722
3.381		0.0156631
3.382		0.015654
3.383		0.0156449
3.384		0.0156359
3.385		0.0156268
3.386		0.0156178
3.387		0.0156087
3.388		0.0155997
3.389		0.0155907
3.39		0.0155817
3.391		0.0155727
3.392		0.0155637
3.393		0.0155547
3.394		0.0155457
3.395		0.0155367
3.396		0.0155278
3.397		0.0155188
3.398		0.0155099
3.399		0.0155009
3.4		0.015492
3.401		0.0154831
3.402		0.0154741
3.403		0.0154652
3.404		0.0154563
3.405		0.0154474
3.406		0.0154385
3.407		0.0154297
3.408		0.0154208
3.409		0.0154119
3.41		0.0154031
3.411		0.0153942
3.412		0.0153854
3.413		0.0153765
3.414		0.0153677
3.415		0.0153589
3.416		0.0153501
3.417		0.0153413
3.418		0.0153325
3.419		0.0153237
3.42		0.0153149
3.421		0.0153061
3.422		0.0152973
3.423		0.0152886
3.424		0.0152798
3.425		0.0152711
3.426		0.0152623
3.427		0.0152536
3.428		0.0152449
3.429		0.0152362
3.43		0.0152275
3.431		0.0152188
3.432		0.0152101
3.433		0.0152014
3.434		0.0151927
3.435		0.015184
3.436		0.0151754
3.437		0.0151667
3.438		0.0151581
3.439		0.0151494
3.44		0.0151408
3.441		0.0151322
3.442		0.0151235
3.443		0.0151149
3.444		0.0151063
3.445		0.0150977
3.446		0.0150891
3.447		0.0150805
3.448		0.015072
3.449		0.0150634
3.45		0.0150548
3.451		0.0150463
3.452		0.0150377
3.453		0.0150292
3.454		0.0150207
3.455		0.0150121
3.456		0.0150036
3.457		0.0149951
3.458		0.0149866
3.459		0.0149781
3.46		0.0149696
3.461		0.0149611
3.462		0.0149526
3.463		0.0149442
3.464		0.0149357
3.465		0.0149273
3.466		0.0149188
3.467		0.0149104
3.468		0.0149019
3.469		0.0148935
3.47		0.0148851
3.471		0.0148767
3.472		0.0148683
3.473		0.0148599
3.474		0.0148515
3.475		0.0148431
3.476		0.0148347
3.477		0.0148264
3.478		0.014818
3.479		0.0148097
3.48		0.0148013
3.481		0.014793
3.482		0.0147846
3.483		0.0147763
3.484		0.014768
3.485		0.0147597
3.486		0.0147514
3.487		0.0147431
3.488		0.0147348
3.489		0.0147265
3.49		0.0147182
3.491		0.0147099
3.492		0.0147017
3.493		0.0146934
3.494		0.0146852
3.495		0.0146769
3.496		0.0146687
3.497		0.0146605
3.498		0.0146522
3.499		0.014644
3.5		0.0146358
3.501		0.0146276
3.502		0.0146194
3.503		0.0146112
3.504		0.014603
3.505		0.0145949
3.506		0.0145867
3.507		0.0145785
3.508		0.0145704
3.509		0.0145622
3.51		0.0145541
3.511		0.014546
3.512		0.0145378
3.513		0.0145297
3.514		0.0145216
3.515		0.0145135
3.516		0.0145054
3.517		0.0144973
3.518		0.0144892
3.519		0.0144811
3.52		0.014473
3.521		0.014465
3.522		0.0144569
3.523		0.0144489
3.524		0.0144408
3.525		0.0144328
3.526		0.0144247
3.527		0.0144167
3.528		0.0144087
3.529		0.0144007
3.53		0.0143927
3.531		0.0143847
3.532		0.0143767
3.533		0.0143687
3.534		0.0143607
3.535		0.0143527
3.536		0.0143448
3.537		0.0143368
3.538		0.0143289
3.539		0.0143209
3.54		0.014313
3.541		0.014305
3.542		0.0142971
3.543		0.0142892
3.544		0.0142813
3.545		0.0142734
3.546		0.0142655
3.547		0.0142576
3.548		0.0142497
3.549		0.0142418
3.55		0.0142339
3.551		0.0142261
3.552		0.0142182
3.553		0.0142103
3.554		0.0142025
3.555		0.0141946
3.556		0.0141868
3.557		0.014179
3.558		0.0141712
3.559		0.0141633
3.56		0.0141555
3.561		0.0141477
3.562		0.0141399
3.563		0.0141321
3.564		0.0141243
3.565		0.0141166
3.566		0.0141088
3.567		0.014101
3.568		0.0140933
3.569		0.0140855
3.57		0.0140778
3.571		0.01407
3.572		0.0140623
3.573		0.0140546
3.574		0.0140468
3.575		0.0140391
3.576		0.0140314
3.577		0.0140237
3.578		0.014016
3.579		0.0140083
3.58		0.0140006
3.581		0.013993
3.582		0.0139853
3.583		0.0139776
3.584		0.01397
3.585		0.0139623
3.586		0.0139547
3.587		0.013947
3.588		0.0139394
3.589		0.0139318
3.59		0.0139241
3.591		0.0139165
3.592		0.0139089
3.593		0.0139013
3.594		0.0138937
3.595		0.0138861
3.596		0.0138785
3.597		0.013871
3.598		0.0138634
3.599		0.0138558
3.6		0.0138483
3.601		0.0138407
3.602		0.0138332
3.603		0.0138256
3.604		0.0138181
3.605		0.0138106
3.606		0.013803
3.607		0.0137955
3.608		0.013788
3.609		0.0137805
3.61		0.013773
3.611		0.0137655
3.612		0.013758
3.613		0.0137506
3.614		0.0137431
3.615		0.0137356
3.616		0.0137281
3.617		0.0137207
3.618		0.0137132
3.619		0.0137058
3.62		0.0136984
3.621		0.0136909
3.622		0.0136835
3.623		0.0136761
3.624		0.0136687
3.625		0.0136613
3.626		0.0136539
3.627		0.0136465
3.628		0.0136391
3.629		0.0136317
3.63		0.0136243
3.631		0.0136169
3.632		0.0136096
3.633		0.0136022
3.634		0.0135949
3.635		0.0135875
3.636		0.0135802
3.637		0.0135728
3.638		0.0135655
3.639		0.0135582
3.64		0.0135509
3.641		0.0135435
3.642		0.0135362
3.643		0.0135289
3.644		0.0135216
3.645		0.0135143
3.646		0.0135071
3.647		0.0134998
3.648		0.0134925
3.649		0.0134852
3.65		0.013478
3.651		0.0134707
3.652		0.0134635
3.653		0.0134562
3.654		0.013449
3.655		0.0134418
3.656		0.0134345
3.657		0.0134273
3.658		0.0134201
3.659		0.0134129
3.66		0.0134057
3.661		0.0133985
3.662		0.0133913
3.663		0.0133841
3.664		0.013377
3.665		0.0133698
3.666		0.0133626
3.667		0.0133555
3.668		0.0133483
3.669		0.0133411
3.67		0.013334
3.671		0.0133269
3.672		0.0133197
3.673		0.0133126
3.674		0.0133055
3.675		0.0132984
3.676		0.0132912
3.677		0.0132841
3.678		0.013277
3.679		0.01327
3.68		0.0132629
3.681		0.0132558
3.682		0.0132487
3.683		0.0132416
3.684		0.0132346
3.685		0.0132275
3.686		0.0132205
3.687		0.0132134
3.688		0.0132064
3.689		0.0131993
3.69		0.0131923
3.691		0.0131853
3.692		0.0131782
3.693		0.0131712
3.694		0.0131642
3.695		0.0131572
3.696		0.0131502
3.697		0.0131432
3.698		0.0131362
3.699		0.0131293
3.7		0.0131223
3.701		0.0131153
3.702		0.0131083
3.703		0.0131014
3.704		0.0130944
3.705		0.0130875
3.706		0.0130805
3.707		0.0130736
3.708		0.0130667
3.709		0.0130597
3.71		0.0130528
3.711		0.0130459
3.712		0.013039
3.713		0.0130321
3.714		0.0130252
3.715		0.0130183
3.716		0.0130114
3.717		0.0130045
3.718		0.0129976
3.719		0.0129908
3.72		0.0129839
3.721		0.012977
3.722		0.0129702
3.723		0.0129633
3.724		0.0129565
3.725		0.0129496
3.726		0.0129428
3.727		0.012936
3.728		0.0129292
3.729		0.0129223
3.73		0.0129155
3.731		0.0129087
3.732		0.0129019
3.733		0.0128951
3.734		0.0128883
3.735		0.0128815
3.736		0.0128748
3.737		0.012868
3.738		0.0128612
3.739		0.0128545
3.74		0.0128477
3.741		0.0128409
3.742		0.0128342
3.743		0.0128274
3.744		0.0128207
3.745		0.012814
3.746		0.0128072
3.747		0.0128005
3.748		0.0127938
3.749		0.0127871
3.75		0.0127804
3.751		0.0127737
3.752		0.012767
3.753		0.0127603
3.754		0.0127536
3.755		0.0127469
3.756		0.0127403
3.757		0.0127336
3.758		0.0127269
3.759		0.0127203
3.76		0.0127136
3.761		0.012707
3.762		0.0127003
3.763		0.0126937
3.764		0.012687
3.765		0.0126804
3.766		0.0126738
3.767		0.0126672
3.768		0.0126606
3.769		0.0126539
3.77		0.0126473
3.771		0.0126407
3.772		0.0126341
3.773		0.0126276
3.774		0.012621
3.775		0.0126144
3.776		0.0126078
3.777		0.0126013
3.778		0.0125947
3.779		0.0125881
3.78		0.0125816
3.781		0.012575
3.782		0.0125685
3.783		0.012562
3.784		0.0125554
3.785		0.0125489
3.786		0.0125424
3.787		0.0125359
3.788		0.0125294
3.789		0.0125229
3.79		0.0125163
3.791		0.0125099
3.792		0.0125034
3.793		0.0124969
3.794		0.0124904
3.795		0.0124839
3.796		0.0124774
3.797		0.012471
3.798		0.0124645
3.799		0.0124581
3.8		0.0124516
3.801		0.0124452
3.802		0.0124387
3.803		0.0124323
3.804		0.0124259
3.805		0.0124194
3.806		0.012413
3.807		0.0124066
3.808		0.0124002
3.809		0.0123938
3.81		0.0123874
3.811		0.012381
3.812		0.0123746
3.813		0.0123682
3.814		0.0123618
3.815		0.0123554
3.816		0.0123491
3.817		0.0123427
3.818		0.0123363
3.819		0.01233
3.82		0.0123236
3.821		0.0123173
3.822		0.0123109
3.823		0.0123046
3.824		0.0122983
3.825		0.0122919
3.826		0.0122856
3.827		0.0122793
3.828		0.012273
3.829		0.0122667
3.83		0.0122604
3.831		0.0122541
3.832		0.0122478
3.833		0.0122415
3.834		0.0122352
3.835		0.0122289
3.836		0.0122226
3.837		0.0122164
3.838		0.0122101
3.839		0.0122038
3.84		0.0121976
3.841		0.0121913
3.842		0.0121851
3.843		0.0121789
3.844		0.0121726
3.845		0.0121664
3.846		0.0121602
3.847		0.0121539
3.848		0.0121477
3.849		0.0121415
3.85		0.0121353
3.851		0.0121291
3.852		0.0121229
3.853		0.0121167
3.854		0.0121105
3.855		0.0121043
3.856		0.0120981
3.857		0.012092
3.858		0.0120858
3.859		0.0120796
3.86		0.0120735
3.861		0.0120673
3.862		0.0120612
3.863		0.012055
3.864		0.0120489
3.865		0.0120427
3.866		0.0120366
3.867		0.0120305
3.868		0.0120244
3.869		0.0120182
3.87		0.0120121
3.871		0.012006
3.872		0.0119999
3.873		0.0119938
3.874		0.0119877
3.875		0.0119816
3.876		0.0119755
3.877		0.0119694
3.878		0.0119634
3.879		0.0119573
3.88		0.0119512
3.881		0.0119452
3.882		0.0119391
3.883		0.011933
3.884		0.011927
3.885		0.011921
3.886		0.0119149
3.887		0.0119089
3.888		0.0119028
3.889		0.0118968
3.89		0.0118908
3.891		0.0118848
3.892		0.0118788
3.893		0.0118728
3.894		0.0118668
3.895		0.0118608
3.896		0.0118548
3.897		0.0118488
3.898		0.0118428
3.899		0.0118368
3.9		0.0118308
3.901		0.0118248
3.902		0.0118189
3.903		0.0118129
3.904		0.011807
3.905		0.011801
3.906		0.011795
3.907		0.0117891
3.908		0.0117832
3.909		0.0117772
3.91		0.0117713
3.911		0.0117654
3.912		0.0117594
3.913		0.0117535
3.914		0.0117476
3.915		0.0117417
3.916		0.0117358
3.917		0.0117299
3.918		0.011724
3.919		0.0117181
3.92		0.0117122
3.921		0.0117063
3.922		0.0117004
3.923		0.0116946
3.924		0.0116887
3.925		0.0116828
3.926		0.011677
3.927		0.0116711
3.928		0.0116653
3.929		0.0116594
3.93		0.0116536
3.931		0.0116477
3.932		0.0116419
3.933		0.0116361
3.934		0.0116302
3.935		0.0116244
3.936		0.0116186
3.937		0.0116128
3.938		0.011607
3.939		0.0116012
3.94		0.0115954
3.941		0.0115896
3.942		0.0115838
3.943		0.011578
3.944		0.0115722
3.945		0.0115664
3.946		0.0115607
3.947		0.0115549
3.948		0.0115491
3.949		0.0115434
3.95		0.0115376
3.951		0.0115318
3.952		0.0115261
3.953		0.0115204
3.954		0.0115146
3.955		0.0115089
3.956		0.0115031
3.957		0.0114974
3.958		0.0114917
3.959		0.011486
3.96		0.0114803
3.961		0.0114746
3.962		0.0114688
3.963		0.0114631
3.964		0.0114574
3.965		0.0114517
3.966		0.0114461
3.967		0.0114404
3.968		0.0114347
3.969		0.011429
3.97		0.0114233
3.971		0.0114177
3.972		0.011412
3.973		0.0114064
3.974		0.0114007
3.975		0.011395
3.976		0.0113894
3.977		0.0113838
3.978		0.0113781
3.979		0.0113725
3.98		0.0113668
3.981		0.0113612
3.982		0.0113556
3.983		0.01135
3.984		0.0113444
3.985		0.0113388
3.986		0.0113331
3.987		0.0113275
3.988		0.011322
3.989		0.0113164
3.99		0.0113108
3.991		0.0113052
3.992		0.0112996
3.993		0.011294
3.994		0.0112885
3.995		0.0112829
3.996		0.0112773
3.997		0.0112718
3.998		0.0112662
3.999		0.0112606
4		0.0112551
4.001		0.0112496
4.002		0.011244
4.003		0.0112385
4.004		0.0112329
4.005		0.0112274
4.006		0.0112219
4.007		0.0112164
4.008		0.0112109
4.009		0.0112053
4.01		0.0111998
4.011		0.0111943
4.012		0.0111888
4.013		0.0111833
4.014		0.0111778
4.015		0.0111724
4.016		0.0111669
4.017		0.0111614
4.018		0.0111559
4.019		0.0111504
4.02		0.011145
4.021		0.0111395
4.022		0.0111341
4.023		0.0111286
4.024		0.0111232
4.025		0.0111177
4.026		0.0111123
4.027		0.0111068
4.028		0.0111014
4.029		0.011096
4.03		0.0110905
4.031		0.0110851
4.032		0.0110797
4.033		0.0110743
4.034		0.0110689
4.035		0.0110634
4.036		0.011058
4.037		0.0110526
4.038		0.0110472
4.039		0.0110419
4.04		0.0110365
4.041		0.0110311
4.042		0.0110257
4.043		0.0110203
4.044		0.011015
4.045		0.0110096
4.046		0.0110042
4.047		0.0109989
4.048		0.0109935
4.049		0.0109881
4.05		0.0109828
4.051		0.0109775
4.052		0.0109721
4.053		0.0109668
4.054		0.0109614
4.055		0.0109561
4.056		0.0109508
4.057		0.0109455
4.058		0.0109401
4.059		0.0109348
4.06		0.0109295
4.061		0.0109242
4.062		0.0109189
4.063		0.0109136
4.064		0.0109083
4.065		0.010903
4.066		0.0108977
4.067		0.0108925
4.068		0.0108872
4.069		0.0108819
4.07		0.0108766
4.071		0.0108714
4.072		0.0108661
4.073		0.0108608
4.074		0.0108556
4.075		0.0108503
4.076		0.0108451
4.077		0.0108398
4.078		0.0108346
4.079		0.0108293
4.08		0.0108241
4.081		0.0108189
4.082		0.0108137
4.083		0.0108084
4.084		0.0108032
4.085		0.010798
4.086		0.0107928
4.087		0.0107876
4.088		0.0107824
4.089		0.0107772
4.09		0.010772
4.091		0.0107668
4.092		0.0107616
4.093		0.0107564
4.094		0.0107512
4.095		0.010746
4.096		0.0107409
4.097		0.0107357
4.098		0.0107305
4.099		0.0107254
4.1		0.0107202
4.101		0.0107151
4.102		0.0107099
4.103		0.0107048
4.104		0.0106996
4.105		0.0106945
4.106		0.0106893
4.107		0.0106842
4.108		0.0106791
4.109		0.0106739
4.11		0.0106688
4.111		0.0106637
4.112		0.0106586
4.113		0.0106535
4.114		0.0106484
4.115		0.0106433
4.116		0.0106382
4.117		0.0106331
4.118		0.010628
4.119		0.0106229
4.12		0.0106178
4.121		0.0106127
4.122		0.0106076
4.123		0.0106026
4.124		0.0105975
4.125		0.0105924
4.126		0.0105874
4.127		0.0105823
4.128		0.0105772
4.129		0.0105722
4.13		0.0105671
4.131		0.0105621
4.132		0.010557
4.133		0.010552
4.134		0.010547
4.135		0.0105419
4.136		0.0105369
4.137		0.0105319
4.138		0.0105269
4.139		0.0105218
4.14		0.0105168
4.141		0.0105118
4.142		0.0105068
4.143		0.0105018
4.144		0.0104968
4.145		0.0104918
4.146		0.0104868
4.147		0.0104818
4.148		0.0104769
4.149		0.0104719
4.15		0.0104669
4.151		0.0104619
4.152		0.0104569
4.153		0.010452
4.154		0.010447
4.155		0.0104421
4.156		0.0104371
4.157		0.0104321
4.158		0.0104272
4.159		0.0104222
4.16		0.0104173
4.161		0.0104124
4.162		0.0104074
4.163		0.0104025
4.164		0.0103976
4.165		0.0103926
4.166		0.0103877
4.167		0.0103828
4.168		0.0103779
4.169		0.010373
4.17		0.0103681
4.171		0.0103632
4.172		0.0103583
4.173		0.0103534
4.174		0.0103485
4.175		0.0103436
4.176		0.0103387
4.177		0.0103338
4.178		0.0103289
4.179		0.010324
4.18		0.0103192
4.181		0.0103143
4.182		0.0103094
4.183		0.0103046
4.184		0.0102997
4.185		0.0102948
4.186		0.01029
4.187		0.0102851
4.188		0.0102803
4.189		0.0102755
4.19		0.0102706
4.191		0.0102658
4.192		0.0102609
4.193		0.0102561
4.194		0.0102513
4.195		0.0102465
4.196		0.0102416
4.197		0.0102368
4.198		0.010232
4.199		0.0102272
4.2		0.0102224
4.201		0.0102176
4.202		0.0102128
4.203		0.010208
4.204		0.0102032
4.205		0.0101984
4.206		0.0101936
4.207		0.0101889
4.208		0.0101841
4.209		0.0101793
4.21		0.0101745
4.211		0.0101698
4.212		0.010165
4.213		0.0101602
4.214		0.0101555
4.215		0.0101507
4.216		0.010146
4.217		0.0101412
4.218		0.0101365
4.219		0.0101317
4.22		0.010127
4.221		0.0101223
4.222		0.0101175
4.223		0.0101128
4.224		0.0101081
4.225		0.0101033
4.226		0.0100986
4.227		0.0100939
4.228		0.0100892
4.229		0.0100845
4.23		0.0100798
4.231		0.0100751
4.232		0.0100704
4.233		0.0100657
4.234		0.010061
4.235		0.0100563
4.236		0.0100516
4.237		0.0100469
4.238		0.0100423
4.239		0.0100376
4.24		0.0100329
4.241		0.0100282
4.242		0.0100236
4.243		0.0100189
4.244		0.0100142
4.245		0.0100096
4.246		0.0100049
4.247		0.0100003
4.248		0.00999563
4.249		0.00999099
4.25		0.00998635
4.251		0.00998171
4.252		0.00997707
4.253		0.00997244
4.254		0.00996781
4.255		0.00996319
4.256		0.00995857
4.257		0.00995395
4.258		0.00994933
4.259		0.00994472
4.26		0.00994011
4.261		0.00993551
4.262		0.0099309
4.263		0.0099263
4.264		0.00992171
4.265		0.00991712
4.266		0.00991253
4.267		0.00990794
4.268		0.00990336
4.269		0.00989877
4.27		0.0098942
4.271		0.00988962
4.272		0.00988505
4.273		0.00988049
4.274		0.00987592
4.275		0.00987136
4.276		0.0098668
4.277		0.00986225
4.278		0.00985769
4.279		0.00985314
4.28		0.0098486
4.281		0.00984406
4.282		0.00983952
4.283		0.00983498
4.284		0.00983045
4.285		0.00982592
4.286		0.00982139
4.287		0.00981687
4.288		0.00981235
4.289		0.00980783
4.29		0.00980331
4.291		0.0097988
4.292		0.00979429
4.293		0.00978979
4.294		0.00978529
4.295		0.00978079
4.296		0.00977629
4.297		0.0097718
4.298		0.00976731
4.299		0.00976282
4.3		0.00975834
4.301		0.00975386
4.302		0.00974938
4.303		0.00974491
4.304		0.00974043
4.305		0.00973597
4.306		0.0097315
4.307		0.00972704
4.308		0.00972258
4.309		0.00971812
4.31		0.00971367
4.311		0.00970922
4.312		0.00970477
4.313		0.00970033
4.314		0.00969589
4.315		0.00969145
4.316		0.00968702
4.317		0.00968258
4.318		0.00967816
4.319		0.00967373
4.32		0.00966931
4.321		0.00966489
4.322		0.00966047
4.323		0.00965606
4.324		0.00965165
4.325		0.00964724
4.326		0.00964283
4.327		0.00963843
4.328		0.00963403
4.329		0.00962964
4.33		0.00962525
4.331		0.00962086
4.332		0.00961647
4.333		0.00961209
4.334		0.0096077
4.335		0.00960333
4.336		0.00959895
4.337		0.00959458
4.338		0.00959021
4.339		0.00958585
4.34		0.00958148
4.341		0.00957712
4.342		0.00957277
4.343		0.00956841
4.344		0.00956406
4.345		0.00955971
4.346		0.00955537
4.347		0.00955103
4.348		0.00954669
4.349		0.00954235
4.35		0.00953802
4.351		0.00953369
4.352		0.00952936
4.353		0.00952504
4.354		0.00952071
4.355		0.0095164
4.356		0.00951208
4.357		0.00950777
4.358		0.00950346
4.359		0.00949915
4.36		0.00949485
4.361		0.00949055
4.362		0.00948625
4.363		0.00948195
4.364		0.00947766
4.365		0.00947337
4.366		0.00946908
4.367		0.0094648
4.368		0.00946052
4.369		0.00945624
4.37		0.00945197
4.371		0.00944769
4.372		0.00944342
4.373		0.00943916
4.374		0.00943489
4.375		0.00943063
4.376		0.00942638
4.377		0.00942212
4.378		0.00941787
4.379		0.00941362
4.38		0.00940937
4.381		0.00940513
4.382		0.00940089
4.383		0.00939665
4.384		0.00939242
4.385		0.00938819
4.386		0.00938396
4.387		0.00937973
4.388		0.00937551
4.389		0.00937129
4.39		0.00936707
4.391		0.00936285
4.392		0.00935864
4.393		0.00935443
4.394		0.00935023
4.395		0.00934602
4.396		0.00934182
4.397		0.00933762
4.398		0.00933343
4.399		0.00932924
4.4		0.00932505
4.401		0.00932086
4.402		0.00931668
4.403		0.00931249
4.404		0.00930832
4.405		0.00930414
4.406		0.00929997
4.407		0.0092958
4.408		0.00929163
4.409		0.00928747
4.41		0.0092833
4.411		0.00927915
4.412		0.00927499
4.413		0.00927084
4.414		0.00926669
4.415		0.00926254
4.416		0.00925839
4.417		0.00925425
4.418		0.00925011
4.419		0.00924598
4.42		0.00924184
4.421		0.00923771
4.422		0.00923358
4.423		0.00922946
4.424		0.00922533
4.425		0.00922121
4.426		0.0092171
4.427		0.00921298
4.428		0.00920887
4.429		0.00920476
4.43		0.00920066
4.431		0.00919655
4.432		0.00919245
4.433		0.00918835
4.434		0.00918426
4.435		0.00918016
4.436		0.00917607
4.437		0.00917199
4.438		0.0091679
4.439		0.00916382
4.44		0.00915974
4.441		0.00915567
4.442		0.00915159
4.443		0.00914752
4.444		0.00914345
4.445		0.00913939
4.446		0.00913532
4.447		0.00913126
4.448		0.00912721
4.449		0.00912315
4.45		0.0091191
4.451		0.00911505
4.452		0.009111
4.453		0.00910696
4.454		0.00910292
4.455		0.00909888
4.456		0.00909484
4.457		0.00909081
4.458		0.00908678
4.459		0.00908275
4.46		0.00907873
4.461		0.0090747
4.462		0.00907068
4.463		0.00906667
4.464		0.00906265
4.465		0.00905864
4.466		0.00905463
4.467		0.00905062
4.468		0.00904662
4.469		0.00904262
4.47		0.00903862
4.471		0.00903462
4.472		0.00903063
4.473		0.00902664
4.474		0.00902265
4.475		0.00901867
4.476		0.00901468
4.477		0.0090107
4.478		0.00900673
4.479		0.00900275
4.48		0.00899878
4.481		0.00899481
4.482		0.00899084
4.483		0.00898688
4.484		0.00898291
4.485		0.00897895
4.486		0.008975
4.487		0.00897104
4.488		0.00896709
4.489		0.00896314
4.49		0.0089592
4.491		0.00895525
4.492		0.00895131
4.493		0.00894737
4.494		0.00894344
4.495		0.0089395
4.496		0.00893557
4.497		0.00893165
4.498		0.00892772
4.499		0.0089238
4.5		0.00891988
4.501		0.00891596
4.502		0.00891204
4.503		0.00890813
4.504		0.00890422
4.505		0.00890031
4.506		0.00889641
4.507		0.0088925
4.508		0.0088886
4.509		0.00888471
4.51		0.00888081
4.511		0.00887692
4.512		0.00887303
4.513		0.00886914
4.514		0.00886526
4.515		0.00886138
4.516		0.0088575
4.517		0.00885362
4.518		0.00884974
4.519		0.00884587
4.52		0.008842
4.521		0.00883814
4.522		0.00883427
4.523		0.00883041
4.524		0.00882655
4.525		0.00882269
4.526		0.00881884
4.527		0.00881499
4.528		0.00881114
4.529		0.00880729
4.53		0.00880345
4.531		0.00879961
4.532		0.00879577
4.533		0.00879193
4.534		0.0087881
4.535		0.00878426
4.536		0.00878043
4.537		0.00877661
4.538		0.00877278
4.539		0.00876896
4.54		0.00876514
4.541		0.00876133
4.542		0.00875751
4.543		0.0087537
4.544		0.00874989
4.545		0.00874608
4.546		0.00874228
4.547		0.00873848
4.548		0.00873468
4.549		0.00873088
4.55		0.00872709
4.551		0.00872329
4.552		0.0087195
4.553		0.00871572
4.554		0.00871193
4.555		0.00870815
4.556		0.00870437
4.557		0.00870059
4.558		0.00869682
4.559		0.00869304
4.56		0.00868927
4.561		0.00868551
4.562		0.00868174
4.563		0.00867798
4.564		0.00867422
4.565		0.00867046
4.566		0.00866671
4.567		0.00866295
4.568		0.0086592
4.569		0.00865545
4.57		0.00865171
4.571		0.00864797
4.572		0.00864422
4.573		0.00864049
4.574		0.00863675
4.575		0.00863302
4.576		0.00862929
4.577		0.00862556
4.578		0.00862183
4.579		0.00861811
4.58		0.00861438
4.581		0.00861067
4.582		0.00860695
4.583		0.00860323
4.584		0.00859952
4.585		0.00859581
4.586		0.00859211
4.587		0.0085884
4.588		0.0085847
4.589		0.008581
4.59		0.0085773
4.591		0.00857361
4.592		0.00856991
4.593		0.00856622
4.594		0.00856253
4.595		0.00855885
4.596		0.00855516
4.597		0.00855148
4.598		0.00854781
4.599		0.00854413
4.6		0.00854045
4.601		0.00853678
4.602		0.00853311
4.603		0.00852945
4.604		0.00852578
4.605		0.00852212
4.606		0.00851846
4.607		0.0085148
4.608		0.00851115
4.609		0.0085075
4.61		0.00850385
4.611		0.0085002
4.612		0.00849655
4.613		0.00849291
4.614		0.00848927
4.615		0.00848563
4.616		0.00848199
4.617		0.00847836
4.618		0.00847473
4.619		0.0084711
4.62		0.00846747
4.621		0.00846384
4.622		0.00846022
4.623		0.0084566
4.624		0.00845298
4.625		0.00844937
4.626		0.00844576
4.627		0.00844214
4.628		0.00843854
4.629		0.00843493
4.63		0.00843133
4.631		0.00842772
4.632		0.00842412
4.633		0.00842053
4.634		0.00841693
4.635		0.00841334
4.636		0.00840975
4.637		0.00840616
4.638		0.00840258
4.639		0.00839899
4.64		0.00839541
4.641		0.00839183
4.642		0.00838826
4.643		0.00838468
4.644		0.00838111
4.645		0.00837754
4.646		0.00837397
4.647		0.00837041
4.648		0.00836685
4.649		0.00836328
4.65		0.00835973
4.651		0.00835617
4.652		0.00835262
4.653		0.00834906
4.654		0.00834552
4.655		0.00834197
4.656		0.00833842
4.657		0.00833488
4.658		0.00833134
4.659		0.0083278
4.66		0.00832427
4.661		0.00832073
4.662		0.0083172
4.663		0.00831367
4.664		0.00831015
4.665		0.00830662
4.666		0.0083031
4.667		0.00829958
4.668		0.00829606
4.669		0.00829255
4.67		0.00828903
4.671		0.00828552
4.672		0.00828201
4.673		0.0082785
4.674		0.008275
4.675		0.0082715
4.676		0.008268
4.677		0.0082645
4.678		0.008261
4.679		0.00825751
4.68		0.00825402
4.681		0.00825053
4.682		0.00824704
4.683		0.00824356
4.684		0.00824008
4.685		0.0082366
4.686		0.00823312
4.687		0.00822964
4.688		0.00822617
4.689		0.0082227
4.69		0.00821923
4.691		0.00821576
4.692		0.0082123
4.693		0.00820883
4.694		0.00820537
4.695		0.00820191
4.696		0.00819846
4.697		0.008195
4.698		0.00819155
4.699		0.0081881
4.7		0.00818465
4.701		0.00818121
4.702		0.00817777
4.703		0.00817432
4.704		0.00817089
4.705		0.00816745
4.706		0.00816401
4.707		0.00816058
4.708		0.00815715
4.709		0.00815372
4.71		0.0081503
4.711		0.00814687
4.712		0.00814345
4.713		0.00814003
4.714		0.00813662
4.715		0.0081332
4.716		0.00812979
4.717		0.00812638
4.718		0.00812297
4.719		0.00811956
4.72		0.00811616
4.721		0.00811275
4.722		0.00810935
4.723		0.00810596
4.724		0.00810256
4.725		0.00809917
4.726		0.00809577
4.727		0.00809238
4.728		0.008089
4.729		0.00808561
4.73		0.00808223
4.731		0.00807885
4.732		0.00807547
4.733		0.00807209
4.734		0.00806872
4.735		0.00806534
4.736		0.00806197
4.737		0.0080586
4.738		0.00805524
4.739		0.00805187
4.74		0.00804851
4.741		0.00804515
4.742		0.00804179
4.743		0.00803844
4.744		0.00803508
4.745		0.00803173
4.746		0.00802838
4.747		0.00802504
4.748		0.00802169
4.749		0.00801835
4.75		0.00801501
4.751		0.00801167
4.752		0.00800833
4.753		0.00800499
4.754		0.00800166
4.755		0.00799833
4.756		0.007995
4.757		0.00799167
4.758		0.00798835
4.759		0.00798503
4.76		0.00798171
4.761		0.00797839
4.762		0.00797507
4.763		0.00797176
4.764		0.00796845
4.765		0.00796514
4.766		0.00796183
4.767		0.00795852
4.768		0.00795522
4.769		0.00795191
4.77		0.00794861
4.771		0.00794532
4.772		0.00794202
4.773		0.00793873
4.774		0.00793544
4.775		0.00793215
4.776		0.00792886
4.777		0.00792557
4.778		0.00792229
4.779		0.00791901
4.78		0.00791573
4.781		0.00791245
4.782		0.00790917
4.783		0.0079059
4.784		0.00790263
4.785		0.00789936
4.786		0.00789609
4.787		0.00789283
4.788		0.00788956
4.789		0.0078863
4.79		0.00788304
4.791		0.00787979
4.792		0.00787653
4.793		0.00787328
4.794		0.00787003
4.795		0.00786678
4.796		0.00786353
4.797		0.00786028
4.798		0.00785704
4.799		0.0078538
4.8		0.00785056
4.801		0.00784732
4.802		0.00784409
4.803		0.00784085
4.804		0.00783762
4.805		0.00783439
4.806		0.00783117
4.807		0.00782794
4.808		0.00782472
4.809		0.0078215
4.81		0.00781828
4.811		0.00781506
4.812		0.00781184
4.813		0.00780863
4.814		0.00780542
4.815		0.00780221
4.816		0.007799
4.817		0.0077958
4.818		0.00779259
4.819		0.00778939
4.82		0.00778619
4.821		0.00778299
4.822		0.0077798
4.823		0.0077766
4.824		0.00777341
4.825		0.00777022
4.826		0.00776703
4.827		0.00776385
4.828		0.00776066
4.829		0.00775748
4.83		0.0077543
4.831		0.00775112
4.832		0.00774795
4.833		0.00774477
4.834		0.0077416
4.835		0.00773843
4.836		0.00773526
4.837		0.0077321
4.838		0.00772893
4.839		0.00772577
4.84		0.00772261
4.841		0.00771945
4.842		0.00771629
4.843		0.00771314
4.844		0.00770998
4.845		0.00770683
4.846		0.00770368
4.847		0.00770054
4.848		0.00769739
4.849		0.00769425
4.85		0.00769111
4.851		0.00768797
4.852		0.00768483
4.853		0.00768169
4.854		0.00767856
4.855		0.00767543
4.856		0.0076723
4.857		0.00766917
4.858		0.00766604
4.859		0.00766292
4.86		0.0076598
4.861		0.00765668
4.862		0.00765356
4.863		0.00765044
4.864		0.00764733
4.865		0.00764421
4.866		0.0076411
4.867		0.00763799
4.868		0.00763489
4.869		0.00763178
4.87		0.00762868
4.871		0.00762558
4.872		0.00762248
4.873		0.00761938
4.874		0.00761628
4.875		0.00761319
4.876		0.0076101
4.877		0.00760701
4.878		0.00760392
4.879		0.00760083
4.88		0.00759775
4.881		0.00759466
4.882		0.00759158
4.883		0.0075885
4.884		0.00758543
4.885		0.00758235
4.886		0.00757928
4.887		0.00757621
4.888		0.00757314
4.889		0.00757007
4.89		0.007567
4.891		0.00756394
4.892		0.00756088
4.893		0.00755782
4.894		0.00755476
4.895		0.0075517
4.896		0.00754865
4.897		0.00754559
4.898		0.00754254
4.899		0.00753949
4.9		0.00753645
4.901		0.0075334
4.902		0.00753036
4.903		0.00752732
4.904		0.00752427
4.905		0.00752124
4.906		0.0075182
4.907		0.00751517
4.908		0.00751213
4.909		0.0075091
4.91		0.00750607
4.911		0.00750305
4.912		0.00750002
4.913		0.007497
4.914		0.00749397
4.915		0.00749095
4.916		0.00748794
4.917		0.00748492
4.918		0.00748191
4.919		0.00747889
4.92		0.00747588
4.921		0.00747287
4.922		0.00746987
4.923		0.00746686
4.924		0.00746386
4.925		0.00746085
4.926		0.00745785
4.927		0.00745486
4.928		0.00745186
4.929		0.00744886
4.93		0.00744587
4.931		0.00744288
4.932		0.00743989
4.933		0.0074369
4.934		0.00743392
4.935		0.00743093
4.936		0.00742795
4.937		0.00742497
4.938		0.00742199
4.939		0.00741902
4.94		0.00741604
4.941		0.00741307
4.942		0.0074101
4.943		0.00740713
4.944		0.00740416
4.945		0.00740119
4.946		0.00739823
4.947		0.00739527
4.948		0.00739231
4.949		0.00738935
4.95		0.00738639
4.951		0.00738343
4.952		0.00738048
4.953		0.00737753
4.954		0.00737458
4.955		0.00737163
4.956		0.00736868
4.957		0.00736574
4.958		0.0073628
4.959		0.00735986
4.96		0.00735692
4.961		0.00735398
4.962		0.00735104
4.963		0.00734811
4.964		0.00734517
4.965		0.00734224
4.966		0.00733931
4.967		0.00733639
4.968		0.00733346
4.969		0.00733054
4.97		0.00732762
4.971		0.0073247
4.972		0.00732178
4.973		0.00731886
4.974		0.00731595
4.975		0.00731303
4.976		0.00731012
4.977		0.00730721
4.978		0.0073043
4.979		0.0073014
4.98		0.00729849
4.981		0.00729559
4.982		0.00729269
4.983		0.00728979
4.984		0.00728689
4.985		0.00728399
4.986		0.0072811
4.987		0.00727821
4.988		0.00727532
4.989		0.00727243
4.99		0.00726954
4.991		0.00726665
4.992		0.00726377
4.993		0.00726089
4.994		0.00725801
4.995		0.00725513
4.996		0.00725225
4.997		0.00724937
4.998		0.0072465
4.999		0.00724363
