0.005		0.087187
0.006		0.121151
0.007		0.147278
0.008		0.165158
0.009		0.176333
0.01		0.182809
0.011		0.186331
0.012		0.188154
0.013		0.189089
0.014		0.189611
0.015		0.189978
0.016		0.190315
0.017		0.190674
0.018		0.191069
0.019		0.191497
0.02		0.19195
0.021		0.192418
0.022		0.192894
0.023		0.193372
0.024		0.19385
0.025		0.194325
0.026		0.194796
0.027		0.195263
0.028		0.195728
0.029		0.19619
0.03		0.19665
0.031		0.197111
0.032		0.197574
0.033		0.198039
0.034		0.198508
0.035		0.198983
0.036		0.199465
0.037		0.199956
0.038		0.200457
0.039		0.200969
0.04		0.201495
0.041		0.202035
0.042		0.202591
0.043		0.203164
0.044		0.203755
0.045		0.204364
0.046		0.204994
0.047		0.205645
0.048		0.206317
0.049		0.207011
0.05		0.207727
0.051		0.208465
0.052		0.209227
0.053		0.210011
0.054		0.210818
0.055		0.211648
0.056		0.2125
0.057		0.213374
0.058		0.21427
0.059		0.215187
0.06		0.216125
0.061		0.217084
0.062		0.218062
0.063		0.219058
0.064		0.220074
0.065		0.221106
0.066		0.222155
0.067		0.223221
0.068		0.224301
0.069		0.225396
0.07		0.226504
0.071		0.227625
0.072		0.228758
0.073		0.229902
0.074		0.231057
0.075		0.232221
0.076		0.233394
0.077		0.234574
0.078		0.235763
0.079		0.236957
0.08		0.238158
0.081		0.239363
0.082		0.240573
0.083		0.241787
0.084		0.243004
0.085		0.244224
0.086		0.245445
0.087		0.246668
0.088		0.247892
0.089		0.249117
0.09		0.250341
0.091		0.251565
0.092		0.252787
0.093		0.254009
0.094		0.255228
0.095		0.256445
0.096		0.25766
0.097		0.258871
0.098		0.26008
0.099		0.261284
0.1		0.262485
0.101		0.263682
0.102		0.264875
0.103		0.266063
0.104		0.267246
0.105		0.268424
0.106		0.269596
0.107		0.270764
0.108		0.271926
0.109		0.273082
0.11		0.274232
0.111		0.275376
0.112		0.276515
0.113		0.277647
0.114		0.278772
0.115		0.279892
0.116		0.281005
0.117		0.282111
0.118		0.283211
0.119		0.284304
0.12		0.28539
0.121		0.28647
0.122		0.287543
0.123		0.288609
0.124		0.289668
0.125		0.290721
0.126		0.291766
0.127		0.292805
0.128		0.293836
0.129		0.294861
0.13		0.295879
0.131		0.29689
0.132		0.297894
0.133		0.298892
0.134		0.299882
0.135		0.300866
0.136		0.301842
0.137		0.302812
0.138		0.303775
0.139		0.304731
0.14		0.305681
0.141		0.306624
0.142		0.307559
0.143		0.308489
0.144		0.309411
0.145		0.310327
0.146		0.311236
0.147		0.312139
0.148		0.313035
0.149		0.313924
0.15		0.314807
0.151		0.315684
0.152		0.316553
0.153		0.317417
0.154		0.318274
0.155		0.319124
0.156		0.319968
0.157		0.320806
0.158		0.321638
0.159		0.322463
0.16		0.323282
0.161		0.324094
0.162		0.3249
0.163		0.3257
0.164		0.326494
0.165		0.327282
0.166		0.328064
0.167		0.328839
0.168		0.329608
0.169		0.330372
0.17		0.331129
0.171		0.33188
0.172		0.332625
0.173		0.333364
0.174		0.334098
0.175		0.334825
0.176		0.335546
0.177		0.336262
0.178		0.336971
0.179		0.337675
0.18		0.338372
0.181		0.339064
0.182		0.339751
0.183		0.340431
0.184		0.341105
0.185		0.341774
0.186		0.342437
0.187		0.343095
0.188		0.343746
0.189		0.344392
0.19		0.345033
0.191		0.345667
0.192		0.346296
0.193		0.34692
0.194		0.347537
0.195		0.34815
0.196		0.348756
0.197		0.349357
0.198		0.349953
0.199		0.350543
0.2		0.351127
0.201		0.351707
0.202		0.35228
0.203		0.352848
0.204		0.353411
0.205		0.353968
0.206		0.35452
0.207		0.355067
0.208		0.355608
0.209		0.356144
0.21		0.356675
0.211		0.3572
0.212		0.35772
0.213		0.358235
0.214		0.358744
0.215		0.359248
0.216		0.359747
0.217		0.360241
0.218		0.36073
0.219		0.361213
0.22		0.361691
0.221		0.362165
0.222		0.362633
0.223		0.363096
0.224		0.363554
0.225		0.364006
0.226		0.364454
0.227		0.364897
0.228		0.365335
0.229		0.365768
0.23		0.366196
0.231		0.366619
0.232		0.367037
0.233		0.36745
0.234		0.367858
0.235		0.368262
0.236		0.36866
0.237		0.369054
0.238		0.369443
0.239		0.369827
0.24		0.370207
0.241		0.370581
0.242		0.370951
0.243		0.371317
0.244		0.371677
0.245		0.372033
0.246		0.372384
0.247		0.372731
0.248		0.373073
0.249		0.373411
0.25		0.373744
0.251		0.374072
0.252		0.374396
0.253		0.374716
0.254		0.375031
0.255		0.375341
0.256		0.375648
0.257		0.375949
0.258		0.376247
0.259		0.37654
0.26		0.376828
0.261		0.377113
0.262		0.377393
0.263		0.377669
0.264		0.37794
0.265		0.378208
0.266		0.378471
0.267		0.37873
0.268		0.378985
0.269		0.379235
0.27		0.379482
0.271		0.379724
0.272		0.379963
0.273		0.380197
0.274		0.380427
0.275		0.380654
0.276		0.380876
0.277		0.381094
0.278		0.381309
0.279		0.381519
0.28		0.381726
0.281		0.381929
0.282		0.382128
0.283		0.382323
0.284		0.382514
0.285		0.382701
0.286		0.382885
0.287		0.383065
0.288		0.383241
0.289		0.383414
0.29		0.383583
0.291		0.383748
0.292		0.38391
0.293		0.384068
0.294		0.384222
0.295		0.384373
0.296		0.38452
0.297		0.384664
0.298		0.384804
0.299		0.384941
0.3		0.385074
0.301		0.385204
0.302		0.385331
0.303		0.385454
0.304		0.385573
0.305		0.38569
0.306		0.385803
0.307		0.385912
0.308		0.386019
0.309		0.386122
0.31		0.386221
0.311		0.386318
0.312		0.386411
0.313		0.386502
0.314		0.386589
0.315		0.386673
0.316		0.386753
0.317		0.386831
0.318		0.386905
0.319		0.386977
0.32		0.387045
0.321		0.387111
0.322		0.387173
0.323		0.387232
0.324		0.387289
0.325		0.387342
0.326		0.387393
0.327		0.38744
0.328		0.387485
0.329		0.387527
0.33		0.387566
0.331		0.387602
0.332		0.387635
0.333		0.387666
0.334		0.387693
0.335		0.387718
0.336		0.38774
0.337		0.38776
0.338		0.387776
0.339		0.38779
0.34		0.387802
0.341		0.38781
0.342		0.387816
0.343		0.38782
0.344		0.387821
0.345		0.387819
0.346		0.387814
0.347		0.387808
0.348		0.387798
0.349		0.387786
0.35		0.387772
0.351		0.387755
0.352		0.387735
0.353		0.387713
0.354		0.387689
0.355		0.387662
0.356		0.387633
0.357		0.387601
0.358		0.387567
0.359		0.387531
0.36		0.387492
0.361		0.387451
0.362		0.387408
0.363		0.387362
0.364		0.387315
0.365		0.387264
0.366		0.387212
0.367		0.387157
0.368		0.387101
0.369		0.387041
0.37		0.38698
0.371		0.386917
0.372		0.386851
0.373		0.386783
0.374		0.386714
0.375		0.386642
0.376		0.386568
0.377		0.386491
0.378		0.386413
0.379		0.386333
0.38		0.38625
0.381		0.386166
0.382		0.38608
0.383		0.385991
0.384		0.385901
0.385		0.385808
0.386		0.385714
0.387		0.385618
0.388		0.38552
0.389		0.385419
0.39		0.385317
0.391		0.385213
0.392		0.385108
0.393		0.385
0.394		0.38489
0.395		0.384779
0.396		0.384666
0.397		0.384551
0.398		0.384434
0.399		0.384315
0.4		0.384195
0.401		0.384072
0.402		0.383948
0.403		0.383823
0.404		0.383695
0.405		0.383566
0.406		0.383435
0.407		0.383302
0.408		0.383168
0.409		0.383032
0.41		0.382894
0.411		0.382755
0.412		0.382614
0.413		0.382472
0.414		0.382327
0.415		0.382182
0.416		0.382034
0.417		0.381885
0.418		0.381735
0.419		0.381582
0.42		0.381429
0.421		0.381274
0.422		0.381117
0.423		0.380959
0.424		0.380799
0.425		0.380637
0.426		0.380475
0.427		0.38031
0.428		0.380145
0.429		0.379978
0.43		0.379809
0.431		0.379639
0.432		0.379467
0.433		0.379294
0.434		0.37912
0.435		0.378944
0.436		0.378767
0.437		0.378589
0.438		0.378409
0.439		0.378228
0.44		0.378045
0.441		0.377861
0.442		0.377676
0.443		0.377489
0.444		0.377302
0.445		0.377112
0.446		0.376922
0.447		0.37673
0.448		0.376537
0.449		0.376343
0.45		0.376147
0.451		0.375951
0.452		0.375753
0.453		0.375553
0.454		0.375353
0.455		0.375151
0.456		0.374948
0.457		0.374744
0.458		0.374539
0.459		0.374332
0.46		0.374125
0.461		0.373916
0.462		0.373706
0.463		0.373495
0.464		0.373283
0.465		0.373069
0.466		0.372855
0.467		0.372639
0.468		0.372423
0.469		0.372205
0.47		0.371986
0.471		0.371766
0.472		0.371545
0.473		0.371323
0.474		0.3711
0.475		0.370876
0.476		0.370651
0.477		0.370425
0.478		0.370197
0.479		0.369969
0.48		0.36974
0.481		0.36951
0.482		0.369278
0.483		0.369046
0.484		0.368813
0.485		0.368579
0.486		0.368343
0.487		0.368107
0.488		0.36787
0.489		0.367632
0.49		0.367393
0.491		0.367154
0.492		0.366913
0.493		0.366671
0.494		0.366428
0.495		0.366185
0.496		0.365941
0.497		0.365695
0.498		0.365449
0.499		0.365202
0.5		0.364954
0.501		0.364706
0.502		0.364456
0.503		0.364206
0.504		0.363954
0.505		0.363702
0.506		0.363449
0.507		0.363196
0.508		0.362941
0.509		0.362686
0.51		0.36243
0.511		0.362173
0.512		0.361915
0.513		0.361657
0.514		0.361398
0.515		0.361138
0.516		0.360877
0.517		0.360615
0.518		0.360353
0.519		0.36009
0.52		0.359826
0.521		0.359562
0.522		0.359297
0.523		0.359031
0.524		0.358764
0.525		0.358497
0.526		0.358229
0.527		0.35796
0.528		0.357691
0.529		0.357421
0.53		0.35715
0.531		0.356879
0.532		0.356607
0.533		0.356334
0.534		0.356061
0.535		0.355787
0.536		0.355512
0.537		0.355237
0.538		0.354961
0.539		0.354685
0.54		0.354408
0.541		0.35413
0.542		0.353852
0.543		0.353573
0.544		0.353293
0.545		0.353013
0.546		0.352733
0.547		0.352451
0.548		0.352169
0.549		0.351887
0.55		0.351604
0.551		0.351321
0.552		0.351037
0.553		0.350752
0.554		0.350467
0.555		0.350181
0.556		0.349895
0.557		0.349609
0.558		0.349321
0.559		0.349034
0.56		0.348745
0.561		0.348457
0.562		0.348167
0.563		0.347878
0.564		0.347588
0.565		0.347297
0.566		0.347006
0.567		0.346714
0.568		0.346422
0.569		0.34613
0.57		0.345837
0.571		0.345543
0.572		0.345249
0.573		0.344955
0.574		0.34466
0.575		0.344365
0.576		0.344069
0.577		0.343773
0.578		0.343477
0.579		0.34318
0.58		0.342882
0.581		0.342585
0.582		0.342287
0.583		0.341988
0.584		0.341689
0.585		0.34139
0.586		0.34109
0.587		0.34079
0.588		0.34049
0.589		0.340189
0.59		0.339888
0.591		0.339586
0.592		0.339285
0.593		0.338982
0.594		0.33868
0.595		0.338377
0.596		0.338074
0.597		0.33777
0.598		0.337466
0.599		0.337162
0.6		0.336857
0.601		0.336553
0.602		0.336247
0.603		0.335942
0.604		0.335636
0.605		0.33533
0.606		0.335024
0.607		0.334717
0.608		0.33441
0.609		0.334103
0.61		0.333795
0.611		0.333488
0.612		0.333179
0.613		0.332871
0.614		0.332563
0.615		0.332254
0.616		0.331945
0.617		0.331635
0.618		0.331326
0.619		0.331016
0.62		0.330706
0.621		0.330395
0.622		0.330085
0.623		0.329774
0.624		0.329463
0.625		0.329152
0.626		0.32884
0.627		0.328529
0.628		0.328217
0.629		0.327905
0.63		0.327592
0.631		0.32728
0.632		0.326967
0.633		0.326654
0.634		0.326341
0.635		0.326028
0.636		0.325714
0.637		0.325401
0.638		0.325087
0.639		0.324773
0.64		0.324459
0.641		0.324145
0.642		0.32383
0.643		0.323516
0.644		0.323201
0.645		0.322886
0.646		0.322571
0.647		0.322256
0.648		0.32194
0.649		0.321625
0.65		0.321309
0.651		0.320993
0.652		0.320677
0.653		0.320361
0.654		0.320045
0.655		0.319729
0.656		0.319413
0.657		0.319096
0.658		0.31878
0.659		0.318463
0.66		0.318146
0.661		0.317829
0.662		0.317512
0.663		0.317195
0.664		0.316878
0.665		0.316561
0.666		0.316243
0.667		0.315926
0.668		0.315609
0.669		0.315291
0.67		0.314973
0.671		0.314656
0.672		0.314338
0.673		0.31402
0.674		0.313702
0.675		0.313384
0.676		0.313066
0.677		0.312748
0.678		0.31243
0.679		0.312112
0.68		0.311793
0.681		0.311475
0.682		0.311157
0.683		0.310839
0.684		0.31052
0.685		0.310202
0.686		0.309883
0.687		0.309565
0.688		0.309246
0.689		0.308928
0.69		0.308609
0.691		0.308291
0.692		0.307972
0.693		0.307654
0.694		0.307335
0.695		0.307017
0.696		0.306698
0.697		0.30638
0.698		0.306061
0.699		0.305743
0.7		0.305424
0.701		0.305106
0.702		0.304787
0.703		0.304469
0.704		0.30415
0.705		0.303832
0.706		0.303513
0.707		0.303195
0.708		0.302876
0.709		0.302558
0.71		0.30224
0.711		0.301921
0.712		0.301603
0.713		0.301285
0.714		0.300967
0.715		0.300649
0.716		0.300331
0.717		0.300013
0.718		0.299695
0.719		0.299377
0.72		0.299059
0.721		0.298741
0.722		0.298423
0.723		0.298106
0.724		0.297788
0.725		0.29747
0.726		0.297153
0.727		0.296835
0.728		0.296518
0.729		0.296201
0.73		0.295884
0.731		0.295567
0.732		0.29525
0.733		0.294933
0.734		0.294616
0.735		0.294299
0.736		0.293982
0.737		0.293666
0.738		0.293349
0.739		0.293033
0.74		0.292716
0.741		0.2924
0.742		0.292084
0.743		0.291768
0.744		0.291452
0.745		0.291136
0.746		0.290821
0.747		0.290505
0.748		0.290189
0.749		0.289874
0.75		0.289559
0.751		0.289244
0.752		0.288929
0.753		0.288614
0.754		0.288299
0.755		0.287984
0.756		0.28767
0.757		0.287355
0.758		0.287041
0.759		0.286727
0.76		0.286413
0.761		0.286099
0.762		0.285785
0.763		0.285472
0.764		0.285158
0.765		0.284845
0.766		0.284532
0.767		0.284219
0.768		0.283906
0.769		0.283593
0.77		0.283281
0.771		0.282968
0.772		0.282656
0.773		0.282344
0.774		0.282032
0.775		0.28172
0.776		0.281408
0.777		0.281097
0.778		0.280786
0.779		0.280474
0.78		0.280163
0.781		0.279853
0.782		0.279542
0.783		0.279231
0.784		0.278921
0.785		0.278611
0.786		0.278301
0.787		0.277991
0.788		0.277681
0.789		0.277372
0.79		0.277063
0.791		0.276753
0.792		0.276445
0.793		0.276136
0.794		0.275827
0.795		0.275519
0.796		0.275211
0.797		0.274903
0.798		0.274595
0.799		0.274287
0.8		0.27398
0.801		0.273673
0.802		0.273365
0.803		0.273059
0.804		0.272752
0.805		0.272446
0.806		0.272139
0.807		0.271833
0.808		0.271527
0.809		0.271222
0.81		0.270916
0.811		0.270611
0.812		0.270306
0.813		0.270001
0.814		0.269697
0.815		0.269392
0.816		0.269088
0.817		0.268784
0.818		0.26848
0.819		0.268177
0.82		0.267873
0.821		0.26757
0.822		0.267267
0.823		0.266964
0.824		0.266662
0.825		0.26636
0.826		0.266058
0.827		0.265756
0.828		0.265454
0.829		0.265153
0.83		0.264852
0.831		0.264551
0.832		0.26425
0.833		0.26395
0.834		0.263649
0.835		0.263349
0.836		0.26305
0.837		0.26275
0.838		0.262451
0.839		0.262152
0.84		0.261853
0.841		0.261554
0.842		0.261256
0.843		0.260958
0.844		0.26066
0.845		0.260362
0.846		0.260065
0.847		0.259768
0.848		0.259471
0.849		0.259174
0.85		0.258878
0.851		0.258582
0.852		0.258286
0.853		0.25799
0.854		0.257694
0.855		0.257399
0.856		0.257104
0.857		0.25681
0.858		0.256515
0.859		0.256221
0.86		0.255927
0.861		0.255633
0.862		0.25534
0.863		0.255047
0.864		0.254754
0.865		0.254461
0.866		0.254169
0.867		0.253876
0.868		0.253584
0.869		0.253293
0.87		0.253001
0.871		0.25271
0.872		0.252419
0.873		0.252129
0.874		0.251838
0.875		0.251548
0.876		0.251258
0.877		0.250969
0.878		0.25068
0.879		0.250391
0.88		0.250102
0.881		0.249813
0.882		0.249525
0.883		0.249237
0.884		0.248949
0.885		0.248662
0.886		0.248375
0.887		0.248088
0.888		0.247801
0.889		0.247515
0.89		0.247229
0.891		0.246943
0.892		0.246657
0.893		0.246372
0.894		0.246087
0.895		0.245802
0.896		0.245518
0.897		0.245234
0.898		0.24495
0.899		0.244666
0.9		0.244383
0.901		0.2441
0.902		0.243817
0.903		0.243535
0.904		0.243252
0.905		0.24297
0.906		0.242689
0.907		0.242407
0.908		0.242126
0.909		0.241845
0.91		0.241565
0.911		0.241284
0.912		0.241004
0.913		0.240725
0.914		0.240445
0.915		0.240166
0.916		0.239887
0.917		0.239609
0.918		0.23933
0.919		0.239052
0.92		0.238775
0.921		0.238497
0.922		0.23822
0.923		0.237943
0.924		0.237667
0.925		0.23739
0.926		0.237114
0.927		0.236839
0.928		0.236563
0.929		0.236288
0.93		0.236013
0.931		0.235739
0.932		0.235464
0.933		0.23519
0.934		0.234917
0.935		0.234643
0.936		0.23437
0.937		0.234097
0.938		0.233825
0.939		0.233552
0.94		0.233281
0.941		0.233009
0.942		0.232737
0.943		0.232466
0.944		0.232196
0.945		0.231925
0.946		0.231655
0.947		0.231385
0.948		0.231115
0.949		0.230846
0.95		0.230577
0.951		0.230308
0.952		0.23004
0.953		0.229772
0.954		0.229504
0.955		0.229236
0.956		0.228969
0.957		0.228702
0.958		0.228436
0.959		0.228169
0.96		0.227903
0.961		0.227637
0.962		0.227372
0.963		0.227107
0.964		0.226842
0.965		0.226577
0.966		0.226313
0.967		0.226049
0.968		0.225785
0.969		0.225522
0.97		0.225259
0.971		0.224996
0.972		0.224733
0.973		0.224471
0.974		0.224209
0.975		0.223948
0.976		0.223686
0.977		0.223425
0.978		0.223165
0.979		0.222904
0.98		0.222644
0.981		0.222384
0.982		0.222125
0.983		0.221866
0.984		0.221607
0.985		0.221348
0.986		0.22109
0.987		0.220832
0.988		0.220574
0.989		0.220317
0.99		0.22006
0.991		0.219803
0.992		0.219546
0.993		0.21929
0.994		0.219034
0.995		0.218779
0.996		0.218523
0.997		0.218268
0.998		0.218014
0.999		0.217759
1		0.217505
1.001		0.217251
1.002		0.216998
1.003		0.216745
1.004		0.216492
1.005		0.216239
1.006		0.215987
1.007		0.215735
1.008		0.215483
1.009		0.215232
1.01		0.214981
1.011		0.21473
1.012		0.214479
1.013		0.214229
1.014		0.213979
1.015		0.21373
1.016		0.21348
1.017		0.213231
1.018		0.212983
1.019		0.212734
1.02		0.212486
1.021		0.212239
1.022		0.211991
1.023		0.211744
1.024		0.211497
1.025		0.21125
1.026		0.211004
1.027		0.210758
1.028		0.210513
1.029		0.210267
1.03		0.210022
1.031		0.209777
1.032		0.209533
1.033		0.209289
1.034		0.209045
1.035		0.208801
1.036		0.208558
1.037		0.208315
1.038		0.208072
1.039		0.20783
1.04		0.207588
1.041		0.207346
1.042		0.207105
1.043		0.206864
1.044		0.206623
1.045		0.206382
1.046		0.206142
1.047		0.205902
1.048		0.205662
1.049		0.205423
1.05		0.205184
1.051		0.204945
1.052		0.204707
1.053		0.204468
1.054		0.204231
1.055		0.203993
1.056		0.203756
1.057		0.203519
1.058		0.203282
1.059		0.203046
1.06		0.20281
1.061		0.202574
1.062		0.202338
1.063		0.202103
1.064		0.201868
1.065		0.201634
1.066		0.2014
1.067		0.201166
1.068		0.200932
1.069		0.200699
1.07		0.200465
1.071		0.200233
1.072		0.2
1.073		0.199768
1.074		0.199536
1.075		0.199304
1.076		0.199073
1.077		0.198842
1.078		0.198611
1.079		0.198381
1.08		0.198151
1.081		0.197921
1.082		0.197691
1.083		0.197462
1.084		0.197233
1.085		0.197005
1.086		0.196776
1.087		0.196548
1.088		0.19632
1.089		0.196093
1.09		0.195866
1.091		0.195639
1.092		0.195412
1.093		0.195186
1.094		0.19496
1.095		0.194734
1.096		0.194509
1.097		0.194284
1.098		0.194059
1.099		0.193834
1.1		0.19361
1.101		0.193386
1.102		0.193163
1.103		0.192939
1.104		0.192716
1.105		0.192493
1.106		0.192271
1.107		0.192049
1.108		0.191827
1.109		0.191605
1.11		0.191384
1.111		0.191163
1.112		0.190942
1.113		0.190721
1.114		0.190501
1.115		0.190281
1.116		0.190062
1.117		0.189843
1.118		0.189624
1.119		0.189405
1.12		0.189186
1.121		0.188968
1.122		0.18875
1.123		0.188533
1.124		0.188316
1.125		0.188099
1.126		0.187882
1.127		0.187665
1.128		0.187449
1.129		0.187233
1.13		0.187018
1.131		0.186803
1.132		0.186588
1.133		0.186373
1.134		0.186158
1.135		0.185944
1.136		0.18573
1.137		0.185517
1.138		0.185304
1.139		0.185091
1.14		0.184878
1.141		0.184665
1.142		0.184453
1.143		0.184241
1.144		0.18403
1.145		0.183819
1.146		0.183608
1.147		0.183397
1.148		0.183186
1.149		0.182976
1.15		0.182766
1.151		0.182557
1.152		0.182347
1.153		0.182138
1.154		0.18193
1.155		0.181721
1.156		0.181513
1.157		0.181305
1.158		0.181097
1.159		0.18089
1.16		0.180683
1.161		0.180476
1.162		0.18027
1.163		0.180063
1.164		0.179857
1.165		0.179652
1.166		0.179446
1.167		0.179241
1.168		0.179036
1.169		0.178832
1.17		0.178627
1.171		0.178423
1.172		0.17822
1.173		0.178016
1.174		0.177813
1.175		0.17761
1.176		0.177407
1.177		0.177205
1.178		0.177003
1.179		0.176801
1.18		0.176599
1.181		0.176398
1.182		0.176197
1.183		0.175996
1.184		0.175796
1.185		0.175596
1.186		0.175396
1.187		0.175196
1.188		0.174997
1.189		0.174798
1.19		0.174599
1.191		0.1744
1.192		0.174202
1.193		0.174004
1.194		0.173806
1.195		0.173609
1.196		0.173411
1.197		0.173214
1.198		0.173018
1.199		0.172821
1.2		0.172625
1.201		0.172429
1.202		0.172234
1.203		0.172038
1.204		0.171843
1.205		0.171649
1.206		0.171454
1.207		0.17126
1.208		0.171066
1.209		0.170872
1.21		0.170678
1.211		0.170485
1.212		0.170292
1.213		0.1701
1.214		0.169907
1.215		0.169715
1.216		0.169523
1.217		0.169332
1.218		0.16914
1.219		0.168949
1.22		0.168758
1.221		0.168568
1.222		0.168377
1.223		0.168187
1.224		0.167997
1.225		0.167808
1.226		0.167619
1.227		0.16743
1.228		0.167241
1.229		0.167052
1.23		0.166864
1.231		0.166676
1.232		0.166489
1.233		0.166301
1.234		0.166114
1.235		0.165927
1.236		0.16574
1.237		0.165554
1.238		0.165368
1.239		0.165182
1.24		0.164996
1.241		0.164811
1.242		0.164626
1.243		0.164441
1.244		0.164256
1.245		0.164072
1.246		0.163888
1.247		0.163704
1.248		0.16352
1.249		0.163337
1.25		0.163154
1.251		0.162971
1.252		0.162788
1.253		0.162606
1.254		0.162424
1.255		0.162242
1.256		0.16206
1.257		0.161879
1.258		0.161698
1.259		0.161517
1.26		0.161336
1.261		0.161156
1.262		0.160976
1.263		0.160796
1.264		0.160616
1.265		0.160437
1.266		0.160258
1.267		0.160079
1.268		0.159901
1.269		0.159722
1.27		0.159544
1.271		0.159366
1.272		0.159189
1.273		0.159011
1.274		0.158834
1.275		0.158657
1.276		0.158481
1.277		0.158304
1.278		0.158128
1.279		0.157952
1.28		0.157777
1.281		0.157601
1.282		0.157426
1.283		0.157251
1.284		0.157077
1.285		0.156902
1.286		0.156728
1.287		0.156554
1.288		0.15638
1.289		0.156207
1.29		0.156034
1.291		0.155861
1.292		0.155688
1.293		0.155515
1.294		0.155343
1.295		0.155171
1.296		0.154999
1.297		0.154828
1.298		0.154656
1.299		0.154485
1.3		0.154315
1.301		0.154144
1.302		0.153974
1.303		0.153803
1.304		0.153634
1.305		0.153464
1.306		0.153295
1.307		0.153125
1.308		0.152956
1.309		0.152788
1.31		0.152619
1.311		0.152451
1.312		0.152283
1.313		0.152115
1.314		0.151948
1.315		0.15178
1.316		0.151613
1.317		0.151447
1.318		0.15128
1.319		0.151114
1.32		0.150947
1.321		0.150782
1.322		0.150616
1.323		0.15045
1.324		0.150285
1.325		0.15012
1.326		0.149956
1.327		0.149791
1.328		0.149627
1.329		0.149463
1.33		0.149299
1.331		0.149135
1.332		0.148972
1.333		0.148809
1.334		0.148646
1.335		0.148483
1.336		0.148321
1.337		0.148158
1.338		0.147996
1.339		0.147835
1.34		0.147673
1.341		0.147512
1.342		0.147351
1.343		0.14719
1.344		0.147029
1.345		0.146869
1.346		0.146708
1.347		0.146548
1.348		0.146389
1.349		0.146229
1.35		0.14607
1.351		0.145911
1.352		0.145752
1.353		0.145593
1.354		0.145435
1.355		0.145276
1.356		0.145118
1.357		0.144961
1.358		0.144803
1.359		0.144646
1.36		0.144489
1.361		0.144332
1.362		0.144175
1.363		0.144019
1.364		0.143862
1.365		0.143706
1.366		0.143551
1.367		0.143395
1.368		0.14324
1.369		0.143085
1.37		0.14293
1.371		0.142775
1.372		0.14262
1.373		0.142466
1.374		0.142312
1.375		0.142158
1.376		0.142004
1.377		0.141851
1.378		0.141698
1.379		0.141545
1.38		0.141392
1.381		0.141239
1.382		0.141087
1.383		0.140935
1.384		0.140783
1.385		0.140631
1.386		0.14048
1.387		0.140328
1.388		0.140177
1.389		0.140027
1.39		0.139876
1.391		0.139725
1.392		0.139575
1.393		0.139425
1.394		0.139275
1.395		0.139126
1.396		0.138976
1.397		0.138827
1.398		0.138678
1.399		0.138529
1.4		0.138381
1.401		0.138232
1.402		0.138084
1.403		0.137936
1.404		0.137788
1.405		0.137641
1.406		0.137493
1.407		0.137346
1.408		0.137199
1.409		0.137053
1.41		0.136906
1.411		0.13676
1.412		0.136614
1.413		0.136468
1.414		0.136322
1.415		0.136177
1.416		0.136031
1.417		0.135886
1.418		0.135741
1.419		0.135597
1.42		0.135452
1.421		0.135308
1.422		0.135164
1.423		0.13502
1.424		0.134876
1.425		0.134733
1.426		0.134589
1.427		0.134446
1.428		0.134303
1.429		0.134161
1.43		0.134018
1.431		0.133876
1.432		0.133734
1.433		0.133592
1.434		0.13345
1.435		0.133309
1.436		0.133167
1.437		0.133026
1.438		0.132885
1.439		0.132744
1.44		0.132604
1.441		0.132464
1.442		0.132323
1.443		0.132183
1.444		0.132044
1.445		0.131904
1.446		0.131765
1.447		0.131626
1.448		0.131487
1.449		0.131348
1.45		0.131209
1.451		0.131071
1.452		0.130933
1.453		0.130795
1.454		0.130657
1.455		0.130519
1.456		0.130382
1.457		0.130244
1.458		0.130107
1.459		0.129971
1.46		0.129834
1.461		0.129697
1.462		0.129561
1.463		0.129425
1.464		0.129289
1.465		0.129153
1.466		0.129018
1.467		0.128882
1.468		0.128747
1.469		0.128612
1.47		0.128477
1.471		0.128343
1.472		0.128208
1.473		0.128074
1.474		0.12794
1.475		0.127806
1.476		0.127673
1.477		0.127539
1.478		0.127406
1.479		0.127273
1.48		0.12714
1.481		0.127007
1.482		0.126874
1.483		0.126742
1.484		0.12661
1.485		0.126478
1.486		0.126346
1.487		0.126214
1.488		0.126083
1.489		0.125951
1.49		0.12582
1.491		0.125689
1.492		0.125559
1.493		0.125428
1.494		0.125298
1.495		0.125167
1.496		0.125037
1.497		0.124908
1.498		0.124778
1.499		0.124648
1.5		0.124519
1.501		0.12439
1.502		0.124261
1.503		0.124132
1.504		0.124004
1.505		0.123875
1.506		0.123747
1.507		0.123619
1.508		0.123491
1.509		0.123363
1.51		0.123236
1.511		0.123108
1.512		0.122981
1.513		0.122854
1.514		0.122727
1.515		0.122601
1.516		0.122474
1.517		0.122348
1.518		0.122222
1.519		0.122096
1.52		0.12197
1.521		0.121844
1.522		0.121719
1.523		0.121594
1.524		0.121468
1.525		0.121344
1.526		0.121219
1.527		0.121094
1.528		0.12097
1.529		0.120846
1.53		0.120721
1.531		0.120598
1.532		0.120474
1.533		0.12035
1.534		0.120227
1.535		0.120104
1.536		0.119981
1.537		0.119858
1.538		0.119735
1.539		0.119612
1.54		0.11949
1.541		0.119368
1.542		0.119246
1.543		0.119124
1.544		0.119002
1.545		0.118881
1.546		0.118759
1.547		0.118638
1.548		0.118517
1.549		0.118396
1.55		0.118275
1.551		0.118155
1.552		0.118034
1.553		0.117914
1.554		0.117794
1.555		0.117674
1.556		0.117554
1.557		0.117435
1.558		0.117316
1.559		0.117196
1.56		0.117077
1.561		0.116958
1.562		0.11684
1.563		0.116721
1.564		0.116603
1.565		0.116484
1.566		0.116366
1.567		0.116248
1.568		0.11613
1.569		0.116013
1.57		0.115895
1.571		0.115778
1.572		0.115661
1.573		0.115544
1.574		0.115427
1.575		0.11531
1.576		0.115194
1.577		0.115078
1.578		0.114961
1.579		0.114845
1.58		0.11473
1.581		0.114614
1.582		0.114498
1.583		0.114383
1.584		0.114268
1.585		0.114153
1.586		0.114038
1.587		0.113923
1.588		0.113808
1.589		0.113694
1.59		0.11358
1.591		0.113465
1.592		0.113351
1.593		0.113238
1.594		0.113124
1.595		0.11301
1.596		0.112897
1.597		0.112784
1.598		0.112671
1.599		0.112558
1.6		0.112445
1.601		0.112332
1.602		0.11222
1.603		0.112108
1.604		0.111996
1.605		0.111884
1.606		0.111772
1.607		0.11166
1.608		0.111548
1.609		0.111437
1.61		0.111326
1.611		0.111215
1.612		0.111104
1.613		0.110993
1.614		0.110882
1.615		0.110772
1.616		0.110662
1.617		0.110551
1.618		0.110441
1.619		0.110332
1.62		0.110222
1.621		0.110112
1.622		0.110003
1.623		0.109893
1.624		0.109784
1.625		0.109675
1.626		0.109566
1.627		0.109458
1.628		0.109349
1.629		0.109241
1.63		0.109132
1.631		0.109024
1.632		0.108916
1.633		0.108809
1.634		0.108701
1.635		0.108593
1.636		0.108486
1.637		0.108379
1.638		0.108272
1.639		0.108165
1.64		0.108058
1.641		0.107951
1.642		0.107845
1.643		0.107738
1.644		0.107632
1.645		0.107526
1.646		0.10742
1.647		0.107314
1.648		0.107208
1.649		0.107103
1.65		0.106998
1.651		0.106892
1.652		0.106787
1.653		0.106682
1.654		0.106577
1.655		0.106473
1.656		0.106368
1.657		0.106264
1.658		0.106159
1.659		0.106055
1.66		0.105951
1.661		0.105848
1.662		0.105744
1.663		0.10564
1.664		0.105537
1.665		0.105434
1.666		0.10533
1.667		0.105227
1.668		0.105124
1.669		0.105022
1.67		0.104919
1.671		0.104817
1.672		0.104714
1.673		0.104612
1.674		0.10451
1.675		0.104408
1.676		0.104306
1.677		0.104205
1.678		0.104103
1.679		0.104002
1.68		0.103901
1.681		0.1038
1.682		0.103699
1.683		0.103598
1.684		0.103497
1.685		0.103397
1.686		0.103296
1.687		0.103196
1.688		0.103096
1.689		0.102996
1.69		0.102896
1.691		0.102796
1.692		0.102696
1.693		0.102597
1.694		0.102497
1.695		0.102398
1.696		0.102299
1.697		0.1022
1.698		0.102101
1.699		0.102003
1.7		0.101904
1.701		0.101806
1.702		0.101707
1.703		0.101609
1.704		0.101511
1.705		0.101413
1.706		0.101315
1.707		0.101218
1.708		0.10112
1.709		0.101023
1.71		0.100925
1.711		0.100828
1.712		0.100731
1.713		0.100634
1.714		0.100538
1.715		0.100441
1.716		0.100344
1.717		0.100248
1.718		0.100152
1.719		0.100056
1.72		0.0999597
1.721		0.0998638
1.722		0.0997681
1.723		0.0996725
1.724		0.099577
1.725		0.0994816
1.726		0.0993864
1.727		0.0992913
1.728		0.0991963
1.729		0.0991014
1.73		0.0990067
1.731		0.0989121
1.732		0.0988176
1.733		0.0987232
1.734		0.098629
1.735		0.0985349
1.736		0.0984409
1.737		0.098347
1.738		0.0982533
1.739		0.0981597
1.74		0.0980662
1.741		0.0979728
1.742		0.0978795
1.743		0.0977864
1.744		0.0976934
1.745		0.0976005
1.746		0.0975078
1.747		0.0974151
1.748		0.0973226
1.749		0.0972302
1.75		0.0971379
1.751		0.0970458
1.752		0.0969537
1.753		0.0968618
1.754		0.09677
1.755		0.0966784
1.756		0.0965868
1.757		0.0964954
1.758		0.0964041
1.759		0.0963129
1.76		0.0962218
1.761		0.0961308
1.762		0.09604
1.763		0.0959493
1.764		0.0958587
1.765		0.0957682
1.766		0.0956779
1.767		0.0955876
1.768		0.0954975
1.769		0.0954075
1.77		0.0953176
1.771		0.0952278
1.772		0.0951382
1.773		0.0950486
1.774		0.0949592
1.775		0.0948699
1.776		0.0947807
1.777		0.0946916
1.778		0.0946027
1.779		0.0945138
1.78		0.0944251
1.781		0.0943365
1.782		0.094248
1.783		0.0941596
1.784		0.0940714
1.785		0.0939832
1.786		0.0938952
1.787		0.0938073
1.788		0.0937195
1.789		0.0936318
1.79		0.0935442
1.791		0.0934567
1.792		0.0933694
1.793		0.0932821
1.794		0.093195
1.795		0.093108
1.796		0.0930211
1.797		0.0929343
1.798		0.0928476
1.799		0.0927611
1.8		0.0926746
1.801		0.0925883
1.802		0.0925021
1.803		0.092416
1.804		0.09233
1.805		0.0922441
1.806		0.0921583
1.807		0.0920726
1.808		0.0919871
1.809		0.0919016
1.81		0.0918163
1.811		0.0917311
1.812		0.0916459
1.813		0.0915609
1.814		0.091476
1.815		0.0913913
1.816		0.0913066
1.817		0.091222
1.818		0.0911375
1.819		0.0910532
1.82		0.090969
1.821		0.0908848
1.822		0.0908008
1.823		0.0907169
1.824		0.0906331
1.825		0.0905494
1.826		0.0904658
1.827		0.0903823
1.828		0.0902989
1.829		0.0902156
1.83		0.0901325
1.831		0.0900494
1.832		0.0899665
1.833		0.0898836
1.834		0.0898009
1.835		0.0897183
1.836		0.0896357
1.837		0.0895533
1.838		0.089471
1.839		0.0893888
1.84		0.0893067
1.841		0.0892247
1.842		0.0891428
1.843		0.089061
1.844		0.0889793
1.845		0.0888978
1.846		0.0888163
1.847		0.0887349
1.848		0.0886536
1.849		0.0885725
1.85		0.0884914
1.851		0.0884105
1.852		0.0883296
1.853		0.0882489
1.854		0.0881682
1.855		0.0880877
1.856		0.0880072
1.857		0.0879269
1.858		0.0878467
1.859		0.0877665
1.86		0.0876865
1.861		0.0876066
1.862		0.0875268
1.863		0.087447
1.864		0.0873674
1.865		0.0872879
1.866		0.0872085
1.867		0.0871292
1.868		0.0870499
1.869		0.0869708
1.87		0.0868918
1.871		0.0868129
1.872		0.0867341
1.873		0.0866554
1.874		0.0865767
1.875		0.0864982
1.876		0.0864198
1.877		0.0863415
1.878		0.0862633
1.879		0.0861852
1.88		0.0861071
1.881		0.0860292
1.882		0.0859514
1.883		0.0858737
1.884		0.0857961
1.885		0.0857185
1.886		0.0856411
1.887		0.0855638
1.888		0.0854865
1.889		0.0854094
1.89		0.0853324
1.891		0.0852554
1.892		0.0851786
1.893		0.0851018
1.894		0.0850252
1.895		0.0849486
1.896		0.0848722
1.897		0.0847958
1.898		0.0847196
1.899		0.0846434
1.9		0.0845673
1.901		0.0844914
1.902		0.0844155
1.903		0.0843397
1.904		0.084264
1.905		0.0841884
1.906		0.0841129
1.907		0.0840375
1.908		0.0839622
1.909		0.083887
1.91		0.0838119
1.911		0.0837369
1.912		0.0836619
1.913		0.0835871
1.914		0.0835124
1.915		0.0834377
1.916		0.0833632
1.917		0.0832887
1.918		0.0832143
1.919		0.0831401
1.92		0.0830659
1.921		0.0829918
1.922		0.0829178
1.923		0.0828439
1.924		0.0827701
1.925		0.0826964
1.926		0.0826227
1.927		0.0825492
1.928		0.0824758
1.929		0.0824024
1.93		0.0823292
1.931		0.082256
1.932		0.0821829
1.933		0.08211
1.934		0.0820371
1.935		0.0819643
1.936		0.0818916
1.937		0.0818189
1.938		0.0817464
1.939		0.081674
1.94		0.0816016
1.941		0.0815294
1.942		0.0814572
1.943		0.0813851
1.944		0.0813131
1.945		0.0812412
1.946		0.0811694
1.947		0.0810977
1.948		0.0810261
1.949		0.0809545
1.95		0.0808831
1.951		0.0808117
1.952		0.0807405
1.953		0.0806693
1.954		0.0805982
1.955		0.0805272
1.956		0.0804562
1.957		0.0803854
1.958		0.0803147
1.959		0.080244
1.96		0.0801734
1.961		0.080103
1.962		0.0800326
1.963		0.0799623
1.964		0.079892
1.965		0.0798219
1.966		0.0797519
1.967		0.0796819
1.968		0.079612
1.969		0.0795422
1.97		0.0794725
1.971		0.0794029
1.972		0.0793334
1.973		0.079264
1.974		0.0791946
1.975		0.0791253
1.976		0.0790561
1.977		0.078987
1.978		0.078918
1.979		0.0788491
1.98		0.0787802
1.981		0.0787115
1.982		0.0786428
1.983		0.0785742
1.984		0.0785057
1.985		0.0784373
1.986		0.078369
1.987		0.0783007
1.988		0.0782325
1.989		0.0781644
1.99		0.0780964
1.991		0.0780285
1.992		0.0779607
1.993		0.0778929
1.994		0.0778253
1.995		0.0777577
1.996		0.0776902
1.997		0.0776228
1.998		0.0775554
1.999		0.0774882
2		0.077421
2.001		0.0773539
2.002		0.0772869
2.003		0.07722
2.004		0.0771531
2.005		0.0770864
2.006		0.0770197
2.007		0.0769531
2.008		0.0768866
2.009		0.0768201
2.01		0.0767538
2.011		0.0766875
2.012		0.0766213
2.013		0.0765552
2.014		0.0764892
2.015		0.0764232
2.016		0.0763573
2.017		0.0762916
2.018		0.0762258
2.019		0.0761602
2.02		0.0760947
2.021		0.0760292
2.022		0.0759638
2.023		0.0758985
2.024		0.0758333
2.025		0.0757681
2.026		0.075703
2.027		0.075638
2.028		0.0755731
2.029		0.0755083
2.03		0.0754435
2.031		0.0753789
2.032		0.0753143
2.033		0.0752497
2.034		0.0751853
2.035		0.0751209
2.036		0.0750566
2.037		0.0749924
2.038		0.0749283
2.039		0.0748642
2.04		0.0748003
2.041		0.0747364
2.042		0.0746726
2.043		0.0746088
2.044		0.0745451
2.045		0.0744816
2.046		0.074418
2.047		0.0743546
2.048		0.0742912
2.049		0.074228
2.05		0.0741648
2.051		0.0741016
2.052		0.0740386
2.053		0.0739756
2.054		0.0739127
2.055		0.0738499
2.056		0.0737871
2.057		0.0737244
2.058		0.0736618
2.059		0.0735993
2.06		0.0735369
2.061		0.0734745
2.062		0.0734122
2.063		0.07335
2.064		0.0732878
2.065		0.0732258
2.066		0.0731638
2.067		0.0731018
2.068		0.07304
2.069		0.0729782
2.07		0.0729165
2.071		0.0728549
2.072		0.0727933
2.073		0.0727319
2.074		0.0726704
2.075		0.0726091
2.076		0.0725479
2.077		0.0724867
2.078		0.0724256
2.079		0.0723645
2.08		0.0723036
2.081		0.0722427
2.082		0.0721818
2.083		0.0721211
2.084		0.0720604
2.085		0.0719998
2.086		0.0719393
2.087		0.0718788
2.088		0.0718184
2.089		0.0717581
2.09		0.0716979
2.091		0.0716377
2.092		0.0715776
2.093		0.0715176
2.094		0.0714576
2.095		0.0713978
2.096		0.071338
2.097		0.0712782
2.098		0.0712185
2.099		0.071159
2.1		0.0710994
2.101		0.07104
2.102		0.0709806
2.103		0.0709213
2.104		0.070862
2.105		0.0708029
2.106		0.0707437
2.107		0.0706847
2.108		0.0706258
2.109		0.0705669
2.11		0.070508
2.111		0.0704493
2.112		0.0703906
2.113		0.070332
2.114		0.0702734
2.115		0.070215
2.116		0.0701566
2.117		0.0700982
2.118		0.07004
2.119		0.0699818
2.12		0.0699236
2.121		0.0698656
2.122		0.0698076
2.123		0.0697496
2.124		0.0696918
2.125		0.069634
2.126		0.0695763
2.127		0.0695186
2.128		0.0694611
2.129		0.0694035
2.13		0.0693461
2.131		0.0692887
2.132		0.0692314
2.133		0.0691742
2.134		0.069117
2.135		0.0690599
2.136		0.0690028
2.137		0.0689459
2.138		0.0688889
2.139		0.0688321
2.14		0.0687753
2.141		0.0687186
2.142		0.068662
2.143		0.0686054
2.144		0.0685489
2.145		0.0684925
2.146		0.0684361
2.147		0.0683798
2.148		0.0683235
2.149		0.0682674
2.15		0.0682113
2.151		0.0681552
2.152		0.0680992
2.153		0.0680433
2.154		0.0679875
2.155		0.0679317
2.156		0.067876
2.157		0.0678203
2.158		0.0677647
2.159		0.0677092
2.16		0.0676537
2.161		0.0675984
2.162		0.067543
2.163		0.0674878
2.164		0.0674326
2.165		0.0673774
2.166		0.0673224
2.167		0.0672674
2.168		0.0672124
2.169		0.0671575
2.17		0.0671027
2.171		0.067048
2.172		0.0669933
2.173		0.0669387
2.174		0.0668841
2.175		0.0668296
2.176		0.0667752
2.177		0.0667208
2.178		0.0666665
2.179		0.0666123
2.18		0.0665581
2.181		0.066504
2.182		0.0664499
2.183		0.0663959
2.184		0.066342
2.185		0.0662881
2.186		0.0662343
2.187		0.0661806
2.188		0.0661269
2.189		0.0660733
2.19		0.0660198
2.191		0.0659663
2.192		0.0659128
2.193		0.0658595
2.194		0.0658062
2.195		0.0657529
2.196		0.0656997
2.197		0.0656466
2.198		0.0655936
2.199		0.0655406
2.2		0.0654876
2.201		0.0654347
2.202		0.0653819
2.203		0.0653292
2.204		0.0652765
2.205		0.0652238
2.206		0.0651713
2.207		0.0651188
2.208		0.0650663
2.209		0.0650139
2.21		0.0649616
2.211		0.0649093
2.212		0.0648571
2.213		0.064805
2.214		0.0647529
2.215		0.0647009
2.216		0.0646489
2.217		0.064597
2.218		0.0645451
2.219		0.0644933
2.22		0.0644416
2.221		0.0643899
2.222		0.0643383
2.223		0.0642868
2.224		0.0642353
2.225		0.0641838
2.226		0.0641325
2.227		0.0640811
2.228		0.0640299
2.229		0.0639787
2.23		0.0639275
2.231		0.0638765
2.232		0.0638254
2.233		0.0637745
2.234		0.0637236
2.235		0.0636727
2.236		0.0636219
2.237		0.0635712
2.238		0.0635205
2.239		0.0634699
2.24		0.0634193
2.241		0.0633688
2.242		0.0633184
2.243		0.063268
2.244		0.0632177
2.245		0.0631674
2.246		0.0631172
2.247		0.063067
2.248		0.0630169
2.249		0.0629669
2.25		0.0629169
2.251		0.062867
2.252		0.0628171
2.253		0.0627673
2.254		0.0627175
2.255		0.0626678
2.256		0.0626182
2.257		0.0625686
2.258		0.0625191
2.259		0.0624696
2.26		0.0624202
2.261		0.0623708
2.262		0.0623215
2.263		0.0622723
2.264		0.0622231
2.265		0.0621739
2.266		0.0621248
2.267		0.0620758
2.268		0.0620268
2.269		0.0619779
2.27		0.061929
2.271		0.0618802
2.272		0.0618315
2.273		0.0617828
2.274		0.0617341
2.275		0.0616856
2.276		0.061637
2.277		0.0615885
2.278		0.0615401
2.279		0.0614917
2.28		0.0614434
2.281		0.0613952
2.282		0.061347
2.283		0.0612988
2.284		0.0612507
2.285		0.0612027
2.286		0.0611547
2.287		0.0611068
2.288		0.0610589
2.289		0.061011
2.29		0.0609633
2.291		0.0609156
2.292		0.0608679
2.293		0.0608203
2.294		0.0607727
2.295		0.0607252
2.296		0.0606778
2.297		0.0606304
2.298		0.060583
2.299		0.0605357
2.3		0.0604885
2.301		0.0604413
2.302		0.0603942
2.303		0.0603471
2.304		0.0603001
2.305		0.0602531
2.306		0.0602062
2.307		0.0601593
2.308		0.0601125
2.309		0.0600657
2.31		0.060019
2.311		0.0599723
2.312		0.0599257
2.313		0.0598792
2.314		0.0598327
2.315		0.0597862
2.316		0.0597398
2.317		0.0596935
2.318		0.0596472
2.319		0.0596009
2.32		0.0595547
2.321		0.0595086
2.322		0.0594625
2.323		0.0594165
2.324		0.0593705
2.325		0.0593245
2.326		0.0592786
2.327		0.0592328
2.328		0.059187
2.329		0.0591413
2.33		0.0590956
2.331		0.05905
2.332		0.0590044
2.333		0.0589589
2.334		0.0589134
2.335		0.0588679
2.336		0.0588226
2.337		0.0587772
2.338		0.058732
2.339		0.0586867
2.34		0.0586416
2.341		0.0585964
2.342		0.0585513
2.343		0.0585063
2.344		0.0584613
2.345		0.0584164
2.346		0.0583715
2.347		0.0583267
2.348		0.0582819
2.349		0.0582372
2.35		0.0581925
2.351		0.0581479
2.352		0.0581033
2.353		0.0580588
2.354		0.0580143
2.355		0.0579698
2.356		0.0579255
2.357		0.0578811
2.358		0.0578368
2.359		0.0577926
2.36		0.0577484
2.361		0.0577043
2.362		0.0576602
2.363		0.0576161
2.364		0.0575721
2.365		0.0575282
2.366		0.0574843
2.367		0.0574404
2.368		0.0573966
2.369		0.0573529
2.37		0.0573092
2.371		0.0572655
2.372		0.0572219
2.373		0.0571783
2.374		0.0571348
2.375		0.0570913
2.376		0.0570479
2.377		0.0570046
2.378		0.0569612
2.379		0.056918
2.38		0.0568747
2.381		0.0568315
2.382		0.0567884
2.383		0.0567453
2.384		0.0567023
2.385		0.0566593
2.386		0.0566163
2.387		0.0565734
2.388		0.0565306
2.389		0.0564878
2.39		0.056445
2.391		0.0564023
2.392		0.0563596
2.393		0.056317
2.394		0.0562744
2.395		0.0562319
2.396		0.0561894
2.397		0.056147
2.398		0.0561046
2.399		0.0560623
2.4		0.05602
2.401		0.0559777
2.402		0.0559355
2.403		0.0558934
2.404		0.0558512
2.405		0.0558092
2.406		0.0557672
2.407		0.0557252
2.408		0.0556832
2.409		0.0556414
2.41		0.0555995
2.411		0.0555577
2.412		0.055516
2.413		0.0554743
2.414		0.0554326
2.415		0.055391
2.416		0.0553494
2.417		0.0553079
2.418		0.0552664
2.419		0.055225
2.42		0.0551836
2.421		0.0551423
2.422		0.055101
2.423		0.0550597
2.424		0.0550185
2.425		0.0549774
2.426		0.0549362
2.427		0.0548952
2.428		0.0548541
2.429		0.0548131
2.43		0.0547722
2.431		0.0547313
2.432		0.0546904
2.433		0.0546496
2.434		0.0546089
2.435		0.0545681
2.436		0.0545275
2.437		0.0544868
2.438		0.0544462
2.439		0.0544057
2.44		0.0543652
2.441		0.0543247
2.442		0.0542843
2.443		0.0542439
2.444		0.0542036
2.445		0.0541633
2.446		0.0541231
2.447		0.0540829
2.448		0.0540427
2.449		0.0540026
2.45		0.0539625
2.451		0.0539225
2.452		0.0538825
2.453		0.0538426
2.454		0.0538027
2.455		0.0537628
2.456		0.053723
2.457		0.0536832
2.458		0.0536435
2.459		0.0536038
2.46		0.0535642
2.461		0.0535246
2.462		0.053485
2.463		0.0534455
2.464		0.053406
2.465		0.0533666
2.466		0.0533272
2.467		0.0532878
2.468		0.0532485
2.469		0.0532093
2.47		0.05317
2.471		0.0531309
2.472		0.0530917
2.473		0.0530526
2.474		0.0530136
2.475		0.0529746
2.476		0.0529356
2.477		0.0528967
2.478		0.0528578
2.479		0.0528189
2.48		0.0527801
2.481		0.0527413
2.482		0.0527026
2.483		0.0526639
2.484		0.0526253
2.485		0.0525867
2.486		0.0525481
2.487		0.0525096
2.488		0.0524711
2.489		0.0524327
2.49		0.0523943
2.491		0.0523559
2.492		0.0523176
2.493		0.0522793
2.494		0.0522411
2.495		0.0522029
2.496		0.0521648
2.497		0.0521266
2.498		0.0520886
2.499		0.0520505
2.5		0.0520125
2.501		0.0519746
2.502		0.0519367
2.503		0.0518988
2.504		0.051861
2.505		0.0518232
2.506		0.0517854
2.507		0.0517477
2.508		0.05171
2.509		0.0516724
2.51		0.0516348
2.511		0.0515972
2.512		0.0515597
2.513		0.0515223
2.514		0.0514848
2.515		0.0514474
2.516		0.0514101
2.517		0.0513727
2.518		0.0513355
2.519		0.0512982
2.52		0.051261
2.521		0.0512239
2.522		0.0511867
2.523		0.0511497
2.524		0.0511126
2.525		0.0510756
2.526		0.0510386
2.527		0.0510017
2.528		0.0509648
2.529		0.050928
2.53		0.0508912
2.531		0.0508544
2.532		0.0508176
2.533		0.0507809
2.534		0.0507443
2.535		0.0507077
2.536		0.0506711
2.537		0.0506345
2.538		0.050598
2.539		0.0505616
2.54		0.0505251
2.541		0.0504887
2.542		0.0504524
2.543		0.0504161
2.544		0.0503798
2.545		0.0503436
2.546		0.0503074
2.547		0.0502712
2.548		0.0502351
2.549		0.050199
2.55		0.0501629
2.551		0.0501269
2.552		0.0500909
2.553		0.050055
2.554		0.0500191
2.555		0.0499832
2.556		0.0499474
2.557		0.0499116
2.558		0.0498759
2.559		0.0498401
2.56		0.0498045
2.561		0.0497688
2.562		0.0497332
2.563		0.0496977
2.564		0.0496621
2.565		0.0496266
2.566		0.0495912
2.567		0.0495557
2.568		0.0495204
2.569		0.049485
2.57		0.0494497
2.571		0.0494144
2.572		0.0493792
2.573		0.049344
2.574		0.0493088
2.575		0.0492737
2.576		0.0492386
2.577		0.0492036
2.578		0.0491685
2.579		0.0491336
2.58		0.0490986
2.581		0.0490637
2.582		0.0490288
2.583		0.048994
2.584		0.0489592
2.585		0.0489244
2.586		0.0488897
2.587		0.048855
2.588		0.0488203
2.589		0.0487857
2.59		0.0487511
2.591		0.0487166
2.592		0.048682
2.593		0.0486476
2.594		0.0486131
2.595		0.0485787
2.596		0.0485443
2.597		0.04851
2.598		0.0484757
2.599		0.0484414
2.6		0.0484072
2.601		0.048373
2.602		0.0483388
2.603		0.0483047
2.604		0.0482706
2.605		0.0482365
2.606		0.0482025
2.607		0.0481685
2.608		0.0481346
2.609		0.0481006
2.61		0.0480667
2.611		0.0480329
2.612		0.0479991
2.613		0.0479653
2.614		0.0479315
2.615		0.0478978
2.616		0.0478642
2.617		0.0478305
2.618		0.0477969
2.619		0.0477633
2.62		0.0477298
2.621		0.0476963
2.622		0.0476628
2.623		0.0476294
2.624		0.047596
2.625		0.0475626
2.626		0.0475293
2.627		0.0474959
2.628		0.0474627
2.629		0.0474294
2.63		0.0473962
2.631		0.0473631
2.632		0.0473299
2.633		0.0472968
2.634		0.0472638
2.635		0.0472307
2.636		0.0471977
2.637		0.0471648
2.638		0.0471318
2.639		0.0470989
2.64		0.0470661
2.641		0.0470332
2.642		0.0470004
2.643		0.0469677
2.644		0.046935
2.645		0.0469023
2.646		0.0468696
2.647		0.046837
2.648		0.0468044
2.649		0.0467718
2.65		0.0467392
2.651		0.0467067
2.652		0.0466743
2.653		0.0466418
2.654		0.0466094
2.655		0.0465771
2.656		0.0465447
2.657		0.0465124
2.658		0.0464802
2.659		0.0464479
2.66		0.0464157
2.661		0.0463835
2.662		0.0463514
2.663		0.0463193
2.664		0.0462872
2.665		0.0462552
2.666		0.0462231
2.667		0.0461912
2.668		0.0461592
2.669		0.0461273
2.67		0.0460954
2.671		0.0460636
2.672		0.0460317
2.673		0.046
2.674		0.0459682
2.675		0.0459365
2.676		0.0459048
2.677		0.0458731
2.678		0.0458415
2.679		0.0458099
2.68		0.0457783
2.681		0.0457468
2.682		0.0457153
2.683		0.0456838
2.684		0.0456524
2.685		0.045621
2.686		0.0455896
2.687		0.0455582
2.688		0.0455269
2.689		0.0454956
2.69		0.0454644
2.691		0.0454332
2.692		0.045402
2.693		0.0453708
2.694		0.0453397
2.695		0.0453086
2.696		0.0452775
2.697		0.0452465
2.698		0.0452155
2.699		0.0451845
2.7		0.0451536
2.701		0.0451227
2.702		0.0450918
2.703		0.045061
2.704		0.0450301
2.705		0.0449994
2.706		0.0449686
2.707		0.0449379
2.708		0.0449072
2.709		0.0448765
2.71		0.0448459
2.711		0.0448153
2.712		0.0447847
2.713		0.0447542
2.714		0.0447236
2.715		0.0446932
2.716		0.0446627
2.717		0.0446323
2.718		0.0446019
2.719		0.0445715
2.72		0.0445412
2.721		0.0445109
2.722		0.0444806
2.723		0.0444504
2.724		0.0444202
2.725		0.04439
2.726		0.0443598
2.727		0.0443297
2.728		0.0442996
2.729		0.0442696
2.73		0.0442395
2.731		0.0442095
2.732		0.0441796
2.733		0.0441496
2.734		0.0441197
2.735		0.0440898
2.736		0.04406
2.737		0.0440301
2.738		0.0440003
2.739		0.0439706
2.74		0.0439408
2.741		0.0439111
2.742		0.0438814
2.743		0.0438518
2.744		0.0438222
2.745		0.0437926
2.746		0.043763
2.747		0.0437335
2.748		0.043704
2.749		0.0436745
2.75		0.0436451
2.751		0.0436156
2.752		0.0435862
2.753		0.0435569
2.754		0.0435276
2.755		0.0434983
2.756		0.043469
2.757		0.0434397
2.758		0.0434105
2.759		0.0433813
2.76		0.0433522
2.761		0.043323
2.762		0.0432939
2.763		0.0432649
2.764		0.0432358
2.765		0.0432068
2.766		0.0431778
2.767		0.0431489
2.768		0.0431199
2.769		0.043091
2.77		0.0430622
2.771		0.0430333
2.772		0.0430045
2.773		0.0429757
2.774		0.0429469
2.775		0.0429182
2.776		0.0428895
2.777		0.0428608
2.778		0.0428322
2.779		0.0428035
2.78		0.0427749
2.781		0.0427464
2.782		0.0427178
2.783		0.0426893
2.784		0.0426608
2.785		0.0426324
2.786		0.042604
2.787		0.0425756
2.788		0.0425472
2.789		0.0425188
2.79		0.0424905
2.791		0.0424622
2.792		0.042434
2.793		0.0424057
2.794		0.0423775
2.795		0.0423494
2.796		0.0423212
2.797		0.0422931
2.798		0.042265
2.799		0.0422369
2.8		0.0422089
2.801		0.0421808
2.802		0.0421529
2.803		0.0421249
2.804		0.042097
2.805		0.042069
2.806		0.0420412
2.807		0.0420133
2.808		0.0419855
2.809		0.0419577
2.81		0.0419299
2.811		0.0419022
2.812		0.0418744
2.813		0.0418467
2.814		0.0418191
2.815		0.0417914
2.816		0.0417638
2.817		0.0417362
2.818		0.0417087
2.819		0.0416811
2.82		0.0416536
2.821		0.0416262
2.822		0.0415987
2.823		0.0415713
2.824		0.0415439
2.825		0.0415165
2.826		0.0414892
2.827		0.0414618
2.828		0.0414345
2.829		0.0414073
2.83		0.04138
2.831		0.0413528
2.832		0.0413256
2.833		0.0412984
2.834		0.0412713
2.835		0.0412442
2.836		0.0412171
2.837		0.04119
2.838		0.041163
2.839		0.041136
2.84		0.041109
2.841		0.0410821
2.842		0.0410551
2.843		0.0410282
2.844		0.0410013
2.845		0.0409745
2.846		0.0409477
2.847		0.0409209
2.848		0.0408941
2.849		0.0408673
2.85		0.0408406
2.851		0.0408139
2.852		0.0407872
2.853		0.0407606
2.854		0.0407339
2.855		0.0407073
2.856		0.0406808
2.857		0.0406542
2.858		0.0406277
2.859		0.0406012
2.86		0.0405747
2.861		0.0405483
2.862		0.0405219
2.863		0.0404955
2.864		0.0404691
2.865		0.0404427
2.866		0.0404164
2.867		0.0403901
2.868		0.0403638
2.869		0.0403376
2.87		0.0403114
2.871		0.0402852
2.872		0.040259
2.873		0.0402329
2.874		0.0402067
2.875		0.0401806
2.876		0.0401546
2.877		0.0401285
2.878		0.0401025
2.879		0.0400765
2.88		0.0400505
2.881		0.0400246
2.882		0.0399986
2.883		0.0399727
2.884		0.0399469
2.885		0.039921
2.886		0.0398952
2.887		0.0398694
2.888		0.0398436
2.889		0.0398179
2.89		0.0397921
2.891		0.0397664
2.892		0.0397407
2.893		0.0397151
2.894		0.0396894
2.895		0.0396638
2.896		0.0396383
2.897		0.0396127
2.898		0.0395872
2.899		0.0395616
2.9		0.0395362
2.901		0.0395107
2.902		0.0394853
2.903		0.0394598
2.904		0.0394344
2.905		0.0394091
2.906		0.0393837
2.907		0.0393584
2.908		0.0393331
2.909		0.0393078
2.91		0.0392826
2.911		0.0392574
2.912		0.0392322
2.913		0.039207
2.914		0.0391818
2.915		0.0391567
2.916		0.0391316
2.917		0.0391065
2.918		0.0390814
2.919		0.0390564
2.92		0.0390314
2.921		0.0390064
2.922		0.0389814
2.923		0.0389565
2.924		0.0389316
2.925		0.0389067
2.926		0.0388818
2.927		0.038857
2.928		0.0388321
2.929		0.0388073
2.93		0.0387825
2.931		0.0387578
2.932		0.038733
2.933		0.0387083
2.934		0.0386836
2.935		0.038659
2.936		0.0386343
2.937		0.0386097
2.938		0.0385851
2.939		0.0385606
2.94		0.038536
2.941		0.0385115
2.942		0.038487
2.943		0.0384625
2.944		0.038438
2.945		0.0384136
2.946		0.0383892
2.947		0.0383648
2.948		0.0383404
2.949		0.0383161
2.95		0.0382917
2.951		0.0382674
2.952		0.0382432
2.953		0.0382189
2.954		0.0381947
2.955		0.0381705
2.956		0.0381463
2.957		0.0381221
2.958		0.038098
2.959		0.0380739
2.96		0.0380498
2.961		0.0380257
2.962		0.0380016
2.963		0.0379776
2.964		0.0379536
2.965		0.0379296
2.966		0.0379056
2.967		0.0378817
2.968		0.0378578
2.969		0.0378339
2.97		0.03781
2.971		0.0377861
2.972		0.0377623
2.973		0.0377385
2.974		0.0377147
2.975		0.0376909
2.976		0.0376672
2.977		0.0376435
2.978		0.0376198
2.979		0.0375961
2.98		0.0375724
2.981		0.0375488
2.982		0.0375252
2.983		0.0375016
2.984		0.037478
2.985		0.0374545
2.986		0.0374309
2.987		0.0374074
2.988		0.037384
2.989		0.0373605
2.99		0.0373371
2.991		0.0373136
2.992		0.0372902
2.993		0.0372669
2.994		0.0372435
2.995		0.0372202
2.996		0.0371969
2.997		0.0371736
2.998		0.0371503
2.999		0.0371271
3		0.0371038
3.001		0.0370806
3.002		0.0370574
3.003		0.0370343
3.004		0.0370111
3.005		0.036988
3.006		0.0369649
3.007		0.0369418
3.008		0.0369188
3.009		0.0368957
3.01		0.0368727
3.011		0.0368497
3.012		0.0368268
3.013		0.0368038
3.014		0.0367809
3.015		0.036758
3.016		0.0367351
3.017		0.0367122
3.018		0.0366894
3.019		0.0366665
3.02		0.0366437
3.021		0.036621
3.022		0.0365982
3.023		0.0365754
3.024		0.0365527
3.025		0.03653
3.026		0.0365073
3.027		0.0364847
3.028		0.036462
3.029		0.0364394
3.03		0.0364168
3.031		0.0363942
3.032		0.0363717
3.033		0.0363491
3.034		0.0363266
3.035		0.0363041
3.036		0.0362817
3.037		0.0362592
3.038		0.0362368
3.039		0.0362144
3.04		0.036192
3.041		0.0361696
3.042		0.0361472
3.043		0.0361249
3.044		0.0361026
3.045		0.0360803
3.046		0.036058
3.047		0.0360358
3.048		0.0360135
3.049		0.0359913
3.05		0.0359691
3.051		0.035947
3.052		0.0359248
3.053		0.0359027
3.054		0.0358806
3.055		0.0358585
3.056		0.0358364
3.057		0.0358143
3.058		0.0357923
3.059		0.0357703
3.06		0.0357483
3.061		0.0357263
3.062		0.0357044
3.063		0.0356824
3.064		0.0356605
3.065		0.0356386
3.066		0.0356168
3.067		0.0355949
3.068		0.0355731
3.069		0.0355512
3.07		0.0355295
3.071		0.0355077
3.072		0.0354859
3.073		0.0354642
3.074		0.0354425
3.075		0.0354208
3.076		0.0353991
3.077		0.0353774
3.078		0.0353558
3.079		0.0353342
3.08		0.0353126
3.081		0.035291
3.082		0.0352694
3.083		0.0352479
3.084		0.0352264
3.085		0.0352048
3.086		0.0351834
3.087		0.0351619
3.088		0.0351404
3.089		0.035119
3.09		0.0350976
3.091		0.0350762
3.092		0.0350549
3.093		0.0350335
3.094		0.0350122
3.095		0.0349909
3.096		0.0349696
3.097		0.0349483
3.098		0.034927
3.099		0.0349058
3.1		0.0348846
3.101		0.0348634
3.102		0.0348422
3.103		0.034821
3.104		0.0347999
3.105		0.0347788
3.106		0.0347577
3.107		0.0347366
3.108		0.0347155
3.109		0.0346945
3.11		0.0346734
3.111		0.0346524
3.112		0.0346314
3.113		0.0346105
3.114		0.0345895
3.115		0.0345686
3.116		0.0345476
3.117		0.0345267
3.118		0.0345059
3.119		0.034485
3.12		0.0344642
3.121		0.0344433
3.122		0.0344225
3.123		0.0344017
3.124		0.034381
3.125		0.0343602
3.126		0.0343395
3.127		0.0343188
3.128		0.0342981
3.129		0.0342774
3.13		0.0342567
3.131		0.0342361
3.132		0.0342155
3.133		0.0341949
3.134		0.0341743
3.135		0.0341537
3.136		0.0341331
3.137		0.0341126
3.138		0.0340921
3.139		0.0340716
3.14		0.0340511
3.141		0.0340307
3.142		0.0340102
3.143		0.0339898
3.144		0.0339694
3.145		0.033949
3.146		0.0339286
3.147		0.0339083
3.148		0.0338879
3.149		0.0338676
3.15		0.0338473
3.151		0.0338271
3.152		0.0338068
3.153		0.0337865
3.154		0.0337663
3.155		0.0337461
3.156		0.0337259
3.157		0.0337057
3.158		0.0336856
3.159		0.0336654
3.16		0.0336453
3.161		0.0336252
3.162		0.0336051
3.163		0.0335851
3.164		0.033565
3.165		0.033545
3.166		0.033525
3.167		0.033505
3.168		0.033485
3.169		0.033465
3.17		0.0334451
3.171		0.0334252
3.172		0.0334052
3.173		0.0333854
3.174		0.0333655
3.175		0.0333456
3.176		0.0333258
3.177		0.033306
3.178		0.0332861
3.179		0.0332664
3.18		0.0332466
3.181		0.0332268
3.182		0.0332071
3.183		0.0331874
3.184		0.0331677
3.185		0.033148
3.186		0.0331283
3.187		0.0331087
3.188		0.033089
3.189		0.0330694
3.19		0.0330498
3.191		0.0330302
3.192		0.0330107
3.193		0.0329911
3.194		0.0329716
3.195		0.0329521
3.196		0.0329326
3.197		0.0329131
3.198		0.0328936
3.199		0.0328742
3.2		0.0328548
3.201		0.0328353
3.202		0.0328159
3.203		0.0327966
3.204		0.0327772
3.205		0.0327579
3.206		0.0327385
3.207		0.0327192
3.208		0.0326999
3.209		0.0326806
3.21		0.0326614
3.211		0.0326421
3.212		0.0326229
3.213		0.0326037
3.214		0.0325845
3.215		0.0325653
3.216		0.0325461
3.217		0.032527
3.218		0.0325079
3.219		0.0324888
3.22		0.0324697
3.221		0.0324506
3.222		0.0324315
3.223		0.0324125
3.224		0.0323934
3.225		0.0323744
3.226		0.0323554
3.227		0.0323364
3.228		0.0323175
3.229		0.0322985
3.23		0.0322796
3.231		0.0322607
3.232		0.0322418
3.233		0.0322229
3.234		0.032204
3.235		0.0321852
3.236		0.0321663
3.237		0.0321475
3.238		0.0321287
3.239		0.0321099
3.24		0.0320912
3.241		0.0320724
3.242		0.0320537
3.243		0.032035
3.244		0.0320163
3.245		0.0319976
3.246		0.0319789
3.247		0.0319602
3.248		0.0319416
3.249		0.031923
3.25		0.0319044
3.251		0.0318858
3.252		0.0318672
3.253		0.0318486
3.254		0.0318301
3.255		0.0318115
3.256		0.031793
3.257		0.0317745
3.258		0.031756
3.259		0.0317376
3.26		0.0317191
3.261		0.0317007
3.262		0.0316823
3.263		0.0316639
3.264		0.0316455
3.265		0.0316271
3.266		0.0316088
3.267		0.0315904
3.268		0.0315721
3.269		0.0315538
3.27		0.0315355
3.271		0.0315172
3.272		0.0314989
3.273		0.0314807
3.274		0.0314625
3.275		0.0314442
3.276		0.031426
3.277		0.0314079
3.278		0.0313897
3.279		0.0313715
3.28		0.0313534
3.281		0.0313353
3.282		0.0313172
3.283		0.0312991
3.284		0.031281
3.285		0.0312629
3.286		0.0312449
3.287		0.0312269
3.288		0.0312088
3.289		0.0311908
3.29		0.0311729
3.291		0.0311549
3.292		0.0311369
3.293		0.031119
3.294		0.0311011
3.295		0.0310832
3.296		0.0310653
3.297		0.0310474
3.298		0.0310295
3.299		0.0310117
3.3		0.0309938
3.301		0.030976
3.302		0.0309582
3.303		0.0309404
3.304		0.0309226
3.305		0.0309049
3.306		0.0308871
3.307		0.0308694
3.308		0.0308517
3.309		0.030834
3.31		0.0308163
3.311		0.0307987
3.312		0.030781
3.313		0.0307634
3.314		0.0307457
3.315		0.0307281
3.316		0.0307105
3.317		0.030693
3.318		0.0306754
3.319		0.0306578
3.32		0.0306403
3.321		0.0306228
3.322		0.0306053
3.323		0.0305878
3.324		0.0305703
3.325		0.0305528
3.326		0.0305354
3.327		0.030518
3.328		0.0305006
3.329		0.0304831
3.33		0.0304658
3.331		0.0304484
3.332		0.030431
3.333		0.0304137
3.334		0.0303964
3.335		0.030379
3.336		0.0303617
3.337		0.0303444
3.338		0.0303272
3.339		0.0303099
3.34		0.0302927
3.341		0.0302754
3.342		0.0302582
3.343		0.030241
3.344		0.0302238
3.345		0.0302067
3.346		0.0301895
3.347		0.0301724
3.348		0.0301552
3.349		0.0301381
3.35		0.030121
3.351		0.030104
3.352		0.0300869
3.353		0.0300698
3.354		0.0300528
3.355		0.0300358
3.356		0.0300187
3.357		0.0300017
3.358		0.0299848
3.359		0.0299678
3.36		0.0299508
3.361		0.0299339
3.362		0.029917
3.363		0.0299
3.364		0.0298831
3.365		0.0298662
3.366		0.0298494
3.367		0.0298325
3.368		0.0298157
3.369		0.0297988
3.37		0.029782
3.371		0.0297652
3.372		0.0297484
3.373		0.0297317
3.374		0.0297149
3.375		0.0296981
3.376		0.0296814
3.377		0.0296647
3.378		0.029648
3.379		0.0296313
3.38		0.0296146
3.381		0.029598
3.382		0.0295813
3.383		0.0295647
3.384		0.029548
3.385		0.0295314
3.386		0.0295148
3.387		0.0294983
3.388		0.0294817
3.389		0.0294651
3.39		0.0294486
3.391		0.0294321
3.392		0.0294156
3.393		0.0293991
3.394		0.0293826
3.395		0.0293661
3.396		0.0293496
3.397		0.0293332
3.398		0.0293168
3.399		0.0293003
3.4		0.0292839
3.401		0.0292676
3.402		0.0292512
3.403		0.0292348
3.404		0.0292185
3.405		0.0292021
3.406		0.0291858
3.407		0.0291695
3.408		0.0291532
3.409		0.0291369
3.41		0.0291206
3.411		0.0291044
3.412		0.0290881
3.413		0.0290719
3.414		0.0290557
3.415		0.0290395
3.416		0.0290233
3.417		0.0290071
3.418		0.028991
3.419		0.0289748
3.42		0.0289587
3.421		0.0289426
3.422		0.0289264
3.423		0.0289104
3.424		0.0288943
3.425		0.0288782
3.426		0.0288621
3.427		0.0288461
3.428		0.0288301
3.429		0.028814
3.43		0.028798
3.431		0.028782
3.432		0.0287661
3.433		0.0287501
3.434		0.0287342
3.435		0.0287182
3.436		0.0287023
3.437		0.0286864
3.438		0.0286705
3.439		0.0286546
3.44		0.0286387
3.441		0.0286228
3.442		0.028607
3.443		0.0285912
3.444		0.0285753
3.445		0.0285595
3.446		0.0285437
3.447		0.028528
3.448		0.0285122
3.449		0.0284964
3.45		0.0284807
3.451		0.0284649
3.452		0.0284492
3.453		0.0284335
3.454		0.0284178
3.455		0.0284021
3.456		0.0283865
3.457		0.0283708
3.458		0.0283552
3.459		0.0283395
3.46		0.0283239
3.461		0.0283083
3.462		0.0282927
3.463		0.0282771
3.464		0.0282616
3.465		0.028246
3.466		0.0282305
3.467		0.028215
3.468		0.0281994
3.469		0.0281839
3.47		0.0281684
3.471		0.028153
3.472		0.0281375
3.473		0.028122
3.474		0.0281066
3.475		0.0280912
3.476		0.0280758
3.477		0.0280603
3.478		0.028045
3.479		0.0280296
3.48		0.0280142
3.481		0.0279989
3.482		0.0279835
3.483		0.0279682
3.484		0.0279529
3.485		0.0279376
3.486		0.0279223
3.487		0.027907
3.488		0.0278917
3.489		0.0278765
3.49		0.0278612
3.491		0.027846
3.492		0.0278308
3.493		0.0278156
3.494		0.0278004
3.495		0.0277852
3.496		0.02777
3.497		0.0277549
3.498		0.0277397
3.499		0.0277246
3.5		0.0277095
3.501		0.0276944
3.502		0.0276793
3.503		0.0276642
3.504		0.0276491
3.505		0.027634
3.506		0.027619
3.507		0.027604
3.508		0.0275889
3.509		0.0275739
3.51		0.0275589
3.511		0.0275439
3.512		0.027529
3.513		0.027514
3.514		0.027499
3.515		0.0274841
3.516		0.0274692
3.517		0.0274543
3.518		0.0274394
3.519		0.0274245
3.52		0.0274096
3.521		0.0273947
3.522		0.0273799
3.523		0.027365
3.524		0.0273502
3.525		0.0273354
3.526		0.0273205
3.527		0.0273058
3.528		0.027291
3.529		0.0272762
3.53		0.0272614
3.531		0.0272467
3.532		0.0272319
3.533		0.0272172
3.534		0.0272025
3.535		0.0271878
3.536		0.0271731
3.537		0.0271584
3.538		0.0271438
3.539		0.0271291
3.54		0.0271145
3.541		0.0270998
3.542		0.0270852
3.543		0.0270706
3.544		0.027056
3.545		0.0270414
3.546		0.0270268
3.547		0.0270123
3.548		0.0269977
3.549		0.0269832
3.55		0.0269687
3.551		0.0269541
3.552		0.0269396
3.553		0.0269251
3.554		0.0269107
3.555		0.0268962
3.556		0.0268817
3.557		0.0268673
3.558		0.0268528
3.559		0.0268384
3.56		0.026824
3.561		0.0268096
3.562		0.0267952
3.563		0.0267808
3.564		0.0267665
3.565		0.0267521
3.566		0.0267378
3.567		0.0267234
3.568		0.0267091
3.569		0.0266948
3.57		0.0266805
3.571		0.0266662
3.572		0.0266519
3.573		0.0266377
3.574		0.0266234
3.575		0.0266092
3.576		0.0265949
3.577		0.0265807
3.578		0.0265665
3.579		0.0265523
3.58		0.0265381
3.581		0.0265239
3.582		0.0265098
3.583		0.0264956
3.584		0.0264815
3.585		0.0264673
3.586		0.0264532
3.587		0.0264391
3.588		0.026425
3.589		0.0264109
3.59		0.0263969
3.591		0.0263828
3.592		0.0263687
3.593		0.0263547
3.594		0.0263407
3.595		0.0263266
3.596		0.0263126
3.597		0.0262986
3.598		0.0262846
3.599		0.0262707
3.6		0.0262567
3.601		0.0262427
3.602		0.0262288
3.603		0.0262149
3.604		0.0262009
3.605		0.026187
3.606		0.0261731
3.607		0.0261592
3.608		0.0261454
3.609		0.0261315
3.61		0.0261176
3.611		0.0261038
3.612		0.02609
3.613		0.0260761
3.614		0.0260623
3.615		0.0260485
3.616		0.0260347
3.617		0.0260209
3.618		0.0260072
3.619		0.0259934
3.62		0.0259797
3.621		0.0259659
3.622		0.0259522
3.623		0.0259385
3.624		0.0259248
3.625		0.0259111
3.626		0.0258974
3.627		0.0258837
3.628		0.0258701
3.629		0.0258564
3.63		0.0258428
3.631		0.0258291
3.632		0.0258155
3.633		0.0258019
3.634		0.0257883
3.635		0.0257747
3.636		0.0257611
3.637		0.0257476
3.638		0.025734
3.639		0.0257205
3.64		0.0257069
3.641		0.0256934
3.642		0.0256799
3.643		0.0256664
3.644		0.0256529
3.645		0.0256394
3.646		0.0256259
3.647		0.0256125
3.648		0.025599
3.649		0.0255856
3.65		0.0255721
3.651		0.0255587
3.652		0.0255453
3.653		0.0255319
3.654		0.0255185
3.655		0.0255051
3.656		0.0254918
3.657		0.0254784
3.658		0.0254651
3.659		0.0254517
3.66		0.0254384
3.661		0.0254251
3.662		0.0254118
3.663		0.0253985
3.664		0.0253852
3.665		0.0253719
3.666		0.0253586
3.667		0.0253454
3.668		0.0253321
3.669		0.0253189
3.67		0.0253057
3.671		0.0252925
3.672		0.0252793
3.673		0.0252661
3.674		0.0252529
3.675		0.0252397
3.676		0.0252265
3.677		0.0252134
3.678		0.0252002
3.679		0.0251871
3.68		0.025174
3.681		0.0251609
3.682		0.0251478
3.683		0.0251347
3.684		0.0251216
3.685		0.0251085
3.686		0.0250955
3.687		0.0250824
3.688		0.0250694
3.689		0.0250563
3.69		0.0250433
3.691		0.0250303
3.692		0.0250173
3.693		0.0250043
3.694		0.0249913
3.695		0.0249783
3.696		0.0249654
3.697		0.0249524
3.698		0.0249395
3.699		0.0249265
3.7		0.0249136
3.701		0.0249007
3.702		0.0248878
3.703		0.0248749
3.704		0.024862
3.705		0.0248491
3.706		0.0248363
3.707		0.0248234
3.708		0.0248106
3.709		0.0247977
3.71		0.0247849
3.711		0.0247721
3.712		0.0247593
3.713		0.0247465
3.714		0.0247337
3.715		0.0247209
3.716		0.0247082
3.717		0.0246954
3.718		0.0246827
3.719		0.0246699
3.72		0.0246572
3.721		0.0246445
3.722		0.0246318
3.723		0.0246191
3.724		0.0246064
3.725		0.0245937
3.726		0.024581
3.727		0.0245684
3.728		0.0245557
3.729		0.0245431
3.73		0.0245305
3.731		0.0245178
3.732		0.0245052
3.733		0.0244926
3.734		0.02448
3.735		0.0244674
3.736		0.0244549
3.737		0.0244423
3.738		0.0244298
3.739		0.0244172
3.74		0.0244047
3.741		0.0243921
3.742		0.0243796
3.743		0.0243671
3.744		0.0243546
3.745		0.0243421
3.746		0.0243297
3.747		0.0243172
3.748		0.0243047
3.749		0.0242923
3.75		0.0242798
3.751		0.0242674
3.752		0.024255
3.753		0.0242426
3.754		0.0242302
3.755		0.0242178
3.756		0.0242054
3.757		0.024193
3.758		0.0241806
3.759		0.0241683
3.76		0.0241559
3.761		0.0241436
3.762		0.0241313
3.763		0.024119
3.764		0.0241066
3.765		0.0240943
3.766		0.0240821
3.767		0.0240698
3.768		0.0240575
3.769		0.0240452
3.77		0.024033
3.771		0.0240207
3.772		0.0240085
3.773		0.0239963
3.774		0.0239841
3.775		0.0239718
3.776		0.0239596
3.777		0.0239475
3.778		0.0239353
3.779		0.0239231
3.78		0.0239109
3.781		0.0238988
3.782		0.0238866
3.783		0.0238745
3.784		0.0238624
3.785		0.0238503
3.786		0.0238382
3.787		0.0238261
3.788		0.023814
3.789		0.0238019
3.79		0.0237898
3.791		0.0237778
3.792		0.0237657
3.793		0.0237537
3.794		0.0237416
3.795		0.0237296
3.796		0.0237176
3.797		0.0237056
3.798		0.0236936
3.799		0.0236816
3.8		0.0236696
3.801		0.0236576
3.802		0.0236457
3.803		0.0236337
3.804		0.0236218
3.805		0.0236098
3.806		0.0235979
3.807		0.023586
3.808		0.0235741
3.809		0.0235622
3.81		0.0235503
3.811		0.0235384
3.812		0.0235265
3.813		0.0235147
3.814		0.0235028
3.815		0.023491
3.816		0.0234791
3.817		0.0234673
3.818		0.0234555
3.819		0.0234436
3.82		0.0234318
3.821		0.02342
3.822		0.0234083
3.823		0.0233965
3.824		0.0233847
3.825		0.023373
3.826		0.0233612
3.827		0.0233495
3.828		0.0233377
3.829		0.023326
3.83		0.0233143
3.831		0.0233026
3.832		0.0232909
3.833		0.0232792
3.834		0.0232675
3.835		0.0232558
3.836		0.0232442
3.837		0.0232325
3.838		0.0232209
3.839		0.0232092
3.84		0.0231976
3.841		0.023186
3.842		0.0231744
3.843		0.0231628
3.844		0.0231512
3.845		0.0231396
3.846		0.023128
3.847		0.0231164
3.848		0.0231049
3.849		0.0230933
3.85		0.0230818
3.851		0.0230702
3.852		0.0230587
3.853		0.0230472
3.854		0.0230357
3.855		0.0230242
3.856		0.0230127
3.857		0.0230012
3.858		0.0229897
3.859		0.0229783
3.86		0.0229668
3.861		0.0229554
3.862		0.0229439
3.863		0.0229325
3.864		0.0229211
3.865		0.0229096
3.866		0.0228982
3.867		0.0228868
3.868		0.0228754
3.869		0.0228641
3.87		0.0228527
3.871		0.0228413
3.872		0.02283
3.873		0.0228186
3.874		0.0228073
3.875		0.0227959
3.876		0.0227846
3.877		0.0227733
3.878		0.022762
3.879		0.0227507
3.88		0.0227394
3.881		0.0227281
3.882		0.0227168
3.883		0.0227056
3.884		0.0226943
3.885		0.0226831
3.886		0.0226718
3.887		0.0226606
3.888		0.0226494
3.889		0.0226381
3.89		0.0226269
3.891		0.0226157
3.892		0.0226045
3.893		0.0225934
3.894		0.0225822
3.895		0.022571
3.896		0.0225598
3.897		0.0225487
3.898		0.0225376
3.899		0.0225264
3.9		0.0225153
3.901		0.0225042
3.902		0.0224931
3.903		0.022482
3.904		0.0224709
3.905		0.0224598
3.906		0.0224487
3.907		0.0224376
3.908		0.0224266
3.909		0.0224155
3.91		0.0224045
3.911		0.0223934
3.912		0.0223824
3.913		0.0223714
3.914		0.0223604
3.915		0.0223494
3.916		0.0223384
3.917		0.0223274
3.918		0.0223164
3.919		0.0223054
3.92		0.0222944
3.921		0.0222835
3.922		0.0222725
3.923		0.0222616
3.924		0.0222507
3.925		0.0222397
3.926		0.0222288
3.927		0.0222179
3.928		0.022207
3.929		0.0221961
3.93		0.0221852
3.931		0.0221743
3.932		0.0221635
3.933		0.0221526
3.934		0.0221418
3.935		0.0221309
3.936		0.0221201
3.937		0.0221092
3.938		0.0220984
3.939		0.0220876
3.94		0.0220768
3.941		0.022066
3.942		0.0220552
3.943		0.0220444
3.944		0.0220336
3.945		0.0220229
3.946		0.0220121
3.947		0.0220014
3.948		0.0219906
3.949		0.0219799
3.95		0.0219691
3.951		0.0219584
3.952		0.0219477
3.953		0.021937
3.954		0.0219263
3.955		0.0219156
3.956		0.0219049
3.957		0.0218942
3.958		0.0218836
3.959		0.0218729
3.96		0.0218623
3.961		0.0218516
3.962		0.021841
3.963		0.0218304
3.964		0.0218197
3.965		0.0218091
3.966		0.0217985
3.967		0.0217879
3.968		0.0217773
3.969		0.0217667
3.97		0.0217562
3.971		0.0217456
3.972		0.021735
3.973		0.0217245
3.974		0.0217139
3.975		0.0217034
3.976		0.0216929
3.977		0.0216823
3.978		0.0216718
3.979		0.0216613
3.98		0.0216508
3.981		0.0216403
3.982		0.0216298
3.983		0.0216194
3.984		0.0216089
3.985		0.0215984
3.986		0.021588
3.987		0.0215775
3.988		0.0215671
3.989		0.0215566
3.99		0.0215462
3.991		0.0215358
3.992		0.0215254
3.993		0.021515
3.994		0.0215046
3.995		0.0214942
3.996		0.0214838
3.997		0.0214734
3.998		0.0214631
3.999		0.0214527
4		0.0214424
4.001		0.021432
4.002		0.0214217
4.003		0.0214114
4.004		0.021401
4.005		0.0213907
4.006		0.0213804
4.007		0.0213701
4.008		0.0213598
4.009		0.0213495
4.01		0.0213393
4.011		0.021329
4.012		0.0213187
4.013		0.0213085
4.014		0.0212982
4.015		0.021288
4.016		0.0212778
4.017		0.0212675
4.018		0.0212573
4.019		0.0212471
4.02		0.0212369
4.021		0.0212267
4.022		0.0212165
4.023		0.0212063
4.024		0.0211961
4.025		0.021186
4.026		0.0211758
4.027		0.0211657
4.028		0.0211555
4.029		0.0211454
4.03		0.0211352
4.031		0.0211251
4.032		0.021115
4.033		0.0211049
4.034		0.0210948
4.035		0.0210847
4.036		0.0210746
4.037		0.0210645
4.038		0.0210544
4.039		0.0210444
4.04		0.0210343
4.041		0.0210243
4.042		0.0210142
4.043		0.0210042
4.044		0.0209941
4.045		0.0209841
4.046		0.0209741
4.047		0.0209641
4.048		0.0209541
4.049		0.0209441
4.05		0.0209341
4.051		0.0209241
4.052		0.0209141
4.053		0.0209042
4.054		0.0208942
4.055		0.0208842
4.056		0.0208743
4.057		0.0208644
4.058		0.0208544
4.059		0.0208445
4.06		0.0208346
4.061		0.0208247
4.062		0.0208148
4.063		0.0208049
4.064		0.020795
4.065		0.0207851
4.066		0.0207752
4.067		0.0207653
4.068		0.0207555
4.069		0.0207456
4.07		0.0207358
4.071		0.0207259
4.072		0.0207161
4.073		0.0207063
4.074		0.0206964
4.075		0.0206866
4.076		0.0206768
4.077		0.020667
4.078		0.0206572
4.079		0.0206474
4.08		0.0206376
4.081		0.0206279
4.082		0.0206181
4.083		0.0206083
4.084		0.0205986
4.085		0.0205888
4.086		0.0205791
4.087		0.0205694
4.088		0.0205596
4.089		0.0205499
4.09		0.0205402
4.091		0.0205305
4.092		0.0205208
4.093		0.0205111
4.094		0.0205014
4.095		0.0204918
4.096		0.0204821
4.097		0.0204724
4.098		0.0204628
4.099		0.0204531
4.1		0.0204435
4.101		0.0204338
4.102		0.0204242
4.103		0.0204146
4.104		0.0204049
4.105		0.0203953
4.106		0.0203857
4.107		0.0203761
4.108		0.0203665
4.109		0.020357
4.11		0.0203474
4.111		0.0203378
4.112		0.0203282
4.113		0.0203187
4.114		0.0203091
4.115		0.0202996
4.116		0.0202901
4.117		0.0202805
4.118		0.020271
4.119		0.0202615
4.12		0.020252
4.121		0.0202425
4.122		0.020233
4.123		0.0202235
4.124		0.020214
4.125		0.0202045
4.126		0.020195
4.127		0.0201856
4.128		0.0201761
4.129		0.0201667
4.13		0.0201572
4.131		0.0201478
4.132		0.0201383
4.133		0.0201289
4.134		0.0201195
4.135		0.0201101
4.136		0.0201007
4.137		0.0200913
4.138		0.0200819
4.139		0.0200725
4.14		0.0200631
4.141		0.0200538
4.142		0.0200444
4.143		0.020035
4.144		0.0200257
4.145		0.0200163
4.146		0.020007
4.147		0.0199976
4.148		0.0199883
4.149		0.019979
4.15		0.0199697
4.151		0.0199604
4.152		0.0199511
4.153		0.0199418
4.154		0.0199325
4.155		0.0199232
4.156		0.0199139
4.157		0.0199047
4.158		0.0198954
4.159		0.0198861
4.16		0.0198769
4.161		0.0198676
4.162		0.0198584
4.163		0.0198492
4.164		0.0198399
4.165		0.0198307
4.166		0.0198215
4.167		0.0198123
4.168		0.0198031
4.169		0.0197939
4.17		0.0197847
4.171		0.0197755
4.172		0.0197664
4.173		0.0197572
4.174		0.019748
4.175		0.0197389
4.176		0.0197297
4.177		0.0197206
4.178		0.0197114
4.179		0.0197023
4.18		0.0196932
4.181		0.0196841
4.182		0.019675
4.183		0.0196658
4.184		0.0196567
4.185		0.0196477
4.186		0.0196386
4.187		0.0196295
4.188		0.0196204
4.189		0.0196113
4.19		0.0196023
4.191		0.0195932
4.192		0.0195842
4.193		0.0195751
4.194		0.0195661
4.195		0.0195571
4.196		0.019548
4.197		0.019539
4.198		0.01953
4.199		0.019521
4.2		0.019512
4.201		0.019503
4.202		0.019494
4.203		0.019485
4.204		0.019476
4.205		0.0194671
4.206		0.0194581
4.207		0.0194492
4.208		0.0194402
4.209		0.0194313
4.21		0.0194223
4.211		0.0194134
4.212		0.0194045
4.213		0.0193955
4.214		0.0193866
4.215		0.0193777
4.216		0.0193688
4.217		0.0193599
4.218		0.019351
4.219		0.0193421
4.22		0.0193333
4.221		0.0193244
4.222		0.0193155
4.223		0.0193067
4.224		0.0192978
4.225		0.019289
4.226		0.0192801
4.227		0.0192713
4.228		0.0192624
4.229		0.0192536
4.23		0.0192448
4.231		0.019236
4.232		0.0192272
4.233		0.0192184
4.234		0.0192096
4.235		0.0192008
4.236		0.019192
4.237		0.0191832
4.238		0.0191745
4.239		0.0191657
4.24		0.0191569
4.241		0.0191482
4.242		0.0191394
4.243		0.0191307
4.244		0.019122
4.245		0.0191132
4.246		0.0191045
4.247		0.0190958
4.248		0.0190871
4.249		0.0190784
4.25		0.0190697
4.251		0.019061
4.252		0.0190523
4.253		0.0190436
4.254		0.0190349
4.255		0.0190263
4.256		0.0190176
4.257		0.019009
4.258		0.0190003
4.259		0.0189917
4.26		0.018983
4.261		0.0189744
4.262		0.0189657
4.263		0.0189571
4.264		0.0189485
4.265		0.0189399
4.266		0.0189313
4.267		0.0189227
4.268		0.0189141
4.269		0.0189055
4.27		0.0188969
4.271		0.0188883
4.272		0.0188798
4.273		0.0188712
4.274		0.0188626
4.275		0.0188541
4.276		0.0188455
4.277		0.018837
4.278		0.0188285
4.279		0.0188199
4.28		0.0188114
4.281		0.0188029
4.282		0.0187944
4.283		0.0187859
4.284		0.0187774
4.285		0.0187689
4.286		0.0187604
4.287		0.0187519
4.288		0.0187434
4.289		0.0187349
4.29		0.0187265
4.291		0.018718
4.292		0.0187095
4.293		0.0187011
4.294		0.0186926
4.295		0.0186842
4.296		0.0186758
4.297		0.0186673
4.298		0.0186589
4.299		0.0186505
4.3		0.0186421
4.301		0.0186337
4.302		0.0186253
4.303		0.0186169
4.304		0.0186085
4.305		0.0186001
4.306		0.0185917
4.307		0.0185834
4.308		0.018575
4.309		0.0185666
4.31		0.0185583
4.311		0.0185499
4.312		0.0185416
4.313		0.0185332
4.314		0.0185249
4.315		0.0185166
4.316		0.0185083
4.317		0.0184999
4.318		0.0184916
4.319		0.0184833
4.32		0.018475
4.321		0.0184667
4.322		0.0184584
4.323		0.0184502
4.324		0.0184419
4.325		0.0184336
4.326		0.0184253
4.327		0.0184171
4.328		0.0184088
4.329		0.0184006
4.33		0.0183923
4.331		0.0183841
4.332		0.0183759
4.333		0.0183676
4.334		0.0183594
4.335		0.0183512
4.336		0.018343
4.337		0.0183348
4.338		0.0183266
4.339		0.0183184
4.34		0.0183102
4.341		0.018302
4.342		0.0182938
4.343		0.0182856
4.344		0.0182775
4.345		0.0182693
4.346		0.0182611
4.347		0.018253
4.348		0.0182448
4.349		0.0182367
4.35		0.0182286
4.351		0.0182204
4.352		0.0182123
4.353		0.0182042
4.354		0.0181961
4.355		0.018188
4.356		0.0181799
4.357		0.0181718
4.358		0.0181637
4.359		0.0181556
4.36		0.0181475
4.361		0.0181394
4.362		0.0181313
4.363		0.0181233
4.364		0.0181152
4.365		0.0181072
4.366		0.0180991
4.367		0.0180911
4.368		0.018083
4.369		0.018075
4.37		0.018067
4.371		0.0180589
4.372		0.0180509
4.373		0.0180429
4.374		0.0180349
4.375		0.0180269
4.376		0.0180189
4.377		0.0180109
4.378		0.0180029
4.379		0.0179949
4.38		0.0179869
4.381		0.017979
4.382		0.017971
4.383		0.017963
4.384		0.0179551
4.385		0.0179471
4.386		0.0179392
4.387		0.0179313
4.388		0.0179233
4.389		0.0179154
4.39		0.0179075
4.391		0.0178995
4.392		0.0178916
4.393		0.0178837
4.394		0.0178758
4.395		0.0178679
4.396		0.01786
4.397		0.0178521
4.398		0.0178443
4.399		0.0178364
4.4		0.0178285
4.401		0.0178206
4.402		0.0178128
4.403		0.0178049
4.404		0.0177971
4.405		0.0177892
4.406		0.0177814
4.407		0.0177735
4.408		0.0177657
4.409		0.0177579
4.41		0.0177501
4.411		0.0177422
4.412		0.0177344
4.413		0.0177266
4.414		0.0177188
4.415		0.017711
4.416		0.0177032
4.417		0.0176954
4.418		0.0176877
4.419		0.0176799
4.42		0.0176721
4.421		0.0176644
4.422		0.0176566
4.423		0.0176488
4.424		0.0176411
4.425		0.0176333
4.426		0.0176256
4.427		0.0176179
4.428		0.0176101
4.429		0.0176024
4.43		0.0175947
4.431		0.017587
4.432		0.0175793
4.433		0.0175716
4.434		0.0175639
4.435		0.0175562
4.436		0.0175485
4.437		0.0175408
4.438		0.0175331
4.439		0.0175254
4.44		0.0175178
4.441		0.0175101
4.442		0.0175024
4.443		0.0174948
4.444		0.0174871
4.445		0.0174795
4.446		0.0174719
4.447		0.0174642
4.448		0.0174566
4.449		0.017449
4.45		0.0174413
4.451		0.0174337
4.452		0.0174261
4.453		0.0174185
4.454		0.0174109
4.455		0.0174033
4.456		0.0173957
4.457		0.0173881
4.458		0.0173806
4.459		0.017373
4.46		0.0173654
4.461		0.0173578
4.462		0.0173503
4.463		0.0173427
4.464		0.0173352
4.465		0.0173276
4.466		0.0173201
4.467		0.0173125
4.468		0.017305
4.469		0.0172975
4.47		0.01729
4.471		0.0172824
4.472		0.0172749
4.473		0.0172674
4.474		0.0172599
4.475		0.0172524
4.476		0.0172449
4.477		0.0172374
4.478		0.01723
4.479		0.0172225
4.48		0.017215
4.481		0.0172075
4.482		0.0172001
4.483		0.0171926
4.484		0.0171852
4.485		0.0171777
4.486		0.0171703
4.487		0.0171628
4.488		0.0171554
4.489		0.017148
4.49		0.0171405
4.491		0.0171331
4.492		0.0171257
4.493		0.0171183
4.494		0.0171109
4.495		0.0171035
4.496		0.0170961
4.497		0.0170887
4.498		0.0170813
4.499		0.0170739
4.5		0.0170665
4.501		0.0170592
4.502		0.0170518
4.503		0.0170444
4.504		0.0170371
4.505		0.0170297
4.506		0.0170224
4.507		0.017015
4.508		0.0170077
4.509		0.0170003
4.51		0.016993
4.511		0.0169857
4.512		0.0169784
4.513		0.016971
4.514		0.0169637
4.515		0.0169564
4.516		0.0169491
4.517		0.0169418
4.518		0.0169345
4.519		0.0169272
4.52		0.0169199
4.521		0.0169127
4.522		0.0169054
4.523		0.0168981
4.524		0.0168909
4.525		0.0168836
4.526		0.0168763
4.527		0.0168691
4.528		0.0168618
4.529		0.0168546
4.53		0.0168474
4.531		0.0168401
4.532		0.0168329
4.533		0.0168257
4.534		0.0168184
4.535		0.0168112
4.536		0.016804
4.537		0.0167968
4.538		0.0167896
4.539		0.0167824
4.54		0.0167752
4.541		0.016768
4.542		0.0167609
4.543		0.0167537
4.544		0.0167465
4.545		0.0167393
4.546		0.0167322
4.547		0.016725
4.548		0.0167179
4.549		0.0167107
4.55		0.0167036
4.551		0.0166964
4.552		0.0166893
4.553		0.0166821
4.554		0.016675
4.555		0.0166679
4.556		0.0166608
4.557		0.0166537
4.558		0.0166465
4.559		0.0166394
4.56		0.0166323
4.561		0.0166252
4.562		0.0166181
4.563		0.0166111
4.564		0.016604
4.565		0.0165969
4.566		0.0165898
4.567		0.0165828
4.568		0.0165757
4.569		0.0165686
4.57		0.0165616
4.571		0.0165545
4.572		0.0165475
4.573		0.0165404
4.574		0.0165334
4.575		0.0165264
4.576		0.0165193
4.577		0.0165123
4.578		0.0165053
4.579		0.0164983
4.58		0.0164912
4.581		0.0164842
4.582		0.0164772
4.583		0.0164702
4.584		0.0164632
4.585		0.0164563
4.586		0.0164493
4.587		0.0164423
4.588		0.0164353
4.589		0.0164283
4.59		0.0164214
4.591		0.0164144
4.592		0.0164074
4.593		0.0164005
4.594		0.0163935
4.595		0.0163866
4.596		0.0163797
4.597		0.0163727
4.598		0.0163658
4.599		0.0163589
4.6		0.0163519
4.601		0.016345
4.602		0.0163381
4.603		0.0163312
4.604		0.0163243
4.605		0.0163174
4.606		0.0163105
4.607		0.0163036
4.608		0.0162967
4.609		0.0162898
4.61		0.0162829
4.611		0.016276
4.612		0.0162692
4.613		0.0162623
4.614		0.0162554
4.615		0.0162486
4.616		0.0162417
4.617		0.0162349
4.618		0.016228
4.619		0.0162212
4.62		0.0162144
4.621		0.0162075
4.622		0.0162007
4.623		0.0161939
4.624		0.016187
4.625		0.0161802
4.626		0.0161734
4.627		0.0161666
4.628		0.0161598
4.629		0.016153
4.63		0.0161462
4.631		0.0161394
4.632		0.0161326
4.633		0.0161258
4.634		0.0161191
4.635		0.0161123
4.636		0.0161055
4.637		0.0160988
4.638		0.016092
4.639		0.0160852
4.64		0.0160785
4.641		0.0160717
4.642		0.016065
4.643		0.0160583
4.644		0.0160515
4.645		0.0160448
4.646		0.0160381
4.647		0.0160313
4.648		0.0160246
4.649		0.0160179
4.65		0.0160112
4.651		0.0160045
4.652		0.0159978
4.653		0.0159911
4.654		0.0159844
4.655		0.0159777
4.656		0.015971
4.657		0.0159643
4.658		0.0159577
4.659		0.015951
4.66		0.0159443
4.661		0.0159376
4.662		0.015931
4.663		0.0159243
4.664		0.0159177
4.665		0.015911
4.666		0.0159044
4.667		0.0158977
4.668		0.0158911
4.669		0.0158845
4.67		0.0158778
4.671		0.0158712
4.672		0.0158646
4.673		0.015858
4.674		0.0158514
4.675		0.0158448
4.676		0.0158382
4.677		0.0158316
4.678		0.015825
4.679		0.0158184
4.68		0.0158118
4.681		0.0158052
4.682		0.0157986
4.683		0.0157921
4.684		0.0157855
4.685		0.0157789
4.686		0.0157724
4.687		0.0157658
4.688		0.0157592
4.689		0.0157527
4.69		0.0157461
4.691		0.0157396
4.692		0.0157331
4.693		0.0157265
4.694		0.01572
4.695		0.0157135
4.696		0.0157069
4.697		0.0157004
4.698		0.0156939
4.699		0.0156874
4.7		0.0156809
4.701		0.0156744
4.702		0.0156679
4.703		0.0156614
4.704		0.0156549
4.705		0.0156484
4.706		0.0156419
4.707		0.0156355
4.708		0.015629
4.709		0.0156225
4.71		0.0156161
4.711		0.0156096
4.712		0.0156031
4.713		0.0155967
4.714		0.0155902
4.715		0.0155838
4.716		0.0155773
4.717		0.0155709
4.718		0.0155645
4.719		0.015558
4.72		0.0155516
4.721		0.0155452
4.722		0.0155388
4.723		0.0155324
4.724		0.0155259
4.725		0.0155195
4.726		0.0155131
4.727		0.0155067
4.728		0.0155003
4.729		0.0154939
4.73		0.0154876
4.731		0.0154812
4.732		0.0154748
4.733		0.0154684
4.734		0.015462
4.735		0.0154557
4.736		0.0154493
4.737		0.015443
4.738		0.0154366
4.739		0.0154302
4.74		0.0154239
4.741		0.0154176
4.742		0.0154112
4.743		0.0154049
4.744		0.0153985
4.745		0.0153922
4.746		0.0153859
4.747		0.0153796
4.748		0.0153733
4.749		0.0153669
4.75		0.0153606
4.751		0.0153543
4.752		0.015348
4.753		0.0153417
4.754		0.0153354
4.755		0.0153291
4.756		0.0153229
4.757		0.0153166
4.758		0.0153103
4.759		0.015304
4.76		0.0152977
4.761		0.0152915
4.762		0.0152852
4.763		0.015279
4.764		0.0152727
4.765		0.0152664
4.766		0.0152602
4.767		0.0152539
4.768		0.0152477
4.769		0.0152415
4.77		0.0152352
4.771		0.015229
4.772		0.0152228
4.773		0.0152166
4.774		0.0152103
4.775		0.0152041
4.776		0.0151979
4.777		0.0151917
4.778		0.0151855
4.779		0.0151793
4.78		0.0151731
4.781		0.0151669
4.782		0.0151607
4.783		0.0151545
4.784		0.0151484
4.785		0.0151422
4.786		0.015136
4.787		0.0151298
4.788		0.0151237
4.789		0.0151175
4.79		0.0151114
4.791		0.0151052
4.792		0.0150991
4.793		0.0150929
4.794		0.0150868
4.795		0.0150806
4.796		0.0150745
4.797		0.0150684
4.798		0.0150622
4.799		0.0150561
4.8		0.01505
4.801		0.0150439
4.802		0.0150378
4.803		0.0150316
4.804		0.0150255
4.805		0.0150194
4.806		0.0150133
4.807		0.0150072
4.808		0.0150012
4.809		0.0149951
4.81		0.014989
4.811		0.0149829
4.812		0.0149768
4.813		0.0149708
4.814		0.0149647
4.815		0.0149586
4.816		0.0149526
4.817		0.0149465
4.818		0.0149404
4.819		0.0149344
4.82		0.0149283
4.821		0.0149223
4.822		0.0149163
4.823		0.0149102
4.824		0.0149042
4.825		0.0148982
4.826		0.0148921
4.827		0.0148861
4.828		0.0148801
4.829		0.0148741
4.83		0.0148681
4.831		0.0148621
4.832		0.0148561
4.833		0.0148501
4.834		0.0148441
4.835		0.0148381
4.836		0.0148321
4.837		0.0148261
4.838		0.0148201
4.839		0.0148141
4.84		0.0148082
4.841		0.0148022
4.842		0.0147962
4.843		0.0147902
4.844		0.0147843
4.845		0.0147783
4.846		0.0147724
4.847		0.0147664
4.848		0.0147605
4.849		0.0147545
4.85		0.0147486
4.851		0.0147427
4.852		0.0147367
4.853		0.0147308
4.854		0.0147249
4.855		0.014719
4.856		0.014713
4.857		0.0147071
4.858		0.0147012
4.859		0.0146953
4.86		0.0146894
4.861		0.0146835
4.862		0.0146776
4.863		0.0146717
4.864		0.0146658
4.865		0.0146599
4.866		0.014654
4.867		0.0146482
4.868		0.0146423
4.869		0.0146364
4.87		0.0146305
4.871		0.0146247
4.872		0.0146188
4.873		0.014613
4.874		0.0146071
4.875		0.0146013
4.876		0.0145954
4.877		0.0145896
4.878		0.0145837
4.879		0.0145779
4.88		0.0145721
4.881		0.0145662
4.882		0.0145604
4.883		0.0145546
4.884		0.0145488
4.885		0.0145429
4.886		0.0145371
4.887		0.0145313
4.888		0.0145255
4.889		0.0145197
4.89		0.0145139
4.891		0.0145081
4.892		0.0145023
4.893		0.0144965
4.894		0.0144907
4.895		0.014485
4.896		0.0144792
4.897		0.0144734
4.898		0.0144676
4.899		0.0144619
4.9		0.0144561
4.901		0.0144503
4.902		0.0144446
4.903		0.0144388
4.904		0.0144331
4.905		0.0144273
4.906		0.0144216
4.907		0.0144158
4.908		0.0144101
4.909		0.0144044
4.91		0.0143986
4.911		0.0143929
4.912		0.0143872
4.913		0.0143815
4.914		0.0143757
4.915		0.01437
4.916		0.0143643
4.917		0.0143586
4.918		0.0143529
4.919		0.0143472
4.92		0.0143415
4.921		0.0143358
4.922		0.0143301
4.923		0.0143244
4.924		0.0143188
4.925		0.0143131
4.926		0.0143074
4.927		0.0143017
4.928		0.014296
4.929		0.0142904
4.93		0.0142847
4.931		0.0142791
4.932		0.0142734
4.933		0.0142677
4.934		0.0142621
4.935		0.0142564
4.936		0.0142508
4.937		0.0142452
4.938		0.0142395
4.939		0.0142339
4.94		0.0142283
4.941		0.0142226
4.942		0.014217
4.943		0.0142114
4.944		0.0142058
4.945		0.0142002
4.946		0.0141946
4.947		0.0141889
4.948		0.0141833
4.949		0.0141777
4.95		0.0141721
4.951		0.0141665
4.952		0.014161
4.953		0.0141554
4.954		0.0141498
4.955		0.0141442
4.956		0.0141386
4.957		0.0141331
4.958		0.0141275
4.959		0.0141219
4.96		0.0141163
4.961		0.0141108
4.962		0.0141052
4.963		0.0140997
4.964		0.0140941
4.965		0.0140886
4.966		0.014083
4.967		0.0140775
4.968		0.0140719
4.969		0.0140664
4.97		0.0140609
4.971		0.0140553
4.972		0.0140498
4.973		0.0140443
4.974		0.0140388
4.975		0.0140333
4.976		0.0140278
4.977		0.0140222
4.978		0.0140167
4.979		0.0140112
4.98		0.0140057
4.981		0.0140002
4.982		0.0139947
4.983		0.0139893
4.984		0.0139838
4.985		0.0139783
4.986		0.0139728
4.987		0.0139673
4.988		0.0139618
4.989		0.0139564
4.99		0.0139509
4.991		0.0139454
4.992		0.01394
4.993		0.0139345
4.994		0.0139291
4.995		0.0139236
4.996		0.0139182
4.997		0.0139127
4.998		0.0139073
4.999		0.0139018
