0.005		0.00113063
0.006		0.00415877
0.007		0.0100442
0.008		0.0187543
0.009		0.0296087
0.01		0.0416873
0.011		0.0541407
0.012		0.0663374
0.013		0.0778896
0.014		0.0886129
0.015		0.0984654
0.016		0.107489
0.017		0.115764
0.018		0.123379
0.019		0.130416
0.02		0.136937
0.021		0.142988
0.022		0.1486
0.023		0.15379
0.024		0.158566
0.025		0.16293
0.026		0.166884
0.027		0.170429
0.028		0.173566
0.029		0.1763
0.03		0.178639
0.031		0.180594
0.032		0.182179
0.033		0.183408
0.034		0.184302
0.035		0.18488
0.036		0.185164
0.037		0.185175
0.038		0.184937
0.039		0.184471
0.04		0.183801
0.041		0.182948
0.042		0.181932
0.043		0.180774
0.044		0.179494
0.045		0.178108
0.046		0.176633
0.047		0.175086
0.048		0.173479
0.049		0.171827
0.05		0.170142
0.051		0.168434
0.052		0.166713
0.053		0.164989
0.054		0.163268
0.055		0.161559
0.056		0.159867
0.057		0.158199
0.058		0.156558
0.059		0.15495
0.06		0.153377
0.061		0.151844
0.062		0.150352
0.063		0.148905
0.064		0.147503
0.065		0.146149
0.066		0.144844
0.067		0.143588
0.068		0.142383
0.069		0.141228
0.07		0.140125
0.071		0.139073
0.072		0.138072
0.073		0.137122
0.074		0.136223
0.075		0.135374
0.076		0.134575
0.077		0.133825
0.078		0.133124
0.079		0.132471
0.08		0.131866
0.081		0.131307
0.082		0.130793
0.083		0.130325
0.084		0.129901
0.085		0.129521
0.086		0.129183
0.087		0.128887
0.088		0.128631
0.089		0.128415
0.09		0.128239
0.091		0.128101
0.092		0.128
0.093		0.127935
0.094		0.127907
0.095		0.127913
0.096		0.127953
0.097		0.128027
0.098		0.128133
0.099		0.128271
0.1		0.12844
0.101		0.128638
0.102		0.128867
0.103		0.129124
0.104		0.129409
0.105		0.129721
0.106		0.130059
0.107		0.130424
0.108		0.130814
0.109		0.131228
0.11		0.131666
0.111		0.132128
0.112		0.132612
0.113		0.133118
0.114		0.133646
0.115		0.134194
0.116		0.134763
0.117		0.135351
0.118		0.135959
0.119		0.136585
0.12		0.137229
0.121		0.13789
0.122		0.138569
0.123		0.139264
0.124		0.139975
0.125		0.140702
0.126		0.141443
0.127		0.1422
0.128		0.14297
0.129		0.143754
0.13		0.144551
0.131		0.14536
0.132		0.146182
0.133		0.147016
0.134		0.147862
0.135		0.148718
0.136		0.149585
0.137		0.150462
0.138		0.151349
0.139		0.152246
0.14		0.153152
0.141		0.154066
0.142		0.154989
0.143		0.15592
0.144		0.156858
0.145		0.157804
0.146		0.158756
0.147		0.159715
0.148		0.160681
0.149		0.161652
0.15		0.162629
0.151		0.163612
0.152		0.164599
0.153		0.165592
0.154		0.166588
0.155		0.167589
0.156		0.168594
0.157		0.169602
0.158		0.170614
0.159		0.171629
0.16		0.172646
0.161		0.173666
0.162		0.174688
0.163		0.175713
0.164		0.176739
0.165		0.177766
0.166		0.178795
0.167		0.179825
0.168		0.180856
0.169		0.181887
0.17		0.182919
0.171		0.183951
0.172		0.184983
0.173		0.186014
0.174		0.187045
0.175		0.188076
0.176		0.189106
0.177		0.190135
0.178		0.191162
0.179		0.192188
0.18		0.193213
0.181		0.194236
0.182		0.195257
0.183		0.196276
0.184		0.197292
0.185		0.198307
0.186		0.199318
0.187		0.200327
0.188		0.201334
0.189		0.202337
0.19		0.203337
0.191		0.204334
0.192		0.205327
0.193		0.206317
0.194		0.207303
0.195		0.208286
0.196		0.209264
0.197		0.210239
0.198		0.211209
0.199		0.212175
0.2		0.213137
0.201		0.214094
0.202		0.215047
0.203		0.215995
0.204		0.216939
0.205		0.217877
0.206		0.21881
0.207		0.219739
0.208		0.220662
0.209		0.22158
0.21		0.222493
0.211		0.2234
0.212		0.224302
0.213		0.225199
0.214		0.226089
0.215		0.226974
0.216		0.227854
0.217		0.228727
0.218		0.229595
0.219		0.230457
0.22		0.231313
0.221		0.232162
0.222		0.233006
0.223		0.233844
0.224		0.234675
0.225		0.2355
0.226		0.236319
0.227		0.237131
0.228		0.237938
0.229		0.238737
0.23		0.23953
0.231		0.240317
0.232		0.241097
0.233		0.241871
0.234		0.242638
0.235		0.243399
0.236		0.244153
0.237		0.2449
0.238		0.24564
0.239		0.246374
0.24		0.247101
0.241		0.247822
0.242		0.248535
0.243		0.249242
0.244		0.249942
0.245		0.250635
0.246		0.251322
0.247		0.252001
0.248		0.252674
0.249		0.25334
0.25		0.253999
0.251		0.254651
0.252		0.255296
0.253		0.255935
0.254		0.256566
0.255		0.257191
0.256		0.257809
0.257		0.25842
0.258		0.259024
0.259		0.259621
0.26		0.260211
0.261		0.260795
0.262		0.261371
0.263		0.261941
0.264		0.262504
0.265		0.26306
0.266		0.26361
0.267		0.264152
0.268		0.264688
0.269		0.265217
0.27		0.265739
0.271		0.266255
0.272		0.266763
0.273		0.267265
0.274		0.267761
0.275		0.268249
0.276		0.268731
0.277		0.269207
0.278		0.269675
0.279		0.270137
0.28		0.270593
0.281		0.271042
0.282		0.271484
0.283		0.27192
0.284		0.272349
0.285		0.272772
0.286		0.273189
0.287		0.273599
0.288		0.274002
0.289		0.2744
0.29		0.274791
0.291		0.275175
0.292		0.275554
0.293		0.275926
0.294		0.276291
0.295		0.276651
0.296		0.277004
0.297		0.277352
0.298		0.277693
0.299		0.278028
0.3		0.278357
0.301		0.27868
0.302		0.278996
0.303		0.279307
0.304		0.279612
0.305		0.279911
0.306		0.280205
0.307		0.280492
0.308		0.280774
0.309		0.281049
0.31		0.281319
0.311		0.281584
0.312		0.281842
0.313		0.282095
0.314		0.282342
0.315		0.282584
0.316		0.28282
0.317		0.283051
0.318		0.283276
0.319		0.283496
0.32		0.28371
0.321		0.283919
0.322		0.284123
0.323		0.284321
0.324		0.284514
0.325		0.284701
0.326		0.284884
0.327		0.285061
0.328		0.285234
0.329		0.285401
0.33		0.285563
0.331		0.28572
0.332		0.285872
0.333		0.286019
0.334		0.286161
0.335		0.286298
0.336		0.28643
0.337		0.286558
0.338		0.28668
0.339		0.286798
0.34		0.286912
0.341		0.28702
0.342		0.287124
0.343		0.287223
0.344		0.287318
0.345		0.287408
0.346		0.287494
0.347		0.287575
0.348		0.287652
0.349		0.287724
0.35		0.287792
0.351		0.287856
0.352		0.287915
0.353		0.28797
0.354		0.288021
0.355		0.288068
0.356		0.28811
0.357		0.288148
0.358		0.288183
0.359		0.288213
0.36		0.288239
0.361		0.288261
0.362		0.288279
0.363		0.288294
0.364		0.288304
0.365		0.28831
0.366		0.288313
0.367		0.288312
0.368		0.288307
0.369		0.288299
0.37		0.288286
0.371		0.28827
0.372		0.288251
0.373		0.288228
0.374		0.288201
0.375		0.288171
0.376		0.288137
0.377		0.2881
0.378		0.288059
0.379		0.288015
0.38		0.287967
0.381		0.287917
0.382		0.287863
0.383		0.287805
0.384		0.287745
0.385		0.287681
0.386		0.287614
0.387		0.287544
0.388		0.28747
0.389		0.287394
0.39		0.287314
0.391		0.287232
0.392		0.287147
0.393		0.287058
0.394		0.286967
0.395		0.286872
0.396		0.286775
0.397		0.286675
0.398		0.286572
0.399		0.286466
0.4		0.286358
0.401		0.286247
0.402		0.286133
0.403		0.286016
0.404		0.285897
0.405		0.285775
0.406		0.28565
0.407		0.285523
0.408		0.285393
0.409		0.285261
0.41		0.285126
0.411		0.284989
0.412		0.28485
0.413		0.284708
0.414		0.284563
0.415		0.284416
0.416		0.284267
0.417		0.284116
0.418		0.283962
0.419		0.283806
0.42		0.283648
0.421		0.283487
0.422		0.283325
0.423		0.28316
0.424		0.282993
0.425		0.282824
0.426		0.282653
0.427		0.282479
0.428		0.282304
0.429		0.282127
0.43		0.281947
0.431		0.281766
0.432		0.281583
0.433		0.281398
0.434		0.281211
0.435		0.281022
0.436		0.280831
0.437		0.280638
0.438		0.280444
0.439		0.280247
0.44		0.280049
0.441		0.27985
0.442		0.279648
0.443		0.279445
0.444		0.27924
0.445		0.279033
0.446		0.278825
0.447		0.278615
0.448		0.278404
0.449		0.278191
0.45		0.277976
0.451		0.27776
0.452		0.277542
0.453		0.277323
0.454		0.277102
0.455		0.27688
0.456		0.276656
0.457		0.276431
0.458		0.276205
0.459		0.275977
0.46		0.275748
0.461		0.275517
0.462		0.275285
0.463		0.275052
0.464		0.274818
0.465		0.274582
0.466		0.274345
0.467		0.274106
0.468		0.273867
0.469		0.273626
0.47		0.273384
0.471		0.273141
0.472		0.272897
0.473		0.272651
0.474		0.272405
0.475		0.272157
0.476		0.271908
0.477		0.271658
0.478		0.271407
0.479		0.271155
0.48		0.270902
0.481		0.270648
0.482		0.270393
0.483		0.270137
0.484		0.26988
0.485		0.269622
0.486		0.269363
0.487		0.269103
0.488		0.268843
0.489		0.268581
0.49		0.268319
0.491		0.268055
0.492		0.267791
0.493		0.267526
0.494		0.26726
0.495		0.266993
0.496		0.266726
0.497		0.266457
0.498		0.266188
0.499		0.265918
0.5		0.265648
0.501		0.265377
0.502		0.265104
0.503		0.264832
0.504		0.264558
0.505		0.264284
0.506		0.264009
0.507		0.263734
0.508		0.263458
0.509		0.263181
0.51		0.262904
0.511		0.262626
0.512		0.262347
0.513		0.262068
0.514		0.261788
0.515		0.261508
0.516		0.261227
0.517		0.260946
0.518		0.260664
0.519		0.260381
0.52		0.260098
0.521		0.259815
0.522		0.259531
0.523		0.259246
0.524		0.258961
0.525		0.258676
0.526		0.25839
0.527		0.258104
0.528		0.257817
0.529		0.25753
0.53		0.257243
0.531		0.256955
0.532		0.256667
0.533		0.256378
0.534		0.256089
0.535		0.255799
0.536		0.25551
0.537		0.25522
0.538		0.254929
0.539		0.254638
0.54		0.254347
0.541		0.254056
0.542		0.253764
0.543		0.253472
0.544		0.25318
0.545		0.252888
0.546		0.252595
0.547		0.252302
0.548		0.252009
0.549		0.251715
0.55		0.251421
0.551		0.251127
0.552		0.250833
0.553		0.250539
0.554		0.250244
0.555		0.24995
0.556		0.249655
0.557		0.249359
0.558		0.249064
0.559		0.248769
0.56		0.248473
0.561		0.248177
0.562		0.247881
0.563		0.247585
0.564		0.247289
0.565		0.246993
0.566		0.246696
0.567		0.2464
0.568		0.246103
0.569		0.245807
0.57		0.24551
0.571		0.245213
0.572		0.244916
0.573		0.244619
0.574		0.244322
0.575		0.244025
0.576		0.243728
0.577		0.24343
0.578		0.243133
0.579		0.242836
0.58		0.242538
0.581		0.242241
0.582		0.241944
0.583		0.241646
0.584		0.241349
0.585		0.241052
0.586		0.240754
0.587		0.240457
0.588		0.240159
0.589		0.239862
0.59		0.239565
0.591		0.239268
0.592		0.23897
0.593		0.238673
0.594		0.238376
0.595		0.238079
0.596		0.237782
0.597		0.237485
0.598		0.237188
0.599		0.236891
0.6		0.236594
0.601		0.236298
0.602		0.236001
0.603		0.235705
0.604		0.235408
0.605		0.235112
0.606		0.234816
0.607		0.23452
0.608		0.234224
0.609		0.233928
0.61		0.233632
0.611		0.233336
0.612		0.233041
0.613		0.232745
0.614		0.23245
0.615		0.232155
0.616		0.23186
0.617		0.231565
0.618		0.231271
0.619		0.230976
0.62		0.230682
0.621		0.230388
0.622		0.230094
0.623		0.2298
0.624		0.229506
0.625		0.229212
0.626		0.228919
0.627		0.228626
0.628		0.228333
0.629		0.22804
0.63		0.227748
0.631		0.227455
0.632		0.227163
0.633		0.226871
0.634		0.226579
0.635		0.226288
0.636		0.225996
0.637		0.225705
0.638		0.225414
0.639		0.225123
0.64		0.224833
0.641		0.224542
0.642		0.224252
0.643		0.223962
0.644		0.223673
0.645		0.223383
0.646		0.223094
0.647		0.222805
0.648		0.222517
0.649		0.222228
0.65		0.22194
0.651		0.221652
0.652		0.221364
0.653		0.221077
0.654		0.22079
0.655		0.220503
0.656		0.220216
0.657		0.21993
0.658		0.219644
0.659		0.219358
0.66		0.219072
0.661		0.218787
0.662		0.218502
0.663		0.218217
0.664		0.217933
0.665		0.217648
0.666		0.217364
0.667		0.217081
0.668		0.216797
0.669		0.216514
0.67		0.216231
0.671		0.215949
0.672		0.215667
0.673		0.215385
0.674		0.215103
0.675		0.214822
0.676		0.214541
0.677		0.21426
0.678		0.213979
0.679		0.213699
0.68		0.213419
0.681		0.21314
0.682		0.212861
0.683		0.212582
0.684		0.212303
0.685		0.212025
0.686		0.211747
0.687		0.211469
0.688		0.211192
0.689		0.210915
0.69		0.210638
0.691		0.210362
0.692		0.210086
0.693		0.20981
0.694		0.209534
0.695		0.209259
0.696		0.208985
0.697		0.20871
0.698		0.208436
0.699		0.208162
0.7		0.207889
0.701		0.207616
0.702		0.207343
0.703		0.20707
0.704		0.206798
0.705		0.206526
0.706		0.206255
0.707		0.205984
0.708		0.205713
0.709		0.205443
0.71		0.205172
0.711		0.204903
0.712		0.204633
0.713		0.204364
0.714		0.204095
0.715		0.203827
0.716		0.203559
0.717		0.203291
0.718		0.203024
0.719		0.202757
0.72		0.20249
0.721		0.202224
0.722		0.201958
0.723		0.201693
0.724		0.201427
0.725		0.201162
0.726		0.200898
0.727		0.200634
0.728		0.20037
0.729		0.200106
0.73		0.199843
0.731		0.19958
0.732		0.199318
0.733		0.199056
0.734		0.198794
0.735		0.198533
0.736		0.198272
0.737		0.198011
0.738		0.197751
0.739		0.197491
0.74		0.197232
0.741		0.196972
0.742		0.196714
0.743		0.196455
0.744		0.196197
0.745		0.195939
0.746		0.195682
0.747		0.195425
0.748		0.195168
0.749		0.194912
0.75		0.194656
0.751		0.1944
0.752		0.194145
0.753		0.19389
0.754		0.193636
0.755		0.193382
0.756		0.193128
0.757		0.192875
0.758		0.192622
0.759		0.192369
0.76		0.192117
0.761		0.191865
0.762		0.191614
0.763		0.191362
0.764		0.191112
0.765		0.190861
0.766		0.190611
0.767		0.190361
0.768		0.190112
0.769		0.189863
0.77		0.189615
0.771		0.189366
0.772		0.189118
0.773		0.188871
0.774		0.188624
0.775		0.188377
0.776		0.188131
0.777		0.187885
0.778		0.187639
0.779		0.187394
0.78		0.187149
0.781		0.186904
0.782		0.18666
0.783		0.186416
0.784		0.186173
0.785		0.18593
0.786		0.185687
0.787		0.185445
0.788		0.185203
0.789		0.184962
0.79		0.18472
0.791		0.184479
0.792		0.184239
0.793		0.183999
0.794		0.183759
0.795		0.18352
0.796		0.183281
0.797		0.183042
0.798		0.182804
0.799		0.182566
0.8		0.182329
0.801		0.182091
0.802		0.181855
0.803		0.181618
0.804		0.181382
0.805		0.181146
0.806		0.180911
0.807		0.180676
0.808		0.180442
0.809		0.180207
0.81		0.179974
0.811		0.17974
0.812		0.179507
0.813		0.179274
0.814		0.179042
0.815		0.17881
0.816		0.178578
0.817		0.178347
0.818		0.178116
0.819		0.177885
0.82		0.177655
0.821		0.177425
0.822		0.177196
0.823		0.176967
0.824		0.176738
0.825		0.17651
0.826		0.176282
0.827		0.176054
0.828		0.175827
0.829		0.1756
0.83		0.175373
0.831		0.175147
0.832		0.174921
0.833		0.174696
0.834		0.174471
0.835		0.174246
0.836		0.174021
0.837		0.173797
0.838		0.173574
0.839		0.17335
0.84		0.173127
0.841		0.172905
0.842		0.172682
0.843		0.172461
0.844		0.172239
0.845		0.172018
0.846		0.171797
0.847		0.171577
0.848		0.171357
0.849		0.171137
0.85		0.170917
0.851		0.170698
0.852		0.17048
0.853		0.170261
0.854		0.170043
0.855		0.169826
0.856		0.169608
0.857		0.169392
0.858		0.169175
0.859		0.168959
0.86		0.168743
0.861		0.168527
0.862		0.168312
0.863		0.168097
0.864		0.167883
0.865		0.167669
0.866		0.167455
0.867		0.167242
0.868		0.167029
0.869		0.166816
0.87		0.166604
0.871		0.166392
0.872		0.16618
0.873		0.165969
0.874		0.165758
0.875		0.165547
0.876		0.165337
0.877		0.165127
0.878		0.164917
0.879		0.164708
0.88		0.164499
0.881		0.16429
0.882		0.164082
0.883		0.163874
0.884		0.163667
0.885		0.16346
0.886		0.163253
0.887		0.163046
0.888		0.16284
0.889		0.162634
0.89		0.162429
0.891		0.162223
0.892		0.162019
0.893		0.161814
0.894		0.16161
0.895		0.161406
0.896		0.161203
0.897		0.161
0.898		0.160797
0.899		0.160594
0.9		0.160392
0.901		0.16019
0.902		0.159989
0.903		0.159788
0.904		0.159587
0.905		0.159387
0.906		0.159186
0.907		0.158987
0.908		0.158787
0.909		0.158588
0.91		0.158389
0.911		0.158191
0.912		0.157992
0.913		0.157795
0.914		0.157597
0.915		0.1574
0.916		0.157203
0.917		0.157007
0.918		0.15681
0.919		0.156615
0.92		0.156419
0.921		0.156224
0.922		0.156029
0.923		0.155834
0.924		0.15564
0.925		0.155446
0.926		0.155252
0.927		0.155059
0.928		0.154866
0.929		0.154674
0.93		0.154481
0.931		0.154289
0.932		0.154098
0.933		0.153906
0.934		0.153715
0.935		0.153524
0.936		0.153334
0.937		0.153144
0.938		0.152954
0.939		0.152765
0.94		0.152576
0.941		0.152387
0.942		0.152198
0.943		0.15201
0.944		0.151822
0.945		0.151634
0.946		0.151447
0.947		0.15126
0.948		0.151074
0.949		0.150887
0.95		0.150701
0.951		0.150515
0.952		0.15033
0.953		0.150145
0.954		0.14996
0.955		0.149776
0.956		0.149591
0.957		0.149408
0.958		0.149224
0.959		0.149041
0.96		0.148858
0.961		0.148675
0.962		0.148493
0.963		0.148311
0.964		0.148129
0.965		0.147948
0.966		0.147766
0.967		0.147586
0.968		0.147405
0.969		0.147225
0.97		0.147045
0.971		0.146865
0.972		0.146686
0.973		0.146507
0.974		0.146328
0.975		0.14615
0.976		0.145971
0.977		0.145794
0.978		0.145616
0.979		0.145439
0.98		0.145262
0.981		0.145085
0.982		0.144909
0.983		0.144733
0.984		0.144557
0.985		0.144381
0.986		0.144206
0.987		0.144031
0.988		0.143856
0.989		0.143682
0.99		0.143508
0.991		0.143334
0.992		0.143161
0.993		0.142988
0.994		0.142815
0.995		0.142642
0.996		0.14247
0.997		0.142298
0.998		0.142126
0.999		0.141954
1		0.141783
1.001		0.141612
1.002		0.141442
1.003		0.141271
1.004		0.141101
1.005		0.140932
1.006		0.140762
1.007		0.140593
1.008		0.140424
1.009		0.140255
1.01		0.140087
1.011		0.139919
1.012		0.139751
1.013		0.139583
1.014		0.139416
1.015		0.139249
1.016		0.139082
1.017		0.138916
1.018		0.13875
1.019		0.138584
1.02		0.138418
1.021		0.138253
1.022		0.138088
1.023		0.137923
1.024		0.137759
1.025		0.137594
1.026		0.13743
1.027		0.137267
1.028		0.137103
1.029		0.13694
1.03		0.136777
1.031		0.136615
1.032		0.136452
1.033		0.13629
1.034		0.136128
1.035		0.135967
1.036		0.135805
1.037		0.135644
1.038		0.135484
1.039		0.135323
1.04		0.135163
1.041		0.135003
1.042		0.134843
1.043		0.134684
1.044		0.134525
1.045		0.134366
1.046		0.134207
1.047		0.134049
1.048		0.13389
1.049		0.133733
1.05		0.133575
1.051		0.133418
1.052		0.133261
1.053		0.133104
1.054		0.132947
1.055		0.132791
1.056		0.132635
1.057		0.132479
1.058		0.132323
1.059		0.132168
1.06		0.132013
1.061		0.131858
1.062		0.131704
1.063		0.131549
1.064		0.131395
1.065		0.131242
1.066		0.131088
1.067		0.130935
1.068		0.130782
1.069		0.130629
1.07		0.130476
1.071		0.130324
1.072		0.130172
1.073		0.13002
1.074		0.129869
1.075		0.129717
1.076		0.129566
1.077		0.129416
1.078		0.129265
1.079		0.129115
1.08		0.128965
1.081		0.128815
1.082		0.128665
1.083		0.128516
1.084		0.128367
1.085		0.128218
1.086		0.128069
1.087		0.127921
1.088		0.127773
1.089		0.127625
1.09		0.127478
1.091		0.12733
1.092		0.127183
1.093		0.127036
1.094		0.126889
1.095		0.126743
1.096		0.126597
1.097		0.126451
1.098		0.126305
1.099		0.12616
1.1		0.126014
1.101		0.125869
1.102		0.125725
1.103		0.12558
1.104		0.125436
1.105		0.125292
1.106		0.125148
1.107		0.125004
1.108		0.124861
1.109		0.124718
1.11		0.124575
1.111		0.124432
1.112		0.12429
1.113		0.124147
1.114		0.124005
1.115		0.123864
1.116		0.123722
1.117		0.123581
1.118		0.12344
1.119		0.123299
1.12		0.123158
1.121		0.123018
1.122		0.122878
1.123		0.122738
1.124		0.122598
1.125		0.122458
1.126		0.122319
1.127		0.12218
1.128		0.122041
1.129		0.121903
1.13		0.121764
1.131		0.121626
1.132		0.121488
1.133		0.121351
1.134		0.121213
1.135		0.121076
1.136		0.120939
1.137		0.120802
1.138		0.120665
1.139		0.120529
1.14		0.120393
1.141		0.120257
1.142		0.120121
1.143		0.119985
1.144		0.11985
1.145		0.119715
1.146		0.11958
1.147		0.119446
1.148		0.119311
1.149		0.119177
1.15		0.119043
1.151		0.118909
1.152		0.118775
1.153		0.118642
1.154		0.118509
1.155		0.118376
1.156		0.118243
1.157		0.118111
1.158		0.117978
1.159		0.117846
1.16		0.117714
1.161		0.117583
1.162		0.117451
1.163		0.11732
1.164		0.117189
1.165		0.117058
1.166		0.116927
1.167		0.116797
1.168		0.116667
1.169		0.116537
1.17		0.116407
1.171		0.116277
1.172		0.116148
1.173		0.116019
1.174		0.11589
1.175		0.115761
1.176		0.115632
1.177		0.115504
1.178		0.115376
1.179		0.115248
1.18		0.11512
1.181		0.114993
1.182		0.114865
1.183		0.114738
1.184		0.114611
1.185		0.114484
1.186		0.114358
1.187		0.114231
1.188		0.114105
1.189		0.113979
1.19		0.113853
1.191		0.113728
1.192		0.113602
1.193		0.113477
1.194		0.113352
1.195		0.113228
1.196		0.113103
1.197		0.112979
1.198		0.112854
1.199		0.11273
1.2		0.112607
1.201		0.112483
1.202		0.112359
1.203		0.112236
1.204		0.112113
1.205		0.11199
1.206		0.111868
1.207		0.111745
1.208		0.111623
1.209		0.111501
1.21		0.111379
1.211		0.111257
1.212		0.111136
1.213		0.111015
1.214		0.110893
1.215		0.110772
1.216		0.110652
1.217		0.110531
1.218		0.110411
1.219		0.110291
1.22		0.110171
1.221		0.110051
1.222		0.109931
1.223		0.109812
1.224		0.109692
1.225		0.109573
1.226		0.109455
1.227		0.109336
1.228		0.109217
1.229		0.109099
1.23		0.108981
1.231		0.108863
1.232		0.108745
1.233		0.108627
1.234		0.10851
1.235		0.108393
1.236		0.108276
1.237		0.108159
1.238		0.108042
1.239		0.107926
1.24		0.107809
1.241		0.107693
1.242		0.107577
1.243		0.107461
1.244		0.107346
1.245		0.10723
1.246		0.107115
1.247		0.107
1.248		0.106885
1.249		0.10677
1.25		0.106656
1.251		0.106542
1.252		0.106427
1.253		0.106313
1.254		0.1062
1.255		0.106086
1.256		0.105972
1.257		0.105859
1.258		0.105746
1.259		0.105633
1.26		0.10552
1.261		0.105407
1.262		0.105295
1.263		0.105183
1.264		0.105071
1.265		0.104959
1.266		0.104847
1.267		0.104735
1.268		0.104624
1.269		0.104513
1.27		0.104402
1.271		0.104291
1.272		0.10418
1.273		0.104069
1.274		0.103959
1.275		0.103849
1.276		0.103739
1.277		0.103629
1.278		0.103519
1.279		0.103409
1.28		0.1033
1.281		0.103191
1.282		0.103082
1.283		0.102973
1.284		0.102864
1.285		0.102755
1.286		0.102647
1.287		0.102539
1.288		0.102431
1.289		0.102323
1.29		0.102215
1.291		0.102107
1.292		0.102
1.293		0.101893
1.294		0.101786
1.295		0.101679
1.296		0.101572
1.297		0.101465
1.298		0.101359
1.299		0.101253
1.3		0.101146
1.301		0.10104
1.302		0.100935
1.303		0.100829
1.304		0.100724
1.305		0.100618
1.306		0.100513
1.307		0.100408
1.308		0.100303
1.309		0.100198
1.31		0.100094
1.311		0.0999895
1.312		0.0998853
1.313		0.0997812
1.314		0.0996773
1.315		0.0995735
1.316		0.0994699
1.317		0.0993664
1.318		0.0992631
1.319		0.09916
1.32		0.099057
1.321		0.0989542
1.322		0.0988515
1.323		0.098749
1.324		0.0986466
1.325		0.0985444
1.326		0.0984423
1.327		0.0983404
1.328		0.0982386
1.329		0.098137
1.33		0.0980356
1.331		0.0979343
1.332		0.0978331
1.333		0.0977321
1.334		0.0976312
1.335		0.0975305
1.336		0.09743
1.337		0.0973296
1.338		0.0972293
1.339		0.0971292
1.34		0.0970293
1.341		0.0969294
1.342		0.0968298
1.343		0.0967303
1.344		0.0966309
1.345		0.0965317
1.346		0.0964326
1.347		0.0963337
1.348		0.0962349
1.349		0.0961363
1.35		0.0960378
1.351		0.0959395
1.352		0.0958413
1.353		0.0957432
1.354		0.0956453
1.355		0.0955475
1.356		0.0954499
1.357		0.0953525
1.358		0.0952551
1.359		0.0951579
1.36		0.0950609
1.361		0.094964
1.362		0.0948673
1.363		0.0947706
1.364		0.0946742
1.365		0.0945778
1.366		0.0944817
1.367		0.0943856
1.368		0.0942897
1.369		0.0941939
1.37		0.0940983
1.371		0.0940028
1.372		0.0939075
1.373		0.0938123
1.374		0.0937172
1.375		0.0936223
1.376		0.0935275
1.377		0.0934329
1.378		0.0933384
1.379		0.093244
1.38		0.0931498
1.381		0.0930557
1.382		0.0929617
1.383		0.0928679
1.384		0.0927742
1.385		0.0926807
1.386		0.0925873
1.387		0.092494
1.388		0.0924008
1.389		0.0923078
1.39		0.092215
1.391		0.0921222
1.392		0.0920297
1.393		0.0919372
1.394		0.0918449
1.395		0.0917527
1.396		0.0916606
1.397		0.0915687
1.398		0.0914769
1.399		0.0913852
1.4		0.0912937
1.401		0.0912023
1.402		0.0911111
1.403		0.0910199
1.404		0.0909289
1.405		0.0908381
1.406		0.0907473
1.407		0.0906567
1.408		0.0905663
1.409		0.0904759
1.41		0.0903857
1.411		0.0902956
1.412		0.0902057
1.413		0.0901159
1.414		0.0900262
1.415		0.0899366
1.416		0.0898472
1.417		0.0897579
1.418		0.0896687
1.419		0.0895797
1.42		0.0894908
1.421		0.089402
1.422		0.0893133
1.423		0.0892248
1.424		0.0891364
1.425		0.0890481
1.426		0.0889599
1.427		0.0888719
1.428		0.088784
1.429		0.0886962
1.43		0.0886086
1.431		0.0885211
1.432		0.0884337
1.433		0.0883464
1.434		0.0882593
1.435		0.0881722
1.436		0.0880853
1.437		0.0879986
1.438		0.0879119
1.439		0.0878254
1.44		0.087739
1.441		0.0876527
1.442		0.0875665
1.443		0.0874805
1.444		0.0873946
1.445		0.0873088
1.446		0.0872231
1.447		0.0871376
1.448		0.0870522
1.449		0.0869669
1.45		0.0868817
1.451		0.0867966
1.452		0.0867117
1.453		0.0866269
1.454		0.0865422
1.455		0.0864576
1.456		0.0863731
1.457		0.0862888
1.458		0.0862046
1.459		0.0861205
1.46		0.0860365
1.461		0.0859526
1.462		0.0858689
1.463		0.0857853
1.464		0.0857018
1.465		0.0856184
1.466		0.0855351
1.467		0.085452
1.468		0.0853689
1.469		0.085286
1.47		0.0852032
1.471		0.0851205
1.472		0.085038
1.473		0.0849555
1.474		0.0848732
1.475		0.084791
1.476		0.0847088
1.477		0.0846269
1.478		0.084545
1.479		0.0844632
1.48		0.0843816
1.481		0.0843001
1.482		0.0842186
1.483		0.0841373
1.484		0.0840562
1.485		0.0839751
1.486		0.0838941
1.487		0.0838133
1.488		0.0837325
1.489		0.0836519
1.49		0.0835714
1.491		0.083491
1.492		0.0834107
1.493		0.0833306
1.494		0.0832505
1.495		0.0831706
1.496		0.0830907
1.497		0.083011
1.498		0.0829314
1.499		0.0828519
1.5		0.0827725
1.501		0.0826932
1.502		0.0826141
1.503		0.082535
1.504		0.0824561
1.505		0.0823772
1.506		0.0822985
1.507		0.0822199
1.508		0.0821414
1.509		0.082063
1.51		0.0819847
1.511		0.0819065
1.512		0.0818284
1.513		0.0817504
1.514		0.0816726
1.515		0.0815948
1.516		0.0815172
1.517		0.0814396
1.518		0.0813622
1.519		0.0812849
1.52		0.0812077
1.521		0.0811306
1.522		0.0810536
1.523		0.0809767
1.524		0.0808999
1.525		0.0808232
1.526		0.0807466
1.527		0.0806701
1.528		0.0805938
1.529		0.0805175
1.53		0.0804413
1.531		0.0803653
1.532		0.0802893
1.533		0.0802135
1.534		0.0801378
1.535		0.0800621
1.536		0.0799866
1.537		0.0799112
1.538		0.0798358
1.539		0.0797606
1.54		0.0796855
1.541		0.0796105
1.542		0.0795356
1.543		0.0794608
1.544		0.0793861
1.545		0.0793115
1.546		0.0792369
1.547		0.0791625
1.548		0.0790882
1.549		0.079014
1.55		0.07894
1.551		0.078866
1.552		0.0787921
1.553		0.0787183
1.554		0.0786446
1.555		0.078571
1.556		0.0784975
1.557		0.0784241
1.558		0.0783508
1.559		0.0782776
1.56		0.0782045
1.561		0.0781315
1.562		0.0780586
1.563		0.0779858
1.564		0.0779131
1.565		0.0778405
1.566		0.077768
1.567		0.0776956
1.568		0.0776233
1.569		0.0775511
1.57		0.077479
1.571		0.077407
1.572		0.0773351
1.573		0.0772633
1.574		0.0771916
1.575		0.0771199
1.576		0.0770484
1.577		0.076977
1.578		0.0769057
1.579		0.0768344
1.58		0.0767633
1.581		0.0766922
1.582		0.0766213
1.583		0.0765504
1.584		0.0764797
1.585		0.076409
1.586		0.0763385
1.587		0.076268
1.588		0.0761976
1.589		0.0761273
1.59		0.0760572
1.591		0.0759871
1.592		0.0759171
1.593		0.0758472
1.594		0.0757773
1.595		0.0757076
1.596		0.075638
1.597		0.0755685
1.598		0.075499
1.599		0.0754297
1.6		0.0753604
1.601		0.0752913
1.602		0.0752222
1.603		0.0751532
1.604		0.0750844
1.605		0.0750156
1.606		0.0749469
1.607		0.0748783
1.608		0.0748098
1.609		0.0747413
1.61		0.074673
1.611		0.0746048
1.612		0.0745366
1.613		0.0744686
1.614		0.0744006
1.615		0.0743327
1.616		0.0742649
1.617		0.0741972
1.618		0.0741296
1.619		0.0740621
1.62		0.0739947
1.621		0.0739273
1.622		0.0738601
1.623		0.0737929
1.624		0.0737259
1.625		0.0736589
1.626		0.073592
1.627		0.0735252
1.628		0.0734585
1.629		0.0733918
1.63		0.0733253
1.631		0.0732588
1.632		0.0731925
1.633		0.0731262
1.634		0.07306
1.635		0.0729939
1.636		0.0729279
1.637		0.072862
1.638		0.0727961
1.639		0.0727304
1.64		0.0726647
1.641		0.0725991
1.642		0.0725336
1.643		0.0724682
1.644		0.0724029
1.645		0.0723377
1.646		0.0722725
1.647		0.0722075
1.648		0.0721425
1.649		0.0720776
1.65		0.0720128
1.651		0.0719481
1.652		0.0718834
1.653		0.0718189
1.654		0.0717544
1.655		0.07169
1.656		0.0716257
1.657		0.0715615
1.658		0.0714974
1.659		0.0714333
1.66		0.0713693
1.661		0.0713055
1.662		0.0712417
1.663		0.071178
1.664		0.0711143
1.665		0.0710508
1.666		0.0709873
1.667		0.0709239
1.668		0.0708606
1.669		0.0707974
1.67		0.0707343
1.671		0.0706712
1.672		0.0706083
1.673		0.0705454
1.674		0.0704826
1.675		0.0704198
1.676		0.0703572
1.677		0.0702946
1.678		0.0702322
1.679		0.0701698
1.68		0.0701074
1.681		0.0700452
1.682		0.069983
1.683		0.069921
1.684		0.069859
1.685		0.069797
1.686		0.0697352
1.687		0.0696735
1.688		0.0696118
1.689		0.0695502
1.69		0.0694887
1.691		0.0694272
1.692		0.0693659
1.693		0.0693046
1.694		0.0692434
1.695		0.0691823
1.696		0.0691212
1.697		0.0690603
1.698		0.0689994
1.699		0.0689386
1.7		0.0688778
1.701		0.0688172
1.702		0.0687566
1.703		0.0686961
1.704		0.0686357
1.705		0.0685754
1.706		0.0685151
1.707		0.0684549
1.708		0.0683948
1.709		0.0683348
1.71		0.0682748
1.711		0.068215
1.712		0.0681552
1.713		0.0680954
1.714		0.0680358
1.715		0.0679762
1.716		0.0679167
1.717		0.0678573
1.718		0.067798
1.719		0.0677387
1.72		0.0676795
1.721		0.0676204
1.722		0.0675614
1.723		0.0675024
1.724		0.0674435
1.725		0.0673847
1.726		0.067326
1.727		0.0672673
1.728		0.0672087
1.729		0.0671502
1.73		0.0670918
1.731		0.0670334
1.732		0.0669751
1.733		0.0669169
1.734		0.0668587
1.735		0.0668007
1.736		0.0667427
1.737		0.0666848
1.738		0.0666269
1.739		0.0665691
1.74		0.0665114
1.741		0.0664538
1.742		0.0663963
1.743		0.0663388
1.744		0.0662814
1.745		0.066224
1.746		0.0661668
1.747		0.0661096
1.748		0.0660525
1.749		0.0659954
1.75		0.0659384
1.751		0.0658815
1.752		0.0658247
1.753		0.0657679
1.754		0.0657112
1.755		0.0656546
1.756		0.0655981
1.757		0.0655416
1.758		0.0654852
1.759		0.0654289
1.76		0.0653726
1.761		0.0653164
1.762		0.0652603
1.763		0.0652042
1.764		0.0651483
1.765		0.0650924
1.766		0.0650365
1.767		0.0649807
1.768		0.0649251
1.769		0.0648694
1.77		0.0648139
1.771		0.0647584
1.772		0.064703
1.773		0.0646476
1.774		0.0645923
1.775		0.0645371
1.776		0.064482
1.777		0.0644269
1.778		0.0643719
1.779		0.0643169
1.78		0.0642621
1.781		0.0642073
1.782		0.0641525
1.783		0.0640979
1.784		0.0640433
1.785		0.0639888
1.786		0.0639343
1.787		0.0638799
1.788		0.0638256
1.789		0.0637713
1.79		0.0637171
1.791		0.063663
1.792		0.063609
1.793		0.063555
1.794		0.0635011
1.795		0.0634472
1.796		0.0633934
1.797		0.0633397
1.798		0.0632861
1.799		0.0632325
1.8		0.0631789
1.801		0.0631255
1.802		0.0630721
1.803		0.0630188
1.804		0.0629655
1.805		0.0629123
1.806		0.0628592
1.807		0.0628062
1.808		0.0627532
1.809		0.0627002
1.81		0.0626474
1.811		0.0625946
1.812		0.0625419
1.813		0.0624892
1.814		0.0624366
1.815		0.0623841
1.816		0.0623316
1.817		0.0622792
1.818		0.0622268
1.819		0.0621746
1.82		0.0621223
1.821		0.0620702
1.822		0.0620181
1.823		0.0619661
1.824		0.0619141
1.825		0.0618622
1.826		0.0618104
1.827		0.0617586
1.828		0.0617069
1.829		0.0616553
1.83		0.0616037
1.831		0.0615522
1.832		0.0615008
1.833		0.0614494
1.834		0.061398
1.835		0.0613468
1.836		0.0612956
1.837		0.0612444
1.838		0.0611934
1.839		0.0611424
1.84		0.0610914
1.841		0.0610405
1.842		0.0609897
1.843		0.0609389
1.844		0.0608882
1.845		0.0608376
1.846		0.060787
1.847		0.0607365
1.848		0.0606861
1.849		0.0606357
1.85		0.0605853
1.851		0.0605351
1.852		0.0604848
1.853		0.0604347
1.854		0.0603846
1.855		0.0603346
1.856		0.0602846
1.857		0.0602347
1.858		0.0601849
1.859		0.0601351
1.86		0.0600854
1.861		0.0600357
1.862		0.0599861
1.863		0.0599366
1.864		0.0598871
1.865		0.0598376
1.866		0.0597883
1.867		0.059739
1.868		0.0596897
1.869		0.0596405
1.87		0.0595914
1.871		0.0595424
1.872		0.0594933
1.873		0.0594444
1.874		0.0593955
1.875		0.0593467
1.876		0.0592979
1.877		0.0592492
1.878		0.0592005
1.879		0.0591519
1.88		0.0591034
1.881		0.0590549
1.882		0.0590065
1.883		0.0589581
1.884		0.0589098
1.885		0.0588616
1.886		0.0588134
1.887		0.0587653
1.888		0.0587172
1.889		0.0586692
1.89		0.0586212
1.891		0.0585733
1.892		0.0585255
1.893		0.0584777
1.894		0.05843
1.895		0.0583823
1.896		0.0583347
1.897		0.0582871
1.898		0.0582396
1.899		0.0581922
1.9		0.0581448
1.901		0.0580975
1.902		0.0580502
1.903		0.058003
1.904		0.0579558
1.905		0.0579087
1.906		0.0578617
1.907		0.0578147
1.908		0.0577677
1.909		0.0577209
1.91		0.057674
1.911		0.0576273
1.912		0.0575805
1.913		0.0575339
1.914		0.0574873
1.915		0.0574407
1.916		0.0573942
1.917		0.0573478
1.918		0.0573014
1.919		0.0572551
1.92		0.0572088
1.921		0.0571626
1.922		0.0571164
1.923		0.0570703
1.924		0.0570243
1.925		0.0569783
1.926		0.0569323
1.927		0.0568865
1.928		0.0568406
1.929		0.0567948
1.93		0.0567491
1.931		0.0567034
1.932		0.0566578
1.933		0.0566122
1.934		0.0565667
1.935		0.0565213
1.936		0.0564759
1.937		0.0564305
1.938		0.0563852
1.939		0.05634
1.94		0.0562948
1.941		0.0562496
1.942		0.0562046
1.943		0.0561595
1.944		0.0561146
1.945		0.0560696
1.946		0.0560248
1.947		0.0559799
1.948		0.0559352
1.949		0.0558904
1.95		0.0558458
1.951		0.0558012
1.952		0.0557566
1.953		0.0557121
1.954		0.0556677
1.955		0.0556233
1.956		0.0555789
1.957		0.0555346
1.958		0.0554904
1.959		0.0554462
1.96		0.055402
1.961		0.0553579
1.962		0.0553139
1.963		0.0552699
1.964		0.055226
1.965		0.0551821
1.966		0.0551382
1.967		0.0550945
1.968		0.0550507
1.969		0.055007
1.97		0.0549634
1.971		0.0549198
1.972		0.0548763
1.973		0.0548328
1.974		0.0547894
1.975		0.054746
1.976		0.0547027
1.977		0.0546594
1.978		0.0546162
1.979		0.054573
1.98		0.0545299
1.981		0.0544868
1.982		0.0544438
1.983		0.0544008
1.984		0.0543579
1.985		0.054315
1.986		0.0542722
1.987		0.0542294
1.988		0.0541867
1.989		0.054144
1.99		0.0541014
1.991		0.0540588
1.992		0.0540162
1.993		0.0539738
1.994		0.0539313
1.995		0.0538889
1.996		0.0538466
1.997		0.0538043
1.998		0.0537621
1.999		0.0537199
2		0.0536778
2.001		0.0536357
2.002		0.0535936
2.003		0.0535516
2.004		0.0535097
2.005		0.0534678
2.006		0.0534259
2.007		0.0533841
2.008		0.0533424
2.009		0.0533007
2.01		0.053259
2.011		0.0532174
2.012		0.0531758
2.013		0.0531343
2.014		0.0530928
2.015		0.0530514
2.016		0.0530101
2.017		0.0529687
2.018		0.0529275
2.019		0.0528862
2.02		0.052845
2.021		0.0528039
2.022		0.0527628
2.023		0.0527218
2.024		0.0526808
2.025		0.0526398
2.026		0.0525989
2.027		0.0525581
2.028		0.0525173
2.029		0.0524765
2.03		0.0524358
2.031		0.0523951
2.032		0.0523545
2.033		0.0523139
2.034		0.0522734
2.035		0.0522329
2.036		0.0521925
2.037		0.0521521
2.038		0.0521117
2.039		0.0520714
2.04		0.0520312
2.041		0.051991
2.042		0.0519508
2.043		0.0519107
2.044		0.0518706
2.045		0.0518306
2.046		0.0517906
2.047		0.0517507
2.048		0.0517108
2.049		0.0516709
2.05		0.0516311
2.051		0.0515914
2.052		0.0515516
2.053		0.051512
2.054		0.0514724
2.055		0.0514328
2.056		0.0513933
2.057		0.0513538
2.058		0.0513143
2.059		0.0512749
2.06		0.0512356
2.061		0.0511963
2.062		0.051157
2.063		0.0511178
2.064		0.0510786
2.065		0.0510395
2.066		0.0510004
2.067		0.0509613
2.068		0.0509223
2.069		0.0508834
2.07		0.0508445
2.071		0.0508056
2.072		0.0507668
2.073		0.050728
2.074		0.0506893
2.075		0.0506506
2.076		0.0506119
2.077		0.0505733
2.078		0.0505347
2.079		0.0504962
2.08		0.0504577
2.081		0.0504193
2.082		0.0503809
2.083		0.0503426
2.084		0.0503043
2.085		0.050266
2.086		0.0502278
2.087		0.0501896
2.088		0.0501515
2.089		0.0501134
2.09		0.0500753
2.091		0.0500373
2.092		0.0499993
2.093		0.0499614
2.094		0.0499235
2.095		0.0498857
2.096		0.0498479
2.097		0.0498101
2.098		0.0497724
2.099		0.0497348
2.1		0.0496971
2.101		0.0496596
2.102		0.049622
2.103		0.0495845
2.104		0.049547
2.105		0.0495096
2.106		0.0494722
2.107		0.0494349
2.108		0.0493976
2.109		0.0493604
2.11		0.0493231
2.111		0.049286
2.112		0.0492488
2.113		0.0492118
2.114		0.0491747
2.115		0.0491377
2.116		0.0491007
2.117		0.0490638
2.118		0.0490269
2.119		0.0489901
2.12		0.0489533
2.121		0.0489165
2.122		0.0488798
2.123		0.0488431
2.124		0.0488065
2.125		0.0487699
2.126		0.0487333
2.127		0.0486968
2.128		0.0486603
2.129		0.0486239
2.13		0.0485875
2.131		0.0485511
2.132		0.0485148
2.133		0.0484785
2.134		0.0484423
2.135		0.0484061
2.136		0.0483699
2.137		0.0483338
2.138		0.0482977
2.139		0.0482617
2.14		0.0482257
2.141		0.0481897
2.142		0.0481538
2.143		0.0481179
2.144		0.0480821
2.145		0.0480463
2.146		0.0480105
2.147		0.0479748
2.148		0.0479391
2.149		0.0479034
2.15		0.0478678
2.151		0.0478323
2.152		0.0477967
2.153		0.0477612
2.154		0.0477258
2.155		0.0476904
2.156		0.047655
2.157		0.0476197
2.158		0.0475844
2.159		0.0475491
2.16		0.0475139
2.161		0.0474787
2.162		0.0474436
2.163		0.0474085
2.164		0.0473734
2.165		0.0473384
2.166		0.0473034
2.167		0.0472684
2.168		0.0472335
2.169		0.0471986
2.17		0.0471638
2.171		0.047129
2.172		0.0470942
2.173		0.0470595
2.174		0.0470248
2.175		0.0469901
2.176		0.0469555
2.177		0.0469209
2.178		0.0468864
2.179		0.0468519
2.18		0.0468174
2.181		0.046783
2.182		0.0467486
2.183		0.0467143
2.184		0.04668
2.185		0.0466457
2.186		0.0466114
2.187		0.0465772
2.188		0.0465431
2.189		0.0465089
2.19		0.0464748
2.191		0.0464408
2.192		0.0464068
2.193		0.0463728
2.194		0.0463388
2.195		0.0463049
2.196		0.0462711
2.197		0.0462372
2.198		0.0462034
2.199		0.0461696
2.2		0.0461359
2.201		0.0461022
2.202		0.0460686
2.203		0.046035
2.204		0.0460014
2.205		0.0459678
2.206		0.0459343
2.207		0.0459008
2.208		0.0458674
2.209		0.045834
2.21		0.0458006
2.211		0.0457673
2.212		0.045734
2.213		0.0457007
2.214		0.0456675
2.215		0.0456343
2.216		0.0456012
2.217		0.045568
2.218		0.045535
2.219		0.0455019
2.22		0.0454689
2.221		0.0454359
2.222		0.045403
2.223		0.0453701
2.224		0.0453372
2.225		0.0453044
2.226		0.0452716
2.227		0.0452388
2.228		0.0452061
2.229		0.0451734
2.23		0.0451407
2.231		0.0451081
2.232		0.0450755
2.233		0.0450429
2.234		0.0450104
2.235		0.0449779
2.236		0.0449455
2.237		0.044913
2.238		0.0448807
2.239		0.0448483
2.24		0.044816
2.241		0.0447837
2.242		0.0447515
2.243		0.0447192
2.244		0.0446871
2.245		0.0446549
2.246		0.0446228
2.247		0.0445907
2.248		0.0445587
2.249		0.0445267
2.25		0.0444947
2.251		0.0444628
2.252		0.0444309
2.253		0.044399
2.254		0.0443671
2.255		0.0443353
2.256		0.0443036
2.257		0.0442718
2.258		0.0442401
2.259		0.0442084
2.26		0.0441768
2.261		0.0441452
2.262		0.0441136
2.263		0.0440821
2.264		0.0440506
2.265		0.0440191
2.266		0.0439877
2.267		0.0439562
2.268		0.0439249
2.269		0.0438935
2.27		0.0438622
2.271		0.0438309
2.272		0.0437997
2.273		0.0437685
2.274		0.0437373
2.275		0.0437062
2.276		0.0436751
2.277		0.043644
2.278		0.0436129
2.279		0.0435819
2.28		0.0435509
2.281		0.04352
2.282		0.0434891
2.283		0.0434582
2.284		0.0434273
2.285		0.0433965
2.286		0.0433657
2.287		0.043335
2.288		0.0433043
2.289		0.0432736
2.29		0.0432429
2.291		0.0432123
2.292		0.0431817
2.293		0.0431511
2.294		0.0431206
2.295		0.0430901
2.296		0.0430596
2.297		0.0430292
2.298		0.0429988
2.299		0.0429684
2.3		0.0429381
2.301		0.0429078
2.302		0.0428775
2.303		0.0428472
2.304		0.042817
2.305		0.0427868
2.306		0.0427567
2.307		0.0427266
2.308		0.0426965
2.309		0.0426664
2.31		0.0426364
2.311		0.0426064
2.312		0.0425764
2.313		0.0425465
2.314		0.0425166
2.315		0.0424867
2.316		0.0424569
2.317		0.0424271
2.318		0.0423973
2.319		0.0423675
2.32		0.0423378
2.321		0.0423081
2.322		0.0422785
2.323		0.0422488
2.324		0.0422192
2.325		0.0421897
2.326		0.0421601
2.327		0.0421306
2.328		0.0421012
2.329		0.0420717
2.33		0.0420423
2.331		0.0420129
2.332		0.0419836
2.333		0.0419543
2.334		0.041925
2.335		0.0418957
2.336		0.0418665
2.337		0.0418373
2.338		0.0418081
2.339		0.041779
2.34		0.0417498
2.341		0.0417208
2.342		0.0416917
2.343		0.0416627
2.344		0.0416337
2.345		0.0416047
2.346		0.0415758
2.347		0.0415469
2.348		0.041518
2.349		0.0414892
2.35		0.0414604
2.351		0.0414316
2.352		0.0414028
2.353		0.0413741
2.354		0.0413454
2.355		0.0413167
2.356		0.0412881
2.357		0.0412595
2.358		0.0412309
2.359		0.0412024
2.36		0.0411738
2.361		0.0411453
2.362		0.0411169
2.363		0.0410885
2.364		0.04106
2.365		0.0410317
2.366		0.0410033
2.367		0.040975
2.368		0.0409467
2.369		0.0409185
2.37		0.0408902
2.371		0.040862
2.372		0.0408338
2.373		0.0408057
2.374		0.0407776
2.375		0.0407495
2.376		0.0407214
2.377		0.0406934
2.378		0.0406654
2.379		0.0406374
2.38		0.0406095
2.381		0.0405816
2.382		0.0405537
2.383		0.0405258
2.384		0.040498
2.385		0.0404702
2.386		0.0404424
2.387		0.0404146
2.388		0.0403869
2.389		0.0403592
2.39		0.0403316
2.391		0.0403039
2.392		0.0402763
2.393		0.0402487
2.394		0.0402212
2.395		0.0401937
2.396		0.0401662
2.397		0.0401387
2.398		0.0401113
2.399		0.0400838
2.4		0.0400565
2.401		0.0400291
2.402		0.0400018
2.403		0.0399745
2.404		0.0399472
2.405		0.0399199
2.406		0.0398927
2.407		0.0398655
2.408		0.0398383
2.409		0.0398112
2.41		0.0397841
2.411		0.039757
2.412		0.03973
2.413		0.0397029
2.414		0.0396759
2.415		0.0396489
2.416		0.039622
2.417		0.0395951
2.418		0.0395682
2.419		0.0395413
2.42		0.0395145
2.421		0.0394877
2.422		0.0394609
2.423		0.0394341
2.424		0.0394074
2.425		0.0393807
2.426		0.039354
2.427		0.0393273
2.428		0.0393007
2.429		0.0392741
2.43		0.0392475
2.431		0.039221
2.432		0.0391945
2.433		0.039168
2.434		0.0391415
2.435		0.039115
2.436		0.0390886
2.437		0.0390622
2.438		0.0390359
2.439		0.0390095
2.44		0.0389832
2.441		0.0389569
2.442		0.0389307
2.443		0.0389045
2.444		0.0388782
2.445		0.0388521
2.446		0.0388259
2.447		0.0387998
2.448		0.0387737
2.449		0.0387476
2.45		0.0387216
2.451		0.0386955
2.452		0.0386695
2.453		0.0386436
2.454		0.0386176
2.455		0.0385917
2.456		0.0385658
2.457		0.0385399
2.458		0.0385141
2.459		0.0384883
2.46		0.0384625
2.461		0.0384367
2.462		0.038411
2.463		0.0383852
2.464		0.0383595
2.465		0.0383339
2.466		0.0383082
2.467		0.0382826
2.468		0.038257
2.469		0.0382315
2.47		0.0382059
2.471		0.0381804
2.472		0.0381549
2.473		0.0381295
2.474		0.038104
2.475		0.0380786
2.476		0.0380532
2.477		0.0380278
2.478		0.0380025
2.479		0.0379772
2.48		0.0379519
2.481		0.0379266
2.482		0.0379014
2.483		0.0378762
2.484		0.037851
2.485		0.0378258
2.486		0.0378007
2.487		0.0377756
2.488		0.0377505
2.489		0.0377254
2.49		0.0377004
2.491		0.0376754
2.492		0.0376504
2.493		0.0376254
2.494		0.0376004
2.495		0.0375755
2.496		0.0375506
2.497		0.0375258
2.498		0.0375009
2.499		0.0374761
2.5		0.0374513
2.501		0.0374265
2.502		0.0374018
2.503		0.037377
2.504		0.0373523
2.505		0.0373277
2.506		0.037303
2.507		0.0372784
2.508		0.0372538
2.509		0.0372292
2.51		0.0372046
2.511		0.0371801
2.512		0.0371556
2.513		0.0371311
2.514		0.0371066
2.515		0.0370822
2.516		0.0370578
2.517		0.0370334
2.518		0.037009
2.519		0.0369847
2.52		0.0369604
2.521		0.0369361
2.522		0.0369118
2.523		0.0368875
2.524		0.0368633
2.525		0.0368391
2.526		0.0368149
2.527		0.0367908
2.528		0.0367666
2.529		0.0367425
2.53		0.0367185
2.531		0.0366944
2.532		0.0366704
2.533		0.0366463
2.534		0.0366223
2.535		0.0365984
2.536		0.0365744
2.537		0.0365505
2.538		0.0365266
2.539		0.0365027
2.54		0.0364789
2.541		0.036455
2.542		0.0364312
2.543		0.0364075
2.544		0.0363837
2.545		0.03636
2.546		0.0363362
2.547		0.0363125
2.548		0.0362889
2.549		0.0362652
2.55		0.0362416
2.551		0.036218
2.552		0.0361944
2.553		0.0361709
2.554		0.0361473
2.555		0.0361238
2.556		0.0361003
2.557		0.0360769
2.558		0.0360534
2.559		0.03603
2.56		0.0360066
2.561		0.0359832
2.562		0.0359599
2.563		0.0359365
2.564		0.0359132
2.565		0.0358899
2.566		0.0358667
2.567		0.0358434
2.568		0.0358202
2.569		0.035797
2.57		0.0357738
2.571		0.0357507
2.572		0.0357276
2.573		0.0357044
2.574		0.0356814
2.575		0.0356583
2.576		0.0356353
2.577		0.0356122
2.578		0.0355892
2.579		0.0355663
2.58		0.0355433
2.581		0.0355204
2.582		0.0354975
2.583		0.0354746
2.584		0.0354517
2.585		0.0354289
2.586		0.035406
2.587		0.0353832
2.588		0.0353604
2.589		0.0353377
2.59		0.0353149
2.591		0.0352922
2.592		0.0352695
2.593		0.0352469
2.594		0.0352242
2.595		0.0352016
2.596		0.035179
2.597		0.0351564
2.598		0.0351338
2.599		0.0351113
2.6		0.0350888
2.601		0.0350663
2.602		0.0350438
2.603		0.0350213
2.604		0.0349989
2.605		0.0349765
2.606		0.0349541
2.607		0.0349317
2.608		0.0349093
2.609		0.034887
2.61		0.0348647
2.611		0.0348424
2.612		0.0348201
2.613		0.0347979
2.614		0.0347757
2.615		0.0347535
2.616		0.0347313
2.617		0.0347091
2.618		0.034687
2.619		0.0346648
2.62		0.0346427
2.621		0.0346207
2.622		0.0345986
2.623		0.0345766
2.624		0.0345546
2.625		0.0345326
2.626		0.0345106
2.627		0.0344886
2.628		0.0344667
2.629		0.0344448
2.63		0.0344229
2.631		0.034401
2.632		0.0343792
2.633		0.0343573
2.634		0.0343355
2.635		0.0343137
2.636		0.0342919
2.637		0.0342702
2.638		0.0342485
2.639		0.0342268
2.64		0.0342051
2.641		0.0341834
2.642		0.0341617
2.643		0.0341401
2.644		0.0341185
2.645		0.0340969
2.646		0.0340754
2.647		0.0340538
2.648		0.0340323
2.649		0.0340108
2.65		0.0339893
2.651		0.0339678
2.652		0.0339464
2.653		0.0339249
2.654		0.0339035
2.655		0.0338822
2.656		0.0338608
2.657		0.0338394
2.658		0.0338181
2.659		0.0337968
2.66		0.0337755
2.661		0.0337542
2.662		0.033733
2.663		0.0337118
2.664		0.0336906
2.665		0.0336694
2.666		0.0336482
2.667		0.0336271
2.668		0.0336059
2.669		0.0335848
2.67		0.0335637
2.671		0.0335427
2.672		0.0335216
2.673		0.0335006
2.674		0.0334796
2.675		0.0334586
2.676		0.0334376
2.677		0.0334166
2.678		0.0333957
2.679		0.0333748
2.68		0.0333539
2.681		0.033333
2.682		0.0333122
2.683		0.0332913
2.684		0.0332705
2.685		0.0332497
2.686		0.0332289
2.687		0.0332082
2.688		0.0331874
2.689		0.0331667
2.69		0.033146
2.691		0.0331253
2.692		0.0331046
2.693		0.033084
2.694		0.0330634
2.695		0.0330428
2.696		0.0330222
2.697		0.0330016
2.698		0.032981
2.699		0.0329605
2.7		0.03294
2.701		0.0329195
2.702		0.032899
2.703		0.0328786
2.704		0.0328581
2.705		0.0328377
2.706		0.0328173
2.707		0.0327969
2.708		0.0327766
2.709		0.0327562
2.71		0.0327359
2.711		0.0327156
2.712		0.0326953
2.713		0.032675
2.714		0.0326548
2.715		0.0326345
2.716		0.0326143
2.717		0.0325941
2.718		0.032574
2.719		0.0325538
2.72		0.0325337
2.721		0.0325135
2.722		0.0324934
2.723		0.0324733
2.724		0.0324533
2.725		0.0324332
2.726		0.0324132
2.727		0.0323932
2.728		0.0323732
2.729		0.0323532
2.73		0.0323333
2.731		0.0323133
2.732		0.0322934
2.733		0.0322735
2.734		0.0322536
2.735		0.0322338
2.736		0.0322139
2.737		0.0321941
2.738		0.0321743
2.739		0.0321545
2.74		0.0321347
2.741		0.0321149
2.742		0.0320952
2.743		0.0320755
2.744		0.0320558
2.745		0.0320361
2.746		0.0320164
2.747		0.0319968
2.748		0.0319771
2.749		0.0319575
2.75		0.0319379
2.751		0.0319183
2.752		0.0318988
2.753		0.0318792
2.754		0.0318597
2.755		0.0318402
2.756		0.0318207
2.757		0.0318012
2.758		0.0317818
2.759		0.0317623
2.76		0.0317429
2.761		0.0317235
2.762		0.0317041
2.763		0.0316848
2.764		0.0316654
2.765		0.0316461
2.766		0.0316268
2.767		0.0316075
2.768		0.0315882
2.769		0.0315689
2.77		0.0315497
2.771		0.0315304
2.772		0.0315112
2.773		0.031492
2.774		0.0314729
2.775		0.0314537
2.776		0.0314346
2.777		0.0314154
2.778		0.0313963
2.779		0.0313772
2.78		0.0313582
2.781		0.0313391
2.782		0.0313201
2.783		0.0313011
2.784		0.0312821
2.785		0.0312631
2.786		0.0312441
2.787		0.0312251
2.788		0.0312062
2.789		0.0311873
2.79		0.0311684
2.791		0.0311495
2.792		0.0311306
2.793		0.0311118
2.794		0.0310929
2.795		0.0310741
2.796		0.0310553
2.797		0.0310365
2.798		0.0310178
2.799		0.030999
2.8		0.0309803
2.801		0.0309616
2.802		0.0309429
2.803		0.0309242
2.804		0.0309055
2.805		0.0308869
2.806		0.0308682
2.807		0.0308496
2.808		0.030831
2.809		0.0308124
2.81		0.0307939
2.811		0.0307753
2.812		0.0307568
2.813		0.0307383
2.814		0.0307198
2.815		0.0307013
2.816		0.0306828
2.817		0.0306644
2.818		0.0306459
2.819		0.0306275
2.82		0.0306091
2.821		0.0305907
2.822		0.0305723
2.823		0.030554
2.824		0.0305357
2.825		0.0305173
2.826		0.030499
2.827		0.0304807
2.828		0.0304625
2.829		0.0304442
2.83		0.030426
2.831		0.0304077
2.832		0.0303895
2.833		0.0303714
2.834		0.0303532
2.835		0.030335
2.836		0.0303169
2.837		0.0302987
2.838		0.0302806
2.839		0.0302625
2.84		0.0302445
2.841		0.0302264
2.842		0.0302084
2.843		0.0301903
2.844		0.0301723
2.845		0.0301543
2.846		0.0301363
2.847		0.0301184
2.848		0.0301004
2.849		0.0300825
2.85		0.0300645
2.851		0.0300466
2.852		0.0300288
2.853		0.0300109
2.854		0.029993
2.855		0.0299752
2.856		0.0299574
2.857		0.0299396
2.858		0.0299218
2.859		0.029904
2.86		0.0298862
2.861		0.0298685
2.862		0.0298507
2.863		0.029833
2.864		0.0298153
2.865		0.0297976
2.866		0.02978
2.867		0.0297623
2.868		0.0297447
2.869		0.0297271
2.87		0.0297094
2.871		0.0296919
2.872		0.0296743
2.873		0.0296567
2.874		0.0296392
2.875		0.0296216
2.876		0.0296041
2.877		0.0295866
2.878		0.0295691
2.879		0.0295517
2.88		0.0295342
2.881		0.0295168
2.882		0.0294994
2.883		0.0294819
2.884		0.0294646
2.885		0.0294472
2.886		0.0294298
2.887		0.0294125
2.888		0.0293951
2.889		0.0293778
2.89		0.0293605
2.891		0.0293432
2.892		0.029326
2.893		0.0293087
2.894		0.0292915
2.895		0.0292742
2.896		0.029257
2.897		0.0292398
2.898		0.0292226
2.899		0.0292055
2.9		0.0291883
2.901		0.0291712
2.902		0.0291541
2.903		0.029137
2.904		0.0291199
2.905		0.0291028
2.906		0.0290857
2.907		0.0290687
2.908		0.0290516
2.909		0.0290346
2.91		0.0290176
2.911		0.0290006
2.912		0.0289837
2.913		0.0289667
2.914		0.0289498
2.915		0.0289328
2.916		0.0289159
2.917		0.028899
2.918		0.0288821
2.919		0.0288653
2.92		0.0288484
2.921		0.0288316
2.922		0.0288147
2.923		0.0287979
2.924		0.0287811
2.925		0.0287643
2.926		0.0287476
2.927		0.0287308
2.928		0.0287141
2.929		0.0286973
2.93		0.0286806
2.931		0.0286639
2.932		0.0286472
2.933		0.0286306
2.934		0.0286139
2.935		0.0285973
2.936		0.0285807
2.937		0.028564
2.938		0.0285474
2.939		0.0285309
2.94		0.0285143
2.941		0.0284977
2.942		0.0284812
2.943		0.0284647
2.944		0.0284482
2.945		0.0284317
2.946		0.0284152
2.947		0.0283987
2.948		0.0283823
2.949		0.0283658
2.95		0.0283494
2.951		0.028333
2.952		0.0283166
2.953		0.0283002
2.954		0.0282838
2.955		0.0282675
2.956		0.0282511
2.957		0.0282348
2.958		0.0282185
2.959		0.0282022
2.96		0.0281859
2.961		0.0281696
2.962		0.0281534
2.963		0.0281371
2.964		0.0281209
2.965		0.0281047
2.966		0.0280885
2.967		0.0280723
2.968		0.0280561
2.969		0.0280399
2.97		0.0280238
2.971		0.0280077
2.972		0.0279915
2.973		0.0279754
2.974		0.0279593
2.975		0.0279433
2.976		0.0279272
2.977		0.0279111
2.978		0.0278951
2.979		0.0278791
2.98		0.0278631
2.981		0.0278471
2.982		0.0278311
2.983		0.0278151
2.984		0.0277992
2.985		0.0277832
2.986		0.0277673
2.987		0.0277514
2.988		0.0277355
2.989		0.0277196
2.99		0.0277037
2.991		0.0276879
2.992		0.027672
2.993		0.0276562
2.994		0.0276403
2.995		0.0276245
2.996		0.0276087
2.997		0.027593
2.998		0.0275772
2.999		0.0275614
3		0.0275457
3.001		0.02753
3.002		0.0275143
3.003		0.0274986
3.004		0.0274829
3.005		0.0274672
3.006		0.0274515
3.007		0.0274359
3.008		0.0274202
3.009		0.0274046
3.01		0.027389
3.011		0.0273734
3.012		0.0273578
3.013		0.0273423
3.014		0.0273267
3.015		0.0273112
3.016		0.0272956
3.017		0.0272801
3.018		0.0272646
3.019		0.0272491
3.02		0.0272336
3.021		0.0272182
3.022		0.0272027
3.023		0.0271873
3.024		0.0271719
3.025		0.0271565
3.026		0.0271411
3.027		0.0271257
3.028		0.0271103
3.029		0.0270949
3.03		0.0270796
3.031		0.0270643
3.032		0.0270489
3.033		0.0270336
3.034		0.0270183
3.035		0.027003
3.036		0.0269878
3.037		0.0269725
3.038		0.0269573
3.039		0.026942
3.04		0.0269268
3.041		0.0269116
3.042		0.0268964
3.043		0.0268812
3.044		0.0268661
3.045		0.0268509
3.046		0.0268358
3.047		0.0268206
3.048		0.0268055
3.049		0.0267904
3.05		0.0267753
3.051		0.0267602
3.052		0.0267452
3.053		0.0267301
3.054		0.0267151
3.055		0.0267
3.056		0.026685
3.057		0.02667
3.058		0.026655
3.059		0.02664
3.06		0.0266251
3.061		0.0266101
3.062		0.0265952
3.063		0.0265802
3.064		0.0265653
3.065		0.0265504
3.066		0.0265355
3.067		0.0265206
3.068		0.0265058
3.069		0.0264909
3.07		0.0264761
3.071		0.0264612
3.072		0.0264464
3.073		0.0264316
3.074		0.0264168
3.075		0.026402
3.076		0.0263873
3.077		0.0263725
3.078		0.0263578
3.079		0.026343
3.08		0.0263283
3.081		0.0263136
3.082		0.0262989
3.083		0.0262842
3.084		0.0262696
3.085		0.0262549
3.086		0.0262402
3.087		0.0262256
3.088		0.026211
3.089		0.0261964
3.09		0.0261818
3.091		0.0261672
3.092		0.0261526
3.093		0.026138
3.094		0.0261235
3.095		0.026109
3.096		0.0260944
3.097		0.0260799
3.098		0.0260654
3.099		0.0260509
3.1		0.0260364
3.101		0.026022
3.102		0.0260075
3.103		0.0259931
3.104		0.0259786
3.105		0.0259642
3.106		0.0259498
3.107		0.0259354
3.108		0.025921
3.109		0.0259067
3.11		0.0258923
3.111		0.0258779
3.112		0.0258636
3.113		0.0258493
3.114		0.025835
3.115		0.0258207
3.116		0.0258064
3.117		0.0257921
3.118		0.0257778
3.119		0.0257636
3.12		0.0257493
3.121		0.0257351
3.122		0.0257209
3.123		0.0257067
3.124		0.0256925
3.125		0.0256783
3.126		0.0256641
3.127		0.02565
3.128		0.0256358
3.129		0.0256217
3.13		0.0256075
3.131		0.0255934
3.132		0.0255793
3.133		0.0255652
3.134		0.0255511
3.135		0.0255371
3.136		0.025523
3.137		0.025509
3.138		0.0254949
3.139		0.0254809
3.14		0.0254669
3.141		0.0254529
3.142		0.0254389
3.143		0.0254249
3.144		0.025411
3.145		0.025397
3.146		0.0253831
3.147		0.0253691
3.148		0.0253552
3.149		0.0253413
3.15		0.0253274
3.151		0.0253135
3.152		0.0252996
3.153		0.0252858
3.154		0.0252719
3.155		0.0252581
3.156		0.0252442
3.157		0.0252304
3.158		0.0252166
3.159		0.0252028
3.16		0.025189
3.161		0.0251753
3.162		0.0251615
3.163		0.0251477
3.164		0.025134
3.165		0.0251203
3.166		0.0251065
3.167		0.0250928
3.168		0.0250791
3.169		0.0250655
3.17		0.0250518
3.171		0.0250381
3.172		0.0250245
3.173		0.0250108
3.174		0.0249972
3.175		0.0249836
3.176		0.02497
3.177		0.0249564
3.178		0.0249428
3.179		0.0249292
3.18		0.0249156
3.181		0.0249021
3.182		0.0248885
3.183		0.024875
3.184		0.0248615
3.185		0.024848
3.186		0.0248345
3.187		0.024821
3.188		0.0248075
3.189		0.024794
3.19		0.0247806
3.191		0.0247671
3.192		0.0247537
3.193		0.0247403
3.194		0.0247269
3.195		0.0247135
3.196		0.0247001
3.197		0.0246867
3.198		0.0246733
3.199		0.02466
3.2		0.0246466
3.201		0.0246333
3.202		0.02462
3.203		0.0246066
3.204		0.0245933
3.205		0.02458
3.206		0.0245668
3.207		0.0245535
3.208		0.0245402
3.209		0.024527
3.21		0.0245137
3.211		0.0245005
3.212		0.0244873
3.213		0.0244741
3.214		0.0244609
3.215		0.0244477
3.216		0.0244345
3.217		0.0244213
3.218		0.0244082
3.219		0.024395
3.22		0.0243819
3.221		0.0243688
3.222		0.0243557
3.223		0.0243426
3.224		0.0243295
3.225		0.0243164
3.226		0.0243033
3.227		0.0242902
3.228		0.0242772
3.229		0.0242641
3.23		0.0242511
3.231		0.0242381
3.232		0.0242251
3.233		0.0242121
3.234		0.0241991
3.235		0.0241861
3.236		0.0241731
3.237		0.0241602
3.238		0.0241472
3.239		0.0241343
3.24		0.0241214
3.241		0.0241084
3.242		0.0240955
3.243		0.0240826
3.244		0.0240698
3.245		0.0240569
3.246		0.024044
3.247		0.0240312
3.248		0.0240183
3.249		0.0240055
3.25		0.0239926
3.251		0.0239798
3.252		0.023967
3.253		0.0239542
3.254		0.0239414
3.255		0.0239287
3.256		0.0239159
3.257		0.0239032
3.258		0.0238904
3.259		0.0238777
3.26		0.0238649
3.261		0.0238522
3.262		0.0238395
3.263		0.0238268
3.264		0.0238141
3.265		0.0238015
3.266		0.0237888
3.267		0.0237762
3.268		0.0237635
3.269		0.0237509
3.27		0.0237383
3.271		0.0237256
3.272		0.023713
3.273		0.0237004
3.274		0.0236879
3.275		0.0236753
3.276		0.0236627
3.277		0.0236502
3.278		0.0236376
3.279		0.0236251
3.28		0.0236126
3.281		0.0236
3.282		0.0235875
3.283		0.023575
3.284		0.0235625
3.285		0.0235501
3.286		0.0235376
3.287		0.0235251
3.288		0.0235127
3.289		0.0235003
3.29		0.0234878
3.291		0.0234754
3.292		0.023463
3.293		0.0234506
3.294		0.0234382
3.295		0.0234258
3.296		0.0234135
3.297		0.0234011
3.298		0.0233888
3.299		0.0233764
3.3		0.0233641
3.301		0.0233518
3.302		0.0233395
3.303		0.0233272
3.304		0.0233149
3.305		0.0233026
3.306		0.0232903
3.307		0.0232781
3.308		0.0232658
3.309		0.0232536
3.31		0.0232413
3.311		0.0232291
3.312		0.0232169
3.313		0.0232047
3.314		0.0231925
3.315		0.0231803
3.316		0.0231681
3.317		0.0231559
3.318		0.0231438
3.319		0.0231316
3.32		0.0231195
3.321		0.0231074
3.322		0.0230953
3.323		0.0230831
3.324		0.023071
3.325		0.0230589
3.326		0.0230469
3.327		0.0230348
3.328		0.0230227
3.329		0.0230107
3.33		0.0229986
3.331		0.0229866
3.332		0.0229746
3.333		0.0229625
3.334		0.0229505
3.335		0.0229385
3.336		0.0229266
3.337		0.0229146
3.338		0.0229026
3.339		0.0228906
3.34		0.0228787
3.341		0.0228667
3.342		0.0228548
3.343		0.0228429
3.344		0.022831
3.345		0.0228191
3.346		0.0228072
3.347		0.0227953
3.348		0.0227834
3.349		0.0227715
3.35		0.0227597
3.351		0.0227478
3.352		0.022736
3.353		0.0227242
3.354		0.0227123
3.355		0.0227005
3.356		0.0226887
3.357		0.0226769
3.358		0.0226651
3.359		0.0226534
3.36		0.0226416
3.361		0.0226298
3.362		0.0226181
3.363		0.0226063
3.364		0.0225946
3.365		0.0225829
3.366		0.0225712
3.367		0.0225595
3.368		0.0225478
3.369		0.0225361
3.37		0.0225244
3.371		0.0225127
3.372		0.0225011
3.373		0.0224894
3.374		0.0224778
3.375		0.0224661
3.376		0.0224545
3.377		0.0224429
3.378		0.0224313
3.379		0.0224197
3.38		0.0224081
3.381		0.0223965
3.382		0.022385
3.383		0.0223734
3.384		0.0223618
3.385		0.0223503
3.386		0.0223388
3.387		0.0223272
3.388		0.0223157
3.389		0.0223042
3.39		0.0222927
3.391		0.0222812
3.392		0.0222697
3.393		0.0222583
3.394		0.0222468
3.395		0.0222353
3.396		0.0222239
3.397		0.0222125
3.398		0.022201
3.399		0.0221896
3.4		0.0221782
3.401		0.0221668
3.402		0.0221554
3.403		0.022144
3.404		0.0221326
3.405		0.0221213
3.406		0.0221099
3.407		0.0220985
3.408		0.0220872
3.409		0.0220759
3.41		0.0220645
3.411		0.0220532
3.412		0.0220419
3.413		0.0220306
3.414		0.0220193
3.415		0.022008
3.416		0.0219968
3.417		0.0219855
3.418		0.0219742
3.419		0.021963
3.42		0.0219518
3.421		0.0219405
3.422		0.0219293
3.423		0.0219181
3.424		0.0219069
3.425		0.0218957
3.426		0.0218845
3.427		0.0218733
3.428		0.0218621
3.429		0.021851
3.43		0.0218398
3.431		0.0218287
3.432		0.0218175
3.433		0.0218064
3.434		0.0217953
3.435		0.0217842
3.436		0.0217731
3.437		0.021762
3.438		0.0217509
3.439		0.0217398
3.44		0.0217287
3.441		0.0217177
3.442		0.0217066
3.443		0.0216956
3.444		0.0216845
3.445		0.0216735
3.446		0.0216625
3.447		0.0216515
3.448		0.0216405
3.449		0.0216295
3.45		0.0216185
3.451		0.0216075
3.452		0.0215965
3.453		0.0215856
3.454		0.0215746
3.455		0.0215637
3.456		0.0215527
3.457		0.0215418
3.458		0.0215309
3.459		0.02152
3.46		0.0215091
3.461		0.0214982
3.462		0.0214873
3.463		0.0214764
3.464		0.0214655
3.465		0.0214547
3.466		0.0214438
3.467		0.021433
3.468		0.0214221
3.469		0.0214113
3.47		0.0214005
3.471		0.0213897
3.472		0.0213789
3.473		0.0213681
3.474		0.0213573
3.475		0.0213465
3.476		0.0213357
3.477		0.0213249
3.478		0.0213142
3.479		0.0213034
3.48		0.0212927
3.481		0.021282
3.482		0.0212712
3.483		0.0212605
3.484		0.0212498
3.485		0.0212391
3.486		0.0212284
3.487		0.0212177
3.488		0.021207
3.489		0.0211964
3.49		0.0211857
3.491		0.0211751
3.492		0.0211644
3.493		0.0211538
3.494		0.0211431
3.495		0.0211325
3.496		0.0211219
3.497		0.0211113
3.498		0.0211007
3.499		0.0210901
3.5		0.0210795
3.501		0.0210689
3.502		0.0210584
3.503		0.0210478
3.504		0.0210373
3.505		0.0210267
3.506		0.0210162
3.507		0.0210057
3.508		0.0209951
3.509		0.0209846
3.51		0.0209741
3.511		0.0209636
3.512		0.0209531
3.513		0.0209427
3.514		0.0209322
3.515		0.0209217
3.516		0.0209113
3.517		0.0209008
3.518		0.0208904
3.519		0.0208799
3.52		0.0208695
3.521		0.0208591
3.522		0.0208487
3.523		0.0208383
3.524		0.0208279
3.525		0.0208175
3.526		0.0208071
3.527		0.0207967
3.528		0.0207864
3.529		0.020776
3.53		0.0207657
3.531		0.0207553
3.532		0.020745
3.533		0.0207347
3.534		0.0207243
3.535		0.020714
3.536		0.0207037
3.537		0.0206934
3.538		0.0206831
3.539		0.0206729
3.54		0.0206626
3.541		0.0206523
3.542		0.0206421
3.543		0.0206318
3.544		0.0206216
3.545		0.0206113
3.546		0.0206011
3.547		0.0205909
3.548		0.0205807
3.549		0.0205705
3.55		0.0205603
3.551		0.0205501
3.552		0.0205399
3.553		0.0205297
3.554		0.0205196
3.555		0.0205094
3.556		0.0204992
3.557		0.0204891
3.558		0.020479
3.559		0.0204688
3.56		0.0204587
3.561		0.0204486
3.562		0.0204385
3.563		0.0204284
3.564		0.0204183
3.565		0.0204082
3.566		0.0203981
3.567		0.0203881
3.568		0.020378
3.569		0.0203679
3.57		0.0203579
3.571		0.0203478
3.572		0.0203378
3.573		0.0203278
3.574		0.0203178
3.575		0.0203078
3.576		0.0202977
3.577		0.0202877
3.578		0.0202778
3.579		0.0202678
3.58		0.0202578
3.581		0.0202478
3.582		0.0202379
3.583		0.0202279
3.584		0.020218
3.585		0.020208
3.586		0.0201981
3.587		0.0201882
3.588		0.0201783
3.589		0.0201683
3.59		0.0201584
3.591		0.0201485
3.592		0.0201387
3.593		0.0201288
3.594		0.0201189
3.595		0.020109
3.596		0.0200992
3.597		0.0200893
3.598		0.0200795
3.599		0.0200696
3.6		0.0200598
3.601		0.02005
3.602		0.0200402
3.603		0.0200304
3.604		0.0200206
3.605		0.0200108
3.606		0.020001
3.607		0.0199912
3.608		0.0199814
3.609		0.0199717
3.61		0.0199619
3.611		0.0199521
3.612		0.0199424
3.613		0.0199327
3.614		0.0199229
3.615		0.0199132
3.616		0.0199035
3.617		0.0198938
3.618		0.0198841
3.619		0.0198744
3.62		0.0198647
3.621		0.019855
3.622		0.0198453
3.623		0.0198357
3.624		0.019826
3.625		0.0198163
3.626		0.0198067
3.627		0.0197971
3.628		0.0197874
3.629		0.0197778
3.63		0.0197682
3.631		0.0197586
3.632		0.019749
3.633		0.0197394
3.634		0.0197298
3.635		0.0197202
3.636		0.0197106
3.637		0.019701
3.638		0.0196915
3.639		0.0196819
3.64		0.0196724
3.641		0.0196628
3.642		0.0196533
3.643		0.0196438
3.644		0.0196342
3.645		0.0196247
3.646		0.0196152
3.647		0.0196057
3.648		0.0195962
3.649		0.0195867
3.65		0.0195772
3.651		0.0195678
3.652		0.0195583
3.653		0.0195488
3.654		0.0195394
3.655		0.0195299
3.656		0.0195205
3.657		0.0195111
3.658		0.0195016
3.659		0.0194922
3.66		0.0194828
3.661		0.0194734
3.662		0.019464
3.663		0.0194546
3.664		0.0194452
3.665		0.0194358
3.666		0.0194265
3.667		0.0194171
3.668		0.0194077
3.669		0.0193984
3.67		0.019389
3.671		0.0193797
3.672		0.0193704
3.673		0.019361
3.674		0.0193517
3.675		0.0193424
3.676		0.0193331
3.677		0.0193238
3.678		0.0193145
3.679		0.0193052
3.68		0.0192959
3.681		0.0192867
3.682		0.0192774
3.683		0.0192681
3.684		0.0192589
3.685		0.0192496
3.686		0.0192404
3.687		0.0192312
3.688		0.0192219
3.689		0.0192127
3.69		0.0192035
3.691		0.0191943
3.692		0.0191851
3.693		0.0191759
3.694		0.0191667
3.695		0.0191575
3.696		0.0191484
3.697		0.0191392
3.698		0.01913
3.699		0.0191209
3.7		0.0191117
3.701		0.0191026
3.702		0.0190934
3.703		0.0190843
3.704		0.0190752
3.705		0.0190661
3.706		0.019057
3.707		0.0190479
3.708		0.0190388
3.709		0.0190297
3.71		0.0190206
3.711		0.0190115
3.712		0.0190025
3.713		0.0189934
3.714		0.0189843
3.715		0.0189753
3.716		0.0189662
3.717		0.0189572
3.718		0.0189482
3.719		0.0189391
3.72		0.0189301
3.721		0.0189211
3.722		0.0189121
3.723		0.0189031
3.724		0.0188941
3.725		0.0188851
3.726		0.0188761
3.727		0.0188672
3.728		0.0188582
3.729		0.0188492
3.73		0.0188403
3.731		0.0188313
3.732		0.0188224
3.733		0.0188134
3.734		0.0188045
3.735		0.0187956
3.736		0.0187867
3.737		0.0187778
3.738		0.0187689
3.739		0.01876
3.74		0.0187511
3.741		0.0187422
3.742		0.0187333
3.743		0.0187244
3.744		0.0187156
3.745		0.0187067
3.746		0.0186978
3.747		0.018689
3.748		0.0186802
3.749		0.0186713
3.75		0.0186625
3.751		0.0186537
3.752		0.0186448
3.753		0.018636
3.754		0.0186272
3.755		0.0186184
3.756		0.0186096
3.757		0.0186008
3.758		0.0185921
3.759		0.0185833
3.76		0.0185745
3.761		0.0185658
3.762		0.018557
3.763		0.0185483
3.764		0.0185395
3.765		0.0185308
3.766		0.018522
3.767		0.0185133
3.768		0.0185046
3.769		0.0184959
3.77		0.0184872
3.771		0.0184785
3.772		0.0184698
3.773		0.0184611
3.774		0.0184524
3.775		0.0184437
3.776		0.0184351
3.777		0.0184264
3.778		0.0184177
3.779		0.0184091
3.78		0.0184004
3.781		0.0183918
3.782		0.0183832
3.783		0.0183745
3.784		0.0183659
3.785		0.0183573
3.786		0.0183487
3.787		0.0183401
3.788		0.0183315
3.789		0.0183229
3.79		0.0183143
3.791		0.0183057
3.792		0.0182971
3.793		0.0182886
3.794		0.01828
3.795		0.0182715
3.796		0.0182629
3.797		0.0182544
3.798		0.0182458
3.799		0.0182373
3.8		0.0182288
3.801		0.0182202
3.802		0.0182117
3.803		0.0182032
3.804		0.0181947
3.805		0.0181862
3.806		0.0181777
3.807		0.0181692
3.808		0.0181608
3.809		0.0181523
3.81		0.0181438
3.811		0.0181354
3.812		0.0181269
3.813		0.0181185
3.814		0.01811
3.815		0.0181016
3.816		0.0180931
3.817		0.0180847
3.818		0.0180763
3.819		0.0180679
3.82		0.0180595
3.821		0.0180511
3.822		0.0180427
3.823		0.0180343
3.824		0.0180259
3.825		0.0180175
3.826		0.0180091
3.827		0.0180008
3.828		0.0179924
3.829		0.017984
3.83		0.0179757
3.831		0.0179674
3.832		0.017959
3.833		0.0179507
3.834		0.0179423
3.835		0.017934
3.836		0.0179257
3.837		0.0179174
3.838		0.0179091
3.839		0.0179008
3.84		0.0178925
3.841		0.0178842
3.842		0.0178759
3.843		0.0178677
3.844		0.0178594
3.845		0.0178511
3.846		0.0178429
3.847		0.0178346
3.848		0.0178264
3.849		0.0178181
3.85		0.0178099
3.851		0.0178016
3.852		0.0177934
3.853		0.0177852
3.854		0.017777
3.855		0.0177688
3.856		0.0177606
3.857		0.0177524
3.858		0.0177442
3.859		0.017736
3.86		0.0177278
3.861		0.0177196
3.862		0.0177115
3.863		0.0177033
3.864		0.0176952
3.865		0.017687
3.866		0.0176789
3.867		0.0176707
3.868		0.0176626
3.869		0.0176544
3.87		0.0176463
3.871		0.0176382
3.872		0.0176301
3.873		0.017622
3.874		0.0176139
3.875		0.0176058
3.876		0.0175977
3.877		0.0175896
3.878		0.0175815
3.879		0.0175734
3.88		0.0175654
3.881		0.0175573
3.882		0.0175493
3.883		0.0175412
3.884		0.0175332
3.885		0.0175251
3.886		0.0175171
3.887		0.017509
3.888		0.017501
3.889		0.017493
3.89		0.017485
3.891		0.017477
3.892		0.017469
3.893		0.017461
3.894		0.017453
3.895		0.017445
3.896		0.017437
3.897		0.017429
3.898		0.0174211
3.899		0.0174131
3.9		0.0174051
3.901		0.0173972
3.902		0.0173892
3.903		0.0173813
3.904		0.0173734
3.905		0.0173654
3.906		0.0173575
3.907		0.0173496
3.908		0.0173417
3.909		0.0173338
3.91		0.0173258
3.911		0.0173179
3.912		0.01731
3.913		0.0173022
3.914		0.0172943
3.915		0.0172864
3.916		0.0172785
3.917		0.0172707
3.918		0.0172628
3.919		0.0172549
3.92		0.0172471
3.921		0.0172392
3.922		0.0172314
3.923		0.0172236
3.924		0.0172157
3.925		0.0172079
3.926		0.0172001
3.927		0.0171923
3.928		0.0171844
3.929		0.0171766
3.93		0.0171688
3.931		0.0171611
3.932		0.0171533
3.933		0.0171455
3.934		0.0171377
3.935		0.0171299
3.936		0.0171222
3.937		0.0171144
3.938		0.0171066
3.939		0.0170989
3.94		0.0170911
3.941		0.0170834
3.942		0.0170757
3.943		0.0170679
3.944		0.0170602
3.945		0.0170525
3.946		0.0170448
3.947		0.0170371
3.948		0.0170293
3.949		0.0170216
3.95		0.017014
3.951		0.0170063
3.952		0.0169986
3.953		0.0169909
3.954		0.0169832
3.955		0.0169756
3.956		0.0169679
3.957		0.0169602
3.958		0.0169526
3.959		0.0169449
3.96		0.0169373
3.961		0.0169296
3.962		0.016922
3.963		0.0169144
3.964		0.0169068
3.965		0.0168991
3.966		0.0168915
3.967		0.0168839
3.968		0.0168763
3.969		0.0168687
3.97		0.0168611
3.971		0.0168535
3.972		0.016846
3.973		0.0168384
3.974		0.0168308
3.975		0.0168232
3.976		0.0168157
3.977		0.0168081
3.978		0.0168006
3.979		0.016793
3.98		0.0167855
3.981		0.0167779
3.982		0.0167704
3.983		0.0167629
3.984		0.0167554
3.985		0.0167479
3.986		0.0167403
3.987		0.0167328
3.988		0.0167253
3.989		0.0167178
3.99		0.0167103
3.991		0.0167029
3.992		0.0166954
3.993		0.0166879
3.994		0.0166804
3.995		0.016673
3.996		0.0166655
3.997		0.016658
3.998		0.0166506
3.999		0.0166431
4		0.0166357
4.001		0.0166283
4.002		0.0166208
4.003		0.0166134
4.004		0.016606
4.005		0.0165986
4.006		0.0165912
4.007		0.0165837
4.008		0.0165763
4.009		0.0165689
4.01		0.0165616
4.011		0.0165542
4.012		0.0165468
4.013		0.0165394
4.014		0.016532
4.015		0.0165247
4.016		0.0165173
4.017		0.0165099
4.018		0.0165026
4.019		0.0164952
4.02		0.0164879
4.021		0.0164806
4.022		0.0164732
4.023		0.0164659
4.024		0.0164586
4.025		0.0164513
4.026		0.0164439
4.027		0.0164366
4.028		0.0164293
4.029		0.016422
4.03		0.0164147
4.031		0.0164074
4.032		0.0164002
4.033		0.0163929
4.034		0.0163856
4.035		0.0163783
4.036		0.0163711
4.037		0.0163638
4.038		0.0163565
4.039		0.0163493
4.04		0.016342
4.041		0.0163348
4.042		0.0163276
4.043		0.0163203
4.044		0.0163131
4.045		0.0163059
4.046		0.0162987
4.047		0.0162914
4.048		0.0162842
4.049		0.016277
4.05		0.0162698
4.051		0.0162626
4.052		0.0162554
4.053		0.0162483
4.054		0.0162411
4.055		0.0162339
4.056		0.0162267
4.057		0.0162196
4.058		0.0162124
4.059		0.0162053
4.06		0.0161981
4.061		0.016191
4.062		0.0161838
4.063		0.0161767
4.064		0.0161695
4.065		0.0161624
4.066		0.0161553
4.067		0.0161482
4.068		0.016141
4.069		0.0161339
4.07		0.0161268
4.071		0.0161197
4.072		0.0161126
4.073		0.0161055
4.074		0.0160985
4.075		0.0160914
4.076		0.0160843
4.077		0.0160772
4.078		0.0160702
4.079		0.0160631
4.08		0.016056
4.081		0.016049
4.082		0.0160419
4.083		0.0160349
4.084		0.0160278
4.085		0.0160208
4.086		0.0160138
4.087		0.0160067
4.088		0.0159997
4.089		0.0159927
4.09		0.0159857
4.091		0.0159787
4.092		0.0159717
4.093		0.0159647
4.094		0.0159577
4.095		0.0159507
4.096		0.0159437
4.097		0.0159367
4.098		0.0159298
4.099		0.0159228
4.1		0.0159158
4.101		0.0159089
4.102		0.0159019
4.103		0.0158949
4.104		0.015888
4.105		0.015881
4.106		0.0158741
4.107		0.0158672
4.108		0.0158602
4.109		0.0158533
4.11		0.0158464
4.111		0.0158395
4.112		0.0158326
4.113		0.0158256
4.114		0.0158187
4.115		0.0158118
4.116		0.0158049
4.117		0.0157981
4.118		0.0157912
4.119		0.0157843
4.12		0.0157774
4.121		0.0157705
4.122		0.0157637
4.123		0.0157568
4.124		0.0157499
4.125		0.0157431
4.126		0.0157362
4.127		0.0157294
4.128		0.0157226
4.129		0.0157157
4.13		0.0157089
4.131		0.0157021
4.132		0.0156952
4.133		0.0156884
4.134		0.0156816
4.135		0.0156748
4.136		0.015668
4.137		0.0156612
4.138		0.0156544
4.139		0.0156476
4.14		0.0156408
4.141		0.015634
4.142		0.0156272
4.143		0.0156205
4.144		0.0156137
4.145		0.0156069
4.146		0.0156002
4.147		0.0155934
4.148		0.0155866
4.149		0.0155799
4.15		0.0155731
4.151		0.0155664
4.152		0.0155597
4.153		0.0155529
4.154		0.0155462
4.155		0.0155395
4.156		0.0155328
4.157		0.0155261
4.158		0.0155193
4.159		0.0155126
4.16		0.0155059
4.161		0.0154992
4.162		0.0154925
4.163		0.0154859
4.164		0.0154792
4.165		0.0154725
4.166		0.0154658
4.167		0.0154591
4.168		0.0154525
4.169		0.0154458
4.17		0.0154391
4.171		0.0154325
4.172		0.0154258
4.173		0.0154192
4.174		0.0154126
4.175		0.0154059
4.176		0.0153993
4.177		0.0153927
4.178		0.015386
4.179		0.0153794
4.18		0.0153728
4.181		0.0153662
4.182		0.0153596
4.183		0.015353
4.184		0.0153464
4.185		0.0153398
4.186		0.0153332
4.187		0.0153266
4.188		0.01532
4.189		0.0153134
4.19		0.0153069
4.191		0.0153003
4.192		0.0152937
4.193		0.0152872
4.194		0.0152806
4.195		0.0152741
4.196		0.0152675
4.197		0.015261
4.198		0.0152544
4.199		0.0152479
4.2		0.0152413
4.201		0.0152348
4.202		0.0152283
4.203		0.0152218
4.204		0.0152153
4.205		0.0152087
4.206		0.0152022
4.207		0.0151957
4.208		0.0151892
4.209		0.0151827
4.21		0.0151763
4.211		0.0151698
4.212		0.0151633
4.213		0.0151568
4.214		0.0151503
4.215		0.0151439
4.216		0.0151374
4.217		0.0151309
4.218		0.0151245
4.219		0.015118
4.22		0.0151116
4.221		0.0151051
4.222		0.0150987
4.223		0.0150922
4.224		0.0150858
4.225		0.0150794
4.226		0.015073
4.227		0.0150665
4.228		0.0150601
4.229		0.0150537
4.23		0.0150473
4.231		0.0150409
4.232		0.0150345
4.233		0.0150281
4.234		0.0150217
4.235		0.0150153
4.236		0.0150089
4.237		0.0150026
4.238		0.0149962
4.239		0.0149898
4.24		0.0149834
4.241		0.0149771
4.242		0.0149707
4.243		0.0149644
4.244		0.014958
4.245		0.0149517
4.246		0.0149453
4.247		0.014939
4.248		0.0149326
4.249		0.0149263
4.25		0.01492
4.251		0.0149136
4.252		0.0149073
4.253		0.014901
4.254		0.0148947
4.255		0.0148884
4.256		0.0148821
4.257		0.0148758
4.258		0.0148695
4.259		0.0148632
4.26		0.0148569
4.261		0.0148506
4.262		0.0148443
4.263		0.0148381
4.264		0.0148318
4.265		0.0148255
4.266		0.0148193
4.267		0.014813
4.268		0.0148067
4.269		0.0148005
4.27		0.0147942
4.271		0.014788
4.272		0.0147818
4.273		0.0147755
4.274		0.0147693
4.275		0.0147631
4.276		0.0147568
4.277		0.0147506
4.278		0.0147444
4.279		0.0147382
4.28		0.014732
4.281		0.0147258
4.282		0.0147196
4.283		0.0147134
4.284		0.0147072
4.285		0.014701
4.286		0.0146948
4.287		0.0146886
4.288		0.0146824
4.289		0.0146763
4.29		0.0146701
4.291		0.0146639
4.292		0.0146578
4.293		0.0146516
4.294		0.0146454
4.295		0.0146393
4.296		0.0146331
4.297		0.014627
4.298		0.0146209
4.299		0.0146147
4.3		0.0146086
4.301		0.0146025
4.302		0.0145963
4.303		0.0145902
4.304		0.0145841
4.305		0.014578
4.306		0.0145719
4.307		0.0145658
4.308		0.0145597
4.309		0.0145536
4.31		0.0145475
4.311		0.0145414
4.312		0.0145353
4.313		0.0145292
4.314		0.0145231
4.315		0.0145171
4.316		0.014511
4.317		0.0145049
4.318		0.0144989
4.319		0.0144928
4.32		0.0144867
4.321		0.0144807
4.322		0.0144746
4.323		0.0144686
4.324		0.0144625
4.325		0.0144565
4.326		0.0144505
4.327		0.0144444
4.328		0.0144384
4.329		0.0144324
4.33		0.0144264
4.331		0.0144204
4.332		0.0144144
4.333		0.0144083
4.334		0.0144023
4.335		0.0143963
4.336		0.0143903
4.337		0.0143843
4.338		0.0143784
4.339		0.0143724
4.34		0.0143664
4.341		0.0143604
4.342		0.0143544
4.343		0.0143485
4.344		0.0143425
4.345		0.0143365
4.346		0.0143306
4.347		0.0143246
4.348		0.0143187
4.349		0.0143127
4.35		0.0143068
4.351		0.0143008
4.352		0.0142949
4.353		0.014289
4.354		0.014283
4.355		0.0142771
4.356		0.0142712
4.357		0.0142653
4.358		0.0142594
4.359		0.0142534
4.36		0.0142475
4.361		0.0142416
4.362		0.0142357
4.363		0.0142298
4.364		0.0142239
4.365		0.0142181
4.366		0.0142122
4.367		0.0142063
4.368		0.0142004
4.369		0.0141945
4.37		0.0141887
4.371		0.0141828
4.372		0.0141769
4.373		0.0141711
4.374		0.0141652
4.375		0.0141594
4.376		0.0141535
4.377		0.0141477
4.378		0.0141418
4.379		0.014136
4.38		0.0141301
4.381		0.0141243
4.382		0.0141185
4.383		0.0141127
4.384		0.0141068
4.385		0.014101
4.386		0.0140952
4.387		0.0140894
4.388		0.0140836
4.389		0.0140778
4.39		0.014072
4.391		0.0140662
4.392		0.0140604
4.393		0.0140546
4.394		0.0140488
4.395		0.014043
4.396		0.0140373
4.397		0.0140315
4.398		0.0140257
4.399		0.0140199
4.4		0.0140142
4.401		0.0140084
4.402		0.0140027
4.403		0.0139969
4.404		0.0139912
4.405		0.0139854
4.406		0.0139797
4.407		0.0139739
4.408		0.0139682
4.409		0.0139625
4.41		0.0139567
4.411		0.013951
4.412		0.0139453
4.413		0.0139396
4.414		0.0139338
4.415		0.0139281
4.416		0.0139224
4.417		0.0139167
4.418		0.013911
4.419		0.0139053
4.42		0.0138996
4.421		0.0138939
4.422		0.0138882
4.423		0.0138826
4.424		0.0138769
4.425		0.0138712
4.426		0.0138655
4.427		0.0138599
4.428		0.0138542
4.429		0.0138485
4.43		0.0138429
4.431		0.0138372
4.432		0.0138316
4.433		0.0138259
4.434		0.0138203
4.435		0.0138146
4.436		0.013809
4.437		0.0138033
4.438		0.0137977
4.439		0.0137921
4.44		0.0137865
4.441		0.0137808
4.442		0.0137752
4.443		0.0137696
4.444		0.013764
4.445		0.0137584
4.446		0.0137528
4.447		0.0137472
4.448		0.0137416
4.449		0.013736
4.45		0.0137304
4.451		0.0137248
4.452		0.0137192
4.453		0.0137136
4.454		0.0137081
4.455		0.0137025
4.456		0.0136969
4.457		0.0136914
4.458		0.0136858
4.459		0.0136802
4.46		0.0136747
4.461		0.0136691
4.462		0.0136636
4.463		0.013658
4.464		0.0136525
4.465		0.0136469
4.466		0.0136414
4.467		0.0136359
4.468		0.0136303
4.469		0.0136248
4.47		0.0136193
4.471		0.0136138
4.472		0.0136082
4.473		0.0136027
4.474		0.0135972
4.475		0.0135917
4.476		0.0135862
4.477		0.0135807
4.478		0.0135752
4.479		0.0135697
4.48		0.0135642
4.481		0.0135587
4.482		0.0135533
4.483		0.0135478
4.484		0.0135423
4.485		0.0135368
4.486		0.0135313
4.487		0.0135259
4.488		0.0135204
4.489		0.013515
4.49		0.0135095
4.491		0.013504
4.492		0.0134986
4.493		0.0134931
4.494		0.0134877
4.495		0.0134823
4.496		0.0134768
4.497		0.0134714
4.498		0.013466
4.499		0.0134605
4.5		0.0134551
4.501		0.0134497
4.502		0.0134443
4.503		0.0134388
4.504		0.0134334
4.505		0.013428
4.506		0.0134226
4.507		0.0134172
4.508		0.0134118
4.509		0.0134064
4.51		0.013401
4.511		0.0133956
4.512		0.0133903
4.513		0.0133849
4.514		0.0133795
4.515		0.0133741
4.516		0.0133687
4.517		0.0133634
4.518		0.013358
4.519		0.0133526
4.52		0.0133473
4.521		0.0133419
4.522		0.0133366
4.523		0.0133312
4.524		0.0133259
4.525		0.0133205
4.526		0.0133152
4.527		0.0133098
4.528		0.0133045
4.529		0.0132992
4.53		0.0132939
4.531		0.0132885
4.532		0.0132832
4.533		0.0132779
4.534		0.0132726
4.535		0.0132673
4.536		0.0132619
4.537		0.0132566
4.538		0.0132513
4.539		0.013246
4.54		0.0132407
4.541		0.0132354
4.542		0.0132302
4.543		0.0132249
4.544		0.0132196
4.545		0.0132143
4.546		0.013209
4.547		0.0132038
4.548		0.0131985
4.549		0.0131932
4.55		0.0131879
4.551		0.0131827
4.552		0.0131774
4.553		0.0131722
4.554		0.0131669
4.555		0.0131617
4.556		0.0131564
4.557		0.0131512
4.558		0.0131459
4.559		0.0131407
4.56		0.0131355
4.561		0.0131302
4.562		0.013125
4.563		0.0131198
4.564		0.0131146
4.565		0.0131093
4.566		0.0131041
4.567		0.0130989
4.568		0.0130937
4.569		0.0130885
4.57		0.0130833
4.571		0.0130781
4.572		0.0130729
4.573		0.0130677
4.574		0.0130625
4.575		0.0130573
4.576		0.0130521
4.577		0.013047
4.578		0.0130418
4.579		0.0130366
4.58		0.0130314
4.581		0.0130263
4.582		0.0130211
4.583		0.0130159
4.584		0.0130108
4.585		0.0130056
4.586		0.0130005
4.587		0.0129953
4.588		0.0129902
4.589		0.012985
4.59		0.0129799
4.591		0.0129747
4.592		0.0129696
4.593		0.0129645
4.594		0.0129593
4.595		0.0129542
4.596		0.0129491
4.597		0.012944
4.598		0.0129389
4.599		0.0129337
4.6		0.0129286
4.601		0.0129235
4.602		0.0129184
4.603		0.0129133
4.604		0.0129082
4.605		0.0129031
4.606		0.012898
4.607		0.0128929
4.608		0.0128878
4.609		0.0128828
4.61		0.0128777
4.611		0.0128726
4.612		0.0128675
4.613		0.0128625
4.614		0.0128574
4.615		0.0128523
4.616		0.0128473
4.617		0.0128422
4.618		0.0128371
4.619		0.0128321
4.62		0.012827
4.621		0.012822
4.622		0.0128169
4.623		0.0128119
4.624		0.0128068
4.625		0.0128018
4.626		0.0127968
4.627		0.0127917
4.628		0.0127867
4.629		0.0127817
4.63		0.0127767
4.631		0.0127717
4.632		0.0127666
4.633		0.0127616
4.634		0.0127566
4.635		0.0127516
4.636		0.0127466
4.637		0.0127416
4.638		0.0127366
4.639		0.0127316
4.64		0.0127266
4.641		0.0127216
4.642		0.0127166
4.643		0.0127116
4.644		0.0127067
4.645		0.0127017
4.646		0.0126967
4.647		0.0126917
4.648		0.0126868
4.649		0.0126818
4.65		0.0126768
4.651		0.0126719
4.652		0.0126669
4.653		0.012662
4.654		0.012657
4.655		0.0126521
4.656		0.0126471
4.657		0.0126422
4.658		0.0126372
4.659		0.0126323
4.66		0.0126274
4.661		0.0126224
4.662		0.0126175
4.663		0.0126126
4.664		0.0126076
4.665		0.0126027
4.666		0.0125978
4.667		0.0125929
4.668		0.012588
4.669		0.0125831
4.67		0.0125782
4.671		0.0125733
4.672		0.0125684
4.673		0.0125635
4.674		0.0125586
4.675		0.0125537
4.676		0.0125488
4.677		0.0125439
4.678		0.012539
4.679		0.0125341
4.68		0.0125293
4.681		0.0125244
4.682		0.0125195
4.683		0.0125146
4.684		0.0125098
4.685		0.0125049
4.686		0.0125
4.687		0.0124952
4.688		0.0124903
4.689		0.0124855
4.69		0.0124806
4.691		0.0124758
4.692		0.0124709
4.693		0.0124661
4.694		0.0124613
4.695		0.0124564
4.696		0.0124516
4.697		0.0124468
4.698		0.0124419
4.699		0.0124371
4.7		0.0124323
4.701		0.0124275
4.702		0.0124227
4.703		0.0124178
4.704		0.012413
4.705		0.0124082
4.706		0.0124034
4.707		0.0123986
4.708		0.0123938
4.709		0.012389
4.71		0.0123842
4.711		0.0123794
4.712		0.0123746
4.713		0.0123699
4.714		0.0123651
4.715		0.0123603
4.716		0.0123555
4.717		0.0123507
4.718		0.012346
4.719		0.0123412
4.72		0.0123364
4.721		0.0123317
4.722		0.0123269
4.723		0.0123222
4.724		0.0123174
4.725		0.0123126
4.726		0.0123079
4.727		0.0123031
4.728		0.0122984
4.729		0.0122937
4.73		0.0122889
4.731		0.0122842
4.732		0.0122795
4.733		0.0122747
4.734		0.01227
4.735		0.0122653
4.736		0.0122605
4.737		0.0122558
4.738		0.0122511
4.739		0.0122464
4.74		0.0122417
4.741		0.012237
4.742		0.0122323
4.743		0.0122276
4.744		0.0122229
4.745		0.0122182
4.746		0.0122135
4.747		0.0122088
4.748		0.0122041
4.749		0.0121994
4.75		0.0121947
4.751		0.01219
4.752		0.0121853
4.753		0.0121807
4.754		0.012176
4.755		0.0121713
4.756		0.0121667
4.757		0.012162
4.758		0.0121573
4.759		0.0121527
4.76		0.012148
4.761		0.0121434
4.762		0.0121387
4.763		0.012134
4.764		0.0121294
4.765		0.0121248
4.766		0.0121201
4.767		0.0121155
4.768		0.0121108
4.769		0.0121062
4.77		0.0121016
4.771		0.0120969
4.772		0.0120923
4.773		0.0120877
4.774		0.0120831
4.775		0.0120785
4.776		0.0120738
4.777		0.0120692
4.778		0.0120646
4.779		0.01206
4.78		0.0120554
4.781		0.0120508
4.782		0.0120462
4.783		0.0120416
4.784		0.012037
4.785		0.0120324
4.786		0.0120278
4.787		0.0120232
4.788		0.0120186
4.789		0.0120141
4.79		0.0120095
4.791		0.0120049
4.792		0.0120003
4.793		0.0119958
4.794		0.0119912
4.795		0.0119866
4.796		0.0119821
4.797		0.0119775
4.798		0.0119729
4.799		0.0119684
4.8		0.0119638
4.801		0.0119593
4.802		0.0119547
4.803		0.0119502
4.804		0.0119457
4.805		0.0119411
4.806		0.0119366
4.807		0.011932
4.808		0.0119275
4.809		0.011923
4.81		0.0119184
4.811		0.0119139
4.812		0.0119094
4.813		0.0119049
4.814		0.0119004
4.815		0.0118958
4.816		0.0118913
4.817		0.0118868
4.818		0.0118823
4.819		0.0118778
4.82		0.0118733
4.821		0.0118688
4.822		0.0118643
4.823		0.0118598
4.824		0.0118553
4.825		0.0118508
4.826		0.0118464
4.827		0.0118419
4.828		0.0118374
4.829		0.0118329
4.83		0.0118284
4.831		0.011824
4.832		0.0118195
4.833		0.011815
4.834		0.0118105
4.835		0.0118061
4.836		0.0118016
4.837		0.0117972
4.838		0.0117927
4.839		0.0117883
4.84		0.0117838
4.841		0.0117794
4.842		0.0117749
4.843		0.0117705
4.844		0.011766
4.845		0.0117616
4.846		0.0117571
4.847		0.0117527
4.848		0.0117483
4.849		0.0117439
4.85		0.0117394
4.851		0.011735
4.852		0.0117306
4.853		0.0117262
4.854		0.0117217
4.855		0.0117173
4.856		0.0117129
4.857		0.0117085
4.858		0.0117041
4.859		0.0116997
4.86		0.0116953
4.861		0.0116909
4.862		0.0116865
4.863		0.0116821
4.864		0.0116777
4.865		0.0116733
4.866		0.0116689
4.867		0.0116646
4.868		0.0116602
4.869		0.0116558
4.87		0.0116514
4.871		0.011647
4.872		0.0116427
4.873		0.0116383
4.874		0.0116339
4.875		0.0116296
4.876		0.0116252
4.877		0.0116208
4.878		0.0116165
4.879		0.0116121
4.88		0.0116078
4.881		0.0116034
4.882		0.0115991
4.883		0.0115947
4.884		0.0115904
4.885		0.0115861
4.886		0.0115817
4.887		0.0115774
4.888		0.011573
4.889		0.0115687
4.89		0.0115644
4.891		0.0115601
4.892		0.0115557
4.893		0.0115514
4.894		0.0115471
4.895		0.0115428
4.896		0.0115385
4.897		0.0115342
4.898		0.0115298
4.899		0.0115255
4.9		0.0115212
4.901		0.0115169
4.902		0.0115126
4.903		0.0115083
4.904		0.011504
4.905		0.0114997
4.906		0.0114955
4.907		0.0114912
4.908		0.0114869
4.909		0.0114826
4.91		0.0114783
4.911		0.011474
4.912		0.0114698
4.913		0.0114655
4.914		0.0114612
4.915		0.011457
4.916		0.0114527
4.917		0.0114484
4.918		0.0114442
4.919		0.0114399
4.92		0.0114356
4.921		0.0114314
4.922		0.0114271
4.923		0.0114229
4.924		0.0114186
4.925		0.0114144
4.926		0.0114102
4.927		0.0114059
4.928		0.0114017
4.929		0.0113974
4.93		0.0113932
4.931		0.011389
4.932		0.0113848
4.933		0.0113805
4.934		0.0113763
4.935		0.0113721
4.936		0.0113679
4.937		0.0113636
4.938		0.0113594
4.939		0.0113552
4.94		0.011351
4.941		0.0113468
4.942		0.0113426
4.943		0.0113384
4.944		0.0113342
4.945		0.01133
4.946		0.0113258
4.947		0.0113216
4.948		0.0113174
4.949		0.0113132
4.95		0.011309
4.951		0.0113049
4.952		0.0113007
4.953		0.0112965
4.954		0.0112923
4.955		0.0112881
4.956		0.011284
4.957		0.0112798
4.958		0.0112756
4.959		0.0112715
4.96		0.0112673
4.961		0.0112631
4.962		0.011259
4.963		0.0112548
4.964		0.0112507
4.965		0.0112465
4.966		0.0112424
4.967		0.0112382
4.968		0.0112341
4.969		0.0112299
4.97		0.0112258
4.971		0.0112217
4.972		0.0112175
4.973		0.0112134
4.974		0.0112092
4.975		0.0112051
4.976		0.011201
4.977		0.0111969
4.978		0.0111927
4.979		0.0111886
4.98		0.0111845
4.981		0.0111804
4.982		0.0111763
4.983		0.0111722
4.984		0.0111681
4.985		0.011164
4.986		0.0111598
4.987		0.0111557
4.988		0.0111516
4.989		0.0111475
4.99		0.0111435
4.991		0.0111394
4.992		0.0111353
4.993		0.0111312
4.994		0.0111271
4.995		0.011123
4.996		0.0111189
4.997		0.0111148
4.998		0.0111108
4.999		0.0111067
