0.005		6.97731e-07
0.006		1.08272e-05
0.007		7.31694e-05
0.008		0.000295885
0.009		0.000853058
0.01		0.00194623
0.011		0.00375304
0.012		0.00638977
0.013		0.00989745
0.014		0.0142477
0.015		0.0193596
0.016		0.0251195
0.017		0.0313997
0.018		0.0380724
0.019		0.0450195
0.02		0.0521384
0.021		0.0593439
0.022		0.0665693
0.023		0.073764
0.024		0.0808923
0.025		0.0879305
0.026		0.0948646
0.027		0.101688
0.028		0.1084
0.029		0.115002
0.03		0.121501
0.031		0.127901
0.032		0.134211
0.033		0.140436
0.034		0.146583
0.035		0.152657
0.036		0.158662
0.037		0.164603
0.038		0.170482
0.039		0.176299
0.04		0.182057
0.041		0.187754
0.042		0.193391
0.043		0.198966
0.044		0.204477
0.045		0.209923
0.046		0.215302
0.047		0.220612
0.048		0.22585
0.049		0.231015
0.05		0.236104
0.051		0.241116
0.052		0.246048
0.053		0.2509
0.054		0.25567
0.055		0.260356
0.056		0.264958
0.057		0.269475
0.058		0.273907
0.059		0.278253
0.06		0.282513
0.061		0.286687
0.062		0.290775
0.063		0.294779
0.064		0.298697
0.065		0.302531
0.066		0.306282
0.067		0.30995
0.068		0.313536
0.069		0.317041
0.07		0.320467
0.071		0.323813
0.072		0.327081
0.073		0.330273
0.074		0.333389
0.075		0.336431
0.076		0.339398
0.077		0.342294
0.078		0.345118
0.079		0.347872
0.08		0.350557
0.081		0.353174
0.082		0.355724
0.083		0.358208
0.084		0.360627
0.085		0.362982
0.086		0.365274
0.087		0.367504
0.088		0.369673
0.089		0.371783
0.09		0.373833
0.091		0.375825
0.092		0.37776
0.093		0.379638
0.094		0.381461
0.095		0.383229
0.096		0.384944
0.097		0.386606
0.098		0.388216
0.099		0.389775
0.1		0.391283
0.101		0.392742
0.102		0.394153
0.103		0.395516
0.104		0.396832
0.105		0.398103
0.106		0.399328
0.107		0.400509
0.108		0.401646
0.109		0.402741
0.11		0.403794
0.111		0.404806
0.112		0.405778
0.113		0.406711
0.114		0.407605
0.115		0.408462
0.116		0.409282
0.117		0.410066
0.118		0.410815
0.119		0.411529
0.12		0.41221
0.121		0.412859
0.122		0.413476
0.123		0.414061
0.124		0.414617
0.125		0.415143
0.126		0.41564
0.127		0.41611
0.128		0.416552
0.129		0.416968
0.13		0.417359
0.131		0.417724
0.132		0.418066
0.133		0.418384
0.134		0.418679
0.135		0.418953
0.136		0.419205
0.137		0.419437
0.138		0.419649
0.139		0.419841
0.14		0.420016
0.141		0.420172
0.142		0.420311
0.143		0.420433
0.144		0.420539
0.145		0.42063
0.146		0.420706
0.147		0.420767
0.148		0.420815
0.149		0.42085
0.15		0.420872
0.151		0.420882
0.152		0.42088
0.153		0.420867
0.154		0.420843
0.155		0.42081
0.156		0.420766
0.157		0.420713
0.158		0.420652
0.159		0.420582
0.16		0.420503
0.161		0.420418
0.162		0.420325
0.163		0.420225
0.164		0.420119
0.165		0.420006
0.166		0.419888
0.167		0.419764
0.168		0.419635
0.169		0.419501
0.17		0.419363
0.171		0.41922
0.172		0.419074
0.173		0.418923
0.174		0.418769
0.175		0.418612
0.176		0.418452
0.177		0.418288
0.178		0.418123
0.179		0.417955
0.18		0.417784
0.181		0.417612
0.182		0.417438
0.183		0.417262
0.184		0.417085
0.185		0.416906
0.186		0.416727
0.187		0.416546
0.188		0.416364
0.189		0.416182
0.19		0.415999
0.191		0.415815
0.192		0.415631
0.193		0.415446
0.194		0.415261
0.195		0.415076
0.196		0.414891
0.197		0.414706
0.198		0.414521
0.199		0.414337
0.2		0.414152
0.201		0.413968
0.202		0.413784
0.203		0.4136
0.204		0.413417
0.205		0.413234
0.206		0.413051
0.207		0.412869
0.208		0.412688
0.209		0.412507
0.21		0.412327
0.211		0.412148
0.212		0.411969
0.213		0.41179
0.214		0.411612
0.215		0.411435
0.216		0.411259
0.217		0.411083
0.218		0.410908
0.219		0.410733
0.22		0.410559
0.221		0.410386
0.222		0.410213
0.223		0.410041
0.224		0.409869
0.225		0.409698
0.226		0.409528
0.227		0.409358
0.228		0.409189
0.229		0.40902
0.23		0.408851
0.231		0.408683
0.232		0.408515
0.233		0.408348
0.234		0.408181
0.235		0.408015
0.236		0.407848
0.237		0.407682
0.238		0.407517
0.239		0.407351
0.24		0.407186
0.241		0.40702
0.242		0.406855
0.243		0.40669
0.244		0.406525
0.245		0.40636
0.246		0.406195
0.247		0.40603
0.248		0.405865
0.249		0.405699
0.25		0.405534
0.251		0.405368
0.252		0.405202
0.253		0.405036
0.254		0.404869
0.255		0.404702
0.256		0.404535
0.257		0.404367
0.258		0.404199
0.259		0.404031
0.26		0.403861
0.261		0.403692
0.262		0.403521
0.263		0.40335
0.264		0.403179
0.265		0.403006
0.266		0.402833
0.267		0.40266
0.268		0.402485
0.269		0.40231
0.27		0.402133
0.271		0.401956
0.272		0.401778
0.273		0.401599
0.274		0.401419
0.275		0.401238
0.276		0.401056
0.277		0.400873
0.278		0.400689
0.279		0.400504
0.28		0.400317
0.281		0.400129
0.282		0.399941
0.283		0.399751
0.284		0.399559
0.285		0.399367
0.286		0.399173
0.287		0.398978
0.288		0.398781
0.289		0.398583
0.29		0.398384
0.291		0.398183
0.292		0.397981
0.293		0.397778
0.294		0.397572
0.295		0.397366
0.296		0.397158
0.297		0.396948
0.298		0.396737
0.299		0.396524
0.3		0.39631
0.301		0.396094
0.302		0.395877
0.303		0.395658
0.304		0.395437
0.305		0.395214
0.306		0.39499
0.307		0.394764
0.308		0.394537
0.309		0.394308
0.31		0.394077
0.311		0.393844
0.312		0.39361
0.313		0.393374
0.314		0.393136
0.315		0.392896
0.316		0.392655
0.317		0.392412
0.318		0.392167
0.319		0.39192
0.32		0.391671
0.321		0.391421
0.322		0.391168
0.323		0.390914
0.324		0.390658
0.325		0.390401
0.326		0.390141
0.327		0.38988
0.328		0.389616
0.329		0.389351
0.33		0.389084
0.331		0.388815
0.332		0.388544
0.333		0.388272
0.334		0.387997
0.335		0.387721
0.336		0.387443
0.337		0.387163
0.338		0.386881
0.339		0.386597
0.34		0.386312
0.341		0.386024
0.342		0.385735
0.343		0.385444
0.344		0.385151
0.345		0.384856
0.346		0.384559
0.347		0.384261
0.348		0.38396
0.349		0.383658
0.35		0.383354
0.351		0.383048
0.352		0.38274
0.353		0.382431
0.354		0.382119
0.355		0.381806
0.356		0.381491
0.357		0.381174
0.358		0.380856
0.359		0.380535
0.36		0.380213
0.361		0.379889
0.362		0.379564
0.363		0.379236
0.364		0.378907
0.365		0.378576
0.366		0.378244
0.367		0.377909
0.368		0.377573
0.369		0.377235
0.37		0.376896
0.371		0.376555
0.372		0.376212
0.373		0.375867
0.374		0.375521
0.375		0.375173
0.376		0.374824
0.377		0.374472
0.378		0.37412
0.379		0.373765
0.38		0.373409
0.381		0.373052
0.382		0.372693
0.383		0.372332
0.384		0.371969
0.385		0.371606
0.386		0.37124
0.387		0.370873
0.388		0.370505
0.389		0.370135
0.39		0.369763
0.391		0.36939
0.392		0.369016
0.393		0.36864
0.394		0.368263
0.395		0.367884
0.396		0.367504
0.397		0.367122
0.398		0.366739
0.399		0.366355
0.4		0.365969
0.401		0.365582
0.402		0.365193
0.403		0.364803
0.404		0.364412
0.405		0.36402
0.406		0.363626
0.407		0.363231
0.408		0.362834
0.409		0.362437
0.41		0.362038
0.411		0.361638
0.412		0.361236
0.413		0.360833
0.414		0.36043
0.415		0.360025
0.416		0.359618
0.417		0.359211
0.418		0.358802
0.419		0.358393
0.42		0.357982
0.421		0.35757
0.422		0.357157
0.423		0.356743
0.424		0.356328
0.425		0.355911
0.426		0.355494
0.427		0.355076
0.428		0.354656
0.429		0.354236
0.43		0.353814
0.431		0.353392
0.432		0.352969
0.433		0.352544
0.434		0.352119
0.435		0.351693
0.436		0.351265
0.437		0.350837
0.438		0.350408
0.439		0.349978
0.44		0.349548
0.441		0.349116
0.442		0.348684
0.443		0.34825
0.444		0.347816
0.445		0.347381
0.446		0.346945
0.447		0.346509
0.448		0.346071
0.449		0.345633
0.45		0.345194
0.451		0.344755
0.452		0.344314
0.453		0.343873
0.454		0.343432
0.455		0.342989
0.456		0.342546
0.457		0.342102
0.458		0.341658
0.459		0.341213
0.46		0.340767
0.461		0.34032
0.462		0.339873
0.463		0.339426
0.464		0.338978
0.465		0.338529
0.466		0.33808
0.467		0.33763
0.468		0.337179
0.469		0.336728
0.47		0.336277
0.471		0.335825
0.472		0.335372
0.473		0.33492
0.474		0.334466
0.475		0.334012
0.476		0.333558
0.477		0.333103
0.478		0.332648
0.479		0.332192
0.48		0.331736
0.481		0.33128
0.482		0.330823
0.483		0.330366
0.484		0.329908
0.485		0.32945
0.486		0.328992
0.487		0.328533
0.488		0.328074
0.489		0.327615
0.49		0.327155
0.491		0.326695
0.492		0.326235
0.493		0.325775
0.494		0.325314
0.495		0.324853
0.496		0.324392
0.497		0.32393
0.498		0.323469
0.499		0.323007
0.5		0.322545
0.501		0.322082
0.502		0.32162
0.503		0.321157
0.504		0.320694
0.505		0.320231
0.506		0.319768
0.507		0.319305
0.508		0.318841
0.509		0.318378
0.51		0.317914
0.511		0.31745
0.512		0.316986
0.513		0.316522
0.514		0.316058
0.515		0.315594
0.516		0.31513
0.517		0.314665
0.518		0.314201
0.519		0.313737
0.52		0.313272
0.521		0.312808
0.522		0.312343
0.523		0.311879
0.524		0.311414
0.525		0.31095
0.526		0.310485
0.527		0.310021
0.528		0.309557
0.529		0.309092
0.53		0.308628
0.531		0.308164
0.532		0.307699
0.533		0.307235
0.534		0.306771
0.535		0.306307
0.536		0.305843
0.537		0.30538
0.538		0.304916
0.539		0.304452
0.54		0.303989
0.541		0.303525
0.542		0.303062
0.543		0.302599
0.544		0.302136
0.545		0.301673
0.546		0.301211
0.547		0.300748
0.548		0.300286
0.549		0.299824
0.55		0.299362
0.551		0.2989
0.552		0.298439
0.553		0.297977
0.554		0.297516
0.555		0.297055
0.556		0.296595
0.557		0.296134
0.558		0.295674
0.559		0.295214
0.56		0.294754
0.561		0.294295
0.562		0.293835
0.563		0.293376
0.564		0.292918
0.565		0.292459
0.566		0.292001
0.567		0.291543
0.568		0.291085
0.569		0.290628
0.57		0.290171
0.571		0.289714
0.572		0.289258
0.573		0.288802
0.574		0.288346
0.575		0.287891
0.576		0.287436
0.577		0.286981
0.578		0.286526
0.579		0.286072
0.58		0.285618
0.581		0.285165
0.582		0.284712
0.583		0.284259
0.584		0.283807
0.585		0.283355
0.586		0.282903
0.587		0.282452
0.588		0.282001
0.589		0.281551
0.59		0.281101
0.591		0.280651
0.592		0.280202
0.593		0.279753
0.594		0.279305
0.595		0.278857
0.596		0.278409
0.597		0.277962
0.598		0.277515
0.599		0.277069
0.6		0.276623
0.601		0.276177
0.602		0.275732
0.603		0.275288
0.604		0.274844
0.605		0.2744
0.606		0.273957
0.607		0.273514
0.608		0.273071
0.609		0.27263
0.61		0.272188
0.611		0.271747
0.612		0.271307
0.613		0.270867
0.614		0.270427
0.615		0.269988
0.616		0.26955
0.617		0.269112
0.618		0.268674
0.619		0.268237
0.62		0.267801
0.621		0.267365
0.622		0.266929
0.623		0.266494
0.624		0.266059
0.625		0.265625
0.626		0.265192
0.627		0.264759
0.628		0.264326
0.629		0.263894
0.63		0.263463
0.631		0.263032
0.632		0.262602
0.633		0.262172
0.634		0.261742
0.635		0.261314
0.636		0.260885
0.637		0.260458
0.638		0.260031
0.639		0.259604
0.64		0.259178
0.641		0.258752
0.642		0.258327
0.643		0.257903
0.644		0.257479
0.645		0.257056
0.646		0.256633
0.647		0.256211
0.648		0.255789
0.649		0.255368
0.65		0.254948
0.651		0.254528
0.652		0.254109
0.653		0.25369
0.654		0.253272
0.655		0.252854
0.656		0.252437
0.657		0.252021
0.658		0.251605
0.659		0.25119
0.66		0.250775
0.661		0.250361
0.662		0.249947
0.663		0.249534
0.664		0.249122
0.665		0.24871
0.666		0.248299
0.667		0.247889
0.668		0.247479
0.669		0.247069
0.67		0.246661
0.671		0.246252
0.672		0.245845
0.673		0.245438
0.674		0.245032
0.675		0.244626
0.676		0.244221
0.677		0.243816
0.678		0.243412
0.679		0.243009
0.68		0.242606
0.681		0.242204
0.682		0.241803
0.683		0.241402
0.684		0.241002
0.685		0.240602
0.686		0.240203
0.687		0.239805
0.688		0.239407
0.689		0.23901
0.69		0.238613
0.691		0.238217
0.692		0.237822
0.693		0.237427
0.694		0.237033
0.695		0.23664
0.696		0.236247
0.697		0.235855
0.698		0.235464
0.699		0.235073
0.7		0.234682
0.701		0.234293
0.702		0.233904
0.703		0.233515
0.704		0.233128
0.705		0.23274
0.706		0.232354
0.707		0.231968
0.708		0.231583
0.709		0.231198
0.71		0.230814
0.711		0.230431
0.712		0.230048
0.713		0.229666
0.714		0.229285
0.715		0.228904
0.716		0.228524
0.717		0.228144
0.718		0.227765
0.719		0.227387
0.72		0.227009
0.721		0.226632
0.722		0.226256
0.723		0.22588
0.724		0.225505
0.725		0.225131
0.726		0.224757
0.727		0.224384
0.728		0.224011
0.729		0.22364
0.73		0.223268
0.731		0.222898
0.732		0.222528
0.733		0.222158
0.734		0.22179
0.735		0.221422
0.736		0.221054
0.737		0.220687
0.738		0.220321
0.739		0.219956
0.74		0.219591
0.741		0.219227
0.742		0.218863
0.743		0.2185
0.744		0.218138
0.745		0.217776
0.746		0.217415
0.747		0.217055
0.748		0.216695
0.749		0.216336
0.75		0.215977
0.751		0.21562
0.752		0.215262
0.753		0.214906
0.754		0.21455
0.755		0.214195
0.756		0.21384
0.757		0.213486
0.758		0.213133
0.759		0.21278
0.76		0.212428
0.761		0.212076
0.762		0.211725
0.763		0.211375
0.764		0.211026
0.765		0.210677
0.766		0.210328
0.767		0.209981
0.768		0.209634
0.769		0.209287
0.77		0.208941
0.771		0.208596
0.772		0.208252
0.773		0.207908
0.774		0.207565
0.775		0.207222
0.776		0.20688
0.777		0.206539
0.778		0.206198
0.779		0.205858
0.78		0.205518
0.781		0.205179
0.782		0.204841
0.783		0.204504
0.784		0.204167
0.785		0.20383
0.786		0.203495
0.787		0.20316
0.788		0.202825
0.789		0.202491
0.79		0.202158
0.791		0.201825
0.792		0.201493
0.793		0.201162
0.794		0.200831
0.795		0.200501
0.796		0.200172
0.797		0.199843
0.798		0.199514
0.799		0.199187
0.8		0.19886
0.801		0.198533
0.802		0.198208
0.803		0.197882
0.804		0.197558
0.805		0.197234
0.806		0.196911
0.807		0.196588
0.808		0.196266
0.809		0.195944
0.81		0.195623
0.811		0.195303
0.812		0.194983
0.813		0.194664
0.814		0.194346
0.815		0.194028
0.816		0.193711
0.817		0.193394
0.818		0.193078
0.819		0.192763
0.82		0.192448
0.821		0.192134
0.822		0.19182
0.823		0.191507
0.824		0.191195
0.825		0.190883
0.826		0.190572
0.827		0.190261
0.828		0.189951
0.829		0.189641
0.83		0.189333
0.831		0.189024
0.832		0.188717
0.833		0.18841
0.834		0.188103
0.835		0.187797
0.836		0.187492
0.837		0.187187
0.838		0.186883
0.839		0.18658
0.84		0.186277
0.841		0.185975
0.842		0.185673
0.843		0.185372
0.844		0.185071
0.845		0.184771
0.846		0.184472
0.847		0.184173
0.848		0.183875
0.849		0.183577
0.85		0.18328
0.851		0.182984
0.852		0.182688
0.853		0.182392
0.854		0.182098
0.855		0.181803
0.856		0.18151
0.857		0.181217
0.858		0.180924
0.859		0.180632
0.86		0.180341
0.861		0.18005
0.862		0.17976
0.863		0.179471
0.864		0.179181
0.865		0.178893
0.866		0.178605
0.867		0.178318
0.868		0.178031
0.869		0.177745
0.87		0.177459
0.871		0.177174
0.872		0.17689
0.873		0.176606
0.874		0.176322
0.875		0.176039
0.876		0.175757
0.877		0.175475
0.878		0.175194
0.879		0.174913
0.88		0.174633
0.881		0.174354
0.882		0.174075
0.883		0.173796
0.884		0.173519
0.885		0.173241
0.886		0.172964
0.887		0.172688
0.888		0.172413
0.889		0.172137
0.89		0.171863
0.891		0.171589
0.892		0.171315
0.893		0.171042
0.894		0.17077
0.895		0.170498
0.896		0.170227
0.897		0.169956
0.898		0.169686
0.899		0.169416
0.9		0.169147
0.901		0.168878
0.902		0.16861
0.903		0.168342
0.904		0.168075
0.905		0.167809
0.906		0.167543
0.907		0.167277
0.908		0.167012
0.909		0.166748
0.91		0.166484
0.911		0.166221
0.912		0.165958
0.913		0.165695
0.914		0.165434
0.915		0.165172
0.916		0.164912
0.917		0.164651
0.918		0.164392
0.919		0.164132
0.92		0.163874
0.921		0.163615
0.922		0.163358
0.923		0.163101
0.924		0.162844
0.925		0.162588
0.926		0.162332
0.927		0.162077
0.928		0.161823
0.929		0.161568
0.93		0.161315
0.931		0.161062
0.932		0.160809
0.933		0.160557
0.934		0.160306
0.935		0.160054
0.936		0.159804
0.937		0.159554
0.938		0.159304
0.939		0.159055
0.94		0.158807
0.941		0.158559
0.942		0.158311
0.943		0.158064
0.944		0.157817
0.945		0.157571
0.946		0.157326
0.947		0.15708
0.948		0.156836
0.949		0.156592
0.95		0.156348
0.951		0.156105
0.952		0.155862
0.953		0.15562
0.954		0.155378
0.955		0.155137
0.956		0.154896
0.957		0.154656
0.958		0.154416
0.959		0.154177
0.96		0.153938
0.961		0.1537
0.962		0.153462
0.963		0.153224
0.964		0.152987
0.965		0.152751
0.966		0.152515
0.967		0.152279
0.968		0.152044
0.969		0.15181
0.97		0.151576
0.971		0.151342
0.972		0.151109
0.973		0.150876
0.974		0.150644
0.975		0.150412
0.976		0.150181
0.977		0.14995
0.978		0.149719
0.979		0.14949
0.98		0.14926
0.981		0.149031
0.982		0.148802
0.983		0.148574
0.984		0.148347
0.985		0.14812
0.986		0.147893
0.987		0.147666
0.988		0.147441
0.989		0.147215
0.99		0.14699
0.991		0.146766
0.992		0.146542
0.993		0.146318
0.994		0.146095
0.995		0.145872
0.996		0.14565
0.997		0.145428
0.998		0.145207
0.999		0.144986
1		0.144765
1.001		0.144545
1.002		0.144326
1.003		0.144107
1.004		0.143888
1.005		0.143669
1.006		0.143452
1.007		0.143234
1.008		0.143017
1.009		0.142801
1.01		0.142584
1.011		0.142369
1.012		0.142153
1.013		0.141939
1.014		0.141724
1.015		0.14151
1.016		0.141297
1.017		0.141083
1.018		0.140871
1.019		0.140658
1.02		0.140447
1.021		0.140235
1.022		0.140024
1.023		0.139813
1.024		0.139603
1.025		0.139393
1.026		0.139184
1.027		0.138975
1.028		0.138767
1.029		0.138558
1.03		0.138351
1.031		0.138143
1.032		0.137937
1.033		0.13773
1.034		0.137524
1.035		0.137318
1.036		0.137113
1.037		0.136908
1.038		0.136704
1.039		0.1365
1.04		0.136296
1.041		0.136093
1.042		0.13589
1.043		0.135688
1.044		0.135486
1.045		0.135284
1.046		0.135083
1.047		0.134882
1.048		0.134682
1.049		0.134482
1.05		0.134282
1.051		0.134083
1.052		0.133884
1.053		0.133685
1.054		0.133487
1.055		0.13329
1.056		0.133093
1.057		0.132896
1.058		0.132699
1.059		0.132503
1.06		0.132307
1.061		0.132112
1.062		0.131917
1.063		0.131723
1.064		0.131528
1.065		0.131335
1.066		0.131141
1.067		0.130948
1.068		0.130755
1.069		0.130563
1.07		0.130371
1.071		0.13018
1.072		0.129989
1.073		0.129798
1.074		0.129608
1.075		0.129418
1.076		0.129228
1.077		0.129039
1.078		0.12885
1.079		0.128661
1.08		0.128473
1.081		0.128285
1.082		0.128098
1.083		0.127911
1.084		0.127724
1.085		0.127538
1.086		0.127352
1.087		0.127166
1.088		0.126981
1.089		0.126796
1.09		0.126612
1.091		0.126428
1.092		0.126244
1.093		0.126061
1.094		0.125878
1.095		0.125695
1.096		0.125513
1.097		0.125331
1.098		0.125149
1.099		0.124968
1.1		0.124787
1.101		0.124606
1.102		0.124426
1.103		0.124246
1.104		0.124067
1.105		0.123888
1.106		0.123709
1.107		0.12353
1.108		0.123352
1.109		0.123175
1.11		0.122997
1.111		0.12282
1.112		0.122644
1.113		0.122467
1.114		0.122291
1.115		0.122115
1.116		0.12194
1.117		0.121765
1.118		0.121591
1.119		0.121416
1.12		0.121242
1.121		0.121069
1.122		0.120895
1.123		0.120722
1.124		0.12055
1.125		0.120377
1.126		0.120206
1.127		0.120034
1.128		0.119863
1.129		0.119692
1.13		0.119521
1.131		0.119351
1.132		0.119181
1.133		0.119011
1.134		0.118842
1.135		0.118673
1.136		0.118504
1.137		0.118336
1.138		0.118168
1.139		0.118
1.14		0.117833
1.141		0.117666
1.142		0.117499
1.143		0.117333
1.144		0.117167
1.145		0.117001
1.146		0.116836
1.147		0.116671
1.148		0.116506
1.149		0.116342
1.15		0.116177
1.151		0.116014
1.152		0.11585
1.153		0.115687
1.154		0.115524
1.155		0.115361
1.156		0.115199
1.157		0.115037
1.158		0.114876
1.159		0.114714
1.16		0.114553
1.161		0.114393
1.162		0.114232
1.163		0.114072
1.164		0.113912
1.165		0.113753
1.166		0.113594
1.167		0.113435
1.168		0.113276
1.169		0.113118
1.17		0.11296
1.171		0.112803
1.172		0.112645
1.173		0.112488
1.174		0.112332
1.175		0.112175
1.176		0.112019
1.177		0.111863
1.178		0.111708
1.179		0.111552
1.18		0.111398
1.181		0.111243
1.182		0.111089
1.183		0.110935
1.184		0.110781
1.185		0.110627
1.186		0.110474
1.187		0.110321
1.188		0.110169
1.189		0.110016
1.19		0.109864
1.191		0.109713
1.192		0.109561
1.193		0.10941
1.194		0.109259
1.195		0.109109
1.196		0.108958
1.197		0.108808
1.198		0.108659
1.199		0.108509
1.2		0.10836
1.201		0.108211
1.202		0.108063
1.203		0.107914
1.204		0.107766
1.205		0.107619
1.206		0.107471
1.207		0.107324
1.208		0.107177
1.209		0.107031
1.21		0.106884
1.211		0.106738
1.212		0.106592
1.213		0.106447
1.214		0.106302
1.215		0.106157
1.216		0.106012
1.217		0.105867
1.218		0.105723
1.219		0.105579
1.22		0.105436
1.221		0.105293
1.222		0.105149
1.223		0.105007
1.224		0.104864
1.225		0.104722
1.226		0.10458
1.227		0.104438
1.228		0.104297
1.229		0.104156
1.23		0.104015
1.231		0.103874
1.232		0.103734
1.233		0.103593
1.234		0.103454
1.235		0.103314
1.236		0.103175
1.237		0.103036
1.238		0.102897
1.239		0.102758
1.24		0.10262
1.241		0.102482
1.242		0.102344
1.243		0.102207
1.244		0.102069
1.245		0.101932
1.246		0.101795
1.247		0.101659
1.248		0.101523
1.249		0.101387
1.25		0.101251
1.251		0.101116
1.252		0.10098
1.253		0.100845
1.254		0.100711
1.255		0.100576
1.256		0.100442
1.257		0.100308
1.258		0.100174
1.259		0.100041
1.26		0.0999074
1.261		0.0997744
1.262		0.0996416
1.263		0.0995091
1.264		0.0993769
1.265		0.0992449
1.266		0.0991131
1.267		0.0989816
1.268		0.0988503
1.269		0.0987193
1.27		0.0985885
1.271		0.098458
1.272		0.0983276
1.273		0.0981976
1.274		0.0980678
1.275		0.0979382
1.276		0.0978088
1.277		0.0976797
1.278		0.0975508
1.279		0.0974222
1.28		0.0972938
1.281		0.0971657
1.282		0.0970377
1.283		0.09691
1.284		0.0967826
1.285		0.0966554
1.286		0.0965284
1.287		0.0964016
1.288		0.0962751
1.289		0.0961488
1.29		0.0960228
1.291		0.0958969
1.292		0.0957714
1.293		0.095646
1.294		0.0955209
1.295		0.095396
1.296		0.0952713
1.297		0.0951468
1.298		0.0950226
1.299		0.0948986
1.3		0.0947749
1.301		0.0946513
1.302		0.094528
1.303		0.0944049
1.304		0.0942821
1.305		0.0941594
1.306		0.094037
1.307		0.0939148
1.308		0.0937928
1.309		0.0936711
1.31		0.0935496
1.311		0.0934283
1.312		0.0933072
1.313		0.0931863
1.314		0.0930657
1.315		0.0929453
1.316		0.092825
1.317		0.0927051
1.318		0.0925853
1.319		0.0924657
1.32		0.0923464
1.321		0.0922273
1.322		0.0921084
1.323		0.0919897
1.324		0.0918712
1.325		0.091753
1.326		0.0916349
1.327		0.0915171
1.328		0.0913995
1.329		0.0912821
1.33		0.0911649
1.331		0.0910479
1.332		0.0909311
1.333		0.0908146
1.334		0.0906982
1.335		0.0905821
1.336		0.0904661
1.337		0.0903504
1.338		0.0902349
1.339		0.0901196
1.34		0.0900045
1.341		0.0898896
1.342		0.0897749
1.343		0.0896605
1.344		0.0895462
1.345		0.0894321
1.346		0.0893183
1.347		0.0892046
1.348		0.0890911
1.349		0.0889779
1.35		0.0888648
1.351		0.088752
1.352		0.0886394
1.353		0.0885269
1.354		0.0884147
1.355		0.0883026
1.356		0.0881908
1.357		0.0880791
1.358		0.0879677
1.359		0.0878565
1.36		0.0877454
1.361		0.0876346
1.362		0.0875239
1.363		0.0874135
1.364		0.0873032
1.365		0.0871932
1.366		0.0870833
1.367		0.0869736
1.368		0.0868642
1.369		0.0867549
1.37		0.0866458
1.371		0.0865369
1.372		0.0864282
1.373		0.0863197
1.374		0.0862114
1.375		0.0861033
1.376		0.0859954
1.377		0.0858876
1.378		0.0857801
1.379		0.0856727
1.38		0.0855656
1.381		0.0854586
1.382		0.0853518
1.383		0.0852452
1.384		0.0851388
1.385		0.0850326
1.386		0.0849266
1.387		0.0848207
1.388		0.0847151
1.389		0.0846096
1.39		0.0845043
1.391		0.0843992
1.392		0.0842943
1.393		0.0841896
1.394		0.084085
1.395		0.0839807
1.396		0.0838765
1.397		0.0837725
1.398		0.0836687
1.399		0.083565
1.4		0.0834616
1.401		0.0833583
1.402		0.0832552
1.403		0.0831523
1.404		0.0830496
1.405		0.0829471
1.406		0.0828447
1.407		0.0827425
1.408		0.0826405
1.409		0.0825387
1.41		0.082437
1.411		0.0823355
1.412		0.0822342
1.413		0.0821331
1.414		0.0820322
1.415		0.0819314
1.416		0.0818308
1.417		0.0817304
1.418		0.0816302
1.419		0.0815301
1.42		0.0814302
1.421		0.0813305
1.422		0.0812309
1.423		0.0811316
1.424		0.0810324
1.425		0.0809333
1.426		0.0808345
1.427		0.0807358
1.428		0.0806373
1.429		0.0805389
1.43		0.0804408
1.431		0.0803427
1.432		0.0802449
1.433		0.0801473
1.434		0.0800498
1.435		0.0799524
1.436		0.0798553
1.437		0.0797583
1.438		0.0796615
1.439		0.0795648
1.44		0.0794683
1.441		0.079372
1.442		0.0792758
1.443		0.0791798
1.444		0.079084
1.445		0.0789884
1.446		0.0788929
1.447		0.0787975
1.448		0.0787024
1.449		0.0786074
1.45		0.0785125
1.451		0.0784178
1.452		0.0783233
1.453		0.078229
1.454		0.0781348
1.455		0.0780408
1.456		0.0779469
1.457		0.0778532
1.458		0.0777596
1.459		0.0776663
1.46		0.077573
1.461		0.07748
1.462		0.077387
1.463		0.0772943
1.464		0.0772017
1.465		0.0771093
1.466		0.077017
1.467		0.0769249
1.468		0.0768329
1.469		0.0767411
1.47		0.0766495
1.471		0.076558
1.472		0.0764666
1.473		0.0763755
1.474		0.0762844
1.475		0.0761936
1.476		0.0761028
1.477		0.0760123
1.478		0.0759219
1.479		0.0758316
1.48		0.0757415
1.481		0.0756516
1.482		0.0755618
1.483		0.0754721
1.484		0.0753826
1.485		0.0752933
1.486		0.0752041
1.487		0.0751151
1.488		0.0750262
1.489		0.0749374
1.49		0.0748488
1.491		0.0747604
1.492		0.0746721
1.493		0.074584
1.494		0.074496
1.495		0.0744081
1.496		0.0743204
1.497		0.0742329
1.498		0.0741455
1.499		0.0740582
1.5		0.0739711
1.501		0.0738842
1.502		0.0737974
1.503		0.0737107
1.504		0.0736242
1.505		0.0735378
1.506		0.0734516
1.507		0.0733655
1.508		0.0732795
1.509		0.0731937
1.51		0.0731081
1.511		0.0730226
1.512		0.0729372
1.513		0.072852
1.514		0.0727669
1.515		0.0726819
1.516		0.0725971
1.517		0.0725125
1.518		0.0724279
1.519		0.0723436
1.52		0.0722593
1.521		0.0721752
1.522		0.0720913
1.523		0.0720075
1.524		0.0719238
1.525		0.0718403
1.526		0.0717569
1.527		0.0716736
1.528		0.0715905
1.529		0.0715075
1.53		0.0714246
1.531		0.0713419
1.532		0.0712594
1.533		0.0711769
1.534		0.0710946
1.535		0.0710125
1.536		0.0709304
1.537		0.0708486
1.538		0.0707668
1.539		0.0706852
1.54		0.0706037
1.541		0.0705223
1.542		0.0704411
1.543		0.0703601
1.544		0.0702791
1.545		0.0701983
1.546		0.0701176
1.547		0.0700371
1.548		0.0699567
1.549		0.0698764
1.55		0.0697962
1.551		0.0697162
1.552		0.0696363
1.553		0.0695566
1.554		0.0694769
1.555		0.0693974
1.556		0.0693181
1.557		0.0692388
1.558		0.0691597
1.559		0.0690808
1.56		0.0690019
1.561		0.0689232
1.562		0.0688446
1.563		0.0687662
1.564		0.0686878
1.565		0.0686096
1.566		0.0685316
1.567		0.0684536
1.568		0.0683758
1.569		0.0682981
1.57		0.0682206
1.571		0.0681431
1.572		0.0680658
1.573		0.0679886
1.574		0.0679116
1.575		0.0678346
1.576		0.0677578
1.577		0.0676811
1.578		0.0676046
1.579		0.0675281
1.58		0.0674518
1.581		0.0673756
1.582		0.0672996
1.583		0.0672236
1.584		0.0671478
1.585		0.0670721
1.586		0.0669966
1.587		0.0669211
1.588		0.0668458
1.589		0.0667706
1.59		0.0666955
1.591		0.0666205
1.592		0.0665457
1.593		0.066471
1.594		0.0663964
1.595		0.0663219
1.596		0.0662475
1.597		0.0661733
1.598		0.0660992
1.599		0.0660252
1.6		0.0659513
1.601		0.0658775
1.602		0.0658039
1.603		0.0657304
1.604		0.065657
1.605		0.0655837
1.606		0.0655105
1.607		0.0654375
1.608		0.0653645
1.609		0.0652917
1.61		0.065219
1.611		0.0651464
1.612		0.065074
1.613		0.0650016
1.614		0.0649294
1.615		0.0648573
1.616		0.0647852
1.617		0.0647134
1.618		0.0646416
1.619		0.0645699
1.62		0.0644984
1.621		0.0644269
1.622		0.0643556
1.623		0.0642844
1.624		0.0642133
1.625		0.0641423
1.626		0.0640715
1.627		0.0640007
1.628		0.0639301
1.629		0.0638596
1.63		0.0637892
1.631		0.0637189
1.632		0.0636487
1.633		0.0635786
1.634		0.0635086
1.635		0.0634388
1.636		0.063369
1.637		0.0632994
1.638		0.0632298
1.639		0.0631604
1.64		0.0630911
1.641		0.0630219
1.642		0.0629528
1.643		0.0628839
1.644		0.062815
1.645		0.0627462
1.646		0.0626776
1.647		0.062609
1.648		0.0625406
1.649		0.0624723
1.65		0.0624041
1.651		0.062336
1.652		0.062268
1.653		0.0622001
1.654		0.0621323
1.655		0.0620646
1.656		0.061997
1.657		0.0619295
1.658		0.0618622
1.659		0.0617949
1.66		0.0617278
1.661		0.0616607
1.662		0.0615938
1.663		0.0615269
1.664		0.0614602
1.665		0.0613936
1.666		0.061327
1.667		0.0612606
1.668		0.0611943
1.669		0.0611281
1.67		0.061062
1.671		0.060996
1.672		0.0609301
1.673		0.0608643
1.674		0.0607986
1.675		0.060733
1.676		0.0606675
1.677		0.0606021
1.678		0.0605368
1.679		0.0604716
1.68		0.0604065
1.681		0.0603415
1.682		0.0602767
1.683		0.0602119
1.684		0.0601472
1.685		0.0600826
1.686		0.0600181
1.687		0.0599538
1.688		0.0598895
1.689		0.0598253
1.69		0.0597612
1.691		0.0596972
1.692		0.0596333
1.693		0.0595696
1.694		0.0595059
1.695		0.0594423
1.696		0.0593788
1.697		0.0593154
1.698		0.0592521
1.699		0.0591889
1.7		0.0591258
1.701		0.0590628
1.702		0.0589999
1.703		0.0589371
1.704		0.0588744
1.705		0.0588118
1.706		0.0587493
1.707		0.0586868
1.708		0.0586245
1.709		0.0585623
1.71		0.0585001
1.711		0.0584381
1.712		0.0583762
1.713		0.0583143
1.714		0.0582526
1.715		0.0581909
1.716		0.0581293
1.717		0.0580679
1.718		0.0580065
1.719		0.0579452
1.72		0.057884
1.721		0.0578229
1.722		0.0577619
1.723		0.057701
1.724		0.0576402
1.725		0.0575795
1.726		0.0575188
1.727		0.0574583
1.728		0.0573979
1.729		0.0573375
1.73		0.0572773
1.731		0.0572171
1.732		0.057157
1.733		0.057097
1.734		0.0570371
1.735		0.0569773
1.736		0.0569176
1.737		0.056858
1.738		0.0567985
1.739		0.056739
1.74		0.0566797
1.741		0.0566204
1.742		0.0565612
1.743		0.0565021
1.744		0.0564432
1.745		0.0563842
1.746		0.0563254
1.747		0.0562667
1.748		0.0562081
1.749		0.0561495
1.75		0.0560911
1.751		0.0560327
1.752		0.0559744
1.753		0.0559162
1.754		0.0558581
1.755		0.0558001
1.756		0.0557422
1.757		0.0556843
1.758		0.0556265
1.759		0.0555689
1.76		0.0555113
1.761		0.0554538
1.762		0.0553964
1.763		0.0553391
1.764		0.0552818
1.765		0.0552247
1.766		0.0551676
1.767		0.0551106
1.768		0.0550537
1.769		0.0549969
1.77		0.0549402
1.771		0.0548835
1.772		0.054827
1.773		0.0547705
1.774		0.0547141
1.775		0.0546578
1.776		0.0546016
1.777		0.0545455
1.778		0.0544894
1.779		0.0544334
1.78		0.0543776
1.781		0.0543218
1.782		0.054266
1.783		0.0542104
1.784		0.0541548
1.785		0.0540994
1.786		0.054044
1.787		0.0539887
1.788		0.0539335
1.789		0.0538783
1.79		0.0538233
1.791		0.0537683
1.792		0.0537134
1.793		0.0536586
1.794		0.0536038
1.795		0.0535492
1.796		0.0534946
1.797		0.0534401
1.798		0.0533857
1.799		0.0533314
1.8		0.0532771
1.801		0.053223
1.802		0.0531689
1.803		0.0531149
1.804		0.0530609
1.805		0.0530071
1.806		0.0529533
1.807		0.0528996
1.808		0.052846
1.809		0.0527925
1.81		0.052739
1.811		0.0526857
1.812		0.0526324
1.813		0.0525791
1.814		0.052526
1.815		0.0524729
1.816		0.05242
1.817		0.052367
1.818		0.0523142
1.819		0.0522615
1.82		0.0522088
1.821		0.0521562
1.822		0.0521037
1.823		0.0520512
1.824		0.0519989
1.825		0.0519466
1.826		0.0518944
1.827		0.0518422
1.828		0.0517902
1.829		0.0517382
1.83		0.0516863
1.831		0.0516344
1.832		0.0515827
1.833		0.051531
1.834		0.0514794
1.835		0.0514279
1.836		0.0513764
1.837		0.051325
1.838		0.0512737
1.839		0.0512225
1.84		0.0511713
1.841		0.0511203
1.842		0.0510692
1.843		0.0510183
1.844		0.0509674
1.845		0.0509167
1.846		0.0508659
1.847		0.0508153
1.848		0.0507647
1.849		0.0507142
1.85		0.0506638
1.851		0.0506135
1.852		0.0505632
1.853		0.050513
1.854		0.0504629
1.855		0.0504128
1.856		0.0503628
1.857		0.0503129
1.858		0.0502631
1.859		0.0502133
1.86		0.0501636
1.861		0.050114
1.862		0.0500644
1.863		0.050015
1.864		0.0499655
1.865		0.0499162
1.866		0.0498669
1.867		0.0498177
1.868		0.0497686
1.869		0.0497196
1.87		0.0496706
1.871		0.0496217
1.872		0.0495728
1.873		0.049524
1.874		0.0494753
1.875		0.0494267
1.876		0.0493781
1.877		0.0493296
1.878		0.0492812
1.879		0.0492328
1.88		0.0491846
1.881		0.0491363
1.882		0.0490882
1.883		0.0490401
1.884		0.0489921
1.885		0.0489441
1.886		0.0488963
1.887		0.0488485
1.888		0.0488007
1.889		0.048753
1.89		0.0487054
1.891		0.0486579
1.892		0.0486104
1.893		0.048563
1.894		0.0485157
1.895		0.0484684
1.896		0.0484212
1.897		0.0483741
1.898		0.048327
1.899		0.04828
1.9		0.0482331
1.901		0.0481862
1.902		0.0481394
1.903		0.0480927
1.904		0.048046
1.905		0.0479994
1.906		0.0479529
1.907		0.0479064
1.908		0.04786
1.909		0.0478137
1.91		0.0477674
1.911		0.0477212
1.912		0.0476751
1.913		0.047629
1.914		0.047583
1.915		0.047537
1.916		0.0474911
1.917		0.0474453
1.918		0.0473996
1.919		0.0473539
1.92		0.0473083
1.921		0.0472627
1.922		0.0472172
1.923		0.0471718
1.924		0.0471264
1.925		0.0470811
1.926		0.0470358
1.927		0.0469907
1.928		0.0469456
1.929		0.0469005
1.93		0.0468555
1.931		0.0468106
1.932		0.0467657
1.933		0.0467209
1.934		0.0466762
1.935		0.0466315
1.936		0.0465869
1.937		0.0465423
1.938		0.0464979
1.939		0.0464534
1.94		0.0464091
1.941		0.0463648
1.942		0.0463205
1.943		0.0462763
1.944		0.0462322
1.945		0.0461882
1.946		0.0461442
1.947		0.0461002
1.948		0.0460564
1.949		0.0460126
1.95		0.0459688
1.951		0.0459251
1.952		0.0458815
1.953		0.0458379
1.954		0.0457944
1.955		0.045751
1.956		0.0457076
1.957		0.0456643
1.958		0.045621
1.959		0.0455778
1.96		0.0455346
1.961		0.0454915
1.962		0.0454485
1.963		0.0454055
1.964		0.0453626
1.965		0.0453198
1.966		0.045277
1.967		0.0452343
1.968		0.0451916
1.969		0.045149
1.97		0.0451064
1.971		0.0450639
1.972		0.0450215
1.973		0.0449791
1.974		0.0449368
1.975		0.0448945
1.976		0.0448523
1.977		0.0448102
1.978		0.0447681
1.979		0.044726
1.98		0.0446841
1.981		0.0446422
1.982		0.0446003
1.983		0.0445585
1.984		0.0445167
1.985		0.0444751
1.986		0.0444334
1.987		0.0443919
1.988		0.0443503
1.989		0.0443089
1.99		0.0442675
1.991		0.0442261
1.992		0.0441848
1.993		0.0441436
1.994		0.0441024
1.995		0.0440613
1.996		0.0440202
1.997		0.0439792
1.998		0.0439383
1.999		0.0438974
2		0.0438565
2.001		0.0438158
2.002		0.043775
2.003		0.0437343
2.004		0.0436937
2.005		0.0436532
2.006		0.0436127
2.007		0.0435722
2.008		0.0435318
2.009		0.0434915
2.01		0.0434512
2.011		0.0434109
2.012		0.0433707
2.013		0.0433306
2.014		0.0432905
2.015		0.0432505
2.016		0.0432106
2.017		0.0431707
2.018		0.0431308
2.019		0.043091
2.02		0.0430512
2.021		0.0430115
2.022		0.0429719
2.023		0.0429323
2.024		0.0428928
2.025		0.0428533
2.026		0.0428139
2.027		0.0427745
2.028		0.0427352
2.029		0.0426959
2.03		0.0426567
2.031		0.0426175
2.032		0.0425784
2.033		0.0425394
2.034		0.0425004
2.035		0.0424614
2.036		0.0424225
2.037		0.0423836
2.038		0.0423449
2.039		0.0423061
2.04		0.0422674
2.041		0.0422288
2.042		0.0421902
2.043		0.0421516
2.044		0.0421132
2.045		0.0420747
2.046		0.0420363
2.047		0.041998
2.048		0.0419597
2.049		0.0419215
2.05		0.0418833
2.051		0.0418452
2.052		0.0418071
2.053		0.0417691
2.054		0.0417311
2.055		0.0416932
2.056		0.0416553
2.057		0.0416175
2.058		0.0415797
2.059		0.041542
2.06		0.0415043
2.061		0.0414667
2.062		0.0414291
2.063		0.0413916
2.064		0.0413541
2.065		0.0413167
2.066		0.0412793
2.067		0.041242
2.068		0.0412047
2.069		0.0411675
2.07		0.0411303
2.071		0.0410932
2.072		0.0410561
2.073		0.0410191
2.074		0.0409821
2.075		0.0409452
2.076		0.0409083
2.077		0.0408714
2.078		0.0408347
2.079		0.0407979
2.08		0.0407612
2.081		0.0407246
2.082		0.040688
2.083		0.0406514
2.084		0.0406149
2.085		0.0405785
2.086		0.0405421
2.087		0.0405057
2.088		0.0404694
2.089		0.0404332
2.09		0.040397
2.091		0.0403608
2.092		0.0403247
2.093		0.0402886
2.094		0.0402526
2.095		0.0402166
2.096		0.0401807
2.097		0.0401448
2.098		0.040109
2.099		0.0400732
2.1		0.0400375
2.101		0.0400018
2.102		0.0399661
2.103		0.0399306
2.104		0.039895
2.105		0.0398595
2.106		0.039824
2.107		0.0397886
2.108		0.0397533
2.109		0.0397179
2.11		0.0396827
2.111		0.0396474
2.112		0.0396123
2.113		0.0395771
2.114		0.039542
2.115		0.039507
2.116		0.039472
2.117		0.039437
2.118		0.0394021
2.119		0.0393673
2.12		0.0393324
2.121		0.0392977
2.122		0.0392629
2.123		0.0392283
2.124		0.0391936
2.125		0.039159
2.126		0.0391245
2.127		0.03909
2.128		0.0390555
2.129		0.0390211
2.13		0.0389867
2.131		0.0389524
2.132		0.0389181
2.133		0.0388839
2.134		0.0388497
2.135		0.0388155
2.136		0.0387814
2.137		0.0387474
2.138		0.0387134
2.139		0.0386794
2.14		0.0386455
2.141		0.0386116
2.142		0.0385777
2.143		0.0385439
2.144		0.0385102
2.145		0.0384765
2.146		0.0384428
2.147		0.0384092
2.148		0.0383756
2.149		0.0383421
2.15		0.0383086
2.151		0.0382751
2.152		0.0382417
2.153		0.0382083
2.154		0.038175
2.155		0.0381417
2.156		0.0381085
2.157		0.0380753
2.158		0.0380421
2.159		0.038009
2.16		0.037976
2.161		0.0379429
2.162		0.03791
2.163		0.037877
2.164		0.0378441
2.165		0.0378113
2.166		0.0377784
2.167		0.0377457
2.168		0.0377129
2.169		0.0376802
2.17		0.0376476
2.171		0.037615
2.172		0.0375824
2.173		0.0375499
2.174		0.0375174
2.175		0.037485
2.176		0.0374526
2.177		0.0374202
2.178		0.0373879
2.179		0.0373556
2.18		0.0373234
2.181		0.0372912
2.182		0.037259
2.183		0.0372269
2.184		0.0371948
2.185		0.0371628
2.186		0.0371308
2.187		0.0370988
2.188		0.0370669
2.189		0.0370351
2.19		0.0370032
2.191		0.0369714
2.192		0.0369397
2.193		0.036908
2.194		0.0368763
2.195		0.0368447
2.196		0.0368131
2.197		0.0367815
2.198		0.03675
2.199		0.0367185
2.2		0.0366871
2.201		0.0366557
2.202		0.0366244
2.203		0.036593
2.204		0.0365618
2.205		0.0365305
2.206		0.0364993
2.207		0.0364682
2.208		0.0364371
2.209		0.036406
2.21		0.0363749
2.211		0.0363439
2.212		0.036313
2.213		0.0362821
2.214		0.0362512
2.215		0.0362203
2.216		0.0361895
2.217		0.0361588
2.218		0.036128
2.219		0.0360973
2.22		0.0360667
2.221		0.0360361
2.222		0.0360055
2.223		0.0359749
2.224		0.0359444
2.225		0.035914
2.226		0.0358836
2.227		0.0358532
2.228		0.0358228
2.229		0.0357925
2.23		0.0357622
2.231		0.035732
2.232		0.0357018
2.233		0.0356716
2.234		0.0356415
2.235		0.0356114
2.236		0.0355814
2.237		0.0355514
2.238		0.0355214
2.239		0.0354914
2.24		0.0354615
2.241		0.0354317
2.242		0.0354019
2.243		0.0353721
2.244		0.0353423
2.245		0.0353126
2.246		0.0352829
2.247		0.0352533
2.248		0.0352237
2.249		0.0351941
2.25		0.0351646
2.251		0.0351351
2.252		0.0351056
2.253		0.0350762
2.254		0.0350468
2.255		0.0350175
2.256		0.0349881
2.257		0.0349589
2.258		0.0349296
2.259		0.0349004
2.26		0.0348712
2.261		0.0348421
2.262		0.034813
2.263		0.0347839
2.264		0.0347549
2.265		0.0347259
2.266		0.034697
2.267		0.034668
2.268		0.0346392
2.269		0.0346103
2.27		0.0345815
2.271		0.0345527
2.272		0.034524
2.273		0.0344953
2.274		0.0344666
2.275		0.0344379
2.276		0.0344093
2.277		0.0343808
2.278		0.0343522
2.279		0.0343237
2.28		0.0342953
2.281		0.0342668
2.282		0.0342385
2.283		0.0342101
2.284		0.0341818
2.285		0.0341535
2.286		0.0341252
2.287		0.034097
2.288		0.0340688
2.289		0.0340407
2.29		0.0340125
2.291		0.0339845
2.292		0.0339564
2.293		0.0339284
2.294		0.0339004
2.295		0.0338725
2.296		0.0338445
2.297		0.0338167
2.298		0.0337888
2.299		0.033761
2.3		0.0337332
2.301		0.0337055
2.302		0.0336778
2.303		0.0336501
2.304		0.0336224
2.305		0.0335948
2.306		0.0335672
2.307		0.0335397
2.308		0.0335122
2.309		0.0334847
2.31		0.0334573
2.311		0.0334298
2.312		0.0334025
2.313		0.0333751
2.314		0.0333478
2.315		0.0333205
2.316		0.0332933
2.317		0.0332661
2.318		0.0332389
2.319		0.0332117
2.32		0.0331846
2.321		0.0331575
2.322		0.0331305
2.323		0.0331035
2.324		0.0330765
2.325		0.0330495
2.326		0.0330226
2.327		0.0329957
2.328		0.0329688
2.329		0.032942
2.33		0.0329152
2.331		0.0328885
2.332		0.0328617
2.333		0.032835
2.334		0.0328084
2.335		0.0327817
2.336		0.0327551
2.337		0.0327286
2.338		0.032702
2.339		0.0326755
2.34		0.0326491
2.341		0.0326226
2.342		0.0325962
2.343		0.0325698
2.344		0.0325435
2.345		0.0325172
2.346		0.0324909
2.347		0.0324646
2.348		0.0324384
2.349		0.0324122
2.35		0.032386
2.351		0.0323599
2.352		0.0323338
2.353		0.0323077
2.354		0.0322817
2.355		0.0322557
2.356		0.0322297
2.357		0.0322038
2.358		0.0321779
2.359		0.032152
2.36		0.0321261
2.361		0.0321003
2.362		0.0320745
2.363		0.0320488
2.364		0.032023
2.365		0.0319973
2.366		0.0319717
2.367		0.031946
2.368		0.0319204
2.369		0.0318948
2.37		0.0318693
2.371		0.0318438
2.372		0.0318183
2.373		0.0317928
2.374		0.0317674
2.375		0.031742
2.376		0.0317166
2.377		0.0316913
2.378		0.031666
2.379		0.0316407
2.38		0.0316155
2.381		0.0315903
2.382		0.0315651
2.383		0.0315399
2.384		0.0315148
2.385		0.0314897
2.386		0.0314646
2.387		0.0314396
2.388		0.0314146
2.389		0.0313896
2.39		0.0313646
2.391		0.0313397
2.392		0.0313148
2.393		0.0312899
2.394		0.0312651
2.395		0.0312403
2.396		0.0312155
2.397		0.0311908
2.398		0.031166
2.399		0.0311414
2.4		0.0311167
2.401		0.0310921
2.402		0.0310675
2.403		0.0310429
2.404		0.0310183
2.405		0.0309938
2.406		0.0309693
2.407		0.0309449
2.408		0.0309204
2.409		0.030896
2.41		0.0308716
2.411		0.0308473
2.412		0.030823
2.413		0.0307987
2.414		0.0307744
2.415		0.0307502
2.416		0.030726
2.417		0.0307018
2.418		0.0306776
2.419		0.0306535
2.42		0.0306294
2.421		0.0306054
2.422		0.0305813
2.423		0.0305573
2.424		0.0305333
2.425		0.0305094
2.426		0.0304854
2.427		0.0304615
2.428		0.0304377
2.429		0.0304138
2.43		0.03039
2.431		0.0303662
2.432		0.0303425
2.433		0.0303187
2.434		0.030295
2.435		0.0302713
2.436		0.0302477
2.437		0.0302241
2.438		0.0302005
2.439		0.0301769
2.44		0.0301533
2.441		0.0301298
2.442		0.0301063
2.443		0.0300829
2.444		0.0300594
2.445		0.030036
2.446		0.0300126
2.447		0.0299893
2.448		0.029966
2.449		0.0299427
2.45		0.0299194
2.451		0.0298961
2.452		0.0298729
2.453		0.0298497
2.454		0.0298266
2.455		0.0298034
2.456		0.0297803
2.457		0.0297572
2.458		0.0297341
2.459		0.0297111
2.46		0.0296881
2.461		0.0296651
2.462		0.0296422
2.463		0.0296192
2.464		0.0295963
2.465		0.0295734
2.466		0.0295506
2.467		0.0295278
2.468		0.029505
2.469		0.0294822
2.47		0.0294594
2.471		0.0294367
2.472		0.029414
2.473		0.0293914
2.474		0.0293687
2.475		0.0293461
2.476		0.0293235
2.477		0.0293009
2.478		0.0292784
2.479		0.0292559
2.48		0.0292334
2.481		0.0292109
2.482		0.0291885
2.483		0.0291661
2.484		0.0291437
2.485		0.0291213
2.486		0.029099
2.487		0.0290767
2.488		0.0290544
2.489		0.0290321
2.49		0.0290099
2.491		0.0289877
2.492		0.0289655
2.493		0.0289433
2.494		0.0289212
2.495		0.0288991
2.496		0.028877
2.497		0.0288549
2.498		0.0288329
2.499		0.0288109
2.5		0.0287889
2.501		0.0287669
2.502		0.028745
2.503		0.0287231
2.504		0.0287012
2.505		0.0286793
2.506		0.0286575
2.507		0.0286356
2.508		0.0286139
2.509		0.0285921
2.51		0.0285703
2.511		0.0285486
2.512		0.0285269
2.513		0.0285053
2.514		0.0284836
2.515		0.028462
2.516		0.0284404
2.517		0.0284188
2.518		0.0283973
2.519		0.0283758
2.52		0.0283543
2.521		0.0283328
2.522		0.0283113
2.523		0.0282899
2.524		0.0282685
2.525		0.0282471
2.526		0.0282258
2.527		0.0282044
2.528		0.0281831
2.529		0.0281619
2.53		0.0281406
2.531		0.0281194
2.532		0.0280981
2.533		0.028077
2.534		0.0280558
2.535		0.0280346
2.536		0.0280135
2.537		0.0279924
2.538		0.0279714
2.539		0.0279503
2.54		0.0279293
2.541		0.0279083
2.542		0.0278873
2.543		0.0278664
2.544		0.0278454
2.545		0.0278245
2.546		0.0278036
2.547		0.0277828
2.548		0.0277619
2.549		0.0277411
2.55		0.0277203
2.551		0.0276996
2.552		0.0276788
2.553		0.0276581
2.554		0.0276374
2.555		0.0276167
2.556		0.0275961
2.557		0.0275754
2.558		0.0275548
2.559		0.0275342
2.56		0.0275137
2.561		0.0274931
2.562		0.0274726
2.563		0.0274521
2.564		0.0274316
2.565		0.0274112
2.566		0.0273908
2.567		0.0273704
2.568		0.02735
2.569		0.0273296
2.57		0.0273093
2.571		0.027289
2.572		0.0272687
2.573		0.0272484
2.574		0.0272281
2.575		0.0272079
2.576		0.0271877
2.577		0.0271675
2.578		0.0271474
2.579		0.0271272
2.58		0.0271071
2.581		0.027087
2.582		0.0270669
2.583		0.0270469
2.584		0.0270269
2.585		0.0270069
2.586		0.0269869
2.587		0.0269669
2.588		0.026947
2.589		0.0269271
2.59		0.0269072
2.591		0.0268873
2.592		0.0268674
2.593		0.0268476
2.594		0.0268278
2.595		0.026808
2.596		0.0267882
2.597		0.0267685
2.598		0.0267488
2.599		0.0267291
2.6		0.0267094
2.601		0.0266897
2.602		0.0266701
2.603		0.0266505
2.604		0.0266309
2.605		0.0266113
2.606		0.0265917
2.607		0.0265722
2.608		0.0265527
2.609		0.0265332
2.61		0.0265137
2.611		0.0264943
2.612		0.0264749
2.613		0.0264555
2.614		0.0264361
2.615		0.0264167
2.616		0.0263974
2.617		0.0263781
2.618		0.0263588
2.619		0.0263395
2.62		0.0263202
2.621		0.026301
2.622		0.0262818
2.623		0.0262626
2.624		0.0262434
2.625		0.0262242
2.626		0.0262051
2.627		0.026186
2.628		0.0261669
2.629		0.0261478
2.63		0.0261288
2.631		0.0261098
2.632		0.0260907
2.633		0.0260718
2.634		0.0260528
2.635		0.0260338
2.636		0.0260149
2.637		0.025996
2.638		0.0259771
2.639		0.0259582
2.64		0.0259394
2.641		0.0259206
2.642		0.0259018
2.643		0.025883
2.644		0.0258642
2.645		0.0258455
2.646		0.0258267
2.647		0.025808
2.648		0.0257893
2.649		0.0257707
2.65		0.025752
2.651		0.0257334
2.652		0.0257148
2.653		0.0256962
2.654		0.0256776
2.655		0.0256591
2.656		0.0256406
2.657		0.0256221
2.658		0.0256036
2.659		0.0255851
2.66		0.0255667
2.661		0.0255482
2.662		0.0255298
2.663		0.0255114
2.664		0.0254931
2.665		0.0254747
2.666		0.0254564
2.667		0.0254381
2.668		0.0254198
2.669		0.0254015
2.67		0.0253833
2.671		0.025365
2.672		0.0253468
2.673		0.0253286
2.674		0.0253104
2.675		0.0252923
2.676		0.0252742
2.677		0.025256
2.678		0.0252379
2.679		0.0252199
2.68		0.0252018
2.681		0.0251838
2.682		0.0251657
2.683		0.0251477
2.684		0.0251298
2.685		0.0251118
2.686		0.0250938
2.687		0.0250759
2.688		0.025058
2.689		0.0250401
2.69		0.0250223
2.691		0.0250044
2.692		0.0249866
2.693		0.0249688
2.694		0.024951
2.695		0.0249332
2.696		0.0249154
2.697		0.0248977
2.698		0.02488
2.699		0.0248623
2.7		0.0248446
2.701		0.0248269
2.702		0.0248093
2.703		0.0247917
2.704		0.0247741
2.705		0.0247565
2.706		0.0247389
2.707		0.0247213
2.708		0.0247038
2.709		0.0246863
2.71		0.0246688
2.711		0.0246513
2.712		0.0246339
2.713		0.0246164
2.714		0.024599
2.715		0.0245816
2.716		0.0245642
2.717		0.0245468
2.718		0.0245295
2.719		0.0245122
2.72		0.0244948
2.721		0.0244775
2.722		0.0244603
2.723		0.024443
2.724		0.0244258
2.725		0.0244085
2.726		0.0243913
2.727		0.0243741
2.728		0.024357
2.729		0.0243398
2.73		0.0243227
2.731		0.0243056
2.732		0.0242885
2.733		0.0242714
2.734		0.0242543
2.735		0.0242373
2.736		0.0242203
2.737		0.0242032
2.738		0.0241863
2.739		0.0241693
2.74		0.0241523
2.741		0.0241354
2.742		0.0241185
2.743		0.0241016
2.744		0.0240847
2.745		0.0240678
2.746		0.0240509
2.747		0.0240341
2.748		0.0240173
2.749		0.0240005
2.75		0.0239837
2.751		0.023967
2.752		0.0239502
2.753		0.0239335
2.754		0.0239168
2.755		0.0239001
2.756		0.0238834
2.757		0.0238667
2.758		0.0238501
2.759		0.0238335
2.76		0.0238169
2.761		0.0238003
2.762		0.0237837
2.763		0.0237671
2.764		0.0237506
2.765		0.0237341
2.766		0.0237176
2.767		0.0237011
2.768		0.0236846
2.769		0.0236681
2.77		0.0236517
2.771		0.0236353
2.772		0.0236189
2.773		0.0236025
2.774		0.0235861
2.775		0.0235698
2.776		0.0235534
2.777		0.0235371
2.778		0.0235208
2.779		0.0235045
2.78		0.0234882
2.781		0.023472
2.782		0.0234557
2.783		0.0234395
2.784		0.0234233
2.785		0.0234071
2.786		0.023391
2.787		0.0233748
2.788		0.0233587
2.789		0.0233426
2.79		0.0233264
2.791		0.0233104
2.792		0.0232943
2.793		0.0232782
2.794		0.0232622
2.795		0.0232462
2.796		0.0232302
2.797		0.0232142
2.798		0.0231982
2.799		0.0231822
2.8		0.0231663
2.801		0.0231504
2.802		0.0231345
2.803		0.0231186
2.804		0.0231027
2.805		0.0230868
2.806		0.023071
2.807		0.0230552
2.808		0.0230394
2.809		0.0230236
2.81		0.0230078
2.811		0.022992
2.812		0.0229763
2.813		0.0229605
2.814		0.0229448
2.815		0.0229291
2.816		0.0229134
2.817		0.0228978
2.818		0.0228821
2.819		0.0228665
2.82		0.0228509
2.821		0.0228353
2.822		0.0228197
2.823		0.0228041
2.824		0.0227885
2.825		0.022773
2.826		0.0227575
2.827		0.022742
2.828		0.0227265
2.829		0.022711
2.83		0.0226955
2.831		0.0226801
2.832		0.0226646
2.833		0.0226492
2.834		0.0226338
2.835		0.0226184
2.836		0.0226031
2.837		0.0225877
2.838		0.0225724
2.839		0.022557
2.84		0.0225417
2.841		0.0225264
2.842		0.0225112
2.843		0.0224959
2.844		0.0224807
2.845		0.0224654
2.846		0.0224502
2.847		0.022435
2.848		0.0224198
2.849		0.0224047
2.85		0.0223895
2.851		0.0223744
2.852		0.0223592
2.853		0.0223441
2.854		0.022329
2.855		0.022314
2.856		0.0222989
2.857		0.0222838
2.858		0.0222688
2.859		0.0222538
2.86		0.0222388
2.861		0.0222238
2.862		0.0222088
2.863		0.0221939
2.864		0.0221789
2.865		0.022164
2.866		0.0221491
2.867		0.0221342
2.868		0.0221193
2.869		0.0221044
2.87		0.0220896
2.871		0.0220747
2.872		0.0220599
2.873		0.0220451
2.874		0.0220303
2.875		0.0220155
2.876		0.0220007
2.877		0.021986
2.878		0.0219713
2.879		0.0219565
2.88		0.0219418
2.881		0.0219271
2.882		0.0219125
2.883		0.0218978
2.884		0.0218831
2.885		0.0218685
2.886		0.0218539
2.887		0.0218393
2.888		0.0218247
2.889		0.0218101
2.89		0.0217955
2.891		0.021781
2.892		0.0217665
2.893		0.0217519
2.894		0.0217374
2.895		0.0217229
2.896		0.0217085
2.897		0.021694
2.898		0.0216796
2.899		0.0216651
2.9		0.0216507
2.901		0.0216363
2.902		0.0216219
2.903		0.0216075
2.904		0.0215932
2.905		0.0215788
2.906		0.0215645
2.907		0.0215502
2.908		0.0215359
2.909		0.0215216
2.91		0.0215073
2.911		0.021493
2.912		0.0214788
2.913		0.0214645
2.914		0.0214503
2.915		0.0214361
2.916		0.0214219
2.917		0.0214077
2.918		0.0213936
2.919		0.0213794
2.92		0.0213653
2.921		0.0213512
2.922		0.0213371
2.923		0.021323
2.924		0.0213089
2.925		0.0212948
2.926		0.0212807
2.927		0.0212667
2.928		0.0212527
2.929		0.0212387
2.93		0.0212247
2.931		0.0212107
2.932		0.0211967
2.933		0.0211827
2.934		0.0211688
2.935		0.0211549
2.936		0.0211409
2.937		0.021127
2.938		0.0211132
2.939		0.0210993
2.94		0.0210854
2.941		0.0210716
2.942		0.0210577
2.943		0.0210439
2.944		0.0210301
2.945		0.0210163
2.946		0.0210025
2.947		0.0209887
2.948		0.020975
2.949		0.0209612
2.95		0.0209475
2.951		0.0209338
2.952		0.0209201
2.953		0.0209064
2.954		0.0208927
2.955		0.0208791
2.956		0.0208654
2.957		0.0208518
2.958		0.0208381
2.959		0.0208245
2.96		0.0208109
2.961		0.0207974
2.962		0.0207838
2.963		0.0207702
2.964		0.0207567
2.965		0.0207431
2.966		0.0207296
2.967		0.0207161
2.968		0.0207026
2.969		0.0206892
2.97		0.0206757
2.971		0.0206622
2.972		0.0206488
2.973		0.0206354
2.974		0.020622
2.975		0.0206085
2.976		0.0205952
2.977		0.0205818
2.978		0.0205684
2.979		0.0205551
2.98		0.0205417
2.981		0.0205284
2.982		0.0205151
2.983		0.0205018
2.984		0.0204885
2.985		0.0204752
2.986		0.020462
2.987		0.0204487
2.988		0.0204355
2.989		0.0204223
2.99		0.0204091
2.991		0.0203959
2.992		0.0203827
2.993		0.0203695
2.994		0.0203564
2.995		0.0203432
2.996		0.0203301
2.997		0.020317
2.998		0.0203038
2.999		0.0202908
3		0.0202777
3.001		0.0202646
3.002		0.0202515
3.003		0.0202385
3.004		0.0202255
3.005		0.0202124
3.006		0.0201994
3.007		0.0201864
3.008		0.0201735
3.009		0.0201605
3.01		0.0201475
3.011		0.0201346
3.012		0.0201216
3.013		0.0201087
3.014		0.0200958
3.015		0.0200829
3.016		0.02007
3.017		0.0200572
3.018		0.0200443
3.019		0.0200314
3.02		0.0200186
3.021		0.0200058
3.022		0.019993
3.023		0.0199802
3.024		0.0199674
3.025		0.0199546
3.026		0.0199419
3.027		0.0199291
3.028		0.0199164
3.029		0.0199036
3.03		0.0198909
3.031		0.0198782
3.032		0.0198655
3.033		0.0198529
3.034		0.0198402
3.035		0.0198275
3.036		0.0198149
3.037		0.0198023
3.038		0.0197896
3.039		0.019777
3.04		0.0197644
3.041		0.0197519
3.042		0.0197393
3.043		0.0197267
3.044		0.0197142
3.045		0.0197016
3.046		0.0196891
3.047		0.0196766
3.048		0.0196641
3.049		0.0196516
3.05		0.0196391
3.051		0.0196267
3.052		0.0196142
3.053		0.0196018
3.054		0.0195894
3.055		0.0195769
3.056		0.0195645
3.057		0.0195521
3.058		0.0195398
3.059		0.0195274
3.06		0.019515
3.061		0.0195027
3.062		0.0194903
3.063		0.019478
3.064		0.0194657
3.065		0.0194534
3.066		0.0194411
3.067		0.0194288
3.068		0.0194166
3.069		0.0194043
3.07		0.0193921
3.071		0.0193798
3.072		0.0193676
3.073		0.0193554
3.074		0.0193432
3.075		0.019331
3.076		0.0193188
3.077		0.0193067
3.078		0.0192945
3.079		0.0192824
3.08		0.0192703
3.081		0.0192581
3.082		0.019246
3.083		0.0192339
3.084		0.0192219
3.085		0.0192098
3.086		0.0191977
3.087		0.0191857
3.088		0.0191736
3.089		0.0191616
3.09		0.0191496
3.091		0.0191376
3.092		0.0191256
3.093		0.0191136
3.094		0.0191016
3.095		0.0190897
3.096		0.0190777
3.097		0.0190658
3.098		0.0190538
3.099		0.0190419
3.1		0.01903
3.101		0.0190181
3.102		0.0190062
3.103		0.0189944
3.104		0.0189825
3.105		0.0189707
3.106		0.0189588
3.107		0.018947
3.108		0.0189352
3.109		0.0189234
3.11		0.0189116
3.111		0.0188998
3.112		0.018888
3.113		0.0188763
3.114		0.0188645
3.115		0.0188528
3.116		0.018841
3.117		0.0188293
3.118		0.0188176
3.119		0.0188059
3.12		0.0187942
3.121		0.0187825
3.122		0.0187709
3.123		0.0187592
3.124		0.0187476
3.125		0.0187359
3.126		0.0187243
3.127		0.0187127
3.128		0.0187011
3.129		0.0186895
3.13		0.0186779
3.131		0.0186664
3.132		0.0186548
3.133		0.0186433
3.134		0.0186317
3.135		0.0186202
3.136		0.0186087
3.137		0.0185972
3.138		0.0185857
3.139		0.0185742
3.14		0.0185627
3.141		0.0185513
3.142		0.0185398
3.143		0.0185284
3.144		0.0185169
3.145		0.0185055
3.146		0.0184941
3.147		0.0184827
3.148		0.0184713
3.149		0.0184599
3.15		0.0184486
3.151		0.0184372
3.152		0.0184258
3.153		0.0184145
3.154		0.0184032
3.155		0.0183919
3.156		0.0183806
3.157		0.0183693
3.158		0.018358
3.159		0.0183467
3.16		0.0183354
3.161		0.0183242
3.162		0.0183129
3.163		0.0183017
3.164		0.0182905
3.165		0.0182793
3.166		0.0182681
3.167		0.0182569
3.168		0.0182457
3.169		0.0182345
3.17		0.0182233
3.171		0.0182122
3.172		0.018201
3.173		0.0181899
3.174		0.0181788
3.175		0.0181677
3.176		0.0181566
3.177		0.0181455
3.178		0.0181344
3.179		0.0181233
3.18		0.0181123
3.181		0.0181012
3.182		0.0180902
3.183		0.0180791
3.184		0.0180681
3.185		0.0180571
3.186		0.0180461
3.187		0.0180351
3.188		0.0180241
3.189		0.0180131
3.19		0.0180022
3.191		0.0179912
3.192		0.0179803
3.193		0.0179694
3.194		0.0179584
3.195		0.0179475
3.196		0.0179366
3.197		0.0179257
3.198		0.0179148
3.199		0.017904
3.2		0.0178931
3.201		0.0178822
3.202		0.0178714
3.203		0.0178606
3.204		0.0178497
3.205		0.0178389
3.206		0.0178281
3.207		0.0178173
3.208		0.0178065
3.209		0.0177958
3.21		0.017785
3.211		0.0177742
3.212		0.0177635
3.213		0.0177527
3.214		0.017742
3.215		0.0177313
3.216		0.0177206
3.217		0.0177099
3.218		0.0176992
3.219		0.0176885
3.22		0.0176779
3.221		0.0176672
3.222		0.0176565
3.223		0.0176459
3.224		0.0176353
3.225		0.0176246
3.226		0.017614
3.227		0.0176034
3.228		0.0175928
3.229		0.0175822
3.23		0.0175717
3.231		0.0175611
3.232		0.0175506
3.233		0.01754
3.234		0.0175295
3.235		0.0175189
3.236		0.0175084
3.237		0.0174979
3.238		0.0174874
3.239		0.0174769
3.24		0.0174664
3.241		0.017456
3.242		0.0174455
3.243		0.017435
3.244		0.0174246
3.245		0.0174142
3.246		0.0174037
3.247		0.0173933
3.248		0.0173829
3.249		0.0173725
3.25		0.0173621
3.251		0.0173518
3.252		0.0173414
3.253		0.017331
3.254		0.0173207
3.255		0.0173103
3.256		0.0173
3.257		0.0172897
3.258		0.0172794
3.259		0.0172691
3.26		0.0172588
3.261		0.0172485
3.262		0.0172382
3.263		0.0172279
3.264		0.0172177
3.265		0.0172074
3.266		0.0171972
3.267		0.0171869
3.268		0.0171767
3.269		0.0171665
3.27		0.0171563
3.271		0.0171461
3.272		0.0171359
3.273		0.0171257
3.274		0.0171156
3.275		0.0171054
3.276		0.0170952
3.277		0.0170851
3.278		0.017075
3.279		0.0170648
3.28		0.0170547
3.281		0.0170446
3.282		0.0170345
3.283		0.0170244
3.284		0.0170144
3.285		0.0170043
3.286		0.0169942
3.287		0.0169842
3.288		0.0169741
3.289		0.0169641
3.29		0.0169541
3.291		0.016944
3.292		0.016934
3.293		0.016924
3.294		0.016914
3.295		0.0169041
3.296		0.0168941
3.297		0.0168841
3.298		0.0168742
3.299		0.0168642
3.3		0.0168543
3.301		0.0168443
3.302		0.0168344
3.303		0.0168245
3.304		0.0168146
3.305		0.0168047
3.306		0.0167948
3.307		0.0167849
3.308		0.0167751
3.309		0.0167652
3.31		0.0167554
3.311		0.0167455
3.312		0.0167357
3.313		0.0167258
3.314		0.016716
3.315		0.0167062
3.316		0.0166964
3.317		0.0166866
3.318		0.0166768
3.319		0.0166671
3.32		0.0166573
3.321		0.0166475
3.322		0.0166378
3.323		0.016628
3.324		0.0166183
3.325		0.0166086
3.326		0.0165989
3.327		0.0165892
3.328		0.0165795
3.329		0.0165698
3.33		0.0165601
3.331		0.0165504
3.332		0.0165407
3.333		0.0165311
3.334		0.0165214
3.335		0.0165118
3.336		0.0165022
3.337		0.0164925
3.338		0.0164829
3.339		0.0164733
3.34		0.0164637
3.341		0.0164541
3.342		0.0164445
3.343		0.016435
3.344		0.0164254
3.345		0.0164159
3.346		0.0164063
3.347		0.0163968
3.348		0.0163872
3.349		0.0163777
3.35		0.0163682
3.351		0.0163587
3.352		0.0163492
3.353		0.0163397
3.354		0.0163302
3.355		0.0163207
3.356		0.0163113
3.357		0.0163018
3.358		0.0162924
3.359		0.0162829
3.36		0.0162735
3.361		0.016264
3.362		0.0162546
3.363		0.0162452
3.364		0.0162358
3.365		0.0162264
3.366		0.016217
3.367		0.0162077
3.368		0.0161983
3.369		0.0161889
3.37		0.0161796
3.371		0.0161702
3.372		0.0161609
3.373		0.0161516
3.374		0.0161422
3.375		0.0161329
3.376		0.0161236
3.377		0.0161143
3.378		0.016105
3.379		0.0160958
3.38		0.0160865
3.381		0.0160772
3.382		0.016068
3.383		0.0160587
3.384		0.0160495
3.385		0.0160402
3.386		0.016031
3.387		0.0160218
3.388		0.0160126
3.389		0.0160034
3.39		0.0159942
3.391		0.015985
3.392		0.0159758
3.393		0.0159666
3.394		0.0159575
3.395		0.0159483
3.396		0.0159392
3.397		0.01593
3.398		0.0159209
3.399		0.0159118
3.4		0.0159027
3.401		0.0158936
3.402		0.0158845
3.403		0.0158754
3.404		0.0158663
3.405		0.0158572
3.406		0.0158481
3.407		0.0158391
3.408		0.01583
3.409		0.015821
3.41		0.0158119
3.411		0.0158029
3.412		0.0157939
3.413		0.0157849
3.414		0.0157759
3.415		0.0157669
3.416		0.0157579
3.417		0.0157489
3.418		0.0157399
3.419		0.0157309
3.42		0.015722
3.421		0.015713
3.422		0.0157041
3.423		0.0156951
3.424		0.0156862
3.425		0.0156773
3.426		0.0156683
3.427		0.0156594
3.428		0.0156505
3.429		0.0156416
3.43		0.0156328
3.431		0.0156239
3.432		0.015615
3.433		0.0156061
3.434		0.0155973
3.435		0.0155884
3.436		0.0155796
3.437		0.0155708
3.438		0.0155619
3.439		0.0155531
3.44		0.0155443
3.441		0.0155355
3.442		0.0155267
3.443		0.0155179
3.444		0.0155091
3.445		0.0155003
3.446		0.0154916
3.447		0.0154828
3.448		0.0154741
3.449		0.0154653
3.45		0.0154566
3.451		0.0154478
3.452		0.0154391
3.453		0.0154304
3.454		0.0154217
3.455		0.015413
3.456		0.0154043
3.457		0.0153956
3.458		0.0153869
3.459		0.0153783
3.46		0.0153696
3.461		0.0153609
3.462		0.0153523
3.463		0.0153436
3.464		0.015335
3.465		0.0153264
3.466		0.0153178
3.467		0.0153091
3.468		0.0153005
3.469		0.0152919
3.47		0.0152833
3.471		0.0152748
3.472		0.0152662
3.473		0.0152576
3.474		0.015249
3.475		0.0152405
3.476		0.0152319
3.477		0.0152234
3.478		0.0152149
3.479		0.0152063
3.48		0.0151978
3.481		0.0151893
3.482		0.0151808
3.483		0.0151723
3.484		0.0151638
3.485		0.0151553
3.486		0.0151468
3.487		0.0151384
3.488		0.0151299
3.489		0.0151214
3.49		0.015113
3.491		0.0151045
3.492		0.0150961
3.493		0.0150877
3.494		0.0150793
3.495		0.0150708
3.496		0.0150624
3.497		0.015054
3.498		0.0150456
3.499		0.0150372
3.5		0.0150289
3.501		0.0150205
3.502		0.0150121
3.503		0.0150038
3.504		0.0149954
3.505		0.0149871
3.506		0.0149787
3.507		0.0149704
3.508		0.0149621
3.509		0.0149538
3.51		0.0149454
3.511		0.0149371
3.512		0.0149288
3.513		0.0149205
3.514		0.0149123
3.515		0.014904
3.516		0.0148957
3.517		0.0148874
3.518		0.0148792
3.519		0.0148709
3.52		0.0148627
3.521		0.0148545
3.522		0.0148462
3.523		0.014838
3.524		0.0148298
3.525		0.0148216
3.526		0.0148134
3.527		0.0148052
3.528		0.014797
3.529		0.0147888
3.53		0.0147806
3.531		0.0147725
3.532		0.0147643
3.533		0.0147562
3.534		0.014748
3.535		0.0147399
3.536		0.0147317
3.537		0.0147236
3.538		0.0147155
3.539		0.0147074
3.54		0.0146993
3.541		0.0146912
3.542		0.0146831
3.543		0.014675
3.544		0.0146669
3.545		0.0146588
3.546		0.0146507
3.547		0.0146427
3.548		0.0146346
3.549		0.0146266
3.55		0.0146185
3.551		0.0146105
3.552		0.0146025
3.553		0.0145944
3.554		0.0145864
3.555		0.0145784
3.556		0.0145704
3.557		0.0145624
3.558		0.0145544
3.559		0.0145464
3.56		0.0145385
3.561		0.0145305
3.562		0.0145225
3.563		0.0145146
3.564		0.0145066
3.565		0.0144987
3.566		0.0144907
3.567		0.0144828
3.568		0.0144749
3.569		0.014467
3.57		0.0144591
3.571		0.0144512
3.572		0.0144433
3.573		0.0144354
3.574		0.0144275
3.575		0.0144196
3.576		0.0144117
3.577		0.0144039
3.578		0.014396
3.579		0.0143881
3.58		0.0143803
3.581		0.0143725
3.582		0.0143646
3.583		0.0143568
3.584		0.014349
3.585		0.0143411
3.586		0.0143333
3.587		0.0143255
3.588		0.0143177
3.589		0.0143099
3.59		0.0143022
3.591		0.0142944
3.592		0.0142866
3.593		0.0142788
3.594		0.0142711
3.595		0.0142633
3.596		0.0142556
3.597		0.0142478
3.598		0.0142401
3.599		0.0142324
3.6		0.0142247
3.601		0.0142169
3.602		0.0142092
3.603		0.0142015
3.604		0.0141938
3.605		0.0141861
3.606		0.0141785
3.607		0.0141708
3.608		0.0141631
3.609		0.0141554
3.61		0.0141478
3.611		0.0141401
3.612		0.0141325
3.613		0.0141248
3.614		0.0141172
3.615		0.0141096
3.616		0.014102
3.617		0.0140943
3.618		0.0140867
3.619		0.0140791
3.62		0.0140715
3.621		0.0140639
3.622		0.0140564
3.623		0.0140488
3.624		0.0140412
3.625		0.0140336
3.626		0.0140261
3.627		0.0140185
3.628		0.014011
3.629		0.0140034
3.63		0.0139959
3.631		0.0139884
3.632		0.0139808
3.633		0.0139733
3.634		0.0139658
3.635		0.0139583
3.636		0.0139508
3.637		0.0139433
3.638		0.0139358
3.639		0.0139283
3.64		0.0139208
3.641		0.0139134
3.642		0.0139059
3.643		0.0138984
3.644		0.013891
3.645		0.0138835
3.646		0.0138761
3.647		0.0138687
3.648		0.0138612
3.649		0.0138538
3.65		0.0138464
3.651		0.013839
3.652		0.0138316
3.653		0.0138242
3.654		0.0138168
3.655		0.0138094
3.656		0.013802
3.657		0.0137946
3.658		0.0137873
3.659		0.0137799
3.66		0.0137725
3.661		0.0137652
3.662		0.0137578
3.663		0.0137505
3.664		0.0137432
3.665		0.0137358
3.666		0.0137285
3.667		0.0137212
3.668		0.0137139
3.669		0.0137066
3.67		0.0136993
3.671		0.013692
3.672		0.0136847
3.673		0.0136774
3.674		0.0136701
3.675		0.0136629
3.676		0.0136556
3.677		0.0136483
3.678		0.0136411
3.679		0.0136338
3.68		0.0136266
3.681		0.0136193
3.682		0.0136121
3.683		0.0136049
3.684		0.0135977
3.685		0.0135905
3.686		0.0135832
3.687		0.013576
3.688		0.0135688
3.689		0.0135617
3.69		0.0135545
3.691		0.0135473
3.692		0.0135401
3.693		0.0135329
3.694		0.0135258
3.695		0.0135186
3.696		0.0135115
3.697		0.0135043
3.698		0.0134972
3.699		0.01349
3.7		0.0134829
3.701		0.0134758
3.702		0.0134687
3.703		0.0134616
3.704		0.0134545
3.705		0.0134474
3.706		0.0134403
3.707		0.0134332
3.708		0.0134261
3.709		0.013419
3.71		0.0134119
3.711		0.0134049
3.712		0.0133978
3.713		0.0133907
3.714		0.0133837
3.715		0.0133766
3.716		0.0133696
3.717		0.0133626
3.718		0.0133555
3.719		0.0133485
3.72		0.0133415
3.721		0.0133345
3.722		0.0133275
3.723		0.0133205
3.724		0.0133135
3.725		0.0133065
3.726		0.0132995
3.727		0.0132925
3.728		0.0132855
3.729		0.0132786
3.73		0.0132716
3.731		0.0132647
3.732		0.0132577
3.733		0.0132508
3.734		0.0132438
3.735		0.0132369
3.736		0.0132299
3.737		0.013223
3.738		0.0132161
3.739		0.0132092
3.74		0.0132023
3.741		0.0131954
3.742		0.0131885
3.743		0.0131816
3.744		0.0131747
3.745		0.0131678
3.746		0.0131609
3.747		0.0131541
3.748		0.0131472
3.749		0.0131403
3.75		0.0131335
3.751		0.0131266
3.752		0.0131198
3.753		0.0131129
3.754		0.0131061
3.755		0.0130993
3.756		0.0130924
3.757		0.0130856
3.758		0.0130788
3.759		0.013072
3.76		0.0130652
3.761		0.0130584
3.762		0.0130516
3.763		0.0130448
3.764		0.013038
3.765		0.0130313
3.766		0.0130245
3.767		0.0130177
3.768		0.013011
3.769		0.0130042
3.77		0.0129975
3.771		0.0129907
3.772		0.012984
3.773		0.0129772
3.774		0.0129705
3.775		0.0129638
3.776		0.0129571
3.777		0.0129504
3.778		0.0129437
3.779		0.0129369
3.78		0.0129302
3.781		0.0129236
3.782		0.0129169
3.783		0.0129102
3.784		0.0129035
3.785		0.0128968
3.786		0.0128902
3.787		0.0128835
3.788		0.0128768
3.789		0.0128702
3.79		0.0128635
3.791		0.0128569
3.792		0.0128503
3.793		0.0128436
3.794		0.012837
3.795		0.0128304
3.796		0.0128238
3.797		0.0128172
3.798		0.0128106
3.799		0.012804
3.8		0.0127974
3.801		0.0127908
3.802		0.0127842
3.803		0.0127776
3.804		0.012771
3.805		0.0127645
3.806		0.0127579
3.807		0.0127513
3.808		0.0127448
3.809		0.0127382
3.81		0.0127317
3.811		0.0127251
3.812		0.0127186
3.813		0.0127121
3.814		0.0127055
3.815		0.012699
3.816		0.0126925
3.817		0.012686
3.818		0.0126795
3.819		0.012673
3.82		0.0126665
3.821		0.01266
3.822		0.0126535
3.823		0.012647
3.824		0.0126406
3.825		0.0126341
3.826		0.0126276
3.827		0.0126212
3.828		0.0126147
3.829		0.0126083
3.83		0.0126018
3.831		0.0125954
3.832		0.0125889
3.833		0.0125825
3.834		0.0125761
3.835		0.0125696
3.836		0.0125632
3.837		0.0125568
3.838		0.0125504
3.839		0.012544
3.84		0.0125376
3.841		0.0125312
3.842		0.0125248
3.843		0.0125184
3.844		0.0125121
3.845		0.0125057
3.846		0.0124993
3.847		0.012493
3.848		0.0124866
3.849		0.0124803
3.85		0.0124739
3.851		0.0124676
3.852		0.0124612
3.853		0.0124549
3.854		0.0124486
3.855		0.0124422
3.856		0.0124359
3.857		0.0124296
3.858		0.0124233
3.859		0.012417
3.86		0.0124107
3.861		0.0124044
3.862		0.0123981
3.863		0.0123918
3.864		0.0123855
3.865		0.0123792
3.866		0.012373
3.867		0.0123667
3.868		0.0123604
3.869		0.0123542
3.87		0.0123479
3.871		0.0123417
3.872		0.0123354
3.873		0.0123292
3.874		0.012323
3.875		0.0123167
3.876		0.0123105
3.877		0.0123043
3.878		0.0122981
3.879		0.0122919
3.88		0.0122856
3.881		0.0122794
3.882		0.0122732
3.883		0.0122671
3.884		0.0122609
3.885		0.0122547
3.886		0.0122485
3.887		0.0122423
3.888		0.0122362
3.889		0.01223
3.89		0.0122238
3.891		0.0122177
3.892		0.0122115
3.893		0.0122054
3.894		0.0121992
3.895		0.0121931
3.896		0.012187
3.897		0.0121808
3.898		0.0121747
3.899		0.0121686
3.9		0.0121625
3.901		0.0121564
3.902		0.0121503
3.903		0.0121442
3.904		0.0121381
3.905		0.012132
3.906		0.0121259
3.907		0.0121198
3.908		0.0121137
3.909		0.0121077
3.91		0.0121016
3.911		0.0120955
3.912		0.0120895
3.913		0.0120834
3.914		0.0120774
3.915		0.0120713
3.916		0.0120653
3.917		0.0120592
3.918		0.0120532
3.919		0.0120472
3.92		0.0120412
3.921		0.0120351
3.922		0.0120291
3.923		0.0120231
3.924		0.0120171
3.925		0.0120111
3.926		0.0120051
3.927		0.0119991
3.928		0.0119931
3.929		0.0119871
3.93		0.0119812
3.931		0.0119752
3.932		0.0119692
3.933		0.0119633
3.934		0.0119573
3.935		0.0119513
3.936		0.0119454
3.937		0.0119394
3.938		0.0119335
3.939		0.0119276
3.94		0.0119216
3.941		0.0119157
3.942		0.0119098
3.943		0.0119038
3.944		0.0118979
3.945		0.011892
3.946		0.0118861
3.947		0.0118802
3.948		0.0118743
3.949		0.0118684
3.95		0.0118625
3.951		0.0118566
3.952		0.0118508
3.953		0.0118449
3.954		0.011839
3.955		0.0118331
3.956		0.0118273
3.957		0.0118214
3.958		0.0118156
3.959		0.0118097
3.96		0.0118039
3.961		0.011798
3.962		0.0117922
3.963		0.0117863
3.964		0.0117805
3.965		0.0117747
3.966		0.0117689
3.967		0.011763
3.968		0.0117572
3.969		0.0117514
3.97		0.0117456
3.971		0.0117398
3.972		0.011734
3.973		0.0117282
3.974		0.0117224
3.975		0.0117167
3.976		0.0117109
3.977		0.0117051
3.978		0.0116993
3.979		0.0116936
3.98		0.0116878
3.981		0.011682
3.982		0.0116763
3.983		0.0116705
3.984		0.0116648
3.985		0.0116591
3.986		0.0116533
3.987		0.0116476
3.988		0.0116419
3.989		0.0116361
3.99		0.0116304
3.991		0.0116247
3.992		0.011619
3.993		0.0116133
3.994		0.0116076
3.995		0.0116019
3.996		0.0115962
3.997		0.0115905
3.998		0.0115848
3.999		0.0115791
4		0.0115735
4.001		0.0115678
4.002		0.0115621
4.003		0.0115564
4.004		0.0115508
4.005		0.0115451
4.006		0.0115395
4.007		0.0115338
4.008		0.0115282
4.009		0.0115225
4.01		0.0115169
4.011		0.0115113
4.012		0.0115056
4.013		0.0115
4.014		0.0114944
4.015		0.0114888
4.016		0.0114832
4.017		0.0114776
4.018		0.011472
4.019		0.0114664
4.02		0.0114608
4.021		0.0114552
4.022		0.0114496
4.023		0.011444
4.024		0.0114384
4.025		0.0114328
4.026		0.0114273
4.027		0.0114217
4.028		0.0114161
4.029		0.0114106
4.03		0.011405
4.031		0.0113995
4.032		0.0113939
4.033		0.0113884
4.034		0.0113828
4.035		0.0113773
4.036		0.0113718
4.037		0.0113663
4.038		0.0113607
4.039		0.0113552
4.04		0.0113497
4.041		0.0113442
4.042		0.0113387
4.043		0.0113332
4.044		0.0113277
4.045		0.0113222
4.046		0.0113167
4.047		0.0113112
4.048		0.0113057
4.049		0.0113002
4.05		0.0112948
4.051		0.0112893
4.052		0.0112838
4.053		0.0112784
4.054		0.0112729
4.055		0.0112675
4.056		0.011262
4.057		0.0112566
4.058		0.0112511
4.059		0.0112457
4.06		0.0112402
4.061		0.0112348
4.062		0.0112294
4.063		0.011224
4.064		0.0112185
4.065		0.0112131
4.066		0.0112077
4.067		0.0112023
4.068		0.0111969
4.069		0.0111915
4.07		0.0111861
4.071		0.0111807
4.072		0.0111753
4.073		0.0111699
4.074		0.0111645
4.075		0.0111592
4.076		0.0111538
4.077		0.0111484
4.078		0.0111431
4.079		0.0111377
4.08		0.0111323
4.081		0.011127
4.082		0.0111216
4.083		0.0111163
4.084		0.0111109
4.085		0.0111056
4.086		0.0111003
4.087		0.0110949
4.088		0.0110896
4.089		0.0110843
4.09		0.011079
4.091		0.0110737
4.092		0.0110683
4.093		0.011063
4.094		0.0110577
4.095		0.0110524
4.096		0.0110471
4.097		0.0110418
4.098		0.0110365
4.099		0.0110313
4.1		0.011026
4.101		0.0110207
4.102		0.0110154
4.103		0.0110102
4.104		0.0110049
4.105		0.0109996
4.106		0.0109944
4.107		0.0109891
4.108		0.0109839
4.109		0.0109786
4.11		0.0109734
4.111		0.0109681
4.112		0.0109629
4.113		0.0109577
4.114		0.0109524
4.115		0.0109472
4.116		0.010942
4.117		0.0109368
4.118		0.0109315
4.119		0.0109263
4.12		0.0109211
4.121		0.0109159
4.122		0.0109107
4.123		0.0109055
4.124		0.0109003
4.125		0.0108951
4.126		0.01089
4.127		0.0108848
4.128		0.0108796
4.129		0.0108744
4.13		0.0108693
4.131		0.0108641
4.132		0.0108589
4.133		0.0108538
4.134		0.0108486
4.135		0.0108435
4.136		0.0108383
4.137		0.0108332
4.138		0.010828
4.139		0.0108229
4.14		0.0108178
4.141		0.0108126
4.142		0.0108075
4.143		0.0108024
4.144		0.0107973
4.145		0.0107921
4.146		0.010787
4.147		0.0107819
4.148		0.0107768
4.149		0.0107717
4.15		0.0107666
4.151		0.0107615
4.152		0.0107564
4.153		0.0107513
4.154		0.0107463
4.155		0.0107412
4.156		0.0107361
4.157		0.010731
4.158		0.010726
4.159		0.0107209
4.16		0.0107158
4.161		0.0107108
4.162		0.0107057
4.163		0.0107007
4.164		0.0106956
4.165		0.0106906
4.166		0.0106855
4.167		0.0106805
4.168		0.0106755
4.169		0.0106704
4.17		0.0106654
4.171		0.0106604
4.172		0.0106554
4.173		0.0106504
4.174		0.0106453
4.175		0.0106403
4.176		0.0106353
4.177		0.0106303
4.178		0.0106253
4.179		0.0106203
4.18		0.0106153
4.181		0.0106104
4.182		0.0106054
4.183		0.0106004
4.184		0.0105954
4.185		0.0105904
4.186		0.0105855
4.187		0.0105805
4.188		0.0105755
4.189		0.0105706
4.19		0.0105656
4.191		0.0105607
4.192		0.0105557
4.193		0.0105508
4.194		0.0105458
4.195		0.0105409
4.196		0.010536
4.197		0.010531
4.198		0.0105261
4.199		0.0105212
4.2		0.0105163
4.201		0.0105113
4.202		0.0105064
4.203		0.0105015
4.204		0.0104966
4.205		0.0104917
4.206		0.0104868
4.207		0.0104819
4.208		0.010477
4.209		0.0104721
4.21		0.0104672
4.211		0.0104623
4.212		0.0104575
4.213		0.0104526
4.214		0.0104477
4.215		0.0104428
4.216		0.010438
4.217		0.0104331
4.218		0.0104282
4.219		0.0104234
4.22		0.0104185
4.221		0.0104137
4.222		0.0104088
4.223		0.010404
4.224		0.0103992
4.225		0.0103943
4.226		0.0103895
4.227		0.0103847
4.228		0.0103798
4.229		0.010375
4.23		0.0103702
4.231		0.0103654
4.232		0.0103606
4.233		0.0103557
4.234		0.0103509
4.235		0.0103461
4.236		0.0103413
4.237		0.0103365
4.238		0.0103317
4.239		0.010327
4.24		0.0103222
4.241		0.0103174
4.242		0.0103126
4.243		0.0103078
4.244		0.0103031
4.245		0.0102983
4.246		0.0102935
4.247		0.0102888
4.248		0.010284
4.249		0.0102792
4.25		0.0102745
4.251		0.0102697
4.252		0.010265
4.253		0.0102602
4.254		0.0102555
4.255		0.0102508
4.256		0.010246
4.257		0.0102413
4.258		0.0102366
4.259		0.0102318
4.26		0.0102271
4.261		0.0102224
4.262		0.0102177
4.263		0.010213
4.264		0.0102083
4.265		0.0102036
4.266		0.0101989
4.267		0.0101942
4.268		0.0101895
4.269		0.0101848
4.27		0.0101801
4.271		0.0101754
4.272		0.0101707
4.273		0.010166
4.274		0.0101614
4.275		0.0101567
4.276		0.010152
4.277		0.0101474
4.278		0.0101427
4.279		0.010138
4.28		0.0101334
4.281		0.0101287
4.282		0.0101241
4.283		0.0101194
4.284		0.0101148
4.285		0.0101101
4.286		0.0101055
4.287		0.0101009
4.288		0.0100962
4.289		0.0100916
4.29		0.010087
4.291		0.0100824
4.292		0.0100777
4.293		0.0100731
4.294		0.0100685
4.295		0.0100639
4.296		0.0100593
4.297		0.0100547
4.298		0.0100501
4.299		0.0100455
4.3		0.0100409
4.301		0.0100363
4.302		0.0100317
4.303		0.0100272
4.304		0.0100226
4.305		0.010018
4.306		0.0100134
4.307		0.0100088
4.308		0.0100043
4.309		0.00999971
4.31		0.00999515
4.311		0.00999059
4.312		0.00998604
4.313		0.00998148
4.314		0.00997693
4.315		0.00997239
4.316		0.00996784
4.317		0.0099633
4.318		0.00995877
4.319		0.00995423
4.32		0.0099497
4.321		0.00994517
4.322		0.00994065
4.323		0.00993612
4.324		0.00993161
4.325		0.00992709
4.326		0.00992258
4.327		0.00991807
4.328		0.00991356
4.329		0.00990906
4.33		0.00990456
4.331		0.00990006
4.332		0.00989556
4.333		0.00989107
4.334		0.00988658
4.335		0.0098821
4.336		0.00987762
4.337		0.00987314
4.338		0.00986866
4.339		0.00986419
4.34		0.00985972
4.341		0.00985525
4.342		0.00985079
4.343		0.00984633
4.344		0.00984187
4.345		0.00983741
4.346		0.00983296
4.347		0.00982851
4.348		0.00982406
4.349		0.00981962
4.35		0.00981518
4.351		0.00981074
4.352		0.00980631
4.353		0.00980188
4.354		0.00979745
4.355		0.00979303
4.356		0.0097886
4.357		0.00978418
4.358		0.00977977
4.359		0.00977535
4.36		0.00977094
4.361		0.00976654
4.362		0.00976213
4.363		0.00975773
4.364		0.00975333
4.365		0.00974894
4.366		0.00974455
4.367		0.00974016
4.368		0.00973577
4.369		0.00973139
4.37		0.009727
4.371		0.00972263
4.372		0.00971825
4.373		0.00971388
4.374		0.00970951
4.375		0.00970515
4.376		0.00970078
4.377		0.00969642
4.378		0.00969207
4.379		0.00968771
4.38		0.00968336
4.381		0.00967901
4.382		0.00967467
4.383		0.00967032
4.384		0.00966598
4.385		0.00966165
4.386		0.00965731
4.387		0.00965298
4.388		0.00964865
4.389		0.00964433
4.39		0.00964001
4.391		0.00963569
4.392		0.00963137
4.393		0.00962706
4.394		0.00962275
4.395		0.00961844
4.396		0.00961413
4.397		0.00960983
4.398		0.00960553
4.399		0.00960123
4.4		0.00959694
4.401		0.00959265
4.402		0.00958836
4.403		0.00958408
4.404		0.0095798
4.405		0.00957552
4.406		0.00957124
4.407		0.00956697
4.408		0.0095627
4.409		0.00955843
4.41		0.00955416
4.411		0.0095499
4.412		0.00954564
4.413		0.00954139
4.414		0.00953713
4.415		0.00953288
4.416		0.00952863
4.417		0.00952439
4.418		0.00952015
4.419		0.00951591
4.42		0.00951167
4.421		0.00950744
4.422		0.0095032
4.423		0.00949898
4.424		0.00949475
4.425		0.00949053
4.426		0.00948631
4.427		0.00948209
4.428		0.00947788
4.429		0.00947367
4.43		0.00946946
4.431		0.00946525
4.432		0.00946105
4.433		0.00945685
4.434		0.00945265
4.435		0.00944846
4.436		0.00944426
4.437		0.00944007
4.438		0.00943589
4.439		0.0094317
4.44		0.00942752
4.441		0.00942335
4.442		0.00941917
4.443		0.009415
4.444		0.00941083
4.445		0.00940666
4.446		0.0094025
4.447		0.00939834
4.448		0.00939418
4.449		0.00939002
4.45		0.00938587
4.451		0.00938172
4.452		0.00937757
4.453		0.00937342
4.454		0.00936928
4.455		0.00936514
4.456		0.009361
4.457		0.00935687
4.458		0.00935274
4.459		0.00934861
4.46		0.00934448
4.461		0.00934036
4.462		0.00933624
4.463		0.00933212
4.464		0.00932801
4.465		0.0093239
4.466		0.00931979
4.467		0.00931568
4.468		0.00931157
4.469		0.00930747
4.47		0.00930337
4.471		0.00929928
4.472		0.00929518
4.473		0.00929109
4.474		0.00928701
4.475		0.00928292
4.476		0.00927884
4.477		0.00927476
4.478		0.00927068
4.479		0.00926661
4.48		0.00926253
4.481		0.00925846
4.482		0.0092544
4.483		0.00925033
4.484		0.00924627
4.485		0.00924221
4.486		0.00923816
4.487		0.0092341
4.488		0.00923005
4.489		0.009226
4.49		0.00922196
4.491		0.00921792
4.492		0.00921388
4.493		0.00920984
4.494		0.0092058
4.495		0.00920177
4.496		0.00919774
4.497		0.00919371
4.498		0.00918969
4.499		0.00918567
4.5		0.00918165
4.501		0.00917763
4.502		0.00917362
4.503		0.00916961
4.504		0.0091656
4.505		0.00916159
4.506		0.00915759
4.507		0.00915359
4.508		0.00914959
4.509		0.0091456
4.51		0.0091416
4.511		0.00913761
4.512		0.00913363
4.513		0.00912964
4.514		0.00912566
4.515		0.00912168
4.516		0.0091177
4.517		0.00911373
4.518		0.00910975
4.519		0.00910578
4.52		0.00910182
4.521		0.00909785
4.522		0.00909389
4.523		0.00908993
4.524		0.00908597
4.525		0.00908202
4.526		0.00907807
4.527		0.00907412
4.528		0.00907017
4.529		0.00906623
4.53		0.00906229
4.531		0.00905835
4.532		0.00905441
4.533		0.00905048
4.534		0.00904655
4.535		0.00904262
4.536		0.00903869
4.537		0.00903477
4.538		0.00903085
4.539		0.00902693
4.54		0.00902302
4.541		0.0090191
4.542		0.00901519
4.543		0.00901128
4.544		0.00900738
4.545		0.00900348
4.546		0.00899957
4.547		0.00899568
4.548		0.00899178
4.549		0.00898789
4.55		0.008984
4.551		0.00898011
4.552		0.00897622
4.553		0.00897234
4.554		0.00896846
4.555		0.00896458
4.556		0.00896071
4.557		0.00895683
4.558		0.00895296
4.559		0.0089491
4.56		0.00894523
4.561		0.00894137
4.562		0.00893751
4.563		0.00893365
4.564		0.00892979
4.565		0.00892594
4.566		0.00892209
4.567		0.00891824
4.568		0.0089144
4.569		0.00891055
4.57		0.00890671
4.571		0.00890287
4.572		0.00889904
4.573		0.0088952
4.574		0.00889137
4.575		0.00888755
4.576		0.00888372
4.577		0.0088799
4.578		0.00887608
4.579		0.00887226
4.58		0.00886844
4.581		0.00886463
4.582		0.00886082
4.583		0.00885701
4.584		0.0088532
4.585		0.0088494
4.586		0.0088456
4.587		0.0088418
4.588		0.008838
4.589		0.00883421
4.59		0.00883042
4.591		0.00882663
4.592		0.00882284
4.593		0.00881905
4.594		0.00881527
4.595		0.00881149
4.596		0.00880772
4.597		0.00880394
4.598		0.00880017
4.599		0.0087964
4.6		0.00879263
4.601		0.00878887
4.602		0.0087851
4.603		0.00878134
4.604		0.00877759
4.605		0.00877383
4.606		0.00877008
4.607		0.00876633
4.608		0.00876258
4.609		0.00875883
4.61		0.00875509
4.611		0.00875135
4.612		0.00874761
4.613		0.00874387
4.614		0.00874014
4.615		0.00873641
4.616		0.00873268
4.617		0.00872895
4.618		0.00872523
4.619		0.00872151
4.62		0.00871779
4.621		0.00871407
4.622		0.00871036
4.623		0.00870664
4.624		0.00870293
4.625		0.00869922
4.626		0.00869552
4.627		0.00869182
4.628		0.00868812
4.629		0.00868442
4.63		0.00868072
4.631		0.00867703
4.632		0.00867334
4.633		0.00866965
4.634		0.00866596
4.635		0.00866228
4.636		0.00865859
4.637		0.00865491
4.638		0.00865124
4.639		0.00864756
4.64		0.00864389
4.641		0.00864022
4.642		0.00863655
4.643		0.00863289
4.644		0.00862922
4.645		0.00862556
4.646		0.0086219
4.647		0.00861825
4.648		0.00861459
4.649		0.00861094
4.65		0.00860729
4.651		0.00860364
4.652		0.0086
4.653		0.00859636
4.654		0.00859272
4.655		0.00858908
4.656		0.00858544
4.657		0.00858181
4.658		0.00857818
4.659		0.00857455
4.66		0.00857092
4.661		0.0085673
4.662		0.00856368
4.663		0.00856006
4.664		0.00855644
4.665		0.00855283
4.666		0.00854921
4.667		0.0085456
4.668		0.008542
4.669		0.00853839
4.67		0.00853479
4.671		0.00853118
4.672		0.00852759
4.673		0.00852399
4.674		0.00852039
4.675		0.0085168
4.676		0.00851321
4.677		0.00850962
4.678		0.00850604
4.679		0.00850246
4.68		0.00849887
4.681		0.0084953
4.682		0.00849172
4.683		0.00848815
4.684		0.00848457
4.685		0.008481
4.686		0.00847744
4.687		0.00847387
4.688		0.00847031
4.689		0.00846675
4.69		0.00846319
4.691		0.00845963
4.692		0.00845608
4.693		0.00845253
4.694		0.00844898
4.695		0.00844543
4.696		0.00844188
4.697		0.00843834
4.698		0.0084348
4.699		0.00843126
4.7		0.00842773
4.701		0.00842419
4.702		0.00842066
4.703		0.00841713
4.704		0.0084136
4.705		0.00841008
4.706		0.00840656
4.707		0.00840303
4.708		0.00839952
4.709		0.008396
4.71		0.00839249
4.711		0.00838897
4.712		0.00838546
4.713		0.00838196
4.714		0.00837845
4.715		0.00837495
4.716		0.00837145
4.717		0.00836795
4.718		0.00836445
4.719		0.00836096
4.72		0.00835746
4.721		0.00835397
4.722		0.00835049
4.723		0.008347
4.724		0.00834352
4.725		0.00834004
4.726		0.00833656
4.727		0.00833308
4.728		0.0083296
4.729		0.00832613
4.73		0.00832266
4.731		0.00831919
4.732		0.00831573
4.733		0.00831226
4.734		0.0083088
4.735		0.00830534
4.736		0.00830188
4.737		0.00829843
4.738		0.00829497
4.739		0.00829152
4.74		0.00828807
4.741		0.00828463
4.742		0.00828118
4.743		0.00827774
4.744		0.0082743
4.745		0.00827086
4.746		0.00826742
4.747		0.00826399
4.748		0.00826056
4.749		0.00825713
4.75		0.0082537
4.751		0.00825027
4.752		0.00824685
4.753		0.00824343
4.754		0.00824001
4.755		0.00823659
4.756		0.00823318
4.757		0.00822977
4.758		0.00822635
4.759		0.00822295
4.76		0.00821954
4.761		0.00821614
4.762		0.00821273
4.763		0.00820933
4.764		0.00820593
4.765		0.00820254
4.766		0.00819914
4.767		0.00819575
4.768		0.00819236
4.769		0.00818898
4.77		0.00818559
4.771		0.00818221
4.772		0.00817882
4.773		0.00817545
4.774		0.00817207
4.775		0.00816869
4.776		0.00816532
4.777		0.00816195
4.778		0.00815858
4.779		0.00815521
4.78		0.00815185
4.781		0.00814849
4.782		0.00814513
4.783		0.00814177
4.784		0.00813841
4.785		0.00813506
4.786		0.0081317
4.787		0.00812835
4.788		0.00812501
4.789		0.00812166
4.79		0.00811832
4.791		0.00811497
4.792		0.00811163
4.793		0.0081083
4.794		0.00810496
4.795		0.00810163
4.796		0.00809829
4.797		0.00809496
4.798		0.00809164
4.799		0.00808831
4.8		0.00808499
4.801		0.00808167
4.802		0.00807835
4.803		0.00807503
4.804		0.00807171
4.805		0.0080684
4.806		0.00806509
4.807		0.00806178
4.808		0.00805847
4.809		0.00805517
4.81		0.00805186
4.811		0.00804856
4.812		0.00804526
4.813		0.00804197
4.814		0.00803867
4.815		0.00803538
4.816		0.00803209
4.817		0.0080288
4.818		0.00802551
4.819		0.00802223
4.82		0.00801894
4.821		0.00801566
4.822		0.00801238
4.823		0.00800911
4.824		0.00800583
4.825		0.00800256
4.826		0.00799929
4.827		0.00799602
4.828		0.00799275
4.829		0.00798949
4.83		0.00798622
4.831		0.00798296
4.832		0.0079797
4.833		0.00797645
4.834		0.00797319
4.835		0.00796994
4.836		0.00796669
4.837		0.00796344
4.838		0.00796019
4.839		0.00795694
4.84		0.0079537
4.841		0.00795046
4.842		0.00794722
4.843		0.00794398
4.844		0.00794075
4.845		0.00793751
4.846		0.00793428
4.847		0.00793105
4.848		0.00792783
4.849		0.0079246
4.85		0.00792138
4.851		0.00791816
4.852		0.00791494
4.853		0.00791172
4.854		0.0079085
4.855		0.00790529
4.856		0.00790208
4.857		0.00789887
4.858		0.00789566
4.859		0.00789245
4.86		0.00788925
4.861		0.00788605
4.862		0.00788285
4.863		0.00787965
4.864		0.00787645
4.865		0.00787326
4.866		0.00787007
4.867		0.00786688
4.868		0.00786369
4.869		0.0078605
4.87		0.00785732
4.871		0.00785413
4.872		0.00785095
4.873		0.00784777
4.874		0.0078446
4.875		0.00784142
4.876		0.00783825
4.877		0.00783508
4.878		0.00783191
4.879		0.00782874
4.88		0.00782557
4.881		0.00782241
4.882		0.00781925
4.883		0.00781609
4.884		0.00781293
4.885		0.00780978
4.886		0.00780662
4.887		0.00780347
4.888		0.00780032
4.889		0.00779717
4.89		0.00779402
4.891		0.00779088
4.892		0.00778774
4.893		0.0077846
4.894		0.00778146
4.895		0.00777832
4.896		0.00777519
4.897		0.00777205
4.898		0.00776892
4.899		0.00776579
4.9		0.00776266
4.901		0.00775954
4.902		0.00775641
4.903		0.00775329
4.904		0.00775017
4.905		0.00774705
4.906		0.00774394
4.907		0.00774082
4.908		0.00773771
4.909		0.0077346
4.91		0.00773149
4.911		0.00772839
4.912		0.00772528
4.913		0.00772218
4.914		0.00771908
4.915		0.00771598
4.916		0.00771288
4.917		0.00770978
4.918		0.00770669
4.919		0.0077036
4.92		0.00770051
4.921		0.00769742
4.922		0.00769433
4.923		0.00769125
4.924		0.00768816
4.925		0.00768508
4.926		0.007682
4.927		0.00767893
4.928		0.00767585
4.929		0.00767278
4.93		0.00766971
4.931		0.00766664
4.932		0.00766357
4.933		0.0076605
4.934		0.00765744
4.935		0.00765438
4.936		0.00765132
4.937		0.00764826
4.938		0.0076452
4.939		0.00764214
4.94		0.00763909
4.941		0.00763604
4.942		0.00763299
4.943		0.00762994
4.944		0.0076269
4.945		0.00762385
4.946		0.00762081
4.947		0.00761777
4.948		0.00761473
4.949		0.00761169
4.95		0.00760866
4.951		0.00760562
4.952		0.00760259
4.953		0.00759956
4.954		0.00759653
4.955		0.00759351
4.956		0.00759048
4.957		0.00758746
4.958		0.00758444
4.959		0.00758142
4.96		0.0075784
4.961		0.00757539
4.962		0.00757237
4.963		0.00756936
4.964		0.00756635
4.965		0.00756334
4.966		0.00756034
4.967		0.00755733
4.968		0.00755433
4.969		0.00755133
4.97		0.00754833
4.971		0.00754533
4.972		0.00754234
4.973		0.00753934
4.974		0.00753635
4.975		0.00753336
4.976		0.00753037
4.977		0.00752738
4.978		0.0075244
4.979		0.00752142
4.98		0.00751843
4.981		0.00751545
4.982		0.00751248
4.983		0.0075095
4.984		0.00750653
4.985		0.00750355
4.986		0.00750058
4.987		0.00749761
4.988		0.00749464
4.989		0.00749168
4.99		0.00748871
4.991		0.00748575
4.992		0.00748279
4.993		0.00747983
4.994		0.00747688
4.995		0.00747392
4.996		0.00747097
4.997		0.00746802
4.998		0.00746507
4.999		0.00746212
