0.005		0.108954
0.006		0.115349
0.007		0.116653
0.008		0.117379
0.009		0.119617
0.01		0.124058
0.011		0.130665
0.012		0.139041
0.013		0.148643
0.014		0.158898
0.015		0.169282
0.016		0.179354
0.017		0.188774
0.018		0.197305
0.019		0.204796
0.02		0.211174
0.021		0.216427
0.022		0.220585
0.023		0.223709
0.024		0.225881
0.025		0.227192
0.026		0.227737
0.027		0.227612
0.028		0.226907
0.029		0.225708
0.03		0.224094
0.031		0.222133
0.032		0.219891
0.033		0.217421
0.034		0.214774
0.035		0.211992
0.036		0.209111
0.037		0.206164
0.038		0.203178
0.039		0.200177
0.04		0.19718
0.041		0.194205
0.042		0.191265
0.043		0.188372
0.044		0.185537
0.045		0.182768
0.046		0.180071
0.047		0.177453
0.048		0.174917
0.049		0.172467
0.05		0.170105
0.051		0.167834
0.052		0.165655
0.053		0.163568
0.054		0.161575
0.055		0.159674
0.056		0.157866
0.057		0.15615
0.058		0.154524
0.059		0.152989
0.06		0.151542
0.061		0.150182
0.062		0.148907
0.063		0.147716
0.064		0.146608
0.065		0.14558
0.066		0.14463
0.067		0.143757
0.068		0.142959
0.069		0.142234
0.07		0.141579
0.071		0.140994
0.072		0.140475
0.073		0.140022
0.074		0.139633
0.075		0.139304
0.076		0.139036
0.077		0.138825
0.078		0.138671
0.079		0.13857
0.08		0.138523
0.081		0.138526
0.082		0.138579
0.083		0.13868
0.084		0.138827
0.085		0.139019
0.086		0.139254
0.087		0.13953
0.088		0.139847
0.089		0.140203
0.09		0.140597
0.091		0.141027
0.092		0.141492
0.093		0.141991
0.094		0.142523
0.095		0.143086
0.096		0.143679
0.097		0.144302
0.098		0.144953
0.099		0.145631
0.1		0.146335
0.101		0.147064
0.102		0.147817
0.103		0.148593
0.104		0.149392
0.105		0.150212
0.106		0.151053
0.107		0.151913
0.108		0.152792
0.109		0.153689
0.11		0.154604
0.111		0.155535
0.112		0.156481
0.113		0.157443
0.114		0.158419
0.115		0.159409
0.116		0.160412
0.117		0.161428
0.118		0.162455
0.119		0.163493
0.12		0.164542
0.121		0.165601
0.122		0.16667
0.123		0.167747
0.124		0.168833
0.125		0.169927
0.126		0.171028
0.127		0.172135
0.128		0.17325
0.129		0.17437
0.13		0.175495
0.131		0.176626
0.132		0.177761
0.133		0.178901
0.134		0.180044
0.135		0.181191
0.136		0.18234
0.137		0.183492
0.138		0.184647
0.139		0.185803
0.14		0.186961
0.141		0.18812
0.142		0.18928
0.143		0.190441
0.144		0.191602
0.145		0.192763
0.146		0.193923
0.147		0.195083
0.148		0.196242
0.149		0.1974
0.15		0.198557
0.151		0.199712
0.152		0.200865
0.153		0.202016
0.154		0.203164
0.155		0.20431
0.156		0.205453
0.157		0.206593
0.158		0.20773
0.159		0.208864
0.16		0.209993
0.161		0.21112
0.162		0.212242
0.163		0.21336
0.164		0.214474
0.165		0.215583
0.166		0.216688
0.167		0.217788
0.168		0.218883
0.169		0.219973
0.17		0.221058
0.171		0.222137
0.172		0.223211
0.173		0.22428
0.174		0.225343
0.175		0.2264
0.176		0.227452
0.177		0.228497
0.178		0.229536
0.179		0.230569
0.18		0.231596
0.181		0.232617
0.182		0.233631
0.183		0.234639
0.184		0.23564
0.185		0.236635
0.186		0.237623
0.187		0.238604
0.188		0.239578
0.189		0.240546
0.19		0.241506
0.191		0.24246
0.192		0.243406
0.193		0.244346
0.194		0.245278
0.195		0.246203
0.196		0.247122
0.197		0.248033
0.198		0.248936
0.199		0.249833
0.2		0.250722
0.201		0.251604
0.202		0.252478
0.203		0.253345
0.204		0.254205
0.205		0.255057
0.206		0.255902
0.207		0.25674
0.208		0.25757
0.209		0.258393
0.21		0.259208
0.211		0.260016
0.212		0.260816
0.213		0.261609
0.214		0.262395
0.215		0.263173
0.216		0.263944
0.217		0.264707
0.218		0.265463
0.219		0.266212
0.22		0.266953
0.221		0.267687
0.222		0.268413
0.223		0.269133
0.224		0.269844
0.225		0.270549
0.226		0.271246
0.227		0.271936
0.228		0.272618
0.229		0.273294
0.23		0.273962
0.231		0.274623
0.232		0.275277
0.233		0.275923
0.234		0.276563
0.235		0.277195
0.236		0.27782
0.237		0.278439
0.238		0.27905
0.239		0.279654
0.24		0.280251
0.241		0.280841
0.242		0.281425
0.243		0.282001
0.244		0.282571
0.245		0.283134
0.246		0.28369
0.247		0.284239
0.248		0.284782
0.249		0.285317
0.25		0.285847
0.251		0.286369
0.252		0.286885
0.253		0.287394
0.254		0.287897
0.255		0.288394
0.256		0.288883
0.257		0.289367
0.258		0.289844
0.259		0.290315
0.26		0.290779
0.261		0.291237
0.262		0.291689
0.263		0.292135
0.264		0.292574
0.265		0.293007
0.266		0.293435
0.267		0.293856
0.268		0.294271
0.269		0.29468
0.27		0.295083
0.271		0.29548
0.272		0.295872
0.273		0.296257
0.274		0.296637
0.275		0.29701
0.276		0.297379
0.277		0.297741
0.278		0.298098
0.279		0.298449
0.28		0.298794
0.281		0.299134
0.282		0.299469
0.283		0.299798
0.284		0.300121
0.285		0.30044
0.286		0.300752
0.287		0.30106
0.288		0.301362
0.289		0.301659
0.29		0.30195
0.291		0.302237
0.292		0.302518
0.293		0.302794
0.294		0.303065
0.295		0.303331
0.296		0.303592
0.297		0.303848
0.298		0.304099
0.299		0.304346
0.3		0.304587
0.301		0.304823
0.302		0.305055
0.303		0.305282
0.304		0.305504
0.305		0.305722
0.306		0.305935
0.307		0.306143
0.308		0.306347
0.309		0.306546
0.31		0.30674
0.311		0.30693
0.312		0.307116
0.313		0.307297
0.314		0.307474
0.315		0.307647
0.316		0.307815
0.317		0.307979
0.318		0.308138
0.319		0.308294
0.32		0.308445
0.321		0.308592
0.322		0.308735
0.323		0.308874
0.324		0.309009
0.325		0.309139
0.326		0.309266
0.327		0.309389
0.328		0.309508
0.329		0.309623
0.33		0.309734
0.331		0.309842
0.332		0.309945
0.333		0.310045
0.334		0.310141
0.335		0.310233
0.336		0.310322
0.337		0.310407
0.338		0.310488
0.339		0.310566
0.34		0.31064
0.341		0.31071
0.342		0.310778
0.343		0.310841
0.344		0.310902
0.345		0.310958
0.346		0.311012
0.347		0.311062
0.348		0.311109
0.349		0.311152
0.35		0.311192
0.351		0.311229
0.352		0.311263
0.353		0.311293
0.354		0.31132
0.355		0.311345
0.356		0.311366
0.357		0.311384
0.358		0.311399
0.359		0.311411
0.36		0.31142
0.361		0.311425
0.362		0.311428
0.363		0.311428
0.364		0.311426
0.365		0.31142
0.366		0.311411
0.367		0.3114
0.368		0.311386
0.369		0.311369
0.37		0.311349
0.371		0.311327
0.372		0.311301
0.373		0.311274
0.374		0.311243
0.375		0.31121
0.376		0.311174
0.377		0.311136
0.378		0.311095
0.379		0.311052
0.38		0.311006
0.381		0.310958
0.382		0.310907
0.383		0.310854
0.384		0.310798
0.385		0.31074
0.386		0.310679
0.387		0.310617
0.388		0.310552
0.389		0.310484
0.39		0.310414
0.391		0.310342
0.392		0.310268
0.393		0.310192
0.394		0.310113
0.395		0.310032
0.396		0.309949
0.397		0.309864
0.398		0.309777
0.399		0.309688
0.4		0.309596
0.401		0.309503
0.402		0.309407
0.403		0.30931
0.404		0.30921
0.405		0.309109
0.406		0.309005
0.407		0.3089
0.408		0.308792
0.409		0.308683
0.41		0.308572
0.411		0.308459
0.412		0.308344
0.413		0.308228
0.414		0.308109
0.415		0.307989
0.416		0.307867
0.417		0.307743
0.418		0.307618
0.419		0.307491
0.42		0.307362
0.421		0.307231
0.422		0.307099
0.423		0.306965
0.424		0.30683
0.425		0.306692
0.426		0.306554
0.427		0.306413
0.428		0.306271
0.429		0.306128
0.43		0.305983
0.431		0.305837
0.432		0.305689
0.433		0.305539
0.434		0.305388
0.435		0.305236
0.436		0.305082
0.437		0.304927
0.438		0.30477
0.439		0.304612
0.44		0.304453
0.441		0.304292
0.442		0.30413
0.443		0.303966
0.444		0.303802
0.445		0.303635
0.446		0.303468
0.447		0.303299
0.448		0.30313
0.449		0.302958
0.45		0.302786
0.451		0.302612
0.452		0.302438
0.453		0.302262
0.454		0.302084
0.455		0.301906
0.456		0.301727
0.457		0.301546
0.458		0.301364
0.459		0.301181
0.46		0.300997
0.461		0.300812
0.462		0.300626
0.463		0.300439
0.464		0.300251
0.465		0.300062
0.466		0.299871
0.467		0.29968
0.468		0.299488
0.469		0.299294
0.47		0.2991
0.471		0.298905
0.472		0.298709
0.473		0.298512
0.474		0.298314
0.475		0.298115
0.476		0.297915
0.477		0.297714
0.478		0.297512
0.479		0.29731
0.48		0.297106
0.481		0.296902
0.482		0.296697
0.483		0.296491
0.484		0.296284
0.485		0.296077
0.486		0.295868
0.487		0.295659
0.488		0.295449
0.489		0.295238
0.49		0.295027
0.491		0.294815
0.492		0.294602
0.493		0.294388
0.494		0.294174
0.495		0.293958
0.496		0.293743
0.497		0.293526
0.498		0.293309
0.499		0.293091
0.5		0.292872
0.501		0.292653
0.502		0.292433
0.503		0.292213
0.504		0.291992
0.505		0.29177
0.506		0.291548
0.507		0.291325
0.508		0.291101
0.509		0.290877
0.51		0.290652
0.511		0.290427
0.512		0.290201
0.513		0.289975
0.514		0.289748
0.515		0.28952
0.516		0.289292
0.517		0.289064
0.518		0.288834
0.519		0.288605
0.52		0.288375
0.521		0.288144
0.522		0.287913
0.523		0.287682
0.524		0.28745
0.525		0.287217
0.526		0.286984
0.527		0.286751
0.528		0.286517
0.529		0.286283
0.53		0.286048
0.531		0.285813
0.532		0.285577
0.533		0.285342
0.534		0.285105
0.535		0.284868
0.536		0.284631
0.537		0.284394
0.538		0.284156
0.539		0.283918
0.54		0.283679
0.541		0.28344
0.542		0.283201
0.543		0.282961
0.544		0.282721
0.545		0.282481
0.546		0.28224
0.547		0.281999
0.548		0.281758
0.549		0.281517
0.55		0.281275
0.551		0.281033
0.552		0.28079
0.553		0.280547
0.554		0.280304
0.555		0.280061
0.556		0.279818
0.557		0.279574
0.558		0.27933
0.559		0.279085
0.56		0.278841
0.561		0.278596
0.562		0.278351
0.563		0.278106
0.564		0.27786
0.565		0.277614
0.566		0.277368
0.567		0.277122
0.568		0.276876
0.569		0.276629
0.57		0.276382
0.571		0.276135
0.572		0.275888
0.573		0.275641
0.574		0.275393
0.575		0.275146
0.576		0.274898
0.577		0.27465
0.578		0.274402
0.579		0.274153
0.58		0.273905
0.581		0.273656
0.582		0.273407
0.583		0.273158
0.584		0.272909
0.585		0.27266
0.586		0.272411
0.587		0.272161
0.588		0.271912
0.589		0.271662
0.59		0.271412
0.591		0.271162
0.592		0.270912
0.593		0.270662
0.594		0.270412
0.595		0.270162
0.596		0.269911
0.597		0.269661
0.598		0.26941
0.599		0.26916
0.6		0.268909
0.601		0.268658
0.602		0.268407
0.603		0.268157
0.604		0.267906
0.605		0.267655
0.606		0.267403
0.607		0.267152
0.608		0.266901
0.609		0.26665
0.61		0.266399
0.611		0.266147
0.612		0.265896
0.613		0.265645
0.614		0.265393
0.615		0.265142
0.616		0.26489
0.617		0.264639
0.618		0.264387
0.619		0.264136
0.62		0.263884
0.621		0.263633
0.622		0.263381
0.623		0.26313
0.624		0.262878
0.625		0.262627
0.626		0.262375
0.627		0.262124
0.628		0.261872
0.629		0.261621
0.63		0.261369
0.631		0.261118
0.632		0.260866
0.633		0.260615
0.634		0.260363
0.635		0.260112
0.636		0.259861
0.637		0.259609
0.638		0.259358
0.639		0.259107
0.64		0.258856
0.641		0.258605
0.642		0.258354
0.643		0.258103
0.644		0.257852
0.645		0.257601
0.646		0.25735
0.647		0.257099
0.648		0.256848
0.649		0.256597
0.65		0.256347
0.651		0.256096
0.652		0.255846
0.653		0.255595
0.654		0.255345
0.655		0.255094
0.656		0.254844
0.657		0.254594
0.658		0.254344
0.659		0.254094
0.66		0.253844
0.661		0.253594
0.662		0.253344
0.663		0.253095
0.664		0.252845
0.665		0.252596
0.666		0.252346
0.667		0.252097
0.668		0.251848
0.669		0.251599
0.67		0.25135
0.671		0.251101
0.672		0.250852
0.673		0.250603
0.674		0.250354
0.675		0.250106
0.676		0.249858
0.677		0.249609
0.678		0.249361
0.679		0.249113
0.68		0.248865
0.681		0.248617
0.682		0.24837
0.683		0.248122
0.684		0.247875
0.685		0.247627
0.686		0.24738
0.687		0.247133
0.688		0.246886
0.689		0.246639
0.69		0.246393
0.691		0.246146
0.692		0.2459
0.693		0.245653
0.694		0.245407
0.695		0.245161
0.696		0.244915
0.697		0.24467
0.698		0.244424
0.699		0.244178
0.7		0.243933
0.701		0.243688
0.702		0.243443
0.703		0.243198
0.704		0.242953
0.705		0.242709
0.706		0.242464
0.707		0.24222
0.708		0.241976
0.709		0.241732
0.71		0.241488
0.711		0.241244
0.712		0.241001
0.713		0.240757
0.714		0.240514
0.715		0.240271
0.716		0.240028
0.717		0.239785
0.718		0.239543
0.719		0.2393
0.72		0.239058
0.721		0.238816
0.722		0.238574
0.723		0.238332
0.724		0.238091
0.725		0.237849
0.726		0.237608
0.727		0.237367
0.728		0.237126
0.729		0.236886
0.73		0.236645
0.731		0.236405
0.732		0.236164
0.733		0.235924
0.734		0.235684
0.735		0.235445
0.736		0.235205
0.737		0.234966
0.738		0.234727
0.739		0.234488
0.74		0.234249
0.741		0.23401
0.742		0.233772
0.743		0.233534
0.744		0.233296
0.745		0.233058
0.746		0.23282
0.747		0.232583
0.748		0.232345
0.749		0.232108
0.75		0.231871
0.751		0.231634
0.752		0.231398
0.753		0.231162
0.754		0.230925
0.755		0.230689
0.756		0.230453
0.757		0.230218
0.758		0.229982
0.759		0.229747
0.76		0.229512
0.761		0.229277
0.762		0.229043
0.763		0.228808
0.764		0.228574
0.765		0.22834
0.766		0.228106
0.767		0.227872
0.768		0.227639
0.769		0.227406
0.77		0.227173
0.771		0.22694
0.772		0.226707
0.773		0.226474
0.774		0.226242
0.775		0.22601
0.776		0.225778
0.777		0.225547
0.778		0.225315
0.779		0.225084
0.78		0.224853
0.781		0.224622
0.782		0.224391
0.783		0.224161
0.784		0.223931
0.785		0.223701
0.786		0.223471
0.787		0.223241
0.788		0.223012
0.789		0.222782
0.79		0.222553
0.791		0.222325
0.792		0.222096
0.793		0.221868
0.794		0.221639
0.795		0.221411
0.796		0.221184
0.797		0.220956
0.798		0.220729
0.799		0.220502
0.8		0.220275
0.801		0.220048
0.802		0.219822
0.803		0.219595
0.804		0.219369
0.805		0.219143
0.806		0.218918
0.807		0.218692
0.808		0.218467
0.809		0.218242
0.81		0.218017
0.811		0.217793
0.812		0.217568
0.813		0.217344
0.814		0.21712
0.815		0.216897
0.816		0.216673
0.817		0.21645
0.818		0.216227
0.819		0.216004
0.82		0.215781
0.821		0.215559
0.822		0.215336
0.823		0.215114
0.824		0.214893
0.825		0.214671
0.826		0.21445
0.827		0.214229
0.828		0.214008
0.829		0.213787
0.83		0.213567
0.831		0.213346
0.832		0.213126
0.833		0.212906
0.834		0.212687
0.835		0.212467
0.836		0.212248
0.837		0.212029
0.838		0.211811
0.839		0.211592
0.84		0.211374
0.841		0.211156
0.842		0.210938
0.843		0.21072
0.844		0.210503
0.845		0.210286
0.846		0.210069
0.847		0.209852
0.848		0.209635
0.849		0.209419
0.85		0.209203
0.851		0.208987
0.852		0.208772
0.853		0.208556
0.854		0.208341
0.855		0.208126
0.856		0.207911
0.857		0.207697
0.858		0.207482
0.859		0.207268
0.86		0.207054
0.861		0.206841
0.862		0.206627
0.863		0.206414
0.864		0.206201
0.865		0.205988
0.866		0.205776
0.867		0.205563
0.868		0.205351
0.869		0.20514
0.87		0.204928
0.871		0.204716
0.872		0.204505
0.873		0.204294
0.874		0.204083
0.875		0.203873
0.876		0.203663
0.877		0.203452
0.878		0.203243
0.879		0.203033
0.88		0.202824
0.881		0.202614
0.882		0.202405
0.883		0.202197
0.884		0.201988
0.885		0.20178
0.886		0.201572
0.887		0.201364
0.888		0.201156
0.889		0.200949
0.89		0.200741
0.891		0.200534
0.892		0.200328
0.893		0.200121
0.894		0.199915
0.895		0.199709
0.896		0.199503
0.897		0.199297
0.898		0.199092
0.899		0.198887
0.9		0.198682
0.901		0.198477
0.902		0.198272
0.903		0.198068
0.904		0.197864
0.905		0.19766
0.906		0.197456
0.907		0.197253
0.908		0.19705
0.909		0.196847
0.91		0.196644
0.911		0.196442
0.912		0.196239
0.913		0.196037
0.914		0.195835
0.915		0.195634
0.916		0.195432
0.917		0.195231
0.918		0.19503
0.919		0.194829
0.92		0.194629
0.921		0.194428
0.922		0.194228
0.923		0.194029
0.924		0.193829
0.925		0.193629
0.926		0.19343
0.927		0.193231
0.928		0.193032
0.929		0.192834
0.93		0.192636
0.931		0.192438
0.932		0.19224
0.933		0.192042
0.934		0.191845
0.935		0.191647
0.936		0.19145
0.937		0.191254
0.938		0.191057
0.939		0.190861
0.94		0.190665
0.941		0.190469
0.942		0.190273
0.943		0.190078
0.944		0.189882
0.945		0.189687
0.946		0.189492
0.947		0.189298
0.948		0.189104
0.949		0.188909
0.95		0.188716
0.951		0.188522
0.952		0.188328
0.953		0.188135
0.954		0.187942
0.955		0.187749
0.956		0.187557
0.957		0.187364
0.958		0.187172
0.959		0.18698
0.96		0.186788
0.961		0.186597
0.962		0.186406
0.963		0.186214
0.964		0.186024
0.965		0.185833
0.966		0.185643
0.967		0.185452
0.968		0.185262
0.969		0.185073
0.97		0.184883
0.971		0.184694
0.972		0.184505
0.973		0.184316
0.974		0.184127
0.975		0.183939
0.976		0.18375
0.977		0.183562
0.978		0.183374
0.979		0.183187
0.98		0.182999
0.981		0.182812
0.982		0.182625
0.983		0.182439
0.984		0.182252
0.985		0.182066
0.986		0.18188
0.987		0.181694
0.988		0.181508
0.989		0.181323
0.99		0.181137
0.991		0.180952
0.992		0.180768
0.993		0.180583
0.994		0.180399
0.995		0.180214
0.996		0.18003
0.997		0.179847
0.998		0.179663
0.999		0.17948
1		0.179297
1.001		0.179114
1.002		0.178931
1.003		0.178749
1.004		0.178567
1.005		0.178384
1.006		0.178203
1.007		0.178021
1.008		0.17784
1.009		0.177658
1.01		0.177477
1.011		0.177297
1.012		0.177116
1.013		0.176936
1.014		0.176756
1.015		0.176576
1.016		0.176396
1.017		0.176217
1.018		0.176037
1.019		0.175858
1.02		0.175679
1.021		0.175501
1.022		0.175322
1.023		0.175144
1.024		0.174966
1.025		0.174788
1.026		0.17461
1.027		0.174433
1.028		0.174256
1.029		0.174079
1.03		0.173902
1.031		0.173725
1.032		0.173549
1.033		0.173373
1.034		0.173197
1.035		0.173021
1.036		0.172846
1.037		0.17267
1.038		0.172495
1.039		0.17232
1.04		0.172146
1.041		0.171971
1.042		0.171797
1.043		0.171623
1.044		0.171449
1.045		0.171275
1.046		0.171102
1.047		0.170928
1.048		0.170755
1.049		0.170583
1.05		0.17041
1.051		0.170237
1.052		0.170065
1.053		0.169893
1.054		0.169721
1.055		0.16955
1.056		0.169378
1.057		0.169207
1.058		0.169036
1.059		0.168865
1.06		0.168695
1.061		0.168524
1.062		0.168354
1.063		0.168184
1.064		0.168014
1.065		0.167845
1.066		0.167675
1.067		0.167506
1.068		0.167337
1.069		0.167168
1.07		0.167
1.071		0.166831
1.072		0.166663
1.073		0.166495
1.074		0.166327
1.075		0.16616
1.076		0.165992
1.077		0.165825
1.078		0.165658
1.079		0.165491
1.08		0.165325
1.081		0.165158
1.082		0.164992
1.083		0.164826
1.084		0.16466
1.085		0.164495
1.086		0.164329
1.087		0.164164
1.088		0.163999
1.089		0.163834
1.09		0.16367
1.091		0.163505
1.092		0.163341
1.093		0.163177
1.094		0.163013
1.095		0.16285
1.096		0.162686
1.097		0.162523
1.098		0.16236
1.099		0.162197
1.1		0.162034
1.101		0.161872
1.102		0.16171
1.103		0.161548
1.104		0.161386
1.105		0.161224
1.106		0.161063
1.107		0.160901
1.108		0.16074
1.109		0.160579
1.11		0.160419
1.111		0.160258
1.112		0.160098
1.113		0.159938
1.114		0.159778
1.115		0.159618
1.116		0.159459
1.117		0.159299
1.118		0.15914
1.119		0.158981
1.12		0.158822
1.121		0.158664
1.122		0.158505
1.123		0.158347
1.124		0.158189
1.125		0.158031
1.126		0.157874
1.127		0.157716
1.128		0.157559
1.129		0.157402
1.13		0.157245
1.131		0.157089
1.132		0.156932
1.133		0.156776
1.134		0.15662
1.135		0.156464
1.136		0.156308
1.137		0.156152
1.138		0.155997
1.139		0.155842
1.14		0.155687
1.141		0.155532
1.142		0.155378
1.143		0.155223
1.144		0.155069
1.145		0.154915
1.146		0.154761
1.147		0.154607
1.148		0.154454
1.149		0.154301
1.15		0.154147
1.151		0.153995
1.152		0.153842
1.153		0.153689
1.154		0.153537
1.155		0.153385
1.156		0.153233
1.157		0.153081
1.158		0.152929
1.159		0.152778
1.16		0.152627
1.161		0.152475
1.162		0.152325
1.163		0.152174
1.164		0.152023
1.165		0.151873
1.166		0.151723
1.167		0.151573
1.168		0.151423
1.169		0.151273
1.17		0.151124
1.171		0.150975
1.172		0.150826
1.173		0.150677
1.174		0.150528
1.175		0.150379
1.176		0.150231
1.177		0.150083
1.178		0.149935
1.179		0.149787
1.18		0.149639
1.181		0.149492
1.182		0.149345
1.183		0.149198
1.184		0.149051
1.185		0.148904
1.186		0.148757
1.187		0.148611
1.188		0.148465
1.189		0.148319
1.19		0.148173
1.191		0.148027
1.192		0.147882
1.193		0.147737
1.194		0.147591
1.195		0.147446
1.196		0.147302
1.197		0.147157
1.198		0.147013
1.199		0.146868
1.2		0.146724
1.201		0.14658
1.202		0.146437
1.203		0.146293
1.204		0.14615
1.205		0.146006
1.206		0.145863
1.207		0.145721
1.208		0.145578
1.209		0.145435
1.21		0.145293
1.211		0.145151
1.212		0.145009
1.213		0.144867
1.214		0.144725
1.215		0.144584
1.216		0.144443
1.217		0.144302
1.218		0.144161
1.219		0.14402
1.22		0.143879
1.221		0.143739
1.222		0.143599
1.223		0.143458
1.224		0.143319
1.225		0.143179
1.226		0.143039
1.227		0.1429
1.228		0.142761
1.229		0.142621
1.23		0.142483
1.231		0.142344
1.232		0.142205
1.233		0.142067
1.234		0.141929
1.235		0.141791
1.236		0.141653
1.237		0.141515
1.238		0.141377
1.239		0.14124
1.24		0.141103
1.241		0.140966
1.242		0.140829
1.243		0.140692
1.244		0.140556
1.245		0.140419
1.246		0.140283
1.247		0.140147
1.248		0.140011
1.249		0.139875
1.25		0.13974
1.251		0.139604
1.252		0.139469
1.253		0.139334
1.254		0.139199
1.255		0.139065
1.256		0.13893
1.257		0.138796
1.258		0.138661
1.259		0.138527
1.26		0.138393
1.261		0.13826
1.262		0.138126
1.263		0.137993
1.264		0.137859
1.265		0.137726
1.266		0.137593
1.267		0.137461
1.268		0.137328
1.269		0.137196
1.27		0.137063
1.271		0.136931
1.272		0.136799
1.273		0.136667
1.274		0.136536
1.275		0.136404
1.276		0.136273
1.277		0.136142
1.278		0.136011
1.279		0.13588
1.28		0.135749
1.281		0.135619
1.282		0.135489
1.283		0.135358
1.284		0.135228
1.285		0.135098
1.286		0.134969
1.287		0.134839
1.288		0.13471
1.289		0.134581
1.29		0.134451
1.291		0.134323
1.292		0.134194
1.293		0.134065
1.294		0.133937
1.295		0.133808
1.296		0.13368
1.297		0.133552
1.298		0.133424
1.299		0.133297
1.3		0.133169
1.301		0.133042
1.302		0.132915
1.303		0.132788
1.304		0.132661
1.305		0.132534
1.306		0.132407
1.307		0.132281
1.308		0.132155
1.309		0.132029
1.31		0.131903
1.311		0.131777
1.312		0.131651
1.313		0.131526
1.314		0.1314
1.315		0.131275
1.316		0.13115
1.317		0.131025
1.318		0.1309
1.319		0.130776
1.32		0.130651
1.321		0.130527
1.322		0.130403
1.323		0.130279
1.324		0.130155
1.325		0.130031
1.326		0.129908
1.327		0.129784
1.328		0.129661
1.329		0.129538
1.33		0.129415
1.331		0.129292
1.332		0.12917
1.333		0.129047
1.334		0.128925
1.335		0.128803
1.336		0.128681
1.337		0.128559
1.338		0.128437
1.339		0.128316
1.34		0.128194
1.341		0.128073
1.342		0.127952
1.343		0.127831
1.344		0.12771
1.345		0.127589
1.346		0.127469
1.347		0.127348
1.348		0.127228
1.349		0.127108
1.35		0.126988
1.351		0.126868
1.352		0.126748
1.353		0.126629
1.354		0.126509
1.355		0.12639
1.356		0.126271
1.357		0.126152
1.358		0.126033
1.359		0.125915
1.36		0.125796
1.361		0.125678
1.362		0.12556
1.363		0.125442
1.364		0.125324
1.365		0.125206
1.366		0.125088
1.367		0.124971
1.368		0.124853
1.369		0.124736
1.37		0.124619
1.371		0.124502
1.372		0.124385
1.373		0.124269
1.374		0.124152
1.375		0.124036
1.376		0.123919
1.377		0.123803
1.378		0.123687
1.379		0.123572
1.38		0.123456
1.381		0.12334
1.382		0.123225
1.383		0.12311
1.384		0.122995
1.385		0.12288
1.386		0.122765
1.387		0.12265
1.388		0.122536
1.389		0.122421
1.39		0.122307
1.391		0.122193
1.392		0.122079
1.393		0.121965
1.394		0.121851
1.395		0.121738
1.396		0.121624
1.397		0.121511
1.398		0.121398
1.399		0.121285
1.4		0.121172
1.401		0.121059
1.402		0.120947
1.403		0.120834
1.404		0.120722
1.405		0.12061
1.406		0.120498
1.407		0.120386
1.408		0.120274
1.409		0.120162
1.41		0.120051
1.411		0.119939
1.412		0.119828
1.413		0.119717
1.414		0.119606
1.415		0.119495
1.416		0.119384
1.417		0.119274
1.418		0.119163
1.419		0.119053
1.42		0.118943
1.421		0.118833
1.422		0.118723
1.423		0.118613
1.424		0.118503
1.425		0.118394
1.426		0.118285
1.427		0.118175
1.428		0.118066
1.429		0.117957
1.43		0.117848
1.431		0.11774
1.432		0.117631
1.433		0.117523
1.434		0.117414
1.435		0.117306
1.436		0.117198
1.437		0.11709
1.438		0.116982
1.439		0.116875
1.44		0.116767
1.441		0.11666
1.442		0.116552
1.443		0.116445
1.444		0.116338
1.445		0.116231
1.446		0.116125
1.447		0.116018
1.448		0.115911
1.449		0.115805
1.45		0.115699
1.451		0.115593
1.452		0.115487
1.453		0.115381
1.454		0.115275
1.455		0.11517
1.456		0.115064
1.457		0.114959
1.458		0.114853
1.459		0.114748
1.46		0.114643
1.461		0.114539
1.462		0.114434
1.463		0.114329
1.464		0.114225
1.465		0.11412
1.466		0.114016
1.467		0.113912
1.468		0.113808
1.469		0.113704
1.47		0.113601
1.471		0.113497
1.472		0.113394
1.473		0.11329
1.474		0.113187
1.475		0.113084
1.476		0.112981
1.477		0.112878
1.478		0.112775
1.479		0.112673
1.48		0.11257
1.481		0.112468
1.482		0.112366
1.483		0.112264
1.484		0.112162
1.485		0.11206
1.486		0.111958
1.487		0.111856
1.488		0.111755
1.489		0.111654
1.49		0.111552
1.491		0.111451
1.492		0.11135
1.493		0.111249
1.494		0.111149
1.495		0.111048
1.496		0.110947
1.497		0.110847
1.498		0.110747
1.499		0.110647
1.5		0.110547
1.501		0.110447
1.502		0.110347
1.503		0.110247
1.504		0.110148
1.505		0.110048
1.506		0.109949
1.507		0.10985
1.508		0.109751
1.509		0.109652
1.51		0.109553
1.511		0.109454
1.512		0.109355
1.513		0.109257
1.514		0.109159
1.515		0.10906
1.516		0.108962
1.517		0.108864
1.518		0.108766
1.519		0.108668
1.52		0.108571
1.521		0.108473
1.522		0.108376
1.523		0.108279
1.524		0.108181
1.525		0.108084
1.526		0.107987
1.527		0.10789
1.528		0.107794
1.529		0.107697
1.53		0.107601
1.531		0.107504
1.532		0.107408
1.533		0.107312
1.534		0.107216
1.535		0.10712
1.536		0.107024
1.537		0.106928
1.538		0.106833
1.539		0.106737
1.54		0.106642
1.541		0.106547
1.542		0.106451
1.543		0.106356
1.544		0.106262
1.545		0.106167
1.546		0.106072
1.547		0.105978
1.548		0.105883
1.549		0.105789
1.55		0.105694
1.551		0.1056
1.552		0.105506
1.553		0.105412
1.554		0.105319
1.555		0.105225
1.556		0.105131
1.557		0.105038
1.558		0.104945
1.559		0.104851
1.56		0.104758
1.561		0.104665
1.562		0.104572
1.563		0.10448
1.564		0.104387
1.565		0.104294
1.566		0.104202
1.567		0.10411
1.568		0.104017
1.569		0.103925
1.57		0.103833
1.571		0.103741
1.572		0.10365
1.573		0.103558
1.574		0.103466
1.575		0.103375
1.576		0.103284
1.577		0.103192
1.578		0.103101
1.579		0.10301
1.58		0.102919
1.581		0.102828
1.582		0.102738
1.583		0.102647
1.584		0.102557
1.585		0.102466
1.586		0.102376
1.587		0.102286
1.588		0.102196
1.589		0.102106
1.59		0.102016
1.591		0.101926
1.592		0.101837
1.593		0.101747
1.594		0.101658
1.595		0.101568
1.596		0.101479
1.597		0.10139
1.598		0.101301
1.599		0.101212
1.6		0.101123
1.601		0.101035
1.602		0.100946
1.603		0.100857
1.604		0.100769
1.605		0.100681
1.606		0.100593
1.607		0.100505
1.608		0.100417
1.609		0.100329
1.61		0.100241
1.611		0.100153
1.612		0.100066
1.613		0.0999784
1.614		0.099891
1.615		0.0998038
1.616		0.0997166
1.617		0.0996296
1.618		0.0995427
1.619		0.0994559
1.62		0.0993691
1.621		0.0992825
1.622		0.099196
1.623		0.0991096
1.624		0.0990233
1.625		0.0989371
1.626		0.0988509
1.627		0.0987649
1.628		0.098679
1.629		0.0985932
1.63		0.0985075
1.631		0.0984219
1.632		0.0983364
1.633		0.098251
1.634		0.0981657
1.635		0.0980805
1.636		0.0979954
1.637		0.0979104
1.638		0.0978255
1.639		0.0977406
1.64		0.0976559
1.641		0.0975713
1.642		0.0974868
1.643		0.0974024
1.644		0.0973181
1.645		0.0972339
1.646		0.0971498
1.647		0.0970658
1.648		0.0969819
1.649		0.096898
1.65		0.0968143
1.651		0.0967307
1.652		0.0966472
1.653		0.0965637
1.654		0.0964804
1.655		0.0963972
1.656		0.0963141
1.657		0.096231
1.658		0.0961481
1.659		0.0960652
1.66		0.0959825
1.661		0.0958998
1.662		0.0958173
1.663		0.0957348
1.664		0.0956525
1.665		0.0955702
1.666		0.0954881
1.667		0.095406
1.668		0.095324
1.669		0.0952421
1.67		0.0951603
1.671		0.0950787
1.672		0.0949971
1.673		0.0949156
1.674		0.0948342
1.675		0.0947529
1.676		0.0946716
1.677		0.0945905
1.678		0.0945095
1.679		0.0944286
1.68		0.0943477
1.681		0.094267
1.682		0.0941864
1.683		0.0941058
1.684		0.0940253
1.685		0.093945
1.686		0.0938647
1.687		0.0937845
1.688		0.0937044
1.689		0.0936245
1.69		0.0935446
1.691		0.0934647
1.692		0.093385
1.693		0.0933054
1.694		0.0932259
1.695		0.0931464
1.696		0.0930671
1.697		0.0929879
1.698		0.0929087
1.699		0.0928296
1.7		0.0927506
1.701		0.0926718
1.702		0.092593
1.703		0.0925143
1.704		0.0924357
1.705		0.0923571
1.706		0.0922787
1.707		0.0922004
1.708		0.0921221
1.709		0.092044
1.71		0.0919659
1.711		0.0918879
1.712		0.09181
1.713		0.0917322
1.714		0.0916545
1.715		0.0915769
1.716		0.0914994
1.717		0.091422
1.718		0.0913446
1.719		0.0912674
1.72		0.0911902
1.721		0.0911131
1.722		0.0910361
1.723		0.0909592
1.724		0.0908824
1.725		0.0908057
1.726		0.0907291
1.727		0.0906525
1.728		0.0905761
1.729		0.0904997
1.73		0.0904234
1.731		0.0903472
1.732		0.0902711
1.733		0.0901951
1.734		0.0901192
1.735		0.0900433
1.736		0.0899676
1.737		0.0898919
1.738		0.0898163
1.739		0.0897408
1.74		0.0896654
1.741		0.0895901
1.742		0.0895148
1.743		0.0894397
1.744		0.0893646
1.745		0.0892897
1.746		0.0892148
1.747		0.08914
1.748		0.0890653
1.749		0.0889906
1.75		0.0889161
1.751		0.0888416
1.752		0.0887672
1.753		0.088693
1.754		0.0886188
1.755		0.0885446
1.756		0.0884706
1.757		0.0883967
1.758		0.0883228
1.759		0.088249
1.76		0.0881753
1.761		0.0881017
1.762		0.0880282
1.763		0.0879547
1.764		0.0878814
1.765		0.0878081
1.766		0.0877349
1.767		0.0876618
1.768		0.0875888
1.769		0.0875159
1.77		0.087443
1.771		0.0873702
1.772		0.0872975
1.773		0.0872249
1.774		0.0871524
1.775		0.08708
1.776		0.0870076
1.777		0.0869353
1.778		0.0868631
1.779		0.086791
1.78		0.086719
1.781		0.0866471
1.782		0.0865752
1.783		0.0865034
1.784		0.0864317
1.785		0.0863601
1.786		0.0862886
1.787		0.0862171
1.788		0.0861457
1.789		0.0860745
1.79		0.0860032
1.791		0.0859321
1.792		0.0858611
1.793		0.0857901
1.794		0.0857192
1.795		0.0856484
1.796		0.0855777
1.797		0.085507
1.798		0.0854365
1.799		0.085366
1.8		0.0852956
1.801		0.0852253
1.802		0.085155
1.803		0.0850848
1.804		0.0850148
1.805		0.0849448
1.806		0.0848748
1.807		0.084805
1.808		0.0847352
1.809		0.0846655
1.81		0.0845959
1.811		0.0845264
1.812		0.0844569
1.813		0.0843876
1.814		0.0843183
1.815		0.084249
1.816		0.0841799
1.817		0.0841108
1.818		0.0840419
1.819		0.083973
1.82		0.0839041
1.821		0.0838354
1.822		0.0837667
1.823		0.0836981
1.824		0.0836296
1.825		0.0835612
1.826		0.0834928
1.827		0.0834245
1.828		0.0833563
1.829		0.0832882
1.83		0.0832201
1.831		0.0831522
1.832		0.0830843
1.833		0.0830165
1.834		0.0829487
1.835		0.082881
1.836		0.0828134
1.837		0.0827459
1.838		0.0826785
1.839		0.0826111
1.84		0.0825438
1.841		0.0824766
1.842		0.0824095
1.843		0.0823424
1.844		0.0822754
1.845		0.0822085
1.846		0.0821417
1.847		0.0820749
1.848		0.0820082
1.849		0.0819416
1.85		0.0818751
1.851		0.0818086
1.852		0.0817423
1.853		0.0816759
1.854		0.0816097
1.855		0.0815435
1.856		0.0814775
1.857		0.0814114
1.858		0.0813455
1.859		0.0812796
1.86		0.0812138
1.861		0.0811481
1.862		0.0810825
1.863		0.0810169
1.864		0.0809514
1.865		0.080886
1.866		0.0808206
1.867		0.0807554
1.868		0.0806902
1.869		0.080625
1.87		0.08056
1.871		0.080495
1.872		0.0804301
1.873		0.0803652
1.874		0.0803005
1.875		0.0802358
1.876		0.0801711
1.877		0.0801066
1.878		0.0800421
1.879		0.0799777
1.88		0.0799134
1.881		0.0798491
1.882		0.0797849
1.883		0.0797208
1.884		0.0796567
1.885		0.0795927
1.886		0.0795288
1.887		0.079465
1.888		0.0794012
1.889		0.0793375
1.89		0.0792739
1.891		0.0792104
1.892		0.0791469
1.893		0.0790835
1.894		0.0790201
1.895		0.0789569
1.896		0.0788937
1.897		0.0788305
1.898		0.0787675
1.899		0.0787045
1.9		0.0786416
1.901		0.0785787
1.902		0.078516
1.903		0.0784532
1.904		0.0783906
1.905		0.078328
1.906		0.0782655
1.907		0.0782031
1.908		0.0781407
1.909		0.0780785
1.91		0.0780162
1.911		0.0779541
1.912		0.077892
1.913		0.07783
1.914		0.077768
1.915		0.0777061
1.916		0.0776443
1.917		0.0775826
1.918		0.0775209
1.919		0.0774593
1.92		0.0773978
1.921		0.0773363
1.922		0.0772749
1.923		0.0772136
1.924		0.0771523
1.925		0.0770911
1.926		0.07703
1.927		0.0769689
1.928		0.0769079
1.929		0.076847
1.93		0.0767861
1.931		0.0767253
1.932		0.0766646
1.933		0.0766039
1.934		0.0765433
1.935		0.0764828
1.936		0.0764223
1.937		0.076362
1.938		0.0763016
1.939		0.0762414
1.94		0.0761812
1.941		0.076121
1.942		0.076061
1.943		0.076001
1.944		0.0759411
1.945		0.0758812
1.946		0.0758214
1.947		0.0757617
1.948		0.075702
1.949		0.0756424
1.95		0.0755829
1.951		0.0755234
1.952		0.075464
1.953		0.0754046
1.954		0.0753454
1.955		0.0752861
1.956		0.075227
1.957		0.0751679
1.958		0.0751089
1.959		0.07505
1.96		0.0749911
1.961		0.0749322
1.962		0.0748735
1.963		0.0748148
1.964		0.0747562
1.965		0.0746976
1.966		0.0746391
1.967		0.0745807
1.968		0.0745223
1.969		0.074464
1.97		0.0744057
1.971		0.0743476
1.972		0.0742894
1.973		0.0742314
1.974		0.0741734
1.975		0.0741155
1.976		0.0740576
1.977		0.0739998
1.978		0.0739421
1.979		0.0738844
1.98		0.0738268
1.981		0.0737692
1.982		0.0737117
1.983		0.0736543
1.984		0.0735969
1.985		0.0735396
1.986		0.0734824
1.987		0.0734252
1.988		0.0733681
1.989		0.0733111
1.99		0.0732541
1.991		0.0731971
1.992		0.0731403
1.993		0.0730835
1.994		0.0730267
1.995		0.0729701
1.996		0.0729134
1.997		0.0728569
1.998		0.0728004
1.999		0.072744
2		0.0726876
2.001		0.0726313
2.002		0.072575
2.003		0.0725188
2.004		0.0724627
2.005		0.0724066
2.006		0.0723506
2.007		0.0722947
2.008		0.0722388
2.009		0.072183
2.01		0.0721272
2.011		0.0720715
2.012		0.0720159
2.013		0.0719603
2.014		0.0719048
2.015		0.0718493
2.016		0.0717939
2.017		0.0717385
2.018		0.0716833
2.019		0.071628
2.02		0.0715729
2.021		0.0715178
2.022		0.0714627
2.023		0.0714077
2.024		0.0713528
2.025		0.0712979
2.026		0.0712431
2.027		0.0711884
2.028		0.0711337
2.029		0.0710791
2.03		0.0710245
2.031		0.07097
2.032		0.0709155
2.033		0.0708611
2.034		0.0708068
2.035		0.0707525
2.036		0.0706983
2.037		0.0706441
2.038		0.07059
2.039		0.070536
2.04		0.070482
2.041		0.070428
2.042		0.0703742
2.043		0.0703203
2.044		0.0702666
2.045		0.0702129
2.046		0.0701593
2.047		0.0701057
2.048		0.0700521
2.049		0.0699987
2.05		0.0699453
2.051		0.0698919
2.052		0.0698386
2.053		0.0697854
2.054		0.0697322
2.055		0.0696791
2.056		0.069626
2.057		0.069573
2.058		0.06952
2.059		0.0694671
2.06		0.0694143
2.061		0.0693615
2.062		0.0693088
2.063		0.0692561
2.064		0.0692035
2.065		0.0691509
2.066		0.0690984
2.067		0.0690459
2.068		0.0689936
2.069		0.0689412
2.07		0.0688889
2.071		0.0688367
2.072		0.0687845
2.073		0.0687324
2.074		0.0686804
2.075		0.0686284
2.076		0.0685764
2.077		0.0685245
2.078		0.0684727
2.079		0.0684209
2.08		0.0683692
2.081		0.0683175
2.082		0.0682659
2.083		0.0682143
2.084		0.0681628
2.085		0.0681114
2.086		0.06806
2.087		0.0680086
2.088		0.0679573
2.089		0.0679061
2.09		0.0678549
2.091		0.0678038
2.092		0.0677527
2.093		0.0677017
2.094		0.0676507
2.095		0.0675998
2.096		0.067549
2.097		0.0674982
2.098		0.0674474
2.099		0.0673967
2.1		0.0673461
2.101		0.0672955
2.102		0.067245
2.103		0.0671945
2.104		0.0671441
2.105		0.0670937
2.106		0.0670434
2.107		0.0669931
2.108		0.0669429
2.109		0.0668927
2.11		0.0668426
2.111		0.0667926
2.112		0.0667426
2.113		0.0666926
2.114		0.0666427
2.115		0.0665929
2.116		0.0665431
2.117		0.0664934
2.118		0.0664437
2.119		0.066394
2.12		0.0663445
2.121		0.0662949
2.122		0.0662454
2.123		0.066196
2.124		0.0661466
2.125		0.0660973
2.126		0.0660481
2.127		0.0659988
2.128		0.0659497
2.129		0.0659006
2.13		0.0658515
2.131		0.0658025
2.132		0.0657535
2.133		0.0657046
2.134		0.0656558
2.135		0.065607
2.136		0.0655582
2.137		0.0655095
2.138		0.0654609
2.139		0.0654122
2.14		0.0653637
2.141		0.0653152
2.142		0.0652668
2.143		0.0652184
2.144		0.06517
2.145		0.0651217
2.146		0.0650735
2.147		0.0650253
2.148		0.0649771
2.149		0.064929
2.15		0.064881
2.151		0.064833
2.152		0.0647851
2.153		0.0647372
2.154		0.0646893
2.155		0.0646415
2.156		0.0645938
2.157		0.0645461
2.158		0.0644984
2.159		0.0644508
2.16		0.0644033
2.161		0.0643558
2.162		0.0643084
2.163		0.064261
2.164		0.0642136
2.165		0.0641663
2.166		0.0641191
2.167		0.0640719
2.168		0.0640247
2.169		0.0639776
2.17		0.0639306
2.171		0.0638836
2.172		0.0638366
2.173		0.0637897
2.174		0.0637429
2.175		0.0636961
2.176		0.0636493
2.177		0.0636026
2.178		0.0635559
2.179		0.0635093
2.18		0.0634627
2.181		0.0634162
2.182		0.0633698
2.183		0.0633233
2.184		0.063277
2.185		0.0632306
2.186		0.0631844
2.187		0.0631381
2.188		0.063092
2.189		0.0630458
2.19		0.0629997
2.191		0.0629537
2.192		0.0629077
2.193		0.0628618
2.194		0.0628159
2.195		0.06277
2.196		0.0627242
2.197		0.0626785
2.198		0.0626328
2.199		0.0625871
2.2		0.0625415
2.201		0.0624959
2.202		0.0624504
2.203		0.062405
2.204		0.0623595
2.205		0.0623142
2.206		0.0622688
2.207		0.0622236
2.208		0.0621783
2.209		0.0621331
2.21		0.062088
2.211		0.0620429
2.212		0.0619978
2.213		0.0619528
2.214		0.0619079
2.215		0.061863
2.216		0.0618181
2.217		0.0617733
2.218		0.0617285
2.219		0.0616838
2.22		0.0616391
2.221		0.0615945
2.222		0.0615499
2.223		0.0615053
2.224		0.0614608
2.225		0.0614164
2.226		0.061372
2.227		0.0613276
2.228		0.0612833
2.229		0.061239
2.23		0.0611948
2.231		0.0611506
2.232		0.0611065
2.233		0.0610624
2.234		0.0610184
2.235		0.0609744
2.236		0.0609304
2.237		0.0608865
2.238		0.0608427
2.239		0.0607988
2.24		0.0607551
2.241		0.0607113
2.242		0.0606677
2.243		0.060624
2.244		0.0605804
2.245		0.0605369
2.246		0.0604934
2.247		0.0604499
2.248		0.0604065
2.249		0.0603631
2.25		0.0603198
2.251		0.0602765
2.252		0.0602333
2.253		0.0601901
2.254		0.0601469
2.255		0.0601038
2.256		0.0600607
2.257		0.0600177
2.258		0.0599748
2.259		0.0599318
2.26		0.0598889
2.261		0.0598461
2.262		0.0598033
2.263		0.0597605
2.264		0.0597178
2.265		0.0596751
2.266		0.0596325
2.267		0.0595899
2.268		0.0595474
2.269		0.0595049
2.27		0.0594624
2.271		0.05942
2.272		0.0593776
2.273		0.0593353
2.274		0.059293
2.275		0.0592508
2.276		0.0592086
2.277		0.0591664
2.278		0.0591243
2.279		0.0590823
2.28		0.0590402
2.281		0.0589982
2.282		0.0589563
2.283		0.0589144
2.284		0.0588725
2.285		0.0588307
2.286		0.058789
2.287		0.0587472
2.288		0.0587055
2.289		0.0586639
2.29		0.0586223
2.291		0.0585807
2.292		0.0585392
2.293		0.0584977
2.294		0.0584563
2.295		0.0584149
2.296		0.0583735
2.297		0.0583322
2.298		0.058291
2.299		0.0582497
2.3		0.0582085
2.301		0.0581674
2.302		0.0581263
2.303		0.0580852
2.304		0.0580442
2.305		0.0580032
2.306		0.0579623
2.307		0.0579214
2.308		0.0578805
2.309		0.0578397
2.31		0.0577989
2.311		0.0577582
2.312		0.0577175
2.313		0.0576769
2.314		0.0576363
2.315		0.0575957
2.316		0.0575552
2.317		0.0575147
2.318		0.0574742
2.319		0.0574338
2.32		0.0573934
2.321		0.0573531
2.322		0.0573128
2.323		0.0572726
2.324		0.0572324
2.325		0.0571922
2.326		0.0571521
2.327		0.057112
2.328		0.057072
2.329		0.0570319
2.33		0.056992
2.331		0.0569521
2.332		0.0569122
2.333		0.0568723
2.334		0.0568325
2.335		0.0567927
2.336		0.056753
2.337		0.0567133
2.338		0.0566737
2.339		0.0566341
2.34		0.0565945
2.341		0.056555
2.342		0.0565155
2.343		0.056476
2.344		0.0564366
2.345		0.0563973
2.346		0.0563579
2.347		0.0563186
2.348		0.0562794
2.349		0.0562402
2.35		0.056201
2.351		0.0561618
2.352		0.0561227
2.353		0.0560837
2.354		0.0560447
2.355		0.0560057
2.356		0.0559667
2.357		0.0559278
2.358		0.055889
2.359		0.0558501
2.36		0.0558113
2.361		0.0557726
2.362		0.0557339
2.363		0.0556952
2.364		0.0556566
2.365		0.055618
2.366		0.0555794
2.367		0.0555409
2.368		0.0555024
2.369		0.055464
2.37		0.0554256
2.371		0.0553872
2.372		0.0553489
2.373		0.0553106
2.374		0.0552723
2.375		0.0552341
2.376		0.0551959
2.377		0.0551578
2.378		0.0551197
2.379		0.0550816
2.38		0.0550436
2.381		0.0550056
2.382		0.0549676
2.383		0.0549297
2.384		0.0548918
2.385		0.054854
2.386		0.0548162
2.387		0.0547784
2.388		0.0547407
2.389		0.054703
2.39		0.0546653
2.391		0.0546277
2.392		0.0545901
2.393		0.0545526
2.394		0.0545151
2.395		0.0544776
2.396		0.0544402
2.397		0.0544028
2.398		0.0543654
2.399		0.0543281
2.4		0.0542908
2.401		0.0542535
2.402		0.0542163
2.403		0.0541792
2.404		0.054142
2.405		0.0541049
2.406		0.0540678
2.407		0.0540308
2.408		0.0539938
2.409		0.0539568
2.41		0.0539199
2.411		0.053883
2.412		0.0538462
2.413		0.0538094
2.414		0.0537726
2.415		0.0537358
2.416		0.0536991
2.417		0.0536625
2.418		0.0536258
2.419		0.0535892
2.42		0.0535527
2.421		0.0535161
2.422		0.0534796
2.423		0.0534432
2.424		0.0534068
2.425		0.0533704
2.426		0.053334
2.427		0.0532977
2.428		0.0532614
2.429		0.0532252
2.43		0.053189
2.431		0.0531528
2.432		0.0531167
2.433		0.0530805
2.434		0.0530445
2.435		0.0530084
2.436		0.0529724
2.437		0.0529365
2.438		0.0529006
2.439		0.0528647
2.44		0.0528288
2.441		0.052793
2.442		0.0527572
2.443		0.0527214
2.444		0.0526857
2.445		0.05265
2.446		0.0526144
2.447		0.0525788
2.448		0.0525432
2.449		0.0525076
2.45		0.0524721
2.451		0.0524366
2.452		0.0524012
2.453		0.0523658
2.454		0.0523304
2.455		0.0522951
2.456		0.0522598
2.457		0.0522245
2.458		0.0521892
2.459		0.052154
2.46		0.0521189
2.461		0.0520837
2.462		0.0520486
2.463		0.0520136
2.464		0.0519785
2.465		0.0519435
2.466		0.0519086
2.467		0.0518736
2.468		0.0518387
2.469		0.0518039
2.47		0.051769
2.471		0.0517342
2.472		0.0516995
2.473		0.0516647
2.474		0.05163
2.475		0.0515954
2.476		0.0515607
2.477		0.0515261
2.478		0.0514916
2.479		0.051457
2.48		0.0514225
2.481		0.0513881
2.482		0.0513536
2.483		0.0513192
2.484		0.0512849
2.485		0.0512505
2.486		0.0512162
2.487		0.051182
2.488		0.0511477
2.489		0.0511135
2.49		0.0510794
2.491		0.0510452
2.492		0.0510111
2.493		0.0509771
2.494		0.050943
2.495		0.050909
2.496		0.050875
2.497		0.0508411
2.498		0.0508072
2.499		0.0507733
2.5		0.0507395
2.501		0.0507057
2.502		0.0506719
2.503		0.0506381
2.504		0.0506044
2.505		0.0505707
2.506		0.0505371
2.507		0.0505035
2.508		0.0504699
2.509		0.0504363
2.51		0.0504028
2.511		0.0503693
2.512		0.0503359
2.513		0.0503025
2.514		0.0502691
2.515		0.0502357
2.516		0.0502024
2.517		0.0501691
2.518		0.0501358
2.519		0.0501026
2.52		0.0500694
2.521		0.0500362
2.522		0.0500031
2.523		0.0499699
2.524		0.0499369
2.525		0.0499038
2.526		0.0498708
2.527		0.0498378
2.528		0.0498049
2.529		0.049772
2.53		0.0497391
2.531		0.0497062
2.532		0.0496734
2.533		0.0496406
2.534		0.0496078
2.535		0.0495751
2.536		0.0495424
2.537		0.0495097
2.538		0.0494771
2.539		0.0494445
2.54		0.0494119
2.541		0.0493793
2.542		0.0493468
2.543		0.0493143
2.544		0.0492819
2.545		0.0492495
2.546		0.0492171
2.547		0.0491847
2.548		0.0491524
2.549		0.0491201
2.55		0.0490878
2.551		0.0490556
2.552		0.0490233
2.553		0.0489912
2.554		0.048959
2.555		0.0489269
2.556		0.0488948
2.557		0.0488628
2.558		0.0488307
2.559		0.0487987
2.56		0.0487668
2.561		0.0487348
2.562		0.0487029
2.563		0.048671
2.564		0.0486392
2.565		0.0486074
2.566		0.0485756
2.567		0.0485438
2.568		0.0485121
2.569		0.0484804
2.57		0.0484487
2.571		0.0484171
2.572		0.0483855
2.573		0.0483539
2.574		0.0483223
2.575		0.0482908
2.576		0.0482593
2.577		0.0482279
2.578		0.0481964
2.579		0.048165
2.58		0.0481337
2.581		0.0481023
2.582		0.048071
2.583		0.0480397
2.584		0.0480085
2.585		0.0479772
2.586		0.047946
2.587		0.0479149
2.588		0.0478837
2.589		0.0478526
2.59		0.0478216
2.591		0.0477905
2.592		0.0477595
2.593		0.0477285
2.594		0.0476975
2.595		0.0476666
2.596		0.0476357
2.597		0.0476048
2.598		0.047574
2.599		0.0475431
2.6		0.0475123
2.601		0.0474816
2.602		0.0474508
2.603		0.0474201
2.604		0.0473895
2.605		0.0473588
2.606		0.0473282
2.607		0.0472976
2.608		0.047267
2.609		0.0472365
2.61		0.047206
2.611		0.0471755
2.612		0.0471451
2.613		0.0471147
2.614		0.0470843
2.615		0.0470539
2.616		0.0470236
2.617		0.0469933
2.618		0.046963
2.619		0.0469327
2.62		0.0469025
2.621		0.0468723
2.622		0.0468421
2.623		0.046812
2.624		0.0467819
2.625		0.0467518
2.626		0.0467218
2.627		0.0466917
2.628		0.0466617
2.629		0.0466318
2.63		0.0466018
2.631		0.0465719
2.632		0.046542
2.633		0.0465121
2.634		0.0464823
2.635		0.0464525
2.636		0.0464227
2.637		0.046393
2.638		0.0463632
2.639		0.0463336
2.64		0.0463039
2.641		0.0462742
2.642		0.0462446
2.643		0.046215
2.644		0.0461855
2.645		0.0461559
2.646		0.0461264
2.647		0.046097
2.648		0.0460675
2.649		0.0460381
2.65		0.0460087
2.651		0.0459793
2.652		0.04595
2.653		0.0459207
2.654		0.0458914
2.655		0.0458621
2.656		0.0458329
2.657		0.0458037
2.658		0.0457745
2.659		0.0457453
2.66		0.0457162
2.661		0.0456871
2.662		0.045658
2.663		0.045629
2.664		0.0456
2.665		0.045571
2.666		0.045542
2.667		0.0455131
2.668		0.0454842
2.669		0.0454553
2.67		0.0454264
2.671		0.0453976
2.672		0.0453688
2.673		0.04534
2.674		0.0453112
2.675		0.0452825
2.676		0.0452538
2.677		0.0452251
2.678		0.0451965
2.679		0.0451678
2.68		0.0451393
2.681		0.0451107
2.682		0.0450821
2.683		0.0450536
2.684		0.0450251
2.685		0.0449967
2.686		0.0449682
2.687		0.0449398
2.688		0.0449114
2.689		0.044883
2.69		0.0448547
2.691		0.0448264
2.692		0.0447981
2.693		0.0447698
2.694		0.0447416
2.695		0.0447134
2.696		0.0446852
2.697		0.0446571
2.698		0.0446289
2.699		0.0446008
2.7		0.0445727
2.701		0.0445447
2.702		0.0445167
2.703		0.0444886
2.704		0.0444607
2.705		0.0444327
2.706		0.0444048
2.707		0.0443769
2.708		0.044349
2.709		0.0443212
2.71		0.0442933
2.711		0.0442655
2.712		0.0442378
2.713		0.04421
2.714		0.0441823
2.715		0.0441546
2.716		0.0441269
2.717		0.0440992
2.718		0.0440716
2.719		0.044044
2.72		0.0440164
2.721		0.0439889
2.722		0.0439614
2.723		0.0439339
2.724		0.0439064
2.725		0.0438789
2.726		0.0438515
2.727		0.0438241
2.728		0.0437967
2.729		0.0437694
2.73		0.043742
2.731		0.0437147
2.732		0.0436875
2.733		0.0436602
2.734		0.043633
2.735		0.0436058
2.736		0.0435786
2.737		0.0435514
2.738		0.0435243
2.739		0.0434972
2.74		0.0434701
2.741		0.0434431
2.742		0.043416
2.743		0.043389
2.744		0.043362
2.745		0.0433351
2.746		0.0433081
2.747		0.0432812
2.748		0.0432543
2.749		0.0432275
2.75		0.0432006
2.751		0.0431738
2.752		0.043147
2.753		0.0431203
2.754		0.0430935
2.755		0.0430668
2.756		0.0430401
2.757		0.0430134
2.758		0.0429868
2.759		0.0429602
2.76		0.0429336
2.761		0.042907
2.762		0.0428804
2.763		0.0428539
2.764		0.0428274
2.765		0.0428009
2.766		0.0427745
2.767		0.042748
2.768		0.0427216
2.769		0.0426952
2.77		0.0426689
2.771		0.0426425
2.772		0.0426162
2.773		0.0425899
2.774		0.0425636
2.775		0.0425374
2.776		0.0425112
2.777		0.042485
2.778		0.0424588
2.779		0.0424326
2.78		0.0424065
2.781		0.0423804
2.782		0.0423543
2.783		0.0423283
2.784		0.0423022
2.785		0.0422762
2.786		0.0422502
2.787		0.0422243
2.788		0.0421983
2.789		0.0421724
2.79		0.0421465
2.791		0.0421206
2.792		0.0420948
2.793		0.042069
2.794		0.0420431
2.795		0.0420174
2.796		0.0419916
2.797		0.0419659
2.798		0.0419402
2.799		0.0419145
2.8		0.0418888
2.801		0.0418632
2.802		0.0418375
2.803		0.0418119
2.804		0.0417864
2.805		0.0417608
2.806		0.0417353
2.807		0.0417098
2.808		0.0416843
2.809		0.0416588
2.81		0.0416334
2.811		0.0416079
2.812		0.0415825
2.813		0.0415572
2.814		0.0415318
2.815		0.0415065
2.816		0.0414812
2.817		0.0414559
2.818		0.0414306
2.819		0.0414054
2.82		0.0413802
2.821		0.041355
2.822		0.0413298
2.823		0.0413047
2.824		0.0412795
2.825		0.0412544
2.826		0.0412293
2.827		0.0412043
2.828		0.0411792
2.829		0.0411542
2.83		0.0411292
2.831		0.0411042
2.832		0.0410793
2.833		0.0410544
2.834		0.0410295
2.835		0.0410046
2.836		0.0409797
2.837		0.0409549
2.838		0.04093
2.839		0.0409052
2.84		0.0408805
2.841		0.0408557
2.842		0.040831
2.843		0.0408063
2.844		0.0407816
2.845		0.0407569
2.846		0.0407323
2.847		0.0407076
2.848		0.040683
2.849		0.0406584
2.85		0.0406339
2.851		0.0406093
2.852		0.0405848
2.853		0.0405603
2.854		0.0405359
2.855		0.0405114
2.856		0.040487
2.857		0.0404626
2.858		0.0404382
2.859		0.0404138
2.86		0.0403895
2.861		0.0403651
2.862		0.0403408
2.863		0.0403165
2.864		0.0402923
2.865		0.040268
2.866		0.0402438
2.867		0.0402196
2.868		0.0401954
2.869		0.0401713
2.87		0.0401471
2.871		0.040123
2.872		0.0400989
2.873		0.0400749
2.874		0.0400508
2.875		0.0400268
2.876		0.0400028
2.877		0.0399788
2.878		0.0399548
2.879		0.0399309
2.88		0.0399069
2.881		0.039883
2.882		0.0398592
2.883		0.0398353
2.884		0.0398114
2.885		0.0397876
2.886		0.0397638
2.887		0.03974
2.888		0.0397163
2.889		0.0396925
2.89		0.0396688
2.891		0.0396451
2.892		0.0396214
2.893		0.0395978
2.894		0.0395742
2.895		0.0395505
2.896		0.0395269
2.897		0.0395034
2.898		0.0394798
2.899		0.0394563
2.9		0.0394328
2.901		0.0394093
2.902		0.0393858
2.903		0.0393623
2.904		0.0393389
2.905		0.0393155
2.906		0.0392921
2.907		0.0392687
2.908		0.0392454
2.909		0.039222
2.91		0.0391987
2.911		0.0391754
2.912		0.0391522
2.913		0.0391289
2.914		0.0391057
2.915		0.0390825
2.916		0.0390593
2.917		0.0390361
2.918		0.039013
2.919		0.0389898
2.92		0.0389667
2.921		0.0389436
2.922		0.0389205
2.923		0.0388975
2.924		0.0388745
2.925		0.0388514
2.926		0.0388285
2.927		0.0388055
2.928		0.0387825
2.929		0.0387596
2.93		0.0387367
2.931		0.0387138
2.932		0.0386909
2.933		0.0386681
2.934		0.0386452
2.935		0.0386224
2.936		0.0385996
2.937		0.0385768
2.938		0.0385541
2.939		0.0385313
2.94		0.0385086
2.941		0.0384859
2.942		0.0384632
2.943		0.0384406
2.944		0.0384179
2.945		0.0383953
2.946		0.0383727
2.947		0.0383501
2.948		0.0383276
2.949		0.038305
2.95		0.0382825
2.951		0.03826
2.952		0.0382375
2.953		0.038215
2.954		0.0381926
2.955		0.0381702
2.956		0.0381478
2.957		0.0381254
2.958		0.038103
2.959		0.0380806
2.96		0.0380583
2.961		0.038036
2.962		0.0380137
2.963		0.0379914
2.964		0.0379692
2.965		0.0379469
2.966		0.0379247
2.967		0.0379025
2.968		0.0378803
2.969		0.0378582
2.97		0.037836
2.971		0.0378139
2.972		0.0377918
2.973		0.0377697
2.974		0.0377476
2.975		0.0377256
2.976		0.0377036
2.977		0.0376815
2.978		0.0376595
2.979		0.0376376
2.98		0.0376156
2.981		0.0375937
2.982		0.0375718
2.983		0.0375499
2.984		0.037528
2.985		0.0375061
2.986		0.0374843
2.987		0.0374624
2.988		0.0374406
2.989		0.0374188
2.99		0.0373971
2.991		0.0373753
2.992		0.0373536
2.993		0.0373319
2.994		0.0373102
2.995		0.0372885
2.996		0.0372668
2.997		0.0372452
2.998		0.0372236
2.999		0.037202
3		0.0371804
3.001		0.0371588
3.002		0.0371372
3.003		0.0371157
3.004		0.0370942
3.005		0.0370727
3.006		0.0370512
3.007		0.0370298
3.008		0.0370083
3.009		0.0369869
3.01		0.0369655
3.011		0.0369441
3.012		0.0369227
3.013		0.0369014
3.014		0.03688
3.015		0.0368587
3.016		0.0368374
3.017		0.0368161
3.018		0.0367949
3.019		0.0367736
3.02		0.0367524
3.021		0.0367312
3.022		0.03671
3.023		0.0366888
3.024		0.0366677
3.025		0.0366465
3.026		0.0366254
3.027		0.0366043
3.028		0.0365832
3.029		0.0365622
3.03		0.0365411
3.031		0.0365201
3.032		0.0364991
3.033		0.0364781
3.034		0.0364571
3.035		0.0364361
3.036		0.0364152
3.037		0.0363943
3.038		0.0363734
3.039		0.0363525
3.04		0.0363316
3.041		0.0363107
3.042		0.0362899
3.043		0.0362691
3.044		0.0362483
3.045		0.0362275
3.046		0.0362067
3.047		0.036186
3.048		0.0361652
3.049		0.0361445
3.05		0.0361238
3.051		0.0361031
3.052		0.0360825
3.053		0.0360618
3.054		0.0360412
3.055		0.0360206
3.056		0.036
3.057		0.0359794
3.058		0.0359588
3.059		0.0359383
3.06		0.0359177
3.061		0.0358972
3.062		0.0358767
3.063		0.0358563
3.064		0.0358358
3.065		0.0358154
3.066		0.0357949
3.067		0.0357745
3.068		0.0357541
3.069		0.0357338
3.07		0.0357134
3.071		0.0356931
3.072		0.0356727
3.073		0.0356524
3.074		0.0356321
3.075		0.0356119
3.076		0.0355916
3.077		0.0355714
3.078		0.0355511
3.079		0.0355309
3.08		0.0355107
3.081		0.0354906
3.082		0.0354704
3.083		0.0354503
3.084		0.0354301
3.085		0.03541
3.086		0.0353899
3.087		0.0353699
3.088		0.0353498
3.089		0.0353298
3.09		0.0353097
3.091		0.0352897
3.092		0.0352697
3.093		0.0352498
3.094		0.0352298
3.095		0.0352099
3.096		0.0351899
3.097		0.03517
3.098		0.0351501
3.099		0.0351303
3.1		0.0351104
3.101		0.0350906
3.102		0.0350707
3.103		0.0350509
3.104		0.0350311
3.105		0.0350114
3.106		0.0349916
3.107		0.0349719
3.108		0.0349521
3.109		0.0349324
3.11		0.0349127
3.111		0.034893
3.112		0.0348734
3.113		0.0348537
3.114		0.0348341
3.115		0.0348145
3.116		0.0347949
3.117		0.0347753
3.118		0.0347557
3.119		0.0347362
3.12		0.0347166
3.121		0.0346971
3.122		0.0346776
3.123		0.0346581
3.124		0.0346386
3.125		0.0346192
3.126		0.0345998
3.127		0.0345803
3.128		0.0345609
3.129		0.0345415
3.13		0.0345222
3.131		0.0345028
3.132		0.0344834
3.133		0.0344641
3.134		0.0344448
3.135		0.0344255
3.136		0.0344062
3.137		0.034387
3.138		0.0343677
3.139		0.0343485
3.14		0.0343293
3.141		0.0343101
3.142		0.0342909
3.143		0.0342717
3.144		0.0342525
3.145		0.0342334
3.146		0.0342143
3.147		0.0341952
3.148		0.0341761
3.149		0.034157
3.15		0.0341379
3.151		0.0341189
3.152		0.0340999
3.153		0.0340808
3.154		0.0340618
3.155		0.0340429
3.156		0.0340239
3.157		0.0340049
3.158		0.033986
3.159		0.0339671
3.16		0.0339482
3.161		0.0339293
3.162		0.0339104
3.163		0.0338915
3.164		0.0338727
3.165		0.0338538
3.166		0.033835
3.167		0.0338162
3.168		0.0337974
3.169		0.0337787
3.17		0.0337599
3.171		0.0337412
3.172		0.0337225
3.173		0.0337037
3.174		0.0336851
3.175		0.0336664
3.176		0.0336477
3.177		0.0336291
3.178		0.0336104
3.179		0.0335918
3.18		0.0335732
3.181		0.0335546
3.182		0.033536
3.183		0.0335175
3.184		0.0334989
3.185		0.0334804
3.186		0.0334619
3.187		0.0334434
3.188		0.0334249
3.189		0.0334064
3.19		0.033388
3.191		0.0333695
3.192		0.0333511
3.193		0.0333327
3.194		0.0333143
3.195		0.0332959
3.196		0.0332776
3.197		0.0332592
3.198		0.0332409
3.199		0.0332226
3.2		0.0332043
3.201		0.033186
3.202		0.0331677
3.203		0.0331494
3.204		0.0331312
3.205		0.033113
3.206		0.0330947
3.207		0.0330765
3.208		0.0330583
3.209		0.0330402
3.21		0.033022
3.211		0.0330039
3.212		0.0329857
3.213		0.0329676
3.214		0.0329495
3.215		0.0329314
3.216		0.0329134
3.217		0.0328953
3.218		0.0328773
3.219		0.0328592
3.22		0.0328412
3.221		0.0328232
3.222		0.0328052
3.223		0.0327873
3.224		0.0327693
3.225		0.0327514
3.226		0.0327334
3.227		0.0327155
3.228		0.0326976
3.229		0.0326797
3.23		0.0326619
3.231		0.032644
3.232		0.0326262
3.233		0.0326083
3.234		0.0325905
3.235		0.0325727
3.236		0.0325549
3.237		0.0325372
3.238		0.0325194
3.239		0.0325017
3.24		0.0324839
3.241		0.0324662
3.242		0.0324485
3.243		0.0324308
3.244		0.0324132
3.245		0.0323955
3.246		0.0323779
3.247		0.0323602
3.248		0.0323426
3.249		0.032325
3.25		0.0323074
3.251		0.0322898
3.252		0.0322723
3.253		0.0322547
3.254		0.0322372
3.255		0.0322197
3.256		0.0322022
3.257		0.0321847
3.258		0.0321672
3.259		0.0321497
3.26		0.0321323
3.261		0.0321149
3.262		0.0320974
3.263		0.03208
3.264		0.0320626
3.265		0.0320453
3.266		0.0320279
3.267		0.0320105
3.268		0.0319932
3.269		0.0319759
3.27		0.0319586
3.271		0.0319413
3.272		0.031924
3.273		0.0319067
3.274		0.0318895
3.275		0.0318722
3.276		0.031855
3.277		0.0318378
3.278		0.0318206
3.279		0.0318034
3.28		0.0317862
3.281		0.031769
3.282		0.0317519
3.283		0.0317348
3.284		0.0317176
3.285		0.0317005
3.286		0.0316834
3.287		0.0316664
3.288		0.0316493
3.289		0.0316322
3.29		0.0316152
3.291		0.0315982
3.292		0.0315812
3.293		0.0315642
3.294		0.0315472
3.295		0.0315302
3.296		0.0315132
3.297		0.0314963
3.298		0.0314794
3.299		0.0314624
3.3		0.0314455
3.301		0.0314286
3.302		0.0314118
3.303		0.0313949
3.304		0.031378
3.305		0.0313612
3.306		0.0313444
3.307		0.0313276
3.308		0.0313108
3.309		0.031294
3.31		0.0312772
3.311		0.0312604
3.312		0.0312437
3.313		0.031227
3.314		0.0312102
3.315		0.0311935
3.316		0.0311768
3.317		0.0311602
3.318		0.0311435
3.319		0.0311268
3.32		0.0311102
3.321		0.0310936
3.322		0.0310769
3.323		0.0310603
3.324		0.0310437
3.325		0.0310272
3.326		0.0310106
3.327		0.030994
3.328		0.0309775
3.329		0.030961
3.33		0.0309445
3.331		0.030928
3.332		0.0309115
3.333		0.030895
3.334		0.0308785
3.335		0.0308621
3.336		0.0308457
3.337		0.0308292
3.338		0.0308128
3.339		0.0307964
3.34		0.03078
3.341		0.0307637
3.342		0.0307473
3.343		0.030731
3.344		0.0307146
3.345		0.0306983
3.346		0.030682
3.347		0.0306657
3.348		0.0306494
3.349		0.0306331
3.35		0.0306169
3.351		0.0306006
3.352		0.0305844
3.353		0.0305682
3.354		0.030552
3.355		0.0305358
3.356		0.0305196
3.357		0.0305034
3.358		0.0304873
3.359		0.0304711
3.36		0.030455
3.361		0.0304389
3.362		0.0304228
3.363		0.0304067
3.364		0.0303906
3.365		0.0303745
3.366		0.0303585
3.367		0.0303424
3.368		0.0303264
3.369		0.0303104
3.37		0.0302943
3.371		0.0302784
3.372		0.0302624
3.373		0.0302464
3.374		0.0302304
3.375		0.0302145
3.376		0.0301986
3.377		0.0301826
3.378		0.0301667
3.379		0.0301508
3.38		0.0301349
3.381		0.0301191
3.382		0.0301032
3.383		0.0300874
3.384		0.0300715
3.385		0.0300557
3.386		0.0300399
3.387		0.0300241
3.388		0.0300083
3.389		0.0299925
3.39		0.0299768
3.391		0.029961
3.392		0.0299453
3.393		0.0299295
3.394		0.0299138
3.395		0.0298981
3.396		0.0298824
3.397		0.0298668
3.398		0.0298511
3.399		0.0298354
3.4		0.0298198
3.401		0.0298042
3.402		0.0297886
3.403		0.0297729
3.404		0.0297574
3.405		0.0297418
3.406		0.0297262
3.407		0.0297106
3.408		0.0296951
3.409		0.0296796
3.41		0.029664
3.411		0.0296485
3.412		0.029633
3.413		0.0296175
3.414		0.0296021
3.415		0.0295866
3.416		0.0295711
3.417		0.0295557
3.418		0.0295403
3.419		0.0295249
3.42		0.0295095
3.421		0.0294941
3.422		0.0294787
3.423		0.0294633
3.424		0.029448
3.425		0.0294326
3.426		0.0294173
3.427		0.029402
3.428		0.0293866
3.429		0.0293713
3.43		0.0293561
3.431		0.0293408
3.432		0.0293255
3.433		0.0293103
3.434		0.029295
3.435		0.0292798
3.436		0.0292646
3.437		0.0292494
3.438		0.0292342
3.439		0.029219
3.44		0.0292038
3.441		0.0291887
3.442		0.0291735
3.443		0.0291584
3.444		0.0291433
3.445		0.0291281
3.446		0.029113
3.447		0.029098
3.448		0.0290829
3.449		0.0290678
3.45		0.0290528
3.451		0.0290377
3.452		0.0290227
3.453		0.0290077
3.454		0.0289926
3.455		0.0289776
3.456		0.0289627
3.457		0.0289477
3.458		0.0289327
3.459		0.0289178
3.46		0.0289028
3.461		0.0288879
3.462		0.028873
3.463		0.0288581
3.464		0.0288432
3.465		0.0288283
3.466		0.0288134
3.467		0.0287985
3.468		0.0287837
3.469		0.0287688
3.47		0.028754
3.471		0.0287392
3.472		0.0287244
3.473		0.0287096
3.474		0.0286948
3.475		0.02868
3.476		0.0286653
3.477		0.0286505
3.478		0.0286358
3.479		0.028621
3.48		0.0286063
3.481		0.0285916
3.482		0.0285769
3.483		0.0285622
3.484		0.0285476
3.485		0.0285329
3.486		0.0285183
3.487		0.0285036
3.488		0.028489
3.489		0.0284744
3.49		0.0284598
3.491		0.0284452
3.492		0.0284306
3.493		0.028416
3.494		0.0284014
3.495		0.0283869
3.496		0.0283723
3.497		0.0283578
3.498		0.0283433
3.499		0.0283288
3.5		0.0283143
3.501		0.0282998
3.502		0.0282853
3.503		0.0282709
3.504		0.0282564
3.505		0.028242
3.506		0.0282275
3.507		0.0282131
3.508		0.0281987
3.509		0.0281843
3.51		0.0281699
3.511		0.0281555
3.512		0.0281411
3.513		0.0281268
3.514		0.0281124
3.515		0.0280981
3.516		0.0280838
3.517		0.0280695
3.518		0.0280552
3.519		0.0280409
3.52		0.0280266
3.521		0.0280123
3.522		0.0279981
3.523		0.0279838
3.524		0.0279696
3.525		0.0279553
3.526		0.0279411
3.527		0.0279269
3.528		0.0279127
3.529		0.0278985
3.53		0.0278843
3.531		0.0278702
3.532		0.027856
3.533		0.0278419
3.534		0.0278277
3.535		0.0278136
3.536		0.0277995
3.537		0.0277854
3.538		0.0277713
3.539		0.0277572
3.54		0.0277432
3.541		0.0277291
3.542		0.0277151
3.543		0.027701
3.544		0.027687
3.545		0.027673
3.546		0.027659
3.547		0.027645
3.548		0.027631
3.549		0.027617
3.55		0.027603
3.551		0.0275891
3.552		0.0275751
3.553		0.0275612
3.554		0.0275473
3.555		0.0275333
3.556		0.0275194
3.557		0.0275055
3.558		0.0274917
3.559		0.0274778
3.56		0.0274639
3.561		0.0274501
3.562		0.0274362
3.563		0.0274224
3.564		0.0274086
3.565		0.0273948
3.566		0.027381
3.567		0.0273672
3.568		0.0273534
3.569		0.0273396
3.57		0.0273258
3.571		0.0273121
3.572		0.0272984
3.573		0.0272846
3.574		0.0272709
3.575		0.0272572
3.576		0.0272435
3.577		0.0272298
3.578		0.0272161
3.579		0.0272024
3.58		0.0271888
3.581		0.0271751
3.582		0.0271615
3.583		0.0271479
3.584		0.0271342
3.585		0.0271206
3.586		0.027107
3.587		0.0270934
3.588		0.0270799
3.589		0.0270663
3.59		0.0270527
3.591		0.0270392
3.592		0.0270256
3.593		0.0270121
3.594		0.0269986
3.595		0.0269851
3.596		0.0269716
3.597		0.0269581
3.598		0.0269446
3.599		0.0269311
3.6		0.0269177
3.601		0.0269042
3.602		0.0268908
3.603		0.0268774
3.604		0.0268639
3.605		0.0268505
3.606		0.0268371
3.607		0.0268237
3.608		0.0268104
3.609		0.026797
3.61		0.0267836
3.611		0.0267703
3.612		0.0267569
3.613		0.0267436
3.614		0.0267303
3.615		0.0267169
3.616		0.0267036
3.617		0.0266904
3.618		0.0266771
3.619		0.0266638
3.62		0.0266505
3.621		0.0266373
3.622		0.026624
3.623		0.0266108
3.624		0.0265976
3.625		0.0265843
3.626		0.0265711
3.627		0.0265579
3.628		0.0265448
3.629		0.0265316
3.63		0.0265184
3.631		0.0265052
3.632		0.0264921
3.633		0.026479
3.634		0.0264658
3.635		0.0264527
3.636		0.0264396
3.637		0.0264265
3.638		0.0264134
3.639		0.0264003
3.64		0.0263872
3.641		0.0263742
3.642		0.0263611
3.643		0.0263481
3.644		0.0263351
3.645		0.026322
3.646		0.026309
3.647		0.026296
3.648		0.026283
3.649		0.02627
3.65		0.026257
3.651		0.0262441
3.652		0.0262311
3.653		0.0262182
3.654		0.0262052
3.655		0.0261923
3.656		0.0261794
3.657		0.0261665
3.658		0.0261536
3.659		0.0261407
3.66		0.0261278
3.661		0.0261149
3.662		0.026102
3.663		0.0260892
3.664		0.0260763
3.665		0.0260635
3.666		0.0260507
3.667		0.0260378
3.668		0.026025
3.669		0.0260122
3.67		0.0259994
3.671		0.0259867
3.672		0.0259739
3.673		0.0259611
3.674		0.0259484
3.675		0.0259356
3.676		0.0259229
3.677		0.0259102
3.678		0.0258974
3.679		0.0258847
3.68		0.025872
3.681		0.0258593
3.682		0.0258467
3.683		0.025834
3.684		0.0258213
3.685		0.0258087
3.686		0.025796
3.687		0.0257834
3.688		0.0257708
3.689		0.0257582
3.69		0.0257455
3.691		0.0257329
3.692		0.0257204
3.693		0.0257078
3.694		0.0256952
3.695		0.0256826
3.696		0.0256701
3.697		0.0256575
3.698		0.025645
3.699		0.0256325
3.7		0.02562
3.701		0.0256074
3.702		0.0255949
3.703		0.0255825
3.704		0.02557
3.705		0.0255575
3.706		0.025545
3.707		0.0255326
3.708		0.0255201
3.709		0.0255077
3.71		0.0254953
3.711		0.0254828
3.712		0.0254704
3.713		0.025458
3.714		0.0254456
3.715		0.0254333
3.716		0.0254209
3.717		0.0254085
3.718		0.0253962
3.719		0.0253838
3.72		0.0253715
3.721		0.0253591
3.722		0.0253468
3.723		0.0253345
3.724		0.0253222
3.725		0.0253099
3.726		0.0252976
3.727		0.0252853
3.728		0.0252731
3.729		0.0252608
3.73		0.0252486
3.731		0.0252363
3.732		0.0252241
3.733		0.0252119
3.734		0.0251996
3.735		0.0251874
3.736		0.0251752
3.737		0.025163
3.738		0.0251509
3.739		0.0251387
3.74		0.0251265
3.741		0.0251144
3.742		0.0251022
3.743		0.0250901
3.744		0.0250779
3.745		0.0250658
3.746		0.0250537
3.747		0.0250416
3.748		0.0250295
3.749		0.0250174
3.75		0.0250053
3.751		0.0249933
3.752		0.0249812
3.753		0.0249692
3.754		0.0249571
3.755		0.0249451
3.756		0.024933
3.757		0.024921
3.758		0.024909
3.759		0.024897
3.76		0.024885
3.761		0.024873
3.762		0.0248611
3.763		0.0248491
3.764		0.0248371
3.765		0.0248252
3.766		0.0248132
3.767		0.0248013
3.768		0.0247894
3.769		0.0247775
3.77		0.0247656
3.771		0.0247537
3.772		0.0247418
3.773		0.0247299
3.774		0.024718
3.775		0.0247061
3.776		0.0246943
3.777		0.0246824
3.778		0.0246706
3.779		0.0246588
3.78		0.0246469
3.781		0.0246351
3.782		0.0246233
3.783		0.0246115
3.784		0.0245997
3.785		0.0245879
3.786		0.0245762
3.787		0.0245644
3.788		0.0245526
3.789		0.0245409
3.79		0.0245291
3.791		0.0245174
3.792		0.0245057
3.793		0.024494
3.794		0.0244823
3.795		0.0244706
3.796		0.0244589
3.797		0.0244472
3.798		0.0244355
3.799		0.0244238
3.8		0.0244122
3.801		0.0244005
3.802		0.0243889
3.803		0.0243772
3.804		0.0243656
3.805		0.024354
3.806		0.0243424
3.807		0.0243308
3.808		0.0243192
3.809		0.0243076
3.81		0.024296
3.811		0.0242845
3.812		0.0242729
3.813		0.0242613
3.814		0.0242498
3.815		0.0242383
3.816		0.0242267
3.817		0.0242152
3.818		0.0242037
3.819		0.0241922
3.82		0.0241807
3.821		0.0241692
3.822		0.0241577
3.823		0.0241462
3.824		0.0241348
3.825		0.0241233
3.826		0.0241119
3.827		0.0241004
3.828		0.024089
3.829		0.0240776
3.83		0.0240662
3.831		0.0240547
3.832		0.0240433
3.833		0.024032
3.834		0.0240206
3.835		0.0240092
3.836		0.0239978
3.837		0.0239865
3.838		0.0239751
3.839		0.0239638
3.84		0.0239524
3.841		0.0239411
3.842		0.0239298
3.843		0.0239185
3.844		0.0239072
3.845		0.0238959
3.846		0.0238846
3.847		0.0238733
3.848		0.023862
3.849		0.0238507
3.85		0.0238395
3.851		0.0238282
3.852		0.023817
3.853		0.0238058
3.854		0.0237945
3.855		0.0237833
3.856		0.0237721
3.857		0.0237609
3.858		0.0237497
3.859		0.0237385
3.86		0.0237273
3.861		0.0237161
3.862		0.023705
3.863		0.0236938
3.864		0.0236827
3.865		0.0236715
3.866		0.0236604
3.867		0.0236493
3.868		0.0236381
3.869		0.023627
3.87		0.0236159
3.871		0.0236048
3.872		0.0235937
3.873		0.0235827
3.874		0.0235716
3.875		0.0235605
3.876		0.0235495
3.877		0.0235384
3.878		0.0235274
3.879		0.0235163
3.88		0.0235053
3.881		0.0234943
3.882		0.0234833
3.883		0.0234723
3.884		0.0234613
3.885		0.0234503
3.886		0.0234393
3.887		0.0234283
3.888		0.0234174
3.889		0.0234064
3.89		0.0233955
3.891		0.0233845
3.892		0.0233736
3.893		0.0233626
3.894		0.0233517
3.895		0.0233408
3.896		0.0233299
3.897		0.023319
3.898		0.0233081
3.899		0.0232972
3.9		0.0232864
3.901		0.0232755
3.902		0.0232646
3.903		0.0232538
3.904		0.0232429
3.905		0.0232321
3.906		0.0232213
3.907		0.0232104
3.908		0.0231996
3.909		0.0231888
3.91		0.023178
3.911		0.0231672
3.912		0.0231564
3.913		0.0231456
3.914		0.0231349
3.915		0.0231241
3.916		0.0231133
3.917		0.0231026
3.918		0.0230919
3.919		0.0230811
3.92		0.0230704
3.921		0.0230597
3.922		0.023049
3.923		0.0230382
3.924		0.0230276
3.925		0.0230169
3.926		0.0230062
3.927		0.0229955
3.928		0.0229848
3.929		0.0229742
3.93		0.0229635
3.931		0.0229529
3.932		0.0229422
3.933		0.0229316
3.934		0.022921
3.935		0.0229103
3.936		0.0228997
3.937		0.0228891
3.938		0.0228785
3.939		0.0228679
3.94		0.0228574
3.941		0.0228468
3.942		0.0228362
3.943		0.0228257
3.944		0.0228151
3.945		0.0228046
3.946		0.022794
3.947		0.0227835
3.948		0.022773
3.949		0.0227624
3.95		0.0227519
3.951		0.0227414
3.952		0.0227309
3.953		0.0227204
3.954		0.02271
3.955		0.0226995
3.956		0.022689
3.957		0.0226786
3.958		0.0226681
3.959		0.0226577
3.96		0.0226472
3.961		0.0226368
3.962		0.0226264
3.963		0.0226159
3.964		0.0226055
3.965		0.0225951
3.966		0.0225847
3.967		0.0225743
3.968		0.022564
3.969		0.0225536
3.97		0.0225432
3.971		0.0225329
3.972		0.0225225
3.973		0.0225122
3.974		0.0225018
3.975		0.0224915
3.976		0.0224811
3.977		0.0224708
3.978		0.0224605
3.979		0.0224502
3.98		0.0224399
3.981		0.0224296
3.982		0.0224193
3.983		0.0224091
3.984		0.0223988
3.985		0.0223885
3.986		0.0223783
3.987		0.022368
3.988		0.0223578
3.989		0.0223475
3.99		0.0223373
3.991		0.0223271
3.992		0.0223169
3.993		0.0223067
3.994		0.0222965
3.995		0.0222863
3.996		0.0222761
3.997		0.0222659
3.998		0.0222557
3.999		0.0222456
4		0.0222354
4.001		0.0222252
4.002		0.0222151
4.003		0.022205
4.004		0.0221948
4.005		0.0221847
4.006		0.0221746
4.007		0.0221645
4.008		0.0221544
4.009		0.0221443
4.01		0.0221342
4.011		0.0221241
4.012		0.022114
4.013		0.0221039
4.014		0.0220939
4.015		0.0220838
4.016		0.0220737
4.017		0.0220637
4.018		0.0220537
4.019		0.0220436
4.02		0.0220336
4.021		0.0220236
4.022		0.0220136
4.023		0.0220036
4.024		0.0219936
4.025		0.0219836
4.026		0.0219736
4.027		0.0219636
4.028		0.0219536
4.029		0.0219437
4.03		0.0219337
4.031		0.0219238
4.032		0.0219138
4.033		0.0219039
4.034		0.021894
4.035		0.021884
4.036		0.0218741
4.037		0.0218642
4.038		0.0218543
4.039		0.0218444
4.04		0.0218345
4.041		0.0218246
4.042		0.0218147
4.043		0.0218049
4.044		0.021795
4.045		0.0217852
4.046		0.0217753
4.047		0.0217655
4.048		0.0217556
4.049		0.0217458
4.05		0.021736
4.051		0.0217261
4.052		0.0217163
4.053		0.0217065
4.054		0.0216967
4.055		0.0216869
4.056		0.0216771
4.057		0.0216674
4.058		0.0216576
4.059		0.0216478
4.06		0.0216381
4.061		0.0216283
4.062		0.0216186
4.063		0.0216088
4.064		0.0215991
4.065		0.0215894
4.066		0.0215796
4.067		0.0215699
4.068		0.0215602
4.069		0.0215505
4.07		0.0215408
4.071		0.0215311
4.072		0.0215214
4.073		0.0215118
4.074		0.0215021
4.075		0.0214924
4.076		0.0214828
4.077		0.0214731
4.078		0.0214635
4.079		0.0214538
4.08		0.0214442
4.081		0.0214346
4.082		0.021425
4.083		0.0214153
4.084		0.0214057
4.085		0.0213961
4.086		0.0213865
4.087		0.021377
4.088		0.0213674
4.089		0.0213578
4.09		0.0213482
4.091		0.0213387
4.092		0.0213291
4.093		0.0213196
4.094		0.02131
4.095		0.0213005
4.096		0.021291
4.097		0.0212814
4.098		0.0212719
4.099		0.0212624
4.1		0.0212529
4.101		0.0212434
4.102		0.0212339
4.103		0.0212244
4.104		0.0212149
4.105		0.0212055
4.106		0.021196
4.107		0.0211865
4.108		0.0211771
4.109		0.0211676
4.11		0.0211582
4.111		0.0211487
4.112		0.0211393
4.113		0.0211299
4.114		0.0211205
4.115		0.0211111
4.116		0.0211017
4.117		0.0210923
4.118		0.0210829
4.119		0.0210735
4.12		0.0210641
4.121		0.0210547
4.122		0.0210454
4.123		0.021036
4.124		0.0210266
4.125		0.0210173
4.126		0.0210079
4.127		0.0209986
4.128		0.0209893
4.129		0.0209799
4.13		0.0209706
4.131		0.0209613
4.132		0.020952
4.133		0.0209427
4.134		0.0209334
4.135		0.0209241
4.136		0.0209148
4.137		0.0209056
4.138		0.0208963
4.139		0.020887
4.14		0.0208778
4.141		0.0208685
4.142		0.0208593
4.143		0.02085
4.144		0.0208408
4.145		0.0208316
4.146		0.0208223
4.147		0.0208131
4.148		0.0208039
4.149		0.0207947
4.15		0.0207855
4.151		0.0207763
4.152		0.0207671
4.153		0.020758
4.154		0.0207488
4.155		0.0207396
4.156		0.0207304
4.157		0.0207213
4.158		0.0207121
4.159		0.020703
4.16		0.0206939
4.161		0.0206847
4.162		0.0206756
4.163		0.0206665
4.164		0.0206574
4.165		0.0206483
4.166		0.0206391
4.167		0.0206301
4.168		0.020621
4.169		0.0206119
4.17		0.0206028
4.171		0.0205937
4.172		0.0205847
4.173		0.0205756
4.174		0.0205665
4.175		0.0205575
4.176		0.0205484
4.177		0.0205394
4.178		0.0205304
4.179		0.0205213
4.18		0.0205123
4.181		0.0205033
4.182		0.0204943
4.183		0.0204853
4.184		0.0204763
4.185		0.0204673
4.186		0.0204583
4.187		0.0204493
4.188		0.0204404
4.189		0.0204314
4.19		0.0204224
4.191		0.0204135
4.192		0.0204045
4.193		0.0203956
4.194		0.0203867
4.195		0.0203777
4.196		0.0203688
4.197		0.0203599
4.198		0.020351
4.199		0.020342
4.2		0.0203331
4.201		0.0203242
4.202		0.0203154
4.203		0.0203065
4.204		0.0202976
4.205		0.0202887
4.206		0.0202798
4.207		0.020271
4.208		0.0202621
4.209		0.0202533
4.21		0.0202444
4.211		0.0202356
4.212		0.0202267
4.213		0.0202179
4.214		0.0202091
4.215		0.0202003
4.216		0.0201915
4.217		0.0201826
4.218		0.0201738
4.219		0.020165
4.22		0.0201563
4.221		0.0201475
4.222		0.0201387
4.223		0.0201299
4.224		0.0201212
4.225		0.0201124
4.226		0.0201036
4.227		0.0200949
4.228		0.0200861
4.229		0.0200774
4.23		0.0200687
4.231		0.0200599
4.232		0.0200512
4.233		0.0200425
4.234		0.0200338
4.235		0.0200251
4.236		0.0200164
4.237		0.0200077
4.238		0.019999
4.239		0.0199903
4.24		0.0199816
4.241		0.019973
4.242		0.0199643
4.243		0.0199556
4.244		0.019947
4.245		0.0199383
4.246		0.0199297
4.247		0.019921
4.248		0.0199124
4.249		0.0199038
4.25		0.0198952
4.251		0.0198865
4.252		0.0198779
4.253		0.0198693
4.254		0.0198607
4.255		0.0198521
4.256		0.0198435
4.257		0.019835
4.258		0.0198264
4.259		0.0198178
4.26		0.0198092
4.261		0.0198007
4.262		0.0197921
4.263		0.0197836
4.264		0.019775
4.265		0.0197665
4.266		0.019758
4.267		0.0197494
4.268		0.0197409
4.269		0.0197324
4.27		0.0197239
4.271		0.0197154
4.272		0.0197069
4.273		0.0196984
4.274		0.0196899
4.275		0.0196814
4.276		0.0196729
4.277		0.0196644
4.278		0.019656
4.279		0.0196475
4.28		0.019639
4.281		0.0196306
4.282		0.0196221
4.283		0.0196137
4.284		0.0196053
4.285		0.0195968
4.286		0.0195884
4.287		0.01958
4.288		0.0195716
4.289		0.0195631
4.29		0.0195547
4.291		0.0195463
4.292		0.0195379
4.293		0.0195296
4.294		0.0195212
4.295		0.0195128
4.296		0.0195044
4.297		0.0194961
4.298		0.0194877
4.299		0.0194793
4.3		0.019471
4.301		0.0194626
4.302		0.0194543
4.303		0.019446
4.304		0.0194376
4.305		0.0194293
4.306		0.019421
4.307		0.0194127
4.308		0.0194044
4.309		0.019396
4.31		0.0193878
4.311		0.0193795
4.312		0.0193712
4.313		0.0193629
4.314		0.0193546
4.315		0.0193463
4.316		0.0193381
4.317		0.0193298
4.318		0.0193215
4.319		0.0193133
4.32		0.019305
4.321		0.0192968
4.322		0.0192886
4.323		0.0192803
4.324		0.0192721
4.325		0.0192639
4.326		0.0192557
4.327		0.0192475
4.328		0.0192393
4.329		0.0192311
4.33		0.0192229
4.331		0.0192147
4.332		0.0192065
4.333		0.0191983
4.334		0.0191901
4.335		0.019182
4.336		0.0191738
4.337		0.0191656
4.338		0.0191575
4.339		0.0191493
4.34		0.0191412
4.341		0.019133
4.342		0.0191249
4.343		0.0191168
4.344		0.0191087
4.345		0.0191005
4.346		0.0190924
4.347		0.0190843
4.348		0.0190762
4.349		0.0190681
4.35		0.01906
4.351		0.0190519
4.352		0.0190439
4.353		0.0190358
4.354		0.0190277
4.355		0.0190196
4.356		0.0190116
4.357		0.0190035
4.358		0.0189955
4.359		0.0189874
4.36		0.0189794
4.361		0.0189713
4.362		0.0189633
4.363		0.0189553
4.364		0.0189473
4.365		0.0189392
4.366		0.0189312
4.367		0.0189232
4.368		0.0189152
4.369		0.0189072
4.37		0.0188992
4.371		0.0188912
4.372		0.0188833
4.373		0.0188753
4.374		0.0188673
4.375		0.0188593
4.376		0.0188514
4.377		0.0188434
4.378		0.0188355
4.379		0.0188275
4.38		0.0188196
4.381		0.0188116
4.382		0.0188037
4.383		0.0187958
4.384		0.0187879
4.385		0.0187799
4.386		0.018772
4.387		0.0187641
4.388		0.0187562
4.389		0.0187483
4.39		0.0187404
4.391		0.0187325
4.392		0.0187247
4.393		0.0187168
4.394		0.0187089
4.395		0.018701
4.396		0.0186932
4.397		0.0186853
4.398		0.0186775
4.399		0.0186696
4.4		0.0186618
4.401		0.0186539
4.402		0.0186461
4.403		0.0186383
4.404		0.0186304
4.405		0.0186226
4.406		0.0186148
4.407		0.018607
4.408		0.0185992
4.409		0.0185914
4.41		0.0185836
4.411		0.0185758
4.412		0.018568
4.413		0.0185602
4.414		0.0185525
4.415		0.0185447
4.416		0.0185369
4.417		0.0185292
4.418		0.0185214
4.419		0.0185137
4.42		0.0185059
4.421		0.0184982
4.422		0.0184904
4.423		0.0184827
4.424		0.018475
4.425		0.0184672
4.426		0.0184595
4.427		0.0184518
4.428		0.0184441
4.429		0.0184364
4.43		0.0184287
4.431		0.018421
4.432		0.0184133
4.433		0.0184056
4.434		0.0183979
4.435		0.0183903
4.436		0.0183826
4.437		0.0183749
4.438		0.0183673
4.439		0.0183596
4.44		0.018352
4.441		0.0183443
4.442		0.0183367
4.443		0.018329
4.444		0.0183214
4.445		0.0183138
4.446		0.0183061
4.447		0.0182985
4.448		0.0182909
4.449		0.0182833
4.45		0.0182757
4.451		0.0182681
4.452		0.0182605
4.453		0.0182529
4.454		0.0182453
4.455		0.0182377
4.456		0.0182302
4.457		0.0182226
4.458		0.018215
4.459		0.0182075
4.46		0.0181999
4.461		0.0181924
4.462		0.0181848
4.463		0.0181773
4.464		0.0181697
4.465		0.0181622
4.466		0.0181547
4.467		0.0181471
4.468		0.0181396
4.469		0.0181321
4.47		0.0181246
4.471		0.0181171
4.472		0.0181096
4.473		0.0181021
4.474		0.0180946
4.475		0.0180871
4.476		0.0180796
4.477		0.0180721
4.478		0.0180646
4.479		0.0180572
4.48		0.0180497
4.481		0.0180422
4.482		0.0180348
4.483		0.0180273
4.484		0.0180199
4.485		0.0180124
4.486		0.018005
4.487		0.0179976
4.488		0.0179901
4.489		0.0179827
4.49		0.0179753
4.491		0.0179679
4.492		0.0179605
4.493		0.0179531
4.494		0.0179456
4.495		0.0179383
4.496		0.0179309
4.497		0.0179235
4.498		0.0179161
4.499		0.0179087
4.5		0.0179013
4.501		0.017894
4.502		0.0178866
4.503		0.0178792
4.504		0.0178719
4.505		0.0178645
4.506		0.0178572
4.507		0.0178498
4.508		0.0178425
4.509		0.0178351
4.51		0.0178278
4.511		0.0178205
4.512		0.0178132
4.513		0.0178058
4.514		0.0177985
4.515		0.0177912
4.516		0.0177839
4.517		0.0177766
4.518		0.0177693
4.519		0.017762
4.52		0.0177547
4.521		0.0177475
4.522		0.0177402
4.523		0.0177329
4.524		0.0177256
4.525		0.0177184
4.526		0.0177111
4.527		0.0177039
4.528		0.0176966
4.529		0.0176894
4.53		0.0176821
4.531		0.0176749
4.532		0.0176677
4.533		0.0176604
4.534		0.0176532
4.535		0.017646
4.536		0.0176388
4.537		0.0176316
4.538		0.0176243
4.539		0.0176171
4.54		0.0176099
4.541		0.0176027
4.542		0.0175956
4.543		0.0175884
4.544		0.0175812
4.545		0.017574
4.546		0.0175668
4.547		0.0175597
4.548		0.0175525
4.549		0.0175453
4.55		0.0175382
4.551		0.017531
4.552		0.0175239
4.553		0.0175168
4.554		0.0175096
4.555		0.0175025
4.556		0.0174953
4.557		0.0174882
4.558		0.0174811
4.559		0.017474
4.56		0.0174669
4.561		0.0174598
4.562		0.0174527
4.563		0.0174456
4.564		0.0174385
4.565		0.0174314
4.566		0.0174243
4.567		0.0174172
4.568		0.0174101
4.569		0.0174031
4.57		0.017396
4.571		0.0173889
4.572		0.0173819
4.573		0.0173748
4.574		0.0173677
4.575		0.0173607
4.576		0.0173537
4.577		0.0173466
4.578		0.0173396
4.579		0.0173325
4.58		0.0173255
4.581		0.0173185
4.582		0.0173115
4.583		0.0173045
4.584		0.0172975
4.585		0.0172904
4.586		0.0172834
4.587		0.0172764
4.588		0.0172695
4.589		0.0172625
4.59		0.0172555
4.591		0.0172485
4.592		0.0172415
4.593		0.0172345
4.594		0.0172276
4.595		0.0172206
4.596		0.0172137
4.597		0.0172067
4.598		0.0171997
4.599		0.0171928
4.6		0.0171859
4.601		0.0171789
4.602		0.017172
4.603		0.017165
4.604		0.0171581
4.605		0.0171512
4.606		0.0171443
4.607		0.0171374
4.608		0.0171305
4.609		0.0171235
4.61		0.0171166
4.611		0.0171097
4.612		0.0171029
4.613		0.017096
4.614		0.0170891
4.615		0.0170822
4.616		0.0170753
4.617		0.0170684
4.618		0.0170616
4.619		0.0170547
4.62		0.0170479
4.621		0.017041
4.622		0.0170341
4.623		0.0170273
4.624		0.0170204
4.625		0.0170136
4.626		0.0170068
4.627		0.0169999
4.628		0.0169931
4.629		0.0169863
4.63		0.0169795
4.631		0.0169726
4.632		0.0169658
4.633		0.016959
4.634		0.0169522
4.635		0.0169454
4.636		0.0169386
4.637		0.0169318
4.638		0.016925
4.639		0.0169183
4.64		0.0169115
4.641		0.0169047
4.642		0.0168979
4.643		0.0168912
4.644		0.0168844
4.645		0.0168776
4.646		0.0168709
4.647		0.0168641
4.648		0.0168574
4.649		0.0168506
4.65		0.0168439
4.651		0.0168372
4.652		0.0168304
4.653		0.0168237
4.654		0.016817
4.655		0.0168103
4.656		0.0168035
4.657		0.0167968
4.658		0.0167901
4.659		0.0167834
4.66		0.0167767
4.661		0.01677
4.662		0.0167633
4.663		0.0167566
4.664		0.01675
4.665		0.0167433
4.666		0.0167366
4.667		0.0167299
4.668		0.0167233
4.669		0.0167166
4.67		0.0167099
4.671		0.0167033
4.672		0.0166966
4.673		0.01669
4.674		0.0166833
4.675		0.0166767
4.676		0.0166701
4.677		0.0166634
4.678		0.0166568
4.679		0.0166502
4.68		0.0166435
4.681		0.0166369
4.682		0.0166303
4.683		0.0166237
4.684		0.0166171
4.685		0.0166105
4.686		0.0166039
4.687		0.0165973
4.688		0.0165907
4.689		0.0165841
4.69		0.0165775
4.691		0.016571
4.692		0.0165644
4.693		0.0165578
4.694		0.0165512
4.695		0.0165447
4.696		0.0165381
4.697		0.0165316
4.698		0.016525
4.699		0.0165185
4.7		0.0165119
4.701		0.0165054
4.702		0.0164988
4.703		0.0164923
4.704		0.0164858
4.705		0.0164793
4.706		0.0164727
4.707		0.0164662
4.708		0.0164597
4.709		0.0164532
4.71		0.0164467
4.711		0.0164402
4.712		0.0164337
4.713		0.0164272
4.714		0.0164207
4.715		0.0164142
4.716		0.0164077
4.717		0.0164013
4.718		0.0163948
4.719		0.0163883
4.72		0.0163818
4.721		0.0163754
4.722		0.0163689
4.723		0.0163625
4.724		0.016356
4.725		0.0163496
4.726		0.0163431
4.727		0.0163367
4.728		0.0163302
4.729		0.0163238
4.73		0.0163174
4.731		0.0163109
4.732		0.0163045
4.733		0.0162981
4.734		0.0162917
4.735		0.0162853
4.736		0.0162789
4.737		0.0162725
4.738		0.0162661
4.739		0.0162597
4.74		0.0162533
4.741		0.0162469
4.742		0.0162405
4.743		0.0162341
4.744		0.0162277
4.745		0.0162214
4.746		0.016215
4.747		0.0162086
4.748		0.0162023
4.749		0.0161959
4.75		0.0161896
4.751		0.0161832
4.752		0.0161769
4.753		0.0161705
4.754		0.0161642
4.755		0.0161578
4.756		0.0161515
4.757		0.0161452
4.758		0.0161388
4.759		0.0161325
4.76		0.0161262
4.761		0.0161199
4.762		0.0161136
4.763		0.0161073
4.764		0.016101
4.765		0.0160947
4.766		0.0160884
4.767		0.0160821
4.768		0.0160758
4.769		0.0160695
4.77		0.0160632
4.771		0.0160569
4.772		0.0160507
4.773		0.0160444
4.774		0.0160381
4.775		0.0160319
4.776		0.0160256
4.777		0.0160193
4.778		0.0160131
4.779		0.0160068
4.78		0.0160006
4.781		0.0159943
4.782		0.0159881
4.783		0.0159819
4.784		0.0159756
4.785		0.0159694
4.786		0.0159632
4.787		0.015957
4.788		0.0159507
4.789		0.0159445
4.79		0.0159383
4.791		0.0159321
4.792		0.0159259
4.793		0.0159197
4.794		0.0159135
4.795		0.0159073
4.796		0.0159011
4.797		0.015895
4.798		0.0158888
4.799		0.0158826
4.8		0.0158764
4.801		0.0158702
4.802		0.0158641
4.803		0.0158579
4.804		0.0158518
4.805		0.0158456
4.806		0.0158394
4.807		0.0158333
4.808		0.0158272
4.809		0.015821
4.81		0.0158149
4.811		0.0158087
4.812		0.0158026
4.813		0.0157965
4.814		0.0157903
4.815		0.0157842
4.816		0.0157781
4.817		0.015772
4.818		0.0157659
4.819		0.0157598
4.82		0.0157537
4.821		0.0157476
4.822		0.0157415
4.823		0.0157354
4.824		0.0157293
4.825		0.0157232
4.826		0.0157171
4.827		0.015711
4.828		0.015705
4.829		0.0156989
4.83		0.0156928
4.831		0.0156868
4.832		0.0156807
4.833		0.0156746
4.834		0.0156686
4.835		0.0156625
4.836		0.0156565
4.837		0.0156504
4.838		0.0156444
4.839		0.0156384
4.84		0.0156323
4.841		0.0156263
4.842		0.0156203
4.843		0.0156142
4.844		0.0156082
4.845		0.0156022
4.846		0.0155962
4.847		0.0155902
4.848		0.0155842
4.849		0.0155782
4.85		0.0155722
4.851		0.0155662
4.852		0.0155602
4.853		0.0155542
4.854		0.0155482
4.855		0.0155422
4.856		0.0155363
4.857		0.0155303
4.858		0.0155243
4.859		0.0155183
4.86		0.0155124
4.861		0.0155064
4.862		0.0155004
4.863		0.0154945
4.864		0.0154885
4.865		0.0154826
4.866		0.0154766
4.867		0.0154707
4.868		0.0154648
4.869		0.0154588
4.87		0.0154529
4.871		0.015447
4.872		0.015441
4.873		0.0154351
4.874		0.0154292
4.875		0.0154233
4.876		0.0154174
4.877		0.0154115
4.878		0.0154056
4.879		0.0153997
4.88		0.0153938
4.881		0.0153879
4.882		0.015382
4.883		0.0153761
4.884		0.0153702
4.885		0.0153643
4.886		0.0153584
4.887		0.0153526
4.888		0.0153467
4.889		0.0153408
4.89		0.015335
4.891		0.0153291
4.892		0.0153232
4.893		0.0153174
4.894		0.0153115
4.895		0.0153057
4.896		0.0152999
4.897		0.015294
4.898		0.0152882
4.899		0.0152823
4.9		0.0152765
4.901		0.0152707
4.902		0.0152649
4.903		0.015259
4.904		0.0152532
4.905		0.0152474
4.906		0.0152416
4.907		0.0152358
4.908		0.01523
4.909		0.0152242
4.91		0.0152184
4.911		0.0152126
4.912		0.0152068
4.913		0.015201
4.914		0.0151952
4.915		0.0151894
4.916		0.0151836
4.917		0.0151779
4.918		0.0151721
4.919		0.0151663
4.92		0.0151606
4.921		0.0151548
4.922		0.015149
4.923		0.0151433
4.924		0.0151375
4.925		0.0151318
4.926		0.015126
4.927		0.0151203
4.928		0.0151145
4.929		0.0151088
4.93		0.0151031
4.931		0.0150973
4.932		0.0150916
4.933		0.0150859
4.934		0.0150802
4.935		0.0150745
4.936		0.0150687
4.937		0.015063
4.938		0.0150573
4.939		0.0150516
4.94		0.0150459
4.941		0.0150402
4.942		0.0150345
4.943		0.0150288
4.944		0.0150231
4.945		0.0150175
4.946		0.0150118
4.947		0.0150061
4.948		0.0150004
4.949		0.0149947
4.95		0.0149891
4.951		0.0149834
4.952		0.0149777
4.953		0.0149721
4.954		0.0149664
4.955		0.0149608
4.956		0.0149551
4.957		0.0149495
4.958		0.0149438
4.959		0.0149382
4.96		0.0149326
4.961		0.0149269
4.962		0.0149213
4.963		0.0149157
4.964		0.01491
4.965		0.0149044
4.966		0.0148988
4.967		0.0148932
4.968		0.0148876
4.969		0.014882
4.97		0.0148764
4.971		0.0148707
4.972		0.0148651
4.973		0.0148595
4.974		0.014854
4.975		0.0148484
4.976		0.0148428
4.977		0.0148372
4.978		0.0148316
4.979		0.014826
4.98		0.0148205
4.981		0.0148149
4.982		0.0148093
4.983		0.0148038
4.984		0.0147982
4.985		0.0147926
4.986		0.0147871
4.987		0.0147815
4.988		0.014776
4.989		0.0147704
4.99		0.0147649
4.991		0.0147593
4.992		0.0147538
4.993		0.0147483
4.994		0.0147427
4.995		0.0147372
4.996		0.0147317
4.997		0.0147262
4.998		0.0147206
4.999		0.0147151
