0.005		12.4443
0.01		6.22215
0.015		4.1481
0.02		3.11108
0.025		2.48886
0.03		2.07405
0.035		1.77776
0.04		1.55554
0.045		1.3827
0.05		1.24443
0.055		1.13129
0.06		1.03701
0.065		0.957229
0.07		0.888838
0.075		0.829559
0.08		0.777681
0.085		0.731899
0.09		0.691196
0.095		0.65477
0.1		0.621979
0.105		0.592304
0.11		0.565321
0.115		0.540679
0.12		0.518086
0.125		0.497297
0.13		0.478105
0.135		0.460332
0.14		0.443827
0.145		0.428459
0.15		0.414116
0.155		0.400698
0.16		0.38812
0.165		0.376304
0.17		0.365184
0.175		0.354701
0.18		0.344801
0.185		0.335438
0.19		0.326569
0.195		0.318156
0.2		0.310166
0.205		0.302567
0.21		0.295331
0.215		0.288433
0.22		0.28185
0.225		0.275561
0.23		0.269547
0.235		0.26379
0.24		0.258274
0.245		0.252985
0.25		0.247909
0.255		0.243032
0.26		0.238344
0.265		0.233835
0.27		0.229493
0.275		0.22531
0.28		0.221277
0.285		0.217387
0.29		0.213632
0.295		0.210004
0.3		0.206499
0.305		0.203109
0.31		0.199829
0.315		0.196654
0.32		0.193578
0.325		0.190598
0.33		0.187709
0.335		0.184906
0.34		0.182187
0.345		0.179547
0.35		0.176982
0.355		0.17449
0.36		0.172068
0.365		0.169713
0.37		0.167421
0.375		0.165191
0.38		0.16302
0.385		0.160906
0.39		0.158846
0.395		0.156839
0.4		0.154882
0.405		0.152974
0.41		0.151112
0.415		0.149296
0.42		0.147523
0.425		0.145791
0.43		0.144101
0.435		0.142449
0.44		0.140835
0.445		0.139257
0.45		0.137715
0.455		0.136207
0.46		0.134731
0.465		0.133287
0.47		0.131875
0.475		0.130492
0.48		0.129138
0.485		0.127811
0.49		0.126513
0.495		0.12524
0.5		0.123993
0.505		0.12277
0.51		0.121572
0.515		0.120397
0.52		0.119245
0.525		0.118114
0.53		0.117005
0.535		0.115917
0.54		0.114849
0.545		0.1138
0.55		0.112771
0.555		0.11176
0.56		0.110767
0.565		0.109792
0.57		0.108834
0.575		0.107893
0.58		0.106967
0.585		0.106058
0.59		0.105164
0.595		0.104285
0.6		0.103421
0.605		0.102571
0.61		0.101735
0.615		0.100912
0.62		0.100103
0.625		0.099307
0.63		0.0985234
0.635		0.0977521
0.64		0.0969928
0.645		0.0962453
0.65		0.0955092
0.655		0.0947844
0.66		0.0940706
0.665		0.0933675
0.67		0.0926748
0.675		0.0919924
0.68		0.09132
0.685		0.0906575
0.69		0.0900045
0.695		0.0893608
0.7		0.0887264
0.705		0.0881009
0.71		0.0874842
0.715		0.0868761
0.72		0.0862765
0.725		0.0856851
0.73		0.0851018
0.735		0.0845263
0.74		0.0839587
0.745		0.0833986
0.75		0.082846
0.755		0.0823007
0.76		0.0817626
0.765		0.0812314
0.77		0.0807071
0.775		0.0801896
0.78		0.0796787
0.785		0.0791743
0.79		0.0786762
0.795		0.0781844
0.8		0.0776987
0.805		0.077219
0.81		0.0767453
0.815		0.0762773
0.82		0.075815
0.825		0.0753583
0.83		0.074907
0.835		0.0744612
0.84		0.0740206
0.845		0.0735853
0.85		0.073155
0.855		0.0727298
0.86		0.0723094
0.865		0.071894
0.87		0.0714832
0.875		0.0710772
0.88		0.0706757
0.885		0.0702788
0.89		0.0698863
0.895		0.0694982
0.9		0.0691143
0.905		0.0687347
0.91		0.0683593
0.915		0.0679879
0.92		0.0676205
0.925		0.0672572
0.93		0.0668976
0.935		0.066542
0.94		0.0661901
0.945		0.0658419
0.95		0.0654973
0.955		0.0651564
0.96		0.0648189
0.965		0.064485
0.97		0.0641545
0.975		0.0638273
0.98		0.0635035
0.985		0.063183
0.99		0.0628657
0.995		0.0625515
1		0.0622405
1.005		0.0619326
1.01		0.0616277
1.015		0.0613258
1.02		0.0610268
1.025		0.0607308
1.03		0.0604376
1.035		0.0601472
1.04		0.0598596
1.045		0.0595747
1.05		0.0592926
1.055		0.0590131
1.06		0.0587362
1.065		0.0584619
1.07		0.0581902
1.075		0.057921
1.08		0.0576543
1.085		0.05739
1.09		0.0571281
1.095		0.0568686
1.1		0.0566115
1.105		0.0563567
1.11		0.0561041
1.115		0.0558538
1.12		0.0556058
1.125		0.0553599
1.13		0.0551162
1.135		0.0548747
1.14		0.0546352
1.145		0.0543978
1.15		0.0541625
1.155		0.0539292
1.16		0.053698
1.165		0.0534686
1.17		0.0532413
1.175		0.0530159
1.18		0.0527923
1.185		0.0525707
1.19		0.0523509
1.195		0.0521329
1.2		0.0519168
1.205		0.0517024
1.21		0.0514898
1.215		0.0512789
1.22		0.0510698
1.225		0.0508623
1.23		0.0506566
1.235		0.0504525
1.24		0.05025
1.245		0.0500491
1.25		0.0498499
1.255		0.0496522
1.26		0.0494561
1.265		0.0492615
1.27		0.0490685
1.275		0.048877
1.28		0.0486869
1.285		0.0484984
1.29		0.0483113
1.295		0.0481256
1.3		0.0479413
1.305		0.0477585
1.31		0.047577
1.315		0.0473969
1.32		0.0472182
1.325		0.0470408
1.33		0.0468648
1.335		0.04669
1.34		0.0465166
1.345		0.0463444
1.35		0.0461736
1.355		0.0460039
1.36		0.0458355
1.365		0.0456684
1.37		0.0455024
1.375		0.0453377
1.38		0.0451741
1.385		0.0450118
1.39		0.0448505
1.395		0.0446905
1.4		0.0445315
1.405		0.0443737
1.41		0.0442171
1.415		0.0440615
1.42		0.043907
1.425		0.0437536
1.43		0.0436012
1.435		0.0434499
1.44		0.0432997
1.445		0.0431505
1.45		0.0430023
1.455		0.0428551
1.46		0.042709
1.465		0.0425638
1.47		0.0424196
1.475		0.0422764
1.48		0.0421342
1.485		0.0419929
1.49		0.0418525
1.495		0.0417131
1.5		0.0415746
1.505		0.0414371
1.51		0.0413004
1.515		0.0411646
1.52		0.0410298
1.525		0.0408958
1.53		0.0407626
1.535		0.0406304
1.54		0.040499
1.545		0.0403684
1.55		0.0402387
1.555		0.0401098
1.56		0.0399818
1.565		0.0398545
1.57		0.0397281
1.575		0.0396024
1.58		0.0394776
1.585		0.0393535
1.59		0.0392302
1.595		0.0391077
1.6		0.038986
1.605		0.038865
1.61		0.0387447
1.615		0.0386252
1.62		0.0385064
1.625		0.0383884
1.63		0.0382711
1.635		0.0381545
1.64		0.0380386
1.645		0.0379234
1.65		0.0378089
1.655		0.0376951
1.66		0.0375819
1.665		0.0374695
1.67		0.0373577
1.675		0.0372466
1.68		0.0371361
1.685		0.0370263
1.69		0.0369172
1.695		0.0368086
1.7		0.0367008
1.705		0.0365935
1.71		0.0364869
1.715		0.0363809
1.72		0.0362755
1.725		0.0361707
1.73		0.0360665
1.735		0.035963
1.74		0.03586
1.745		0.0357576
1.75		0.0356558
1.755		0.0355545
1.76		0.0354538
1.765		0.0353538
1.77		0.0352542
1.775		0.0351552
1.78		0.0350568
1.785		0.034959
1.79		0.0348616
1.795		0.0347649
1.8		0.0346686
1.805		0.0345729
1.81		0.0344777
1.815		0.034383
1.82		0.0342889
1.825		0.0341952
1.83		0.0341021
1.835		0.0340095
1.84		0.0339174
1.845		0.0338258
1.85		0.0337346
1.855		0.033644
1.86		0.0335538
1.865		0.0334642
1.87		0.033375
1.875		0.0332863
1.88		0.033198
1.885		0.0331102
1.89		0.0330229
1.895		0.0329361
1.9		0.0328497
1.905		0.0327637
1.91		0.0326782
1.915		0.0325932
1.92		0.0325085
1.925		0.0324244
1.93		0.0323406
1.935		0.0322573
1.94		0.0321744
1.945		0.032092
1.95		0.0320099
1.955		0.0319283
1.96		0.0318471
1.965		0.0317663
1.97		0.0316859
1.975		0.031606
1.98		0.0315264
1.985		0.0314472
1.99		0.0313684
1.995		0.0312901
2		0.0312121
2.005		0.0311345
2.01		0.0310572
2.015		0.0309804
2.02		0.0309039
2.025		0.0308279
2.03		0.0307521
2.035		0.0306768
2.04		0.0306018
2.045		0.0305272
2.05		0.030453
2.055		0.0303791
2.06		0.0303056
2.065		0.0302324
2.07		0.0301596
2.075		0.0300871
2.08		0.030015
2.085		0.0299432
2.09		0.0298718
2.095		0.0298007
2.1		0.02973
2.105		0.0296595
2.11		0.0295895
2.115		0.0295197
2.12		0.0294503
2.125		0.0293812
2.13		0.0293124
2.135		0.0292439
2.14		0.0291758
2.145		0.029108
2.15		0.0290405
2.155		0.0289733
2.16		0.0289064
2.165		0.0288398
2.17		0.0287735
2.175		0.0287076
2.18		0.0286419
2.185		0.0285765
2.19		0.0285115
2.195		0.0284467
2.2		0.0283822
2.205		0.028318
2.21		0.0282541
2.215		0.0281905
2.22		0.0281272
2.225		0.0280642
2.23		0.0280014
2.235		0.0279389
2.24		0.0278767
2.245		0.0278148
2.25		0.0277531
2.255		0.0276918
2.26		0.0276307
2.265		0.0275698
2.27		0.0275093
2.275		0.027449
2.28		0.0273889
2.285		0.0273291
2.29		0.0272696
2.295		0.0272104
2.3		0.0271514
2.305		0.0270926
2.31		0.0270341
2.315		0.0269759
2.32		0.0269179
2.325		0.0268601
2.33		0.0268026
2.335		0.0267454
2.34		0.0266884
2.345		0.0266316
2.35		0.0265751
2.355		0.0265188
2.36		0.0264628
2.365		0.026407
2.37		0.0263514
2.375		0.0262961
2.38		0.0262409
2.385		0.0261861
2.39		0.0261314
2.395		0.026077
2.4		0.0260228
2.405		0.0259688
2.41		0.0259151
2.415		0.0258616
2.42		0.0258083
2.425		0.0257552
2.43		0.0257023
2.435		0.0256497
2.44		0.0255972
2.445		0.025545
2.45		0.025493
2.455		0.0254412
2.46		0.0253896
2.465		0.0253382
2.47		0.0252871
2.475		0.0252361
2.48		0.0251853
2.485		0.0251348
2.49		0.0250844
2.495		0.0250343
2.5		0.0249843
2.505		0.0249346
2.51		0.024885
2.515		0.0248356
2.52		0.0247865
2.525		0.0247375
2.53		0.0246887
2.535		0.0246402
2.54		0.0245918
2.545		0.0245436
2.55		0.0244955
2.555		0.0244477
2.56		0.0244001
2.565		0.0243526
2.57		0.0243053
2.575		0.0242583
2.58		0.0242113
2.585		0.0241646
2.59		0.0241181
2.595		0.0240717
2.6		0.0240255
2.605		0.0239795
2.61		0.0239337
2.615		0.023888
2.62		0.0238425
2.625		0.0237972
2.63		0.0237521
2.635		0.0237071
2.64		0.0236623
2.645		0.0236177
2.65		0.0235732
2.655		0.0235289
2.66		0.0234848
2.665		0.0234408
2.67		0.023397
2.675		0.0233534
2.68		0.0233099
2.685		0.0232666
2.69		0.0232234
2.695		0.0231804
2.7		0.0231376
2.705		0.0230949
2.71		0.0230524
2.715		0.02301
2.72		0.0229678
2.725		0.0229258
2.73		0.0228839
2.735		0.0228421
2.74		0.0228005
2.745		0.0227591
2.75		0.0227178
2.755		0.0226766
2.76		0.0226356
2.765		0.0225948
2.77		0.0225541
2.775		0.0225135
2.78		0.0224731
2.785		0.0224329
2.79		0.0223927
2.795		0.0223528
2.8		0.0223129
2.805		0.0222732
2.81		0.0222337
2.815		0.0221943
2.82		0.022155
2.825		0.0221159
2.83		0.0220769
2.835		0.022038
2.84		0.0219993
2.845		0.0219607
2.85		0.0219223
2.855		0.021884
2.86		0.0218458
2.865		0.0218077
2.87		0.0217698
2.875		0.021732
2.88		0.0216944
2.885		0.0216568
2.89		0.0216194
2.895		0.0215822
2.9		0.021545
2.905		0.021508
2.91		0.0214711
2.915		0.0214344
2.92		0.0213978
2.925		0.0213613
2.93		0.0213249
2.935		0.0212886
2.94		0.0212525
2.945		0.0212165
2.95		0.0211806
2.955		0.0211448
2.96		0.0211092
2.965		0.0210736
2.97		0.0210382
2.975		0.0210029
2.98		0.0209678
2.985		0.0209327
2.99		0.0208978
2.995		0.0208629
3		0.0208282
