0.005		8.58596e-16		0
0.01		1.46509e-07		0
0.015		6.82558e-05		0
0.02		0.00135312		0
0.025		0.00771699		0
0.03		0.0237849		0
0.035		0.0517658		0
0.04		0.0908352		0
0.045		0.138282		0
0.05		0.190834		0
0.055		0.24552		0
0.06		0.300044		0
0.065		0.352834		0
0.07		0.402938		0
0.075		0.449865		0
0.08		0.493435		0
0.085		0.53366		0
0.09		0.570656		0
0.095		0.604591		0
0.1		0.635647		0
0.105		0.664006		0
0.11		0.689839		0
0.115		0.713304		0
0.12		0.734547		0
0.125		0.753704		0
0.13		0.7709		0
0.135		0.786254		0
0.14		0.79988		0
0.145		0.811886		0
0.15		0.822375		0
0.155		0.831448		0
0.16		0.839201		0
0.165		0.845726		0
0.17		0.851113		0
0.175		0.855446		0
0.18		0.858806		0
0.185		0.861269		0
0.19		0.862907		0
0.195		0.863788		0
0.2		0.863977		0
0.205		0.863533		0
0.21		0.862512		0
0.215		0.860967		0
0.22		0.858946		0
0.225		0.856493		0
0.23		0.853651		0
0.235		0.850457		0
0.24		0.846948		0
0.245		0.843156		0
0.25		0.83911		0
0.255		0.83484		0
0.26		0.830369		0
0.265		0.825722		0
0.27		0.820919		0
0.275		0.815981		0
0.28		0.810924		0
0.285		0.805766		0
0.29		0.800521		0
0.295		0.795203		0
0.3		0.789824		0
0.305		0.784396		0
0.31		0.778929		0
0.315		0.773432		0
0.32		0.767913		0
0.325		0.762381		0
0.33		0.756842		0
0.335		0.751304		0
0.34		0.74577		0
0.345		0.740248		0
0.35		0.73474		0
0.355		0.729253		0
0.36		0.723789		0
0.365		0.718351		0
0.37		0.712944		0
0.375		0.707569		0
0.38		0.702229		0
0.385		0.696927		0
0.39		0.691664		0
0.395		0.686441		0
0.4		0.681261		0
0.405		0.676124		0
0.41		0.671033		0
0.415		0.665987		0
0.42		0.660987		0
0.425		0.656035		0
0.43		0.65113		0
0.435		0.646274		0
0.44		0.641466		0
0.445		0.636707		0
0.45		0.631997		0
0.455		0.627336		0
0.46		0.622724		0
0.465		0.618162		0
0.47		0.613649		0
0.475		0.609184		0
0.48		0.604769		0
0.485		0.600401		0
0.49		0.596083		0
0.495		0.591812		0
0.5		0.587589		0
0.505		0.583413		0
0.51		0.579285		0
0.515		0.575203		0
0.52		0.571167		0
0.525		0.567177		0
0.53		0.563232		0
0.535		0.559332		0
0.54		0.555477		0
0.545		0.551665		0
0.55		0.547897		0
0.555		0.544172		0
0.56		0.54049		0
0.565		0.53685		0
0.57		0.533251		0
0.575		0.529693		0
0.58		0.526176		0
0.585		0.522698		0
0.59		0.519261		0
0.595		0.515862		0
0.6		0.512502		0
0.605		0.509179		0
0.61		0.505895		0
0.615		0.502647		0
0.62		0.499436		0
0.625		0.496261		0
0.63		0.493121		0
0.635		0.490017		0
0.64		0.486947		0
0.645		0.483911		0
0.65		0.480909		0
0.655		0.47794		0
0.66		0.475004		0
0.665		0.4721		0
0.67		0.469229		0
0.675		0.466388		0
0.68		0.463579		0
0.685		0.4608		0
0.69		0.458051		0
0.695		0.455332		0
0.7		0.452642		0
0.705		0.449981		0
0.71		0.447349		0
0.715		0.444744		0
0.72		0.442167		0
0.725		0.439618		0
0.73		0.437096		0
0.735		0.4346		0
0.74		0.43213		0
0.745		0.429686		0
0.75		0.427268		0
0.755		0.424874		0
0.76		0.422506		0
0.765		0.420161		0
0.77		0.417841		0
0.775		0.415545		0
0.78		0.413272		0
0.785		0.411022		0
0.79		0.408795		0
0.795		0.40659		0
0.8		0.404408		0
0.805		0.402247		0
0.81		0.400108		0
0.815		0.39799		0
0.82		0.395893		0
0.825		0.393817		0
0.83		0.391761		0
0.835		0.389725		0
0.84		0.387709		0
0.845		0.385713		0
0.85		0.383736		0
0.855		0.381778		0
0.86		0.379839		0
0.865		0.377919		0
0.87		0.376016		0
0.875		0.374132		0
0.88		0.372266		0
0.885		0.370417		0
0.89		0.368586		0
0.895		0.366771		0
0.9		0.364974		0
0.905		0.363193		0
0.91		0.361429		0
0.915		0.359681		0
0.92		0.357949		0
0.925		0.356233		0
0.93		0.354533		0
0.935		0.352848		0
0.94		0.351178		0
0.945		0.349524		0
0.95		0.347884		0
0.955		0.346259		0
0.96		0.344648		0
0.965		0.343051		0
0.97		0.341469		0
0.975		0.339901		0
0.98		0.338346		0
0.985		0.336805		0
0.99		0.335278		0
0.995		0.333763		0
1		0.332262		0
1.005		0.330774		0
1.01		0.329298		0
1.015		0.327835		0
1.02		0.326385		0
1.025		0.324947		0
1.03		0.323521		0
1.035		0.322107		0
1.04		0.320705		0
1.045		0.319315		0
1.05		0.317936		0
1.055		0.316569		0
1.06		0.315213		0
1.065		0.313868		0
1.07		0.312534		0
1.075		0.311211		0
1.08		0.309899		0
1.085		0.308598		0
1.09		0.307307		0
1.095		0.306027		0
1.1		0.304757		0
1.105		0.303497		0
1.11		0.302247		0
1.115		0.301007		0
1.12		0.299777		0
1.125		0.298556		0
1.13		0.297345		0
1.135		0.296144		0
1.14		0.294952		0
1.145		0.29377		0
1.15		0.292596		0
1.155		0.291432		0
1.16		0.290276		0
1.165		0.28913		0
1.17		0.287992		0
1.175		0.286863		0
1.18		0.285743		0
1.185		0.284631		0
1.19		0.283527		0
1.195		0.282432		0
1.2		0.281345		0
1.205		0.280266		0
1.21		0.279195		0
1.215		0.278132		0
1.22		0.277077		0
1.225		0.276029		0
1.23		0.27499		0
1.235		0.273958		0
1.24		0.272933		0
1.245		0.271916		0
1.25		0.270906		0
1.255		0.269904		0
1.26		0.268909		0
1.265		0.267921		0
1.27		0.26694		0
1.275		0.265966		0
1.28		0.264999		0
1.285		0.264039		0
1.29		0.263085		0
1.295		0.262139		0
1.3		0.261199		0
1.305		0.260265		0
1.31		0.259338		0
1.315		0.258418		0
1.32		0.257504		0
1.325		0.256596		0
1.33		0.255694		0
1.335		0.254799		0
1.34		0.25391		0
1.345		0.253026		0
1.35		0.252149		0
1.355		0.251278		0
1.36		0.250413		0
1.365		0.249553		0
1.37		0.248699		0
1.375		0.247851		0
1.38		0.247009		0
1.385		0.246172		0
1.39		0.245341		0
1.395		0.244515		0
1.4		0.243694		0
1.405		0.242879		0
1.41		0.24207		0
1.415		0.241266		0
1.42		0.240466		0
1.425		0.239672		0
1.43		0.238884		0
1.435		0.2381		0
1.44		0.237321		0
1.445		0.236548		0
1.45		0.235779		0
1.455		0.235015		0
1.46		0.234256		0
1.465		0.233502		0
1.47		0.232752		0
1.475		0.232008		0
1.48		0.231268		0
1.485		0.230532		0
1.49		0.229801		0
1.495		0.229075		0
1.5		0.228353		0
1.505		0.227636		0
1.51		0.226923		0
1.515		0.226215		0
1.52		0.22551		0
1.525		0.224811		0
1.53		0.224115		0
1.535		0.223424		0
1.54		0.222736		0
1.545		0.222053		0
1.55		0.221374		0
1.555		0.2207		0
1.56		0.220029		0
1.565		0.219362		0
1.57		0.218699		0
1.575		0.21804		0
1.58		0.217385		0
1.585		0.216734		0
1.59		0.216087		0
1.595		0.215443		0
1.6		0.214804		0
1.605		0.214168		0
1.61		0.213535		0
1.615		0.212907		0
1.62		0.212282		0
1.625		0.211661		0
1.63		0.211043		0
1.635		0.210429		0
1.64		0.209818		0
1.645		0.209211		0
1.65		0.208607		0
1.655		0.208007		0
1.66		0.20741		0
1.665		0.206816		0
1.67		0.206226		0
1.675		0.205639		0
1.68		0.205055		0
1.685		0.204475		0
1.69		0.203898		0
1.695		0.203324		0
1.7		0.202753		0
1.705		0.202186		0
1.71		0.201621		0
1.715		0.20106		0
1.72		0.200502		0
1.725		0.199947		0
1.73		0.199394		0
1.735		0.198845		0
1.74		0.198299		0
1.745		0.197756		0
1.75		0.197216		0
1.755		0.196678		0
1.76		0.196144		0
1.765		0.195612		0
1.77		0.195083		0
1.775		0.194557		0
1.78		0.194034		0
1.785		0.193514		0
1.79		0.192996		0
1.795		0.192481		0
1.8		0.191969		0
1.805		0.19146		0
1.81		0.190953		0
1.815		0.190449		0
1.82		0.189947		0
1.825		0.189448		0
1.83		0.188952		0
1.835		0.188458		0
1.84		0.187967		0
1.845		0.187478		0
1.85		0.186992		0
1.855		0.186508		0
1.86		0.186027		0
1.865		0.185548		0
1.87		0.185072		0
1.875		0.184598		0
1.88		0.184126		0
1.885		0.183657		0
1.89		0.18319		0
1.895		0.182726		0
1.9		0.182264		0
1.905		0.181804		0
1.91		0.181346		0
1.915		0.180891		0
1.92		0.180438		0
1.925		0.179987		0
1.93		0.179539		0
1.935		0.179093		0
1.94		0.178648		0
1.945		0.178206		0
1.95		0.177767		0
1.955		0.177329		0
1.96		0.176894		0
1.965		0.17646		0
1.97		0.176029		0
1.975		0.1756		0
1.98		0.175173		0
1.985		0.174747		0
1.99		0.174324		0
1.995		0.173903		0
2		0.173484		0
2.005		0.173067		0
2.01		0.172652		0
2.015		0.172239		0
2.02		0.171828		0
2.025		0.171419		0
2.03		0.171012		0
2.035		0.170606		0
2.04		0.170203		0
2.045		0.169802		0
2.05		0.169402		0
2.055		0.169004		0
2.06		0.168608		0
2.065		0.168214		0
2.07		0.167822		0
2.075		0.167431		0
2.08		0.167043		0
2.085		0.166656		0
2.09		0.166271		0
2.095		0.165887		0
2.1		0.165506		0
2.105		0.165126		0
2.11		0.164748		0
2.115		0.164371		0
2.12		0.163996		0
2.125		0.163623		0
2.13		0.163252		0
2.135		0.162882		0
2.14		0.162514		0
2.145		0.162148		0
2.15		0.161783		0
2.155		0.16142		0
2.16		0.161059		0
2.165		0.160699		0
2.17		0.16034		0
2.175		0.159984		0
2.18		0.159629		0
2.185		0.159275		0
2.19		0.158923		0
2.195		0.158572		0
2.2		0.158224		0
2.205		0.157876		0
2.21		0.15753		0
2.215		0.157186		0
2.22		0.156843		0
2.225		0.156501		0
2.23		0.156161		0
2.235		0.155823		0
2.24		0.155486		0
2.245		0.15515		0
2.25		0.154816		0
2.255		0.154483		0
2.26		0.154152		0
2.265		0.153822		0
2.27		0.153494		0
2.275		0.153166		0
2.28		0.152841		0
2.285		0.152516		0
2.29		0.152193		0
2.295		0.151872		0
2.3		0.151551		0
2.305		0.151232		0
2.31		0.150915		0
2.315		0.150598		0
2.32		0.150283		0
2.325		0.14997		0
2.33		0.149657		0
2.335		0.149346		0
2.34		0.149036		0
2.345		0.148728		0
2.35		0.148421		0
2.355		0.148115		0
2.36		0.14781		0
2.365		0.147506		0
2.37		0.147204		0
2.375		0.146903		0
2.38		0.146603		0
2.385		0.146304		0
2.39		0.146007		0
2.395		0.145711		0
2.4		0.145416		0
2.405		0.145122		0
2.41		0.144829		0
2.415		0.144538		0
2.42		0.144248		0
2.425		0.143958		0
2.43		0.14367		0
2.435		0.143384		0
2.44		0.143098		0
2.445		0.142813		0
2.45		0.14253		0
2.455		0.142247		0
2.46		0.141966		0
2.465		0.141686		0
2.47		0.141407		0
2.475		0.141129		0
2.48		0.140852		0
2.485		0.140576		0
2.49		0.140302		0
2.495		0.140028		0
2.5		0.139755		0
2.505		0.139484		0
2.51		0.139213		0
2.515		0.138944		0
2.52		0.138675		0
2.525		0.138408		0
2.53		0.138142		0
2.535		0.137876		0
2.54		0.137612		0
2.545		0.137349		0
2.55		0.137086		0
2.555		0.136825		0
2.56		0.136565		0
2.565		0.136305		0
2.57		0.136047		0
2.575		0.135789		0
2.58		0.135533		0
2.585		0.135278		0
2.59		0.135023		0
2.595		0.134769		0
2.6		0.134517		0
2.605		0.134265		0
2.61		0.134014		0
2.615		0.133765		0
2.62		0.133516		0
2.625		0.133268		0
2.63		0.133021		0
2.635		0.132775		0
2.64		0.132529		0
2.645		0.132285		0
2.65		0.132041		0
2.655		0.131799		0
2.66		0.131557		0
2.665		0.131316		0
2.67		0.131077		0
2.675		0.130837		0
2.68		0.130599		0
2.685		0.130362		0
2.69		0.130126		0
2.695		0.12989		0
2.7		0.129655		0
2.705		0.129421		0
2.71		0.129188		0
2.715		0.128956		0
2.72		0.128725		0
2.725		0.128494		0
2.73		0.128264		0
2.735		0.128035		0
2.74		0.127807		0
2.745		0.12758		0
2.75		0.127353		0
2.755		0.127127		0
2.76		0.126903		0
2.765		0.126678		0
2.77		0.126455		0
2.775		0.126232		0
2.78		0.126011		0
2.785		0.12579		0
2.79		0.125569		0
2.795		0.12535		0
2.8		0.125131		0
2.805		0.124913		0
2.81		0.124696		0
2.815		0.12448		0
2.82		0.124264		0
2.825		0.124049		0
2.83		0.123835		0
2.835		0.123621		0
2.84		0.123408		0
2.845		0.123196		0
2.85		0.122985		0
2.855		0.122775		0
2.86		0.122565		0
2.865		0.122356		0
2.87		0.122147		0
2.875		0.121939		0
2.88		0.121732		0
2.885		0.121526		0
2.89		0.12132		0
2.895		0.121115		0
2.9		0.120911		0
2.905		0.120708		0
2.91		0.120505		0
2.915		0.120302		0
2.92		0.120101		0
2.925		0.1199		0
2.93		0.1197		0
2.935		0.1195		0
2.94		0.119301		0
2.945		0.119103		0
2.95		0.118906		0
2.955		0.118709		0
2.96		0.118512		0
2.965		0.118317		0
2.97		0.118122		0
2.975		0.117928		0
2.98		0.117734		0
2.985		0.117541		0
2.99		0.117348		0
2.995		0.117157		0
3		0.116965		0
