0.005		6.71349		0
0.01		9.73806		0
0.015		10.389		0
0.02		10.4742		0
0.025		10.1996		0
0.03		9.72338		0
0.035		9.16426		0
0.04		8.59216		0
0.045		8.04234		0
0.05		7.53011		0
0.055		7.06033		0
0.06		6.63271		0
0.065		6.24464		0
0.07		5.89261		0
0.075		5.57294		0
0.08		5.28209		0
0.085		5.01685		0
0.09		4.77432		0
0.095		4.55198		0
0.1		4.34759		0
0.105		4.1592		0
0.11		3.98513		0
0.115		3.8239		0
0.12		3.67419		0
0.125		3.53489		0
0.13		3.405		0
0.135		3.28363		0
0.14		3.17		0
0.145		3.06345		0
0.15		2.96334		0
0.155		2.86914		0
0.16		2.78036		0
0.165		2.69657		0
0.17		2.61737		0
0.175		2.54242		0
0.18		2.47139		0
0.185		2.404		0
0.19		2.33998		0
0.195		2.2791		0
0.2		2.22115		0
0.205		2.16592		0
0.21		2.11324		0
0.215		2.06294		0
0.22		2.01487		0
0.225		1.96889		0
0.23		1.92487		0
0.235		1.8827		0
0.24		1.84226		0
0.245		1.80345		0
0.25		1.76619		0
0.255		1.73037		0
0.26		1.69594		0
0.265		1.6628		0
0.27		1.63088		0
0.275		1.60013		0
0.28		1.57049		0
0.285		1.54189		0
0.29		1.51428		0
0.295		1.48762		0
0.3		1.46185		0
0.305		1.43694		0
0.31		1.41284		0
0.315		1.38952		0
0.32		1.36694		0
0.325		1.34506		0
0.33		1.32385		0
0.335		1.30329		0
0.34		1.28334		0
0.345		1.26398		0
0.35		1.24518		0
0.355		1.22692		0
0.36		1.20917		0
0.365		1.19193		0
0.37		1.17515		0
0.375		1.15883		0
0.38		1.14295		0
0.385		1.12749		0
0.39		1.11244		0
0.395		1.09777		0
0.4		1.08347		0
0.405		1.06954		0
0.41		1.05595		0
0.415		1.04269		0
0.42		1.02976		0
0.425		1.01713		0
0.43		1.00481		0
0.435		0.992769		0
0.44		0.98101		0
0.445		0.96952		0
0.45		0.95829		0
0.455		0.947311		0
0.46		0.936574		0
0.465		0.926072		0
0.47		0.915797		0
0.475		0.905743		0
0.48		0.8959		0
0.485		0.886264		0
0.49		0.876828		0
0.495		0.867585		0
0.5		0.85853		0
0.505		0.849657		0
0.51		0.84096		0
0.515		0.832435		0
0.52		0.824076		0
0.525		0.815878		0
0.53		0.807837		0
0.535		0.799949		0
0.54		0.792208		0
0.545		0.784612		0
0.55		0.777155		0
0.555		0.769834		0
0.56		0.762646		0
0.565		0.755586		0
0.57		0.748652		0
0.575		0.74184		0
0.58		0.735147		0
0.585		0.728569		0
0.59		0.722104		0
0.595		0.71575		0
0.6		0.709502		0
0.605		0.703359		0
0.61		0.697317		0
0.615		0.691375		0
0.62		0.68553		0
0.625		0.679779		0
0.63		0.67412		0
0.635		0.668552		0
0.64		0.663071		0
0.645		0.657677		0
0.65		0.652366		0
0.655		0.647137		0
0.66		0.641988		0
0.665		0.636918		0
0.67		0.631924		0
0.675		0.627004		0
0.68		0.622158		0
0.685		0.617383		0
0.69		0.612678		0
0.695		0.608042		0
0.7		0.603472		0
0.705		0.598968		0
0.71		0.594528		0
0.715		0.590151		0
0.72		0.585835		0
0.725		0.581579		0
0.73		0.577383		0
0.735		0.573244		0
0.74		0.569161		0
0.745		0.565134		0
0.75		0.561161		0
0.755		0.557241		0
0.76		0.553374		0
0.765		0.549557		0
0.77		0.545791		0
0.775		0.542074		0
0.78		0.538405		0
0.785		0.534783		0
0.79		0.531208		0
0.795		0.527678		0
0.8		0.524193		0
0.805		0.520751		0
0.81		0.517353		0
0.815		0.513997		0
0.82		0.510682		0
0.825		0.507408		0
0.83		0.504173		0
0.835		0.500978		0
0.84		0.497822		0
0.845		0.494703		0
0.85		0.491622		0
0.855		0.488577		0
0.86		0.485568		0
0.865		0.482594		0
0.87		0.479655		0
0.875		0.47675		0
0.88		0.473878		0
0.885		0.471039		0
0.89		0.468233		0
0.895		0.465458		0
0.9		0.462715		0
0.905		0.460002		0
0.91		0.45732		0
0.915		0.454667		0
0.92		0.452044		0
0.925		0.44945		0
0.93		0.446883		0
0.935		0.444345		0
0.94		0.441834		0
0.945		0.43935		0
0.95		0.436893		0
0.955		0.434462		0
0.96		0.432057		0
0.965		0.429676		0
0.97		0.427321		0
0.975		0.424991		0
0.98		0.422684		0
0.985		0.420402		0
0.99		0.418143		0
0.995		0.415907		0
1		0.413694		0
1.005		0.411503		0
1.01		0.409334		0
1.015		0.407187		0
1.02		0.405062		0
1.025		0.402958		0
1.03		0.400874		0
1.035		0.398811		0
1.04		0.396768		0
1.045		0.394745		0
1.05		0.392742		0
1.055		0.390758		0
1.06		0.388794		0
1.065		0.386848		0
1.07		0.38492		0
1.075		0.383011		0
1.08		0.38112		0
1.085		0.379247		0
1.09		0.377392		0
1.095		0.375553		0
1.1		0.373732		0
1.105		0.371928		0
1.11		0.37014		0
1.115		0.368369		0
1.12		0.366613		0
1.125		0.364874		0
1.13		0.363151		0
1.135		0.361443		0
1.14		0.35975		0
1.145		0.358072		0
1.15		0.35641		0
1.155		0.354762		0
1.16		0.353129		0
1.165		0.35151		0
1.17		0.349905		0
1.175		0.348314		0
1.18		0.346737		0
1.185		0.345174		0
1.19		0.343624		0
1.195		0.342088		0
1.2		0.340564		0
1.205		0.339054		0
1.21		0.337556		0
1.215		0.336071		0
1.22		0.334598		0
1.225		0.333138		0
1.23		0.33169		0
1.235		0.330254		0
1.24		0.32883		0
1.245		0.327418		0
1.25		0.326017		0
1.255		0.324628		0
1.26		0.32325		0
1.265		0.321883		0
1.27		0.320528		0
1.275		0.319183		0
1.28		0.317849		0
1.285		0.316526		0
1.29		0.315213		0
1.295		0.313911		0
1.3		0.312619		0
1.305		0.311337		0
1.31		0.310066		0
1.315		0.308804		0
1.32		0.307552		0
1.325		0.30631		0
1.33		0.305077		0
1.335		0.303854		0
1.34		0.302641		0
1.345		0.301436		0
1.35		0.300241		0
1.355		0.299055		0
1.36		0.297878		0
1.365		0.29671		0
1.37		0.29555		0
1.375		0.2944		0
1.38		0.293257		0
1.385		0.292124		0
1.39		0.290999		0
1.395		0.289882		0
1.4		0.288773		0
1.405		0.287673		0
1.41		0.28658		0
1.415		0.285496		0
1.42		0.284419		0
1.425		0.28335		0
1.43		0.282289		0
1.435		0.281236		0
1.44		0.28019		0
1.445		0.279152		0
1.45		0.278121		0
1.455		0.277097		0
1.46		0.276081		0
1.465		0.275071		0
1.47		0.274069		0
1.475		0.273074		0
1.48		0.272086		0
1.485		0.271105		0
1.49		0.27013		0
1.495		0.269163		0
1.5		0.268201		0
1.505		0.267247		0
1.51		0.266299		0
1.515		0.265358		0
1.52		0.264423		0
1.525		0.263494		0
1.53		0.262572		0
1.535		0.261655		0
1.54		0.260745		0
1.545		0.259841		0
1.55		0.258944		0
1.555		0.258052		0
1.56		0.257166		0
1.565		0.256286		0
1.57		0.255411		0
1.575		0.254543		0
1.58		0.25368		0
1.585		0.252823		0
1.59		0.251971		0
1.595		0.251125		0
1.6		0.250284		0
1.605		0.249449		0
1.61		0.248619		0
1.615		0.247795		0
1.62		0.246976		0
1.625		0.246162		0
1.63		0.245353		0
1.635		0.244549		0
1.64		0.243751		0
1.645		0.242957		0
1.65		0.242169		0
1.655		0.241385		0
1.66		0.240606		0
1.665		0.239833		0
1.67		0.239064		0
1.675		0.238299		0
1.68		0.23754		0
1.685		0.236785		0
1.69		0.236035		0
1.695		0.235289		0
1.7		0.234548		0
1.705		0.233811		0
1.71		0.233079		0
1.715		0.232352		0
1.72		0.231628		0
1.725		0.23091		0
1.73		0.230195		0
1.735		0.229485		0
1.74		0.228779		0
1.745		0.228077		0
1.75		0.227379		0
1.755		0.226686		0
1.76		0.225996		0
1.765		0.225311		0
1.77		0.224629		0
1.775		0.223952		0
1.78		0.223279		0
1.785		0.222609		0
1.79		0.221944		0
1.795		0.221282		0
1.8		0.220624		0
1.805		0.21997		0
1.81		0.219319		0
1.815		0.218673		0
1.82		0.21803		0
1.825		0.217391		0
1.83		0.216755		0
1.835		0.216123		0
1.84		0.215494		0
1.845		0.214869		0
1.85		0.214248		0
1.855		0.21363		0
1.86		0.213016		0
1.865		0.212405		0
1.87		0.211797		0
1.875		0.211193		0
1.88		0.210592		0
1.885		0.209994		0
1.89		0.2094		0
1.895		0.208809		0
1.9		0.208221		0
1.905		0.207637		0
1.91		0.207055		0
1.915		0.206477		0
1.92		0.205902		0
1.925		0.20533		0
1.93		0.204761		0
1.935		0.204195		0
1.94		0.203632		0
1.945		0.203073		0
1.95		0.202516		0
1.955		0.201962		0
1.96		0.201411		0
1.965		0.200863		0
1.97		0.200318		0
1.975		0.199776		0
1.98		0.199237		0
1.985		0.1987		0
1.99		0.198167		0
1.995		0.197636		0
2		0.197108		0
2.005		0.196582		0
2.01		0.19606		0
2.015		0.19554		0
2.02		0.195022		0
2.025		0.194508		0
2.03		0.193996		0
2.035		0.193486		0
2.04		0.19298		0
2.045		0.192476		0
2.05		0.191974		0
2.055		0.191475		0
2.06		0.190978		0
2.065		0.190484		0
2.07		0.189993		0
2.075		0.189504		0
2.08		0.189017		0
2.085		0.188533		0
2.09		0.188051		0
2.095		0.187572		0
2.1		0.187095		0
2.105		0.18662		0
2.11		0.186148		0
2.115		0.185678		0
2.12		0.185211		0
2.125		0.184745		0
2.13		0.184282		0
2.135		0.183822		0
2.14		0.183363		0
2.145		0.182907		0
2.15		0.182453		0
2.155		0.182001		0
2.16		0.181551		0
2.165		0.181104		0
2.17		0.180658		0
2.175		0.180215		0
2.18		0.179774		0
2.185		0.179335		0
2.19		0.178898		0
2.195		0.178463		0
2.2		0.17803		0
2.205		0.1776		0
2.21		0.177171		0
2.215		0.176744		0
2.22		0.17632		0
2.225		0.175897		0
2.23		0.175476		0
2.235		0.175057		0
2.24		0.174641		0
2.245		0.174226		0
2.25		0.173813		0
2.255		0.173402		0
2.26		0.172993		0
2.265		0.172586		0
2.27		0.17218		0
2.275		0.171777		0
2.28		0.171375		0
2.285		0.170975		0
2.29		0.170577		0
2.295		0.170181		0
2.3		0.169787		0
2.305		0.169394		0
2.31		0.169003		0
2.315		0.168614		0
2.32		0.168227		0
2.325		0.167841		0
2.33		0.167458		0
2.335		0.167075		0
2.34		0.166695		0
2.345		0.166316		0
2.35		0.165939		0
2.355		0.165564		0
2.36		0.16519		0
2.365		0.164818		0
2.37		0.164448		0
2.375		0.164079		0
2.38		0.163712		0
2.385		0.163346		0
2.39		0.162982		0
2.395		0.16262		0
2.4		0.162259		0
2.405		0.1619		0
2.41		0.161542		0
2.415		0.161186		0
2.42		0.160832		0
2.425		0.160479		0
2.43		0.160127		0
2.435		0.159777		0
2.44		0.159428		0
2.445		0.159081		0
2.45		0.158736		0
2.455		0.158392		0
2.46		0.158049		0
2.465		0.157708		0
2.47		0.157368		0
2.475		0.15703		0
2.48		0.156693		0
2.485		0.156358		0
2.49		0.156023		0
2.495		0.155691		0
2.5		0.15536		0
2.505		0.15503		0
2.51		0.154701		0
2.515		0.154374		0
2.52		0.154048		0
2.525		0.153724		0
2.53		0.153401		0
2.535		0.153079		0
2.54		0.152758		0
2.545		0.152439		0
2.55		0.152121		0
2.555		0.151805		0
2.56		0.15149		0
2.565		0.151176		0
2.57		0.150863		0
2.575		0.150552		0
2.58		0.150241		0
2.585		0.149933		0
2.59		0.149625		0
2.595		0.149318		0
2.6		0.149013		0
2.605		0.148709		0
2.61		0.148407		0
2.615		0.148105		0
2.62		0.147805		0
2.625		0.147506		0
2.63		0.147208		0
2.635		0.146911		0
2.64		0.146615		0
2.645		0.146321		0
2.65		0.146028		0
2.655		0.145736		0
2.66		0.145445		0
2.665		0.145155		0
2.67		0.144866		0
2.675		0.144579		0
2.68		0.144292		0
2.685		0.144007		0
2.69		0.143723		0
2.695		0.143439		0
2.7		0.143157		0
2.705		0.142876		0
2.71		0.142597		0
2.715		0.142318		0
2.72		0.14204		0
2.725		0.141764		0
2.73		0.141488		0
2.735		0.141213		0
2.74		0.14094		0
2.745		0.140667		0
2.75		0.140396		0
2.755		0.140126		0
2.76		0.139856		0
2.765		0.139588		0
2.77		0.139321		0
2.775		0.139054		0
2.78		0.138789		0
2.785		0.138525		0
2.79		0.138261		0
2.795		0.137999		0
2.8		0.137738		0
2.805		0.137477		0
2.81		0.137218		0
2.815		0.136959		0
2.82		0.136702		0
2.825		0.136445		0
2.83		0.13619		0
2.835		0.135935		0
2.84		0.135681		0
2.845		0.135429		0
2.85		0.135177		0
2.855		0.134926		0
2.86		0.134676		0
2.865		0.134427		0
2.87		0.134178		0
2.875		0.133931		0
2.88		0.133685		0
2.885		0.133439		0
2.89		0.133194		0
2.895		0.132951		0
2.9		0.132708		0
2.905		0.132466		0
2.91		0.132225		0
2.915		0.131984		0
2.92		0.131745		0
2.925		0.131506		0
2.93		0.131269		0
2.935		0.131032		0
2.94		0.130796		0
2.945		0.130561		0
2.95		0.130326		0
2.955		0.130093		0
2.96		0.12986		0
2.965		0.129628		0
2.97		0.129397		0
2.975		0.129167		0
2.98		0.128937		0
2.985		0.128709		0
2.99		0.128481		0
2.995		0.128254		0
3		0.128028		0
