0.001		-nan(ind)
0.002		-nan(ind)
0.003		-nan(ind)
0.004		-nan(ind)
0.005		0.121536
0.006		0.103584
0.007		0.0915396
0.008		0.0831896
0.009		0.0771291
0.01		0.0725202
0.011		0.0688523
0.012		0.0658095
0.013		0.0631936
0.014		0.0608788
0.015		0.0587844
0.016		0.0568587
0.017		0.0550677
0.018		0.0533893
0.019		0.0518083
0.02		0.0503144
0.021		0.0488998
0.022		0.0475585
0.023		0.0462856
0.024		0.0450768
0.025		0.0439282
0.026		0.0428363
0.027		0.0417976
0.028		0.040809
0.029		0.0398675
0.03		0.0389701
0.031		0.038114
0.032		0.0372968
0.033		0.036516
0.034		0.0357694
0.035		0.0350546
0.036		0.0343699
0.037		0.0337133
0.038		0.033083
0.039		0.0324775
0.04		0.0318953
0.041		0.031335
0.042		0.0307952
0.043		0.0302749
0.044		0.0297728
0.045		0.029288
0.046		0.0288195
0.047		0.0283664
0.048		0.0279278
0.049		0.0275031
0.05		0.0270915
0.051		0.0266924
0.052		0.0263051
0.053		0.025929
0.054		0.0255636
0.055		0.0252085
0.056		0.0248631
0.057		0.024527
0.058		0.0241998
0.059		0.023881
0.06		0.0235705
0.061		0.0232677
0.062		0.0229724
0.063		0.0226843
0.064		0.0224031
0.065		0.0221285
0.066		0.0218603
0.067		0.0215982
0.068		0.0213421
0.069		0.0210916
0.07		0.0208466
0.071		0.020607
0.072		0.0203724
0.073		0.0201428
0.074		0.019918
0.075		0.0196978
0.076		0.019482
0.077		0.0192706
0.078		0.0190634
0.079		0.0188603
0.08		0.018661
0.081		0.0184656
0.082		0.018274
0.083		0.0180859
0.084		0.0179013
0.085		0.0177201
0.086		0.0175421
0.087		0.0173674
0.088		0.0171958
0.089		0.0170273
0.09		0.0168617
0.091		0.0166989
0.092		0.016539
0.093		0.0163818
0.094		0.0162272
0.095		0.0160752
0.096		0.0159258
0.097		0.0157787
0.098		0.0156341
0.099		0.0154919
0.1		0.0153519
0.101		0.0152141
0.102		0.0150785
0.103		0.014945
0.104		0.0148136
0.105		0.0146842
0.106		0.0145568
0.107		0.0144314
0.108		0.0143078
0.109		0.014186
0.11		0.0140661
0.111		0.0139479
0.112		0.0138315
0.113		0.0137167
0.114		0.0136037
0.115		0.0134922
0.116		0.0133823
0.117		0.0132739
0.118		0.0131671
0.119		0.0130618
0.12		0.0129579
0.121		0.0128555
0.122		0.0127544
0.123		0.0126547
0.124		0.0125564
0.125		0.0124594
0.126		0.0123637
0.127		0.0122692
0.128		0.012176
0.129		0.012084
0.13		0.0119932
0.131		0.0119036
0.132		0.0118151
0.133		0.0117277
0.134		0.0116415
0.135		0.0115563
0.136		0.0114722
0.137		0.0113892
0.138		0.0113072
0.139		0.0112262
0.14		0.0111462
0.141		0.0110671
0.142		0.010989
0.143		0.0109119
0.144		0.0108357
0.145		0.0107604
0.146		0.010686
0.147		0.0106124
0.148		0.0105398
0.149		0.0104679
0.15		0.010397
0.151		0.0103268
0.152		0.0102574
0.153		0.0101889
0.154		0.0101211
0.155		0.010054
0.156		0.00998777
0.157		0.00992224
0.158		0.00985745
0.159		0.00979337
0.16		0.00973001
0.161		0.00966733
0.162		0.00960535
0.163		0.00954404
0.164		0.00948339
0.165		0.0094234
0.166		0.00936405
0.167		0.00930533
0.168		0.00924724
0.169		0.00918977
0.17		0.0091329
0.171		0.00907663
0.172		0.00902094
0.173		0.00896584
0.174		0.0089113
0.175		0.00885733
0.176		0.00880391
0.177		0.00875104
0.178		0.0086987
0.179		0.0086469
0.18		0.00859562
0.181		0.00854485
0.182		0.00849459
0.183		0.00844483
0.184		0.00839557
0.185		0.00834679
0.186		0.0082985
0.187		0.00825067
0.188		0.00820332
0.189		0.00815642
0.19		0.00810998
0.191		0.00806399
0.192		0.00801843
0.193		0.00797332
0.194		0.00792863
0.195		0.00788437
0.196		0.00784053
0.197		0.0077971
0.198		0.00775408
0.199		0.00771146
0.2		0.00766924
0.201		0.00762741
0.202		0.00758596
0.203		0.0075449
0.204		0.00750422
0.205		0.00746391
0.206		0.00742396
0.207		0.00738438
0.208		0.00734516
0.209		0.00730629
0.21		0.00726777
0.211		0.00722959
0.212		0.00719175
0.213		0.00715425
0.214		0.00711709
0.215		0.00708025
0.216		0.00704373
0.217		0.00700754
0.218		0.00697166
0.219		0.00693609
0.22		0.00690084
0.221		0.00686588
0.222		0.00683123
0.223		0.00679688
0.224		0.00676282
0.225		0.00672905
0.226		0.00669557
0.227		0.00666237
0.228		0.00662945
0.229		0.00659681
0.23		0.00656444
0.231		0.00653235
0.232		0.00650052
0.233		0.00646896
0.234		0.00643765
0.235		0.00640661
0.236		0.00637582
0.237		0.00634529
0.238		0.006315
0.239		0.00628497
0.24		0.00625517
0.241		0.00622562
0.242		0.00619631
0.243		0.00616723
0.244		0.00613839
0.245		0.00610977
0.246		0.00608139
0.247		0.00605323
0.248		0.0060253
0.249		0.00599758
0.25		0.00597009
0.251		0.00594281
0.252		0.00591575
0.253		0.00588889
0.254		0.00586225
0.255		0.00583581
0.256		0.00580958
0.257		0.00578355
0.258		0.00575772
0.259		0.00573209
0.26		0.00570666
0.261		0.00568142
0.262		0.00565637
0.263		0.00563151
0.264		0.00560685
0.265		0.00558236
0.266		0.00555807
0.267		0.00553395
0.268		0.00551001
0.269		0.00548626
0.27		0.00546268
0.271		0.00543927
0.272		0.00541604
0.273		0.00539298
0.274		0.0053701
0.275		0.00534737
0.276		0.00532482
0.277		0.00530243
0.278		0.0052802
0.279		0.00525814
0.28		0.00523623
0.281		0.00521448
0.282		0.00519289
0.283		0.00517146
0.284		0.00515017
0.285		0.00512904
0.286		0.00510807
0.287		0.00508724
0.288		0.00506655
0.289		0.00504602
0.29		0.00502563
0.291		0.00500538
0.292		0.00498527
0.293		0.00496531
0.294		0.00494548
0.295		0.0049258
0.296		0.00490624
0.297		0.00488683
0.298		0.00486755
0.299		0.0048484
0.3		0.00482938
0.301		0.0048105
0.302		0.00479174
0.303		0.00477311
0.304		0.00475461
0.305		0.00473623
0.306		0.00471798
0.307		0.00469985
0.308		0.00468184
0.309		0.00466396
0.31		0.00464619
0.311		0.00462854
0.312		0.00461101
0.313		0.0045936
0.314		0.0045763
0.315		0.00455912
0.316		0.00454205
0.317		0.00452509
0.318		0.00450825
0.319		0.00449151
0.32		0.00447489
0.321		0.00445837
0.322		0.00444196
0.323		0.00442566
0.324		0.00440946
0.325		0.00439337
0.326		0.00437738
0.327		0.00436149
0.328		0.0043457
0.329		0.00433002
0.33		0.00431444
0.331		0.00429895
0.332		0.00428357
0.333		0.00426828
0.334		0.00425309
0.335		0.00423799
0.336		0.00422299
0.337		0.00420808
0.338		0.00419327
0.339		0.00417855
0.34		0.00416392
0.341		0.00414938
0.342		0.00413493
0.343		0.00412057
0.344		0.0041063
0.345		0.00409212
0.346		0.00407802
0.347		0.00406401
0.348		0.00405009
0.349		0.00403625
0.35		0.0040225
0.351		0.00400883
0.352		0.00399524
0.353		0.00398173
0.354		0.00396831
0.355		0.00395497
0.356		0.0039417
0.357		0.00392852
0.358		0.00391542
0.359		0.00390239
0.36		0.00388944
0.361		0.00387657
0.362		0.00386377
0.363		0.00385105
0.364		0.00383841
0.365		0.00382584
0.366		0.00381334
0.367		0.00380092
0.368		0.00378856
0.369		0.00377629
0.37		0.00376408
0.371		0.00375194
0.372		0.00373987
0.373		0.00372788
0.374		0.00371595
0.375		0.00370409
0.376		0.0036923
0.377		0.00368058
0.378		0.00366892
0.379		0.00365733
0.38		0.00364581
0.381		0.00363435
0.382		0.00362295
0.383		0.00361163
0.384		0.00360036
0.385		0.00358916
0.386		0.00357802
0.387		0.00356694
0.388		0.00355593
0.389		0.00354498
0.39		0.00353408
0.391		0.00352325
0.392		0.00351248
0.393		0.00350177
0.394		0.00349112
0.395		0.00348052
0.396		0.00346999
0.397		0.00345951
0.398		0.00344909
0.399		0.00343872
0.4		0.00342842
0.401		0.00341817
0.402		0.00340797
0.403		0.00339783
0.404		0.00338774
0.405		0.00337771
0.406		0.00336774
0.407		0.00335781
0.408		0.00334794
0.409		0.00333812
0.41		0.00332836
0.411		0.00331864
0.412		0.00330898
0.413		0.00329937
0.414		0.00328981
0.415		0.0032803
0.416		0.00327085
0.417		0.00326144
0.418		0.00325208
0.419		0.00324277
0.42		0.0032335
0.421		0.00322429
0.422		0.00321512
0.423		0.003206
0.424		0.00319693
0.425		0.00318791
0.426		0.00317893
0.427		0.00317
0.428		0.00316112
0.429		0.00315228
0.43		0.00314348
0.431		0.00313473
0.432		0.00312603
0.433		0.00311737
0.434		0.00310875
0.435		0.00310018
0.436		0.00309165
0.437		0.00308316
0.438		0.00307472
0.439		0.00306631
0.44		0.00305795
0.441		0.00304964
0.442		0.00304136
0.443		0.00303313
0.444		0.00302493
0.445		0.00301678
0.446		0.00300867
0.447		0.00300059
0.448		0.00299256
0.449		0.00298457
0.45		0.00297661
0.451		0.0029687
0.452		0.00296082
0.453		0.00295299
0.454		0.00294519
0.455		0.00293743
0.456		0.0029297
0.457		0.00292202
0.458		0.00291437
0.459		0.00290676
0.46		0.00289918
0.461		0.00289164
0.462		0.00288414
0.463		0.00287667
0.464		0.00286924
0.465		0.00286185
0.466		0.00285449
0.467		0.00284716
0.468		0.00283987
0.469		0.00283261
0.47		0.00282539
0.471		0.00281821
0.472		0.00281105
0.473		0.00280393
0.474		0.00279685
0.475		0.00278979
0.476		0.00278277
0.477		0.00277578
0.478		0.00276883
0.479		0.00276191
0.48		0.00275501
0.481		0.00274816
0.482		0.00274133
0.483		0.00273453
0.484		0.00272777
0.485		0.00272103
0.486		0.00271433
0.487		0.00270766
0.488		0.00270102
0.489		0.00269441
0.49		0.00268783
0.491		0.00268128
0.492		0.00267475
0.493		0.00266826
0.494		0.0026618
0.495		0.00265537
0.496		0.00264896
0.497		0.00264259
0.498		0.00263624
0.499		0.00262992
0.5		0.00262363
0.501		0.00261737
0.502		0.00261113
0.503		0.00260492
0.504		0.00259875
0.505		0.00259259
0.506		0.00258647
0.507		0.00258037
0.508		0.0025743
0.509		0.00256825
0.51		0.00256224
0.511		0.00255624
0.512		0.00255028
0.513		0.00254434
0.514		0.00253843
0.515		0.00253254
0.516		0.00252668
0.517		0.00252084
0.518		0.00251503
0.519		0.00250924
0.52		0.00250348
0.521		0.00249774
0.522		0.00249203
0.523		0.00248634
0.524		0.00248068
0.525		0.00247504
0.526		0.00246942
0.527		0.00246383
0.528		0.00245826
0.529		0.00245272
0.53		0.0024472
0.531		0.0024417
0.532		0.00243622
0.533		0.00243077
0.534		0.00242534
0.535		0.00241994
0.536		0.00241455
0.537		0.00240919
0.538		0.00240385
0.539		0.00239854
0.54		0.00239324
0.541		0.00238797
0.542		0.00238272
0.543		0.00237749
0.544		0.00237228
0.545		0.0023671
0.546		0.00236193
0.547		0.00235679
0.548		0.00235167
0.549		0.00234657
0.55		0.00234149
0.551		0.00233643
0.552		0.00233139
0.553		0.00232637
0.554		0.00232137
0.555		0.00231639
0.556		0.00231143
0.557		0.0023065
0.558		0.00230158
0.559		0.00229668
0.56		0.0022918
0.561		0.00228694
0.562		0.0022821
0.563		0.00227728
0.564		0.00227248
0.565		0.0022677
0.566		0.00226293
0.567		0.00225819
0.568		0.00225346
0.569		0.00224875
0.57		0.00224407
0.571		0.0022394
0.572		0.00223474
0.573		0.00223011
0.574		0.00222549
0.575		0.0022209
0.576		0.00221632
0.577		0.00221176
0.578		0.00220721
0.579		0.00220268
0.58		0.00219818
0.581		0.00219368
0.582		0.00218921
0.583		0.00218475
0.584		0.00218031
0.585		0.00217589
0.586		0.00217149
0.587		0.0021671
0.588		0.00216273
0.589		0.00215837
0.59		0.00215403
0.591		0.00214971
0.592		0.0021454
0.593		0.00214111
0.594		0.00213684
0.595		0.00213258
0.596		0.00212834
0.597		0.00212412
0.598		0.00211991
0.599		0.00211571
0.6		0.00211154
0.601		0.00210737
0.602		0.00210323
0.603		0.0020991
0.604		0.00209498
0.605		0.00209088
0.606		0.0020868
0.607		0.00208273
0.608		0.00207867
0.609		0.00207463
0.61		0.00207061
0.611		0.0020666
0.612		0.0020626
0.613		0.00205862
0.614		0.00205465
0.615		0.0020507
0.616		0.00204676
0.617		0.00204284
0.618		0.00203893
0.619		0.00203504
0.62		0.00203116
0.621		0.00202729
0.622		0.00202344
0.623		0.0020196
0.624		0.00201577
0.625		0.00201196
0.626		0.00200817
0.627		0.00200438
0.628		0.00200061
0.629		0.00199686
0.63		0.00199311
0.631		0.00198938
0.632		0.00198567
0.633		0.00198196
0.634		0.00197827
0.635		0.0019746
0.636		0.00197093
0.637		0.00196728
0.638		0.00196364
0.639		0.00196002
0.64		0.0019564
0.641		0.0019528
0.642		0.00194922
0.643		0.00194564
0.644		0.00194208
0.645		0.00193853
0.646		0.00193499
0.647		0.00193146
0.648		0.00192795
0.649		0.00192445
0.65		0.00192096
0.651		0.00191748
0.652		0.00191402
0.653		0.00191057
0.654		0.00190713
0.655		0.0019037
0.656		0.00190028
0.657		0.00189687
0.658		0.00189348
0.659		0.0018901
0.66		0.00188672
0.661		0.00188336
0.662		0.00188002
0.663		0.00187668
0.664		0.00187335
0.665		0.00187004
0.666		0.00186674
0.667		0.00186344
0.668		0.00186016
0.669		0.00185689
0.67		0.00185363
0.671		0.00185039
0.672		0.00184715
0.673		0.00184392
0.674		0.00184071
0.675		0.0018375
0.676		0.00183431
0.677		0.00183112
0.678		0.00182795
0.679		0.00182479
0.68		0.00182164
0.681		0.0018185
0.682		0.00181536
0.683		0.00181224
0.684		0.00180913
0.685		0.00180603
0.686		0.00180294
0.687		0.00179986
0.688		0.00179679
0.689		0.00179373
0.69		0.00179068
0.691		0.00178764
0.692		0.00178461
0.693		0.00178159
0.694		0.00177858
0.695		0.00177558
0.696		0.00177258
0.697		0.0017696
0.698		0.00176663
0.699		0.00176367
0.7		0.00176071
0.701		0.00175777
0.702		0.00175484
0.703		0.00175191
0.704		0.001749
0.705		0.00174609
0.706		0.00174319
0.707		0.0017403
0.708		0.00173743
0.709		0.00173456
0.71		0.0017317
0.711		0.00172884
0.712		0.001726
0.713		0.00172317
0.714		0.00172034
0.715		0.00171753
0.716		0.00171472
0.717		0.00171192
0.718		0.00170913
0.719		0.00170635
0.72		0.00170358
0.721		0.00170082
0.722		0.00169806
0.723		0.00169532
0.724		0.00169258
0.725		0.00168985
0.726		0.00168713
0.727		0.00168442
0.728		0.00168171
0.729		0.00167902
0.73		0.00167633
0.731		0.00167365
0.732		0.00167098
0.733		0.00166831
0.734		0.00166566
0.735		0.00166301
0.736		0.00166037
0.737		0.00165774
0.738		0.00165512
0.739		0.00165251
0.74		0.0016499
0.741		0.0016473
0.742		0.00164471
0.743		0.00164213
0.744		0.00163955
0.745		0.00163699
0.746		0.00163443
0.747		0.00163187
0.748		0.00162933
0.749		0.00162679
0.75		0.00162426
0.751		0.00162174
0.752		0.00161923
0.753		0.00161672
0.754		0.00161422
0.755		0.00161173
0.756		0.00160924
0.757		0.00160677
0.758		0.0016043
0.759		0.00160184
0.76		0.00159938
0.761		0.00159693
0.762		0.00159449
0.763		0.00159206
0.764		0.00158963
0.765		0.00158721
0.766		0.0015848
0.767		0.00158239
0.768		0.00158
0.769		0.00157761
0.77		0.00157522
0.771		0.00157284
0.772		0.00157047
0.773		0.00156811
0.774		0.00156575
0.775		0.0015634
0.776		0.00156106
0.777		0.00155872
0.778		0.00155639
0.779		0.00155407
0.78		0.00155175
0.781		0.00154944
0.782		0.00154714
0.783		0.00154485
0.784		0.00154256
0.785		0.00154027
0.786		0.001538
0.787		0.00153572
0.788		0.00153346
0.789		0.0015312
0.79		0.00152895
0.791		0.00152671
0.792		0.00152447
0.793		0.00152224
0.794		0.00152001
0.795		0.00151779
0.796		0.00151558
0.797		0.00151337
0.798		0.00151117
0.799		0.00150898
0.8		0.00150679
0.801		0.0015046
0.802		0.00150243
0.803		0.00150026
0.804		0.00149809
0.805		0.00149594
0.806		0.00149378
0.807		0.00149164
0.808		0.0014895
0.809		0.00148736
0.81		0.00148523
0.811		0.00148311
0.812		0.00148099
0.813		0.00147888
0.814		0.00147678
0.815		0.00147468
0.816		0.00147258
0.817		0.0014705
0.818		0.00146841
0.819		0.00146634
0.82		0.00146427
0.821		0.0014622
0.822		0.00146014
0.823		0.00145809
0.824		0.00145604
0.825		0.001454
0.826		0.00145196
0.827		0.00144993
0.828		0.0014479
0.829		0.00144588
0.83		0.00144386
0.831		0.00144185
0.832		0.00143985
0.833		0.00143785
0.834		0.00143586
0.835		0.00143387
0.836		0.00143188
0.837		0.00142991
0.838		0.00142793
0.839		0.00142597
0.84		0.001424
0.841		0.00142205
0.842		0.00142009
0.843		0.00141815
0.844		0.00141621
0.845		0.00141427
0.846		0.00141234
0.847		0.00141041
0.848		0.00140849
0.849		0.00140658
0.85		0.00140466
0.851		0.00140276
0.852		0.00140086
0.853		0.00139896
0.854		0.00139707
0.855		0.00139518
0.856		0.0013933
0.857		0.00139143
0.858		0.00138955
0.859		0.00138769
0.86		0.00138583
0.861		0.00138397
0.862		0.00138212
0.863		0.00138027
0.864		0.00137843
0.865		0.00137659
0.866		0.00137476
0.867		0.00137293
0.868		0.0013711
0.869		0.00136928
0.87		0.00136747
0.871		0.00136566
0.872		0.00136386
0.873		0.00136205
0.874		0.00136026
0.875		0.00135847
0.876		0.00135668
0.877		0.0013549
0.878		0.00135312
0.879		0.00135135
0.88		0.00134958
0.881		0.00134781
0.882		0.00134606
0.883		0.0013443
0.884		0.00134255
0.885		0.0013408
0.886		0.00133906
0.887		0.00133732
0.888		0.00133559
0.889		0.00133386
0.89		0.00133214
0.891		0.00133042
0.892		0.0013287
0.893		0.00132699
0.894		0.00132528
0.895		0.00132358
0.896		0.00132188
0.897		0.00132018
0.898		0.00131849
0.899		0.00131681
0.9		0.00131512
0.901		0.00131345
0.902		0.00131177
0.903		0.0013101
0.904		0.00130844
0.905		0.00130677
0.906		0.00130512
0.907		0.00130346
0.908		0.00130181
0.909		0.00130017
0.91		0.00129853
0.911		0.00129689
0.912		0.00129526
0.913		0.00129363
0.914		0.001292
0.915		0.00129038
0.916		0.00128876
0.917		0.00128715
0.918		0.00128554
0.919		0.00128393
0.92		0.00128233
0.921		0.00128073
0.922		0.00127914
0.923		0.00127755
0.924		0.00127596
0.925		0.00127438
0.926		0.0012728
0.927		0.00127123
0.928		0.00126966
0.929		0.00126809
0.93		0.00126652
0.931		0.00126496
0.932		0.00126341
0.933		0.00126185
0.934		0.00126031
0.935		0.00125876
0.936		0.00125722
0.937		0.00125568
0.938		0.00125415
0.939		0.00125262
0.94		0.00125109
0.941		0.00124957
0.942		0.00124805
0.943		0.00124653
0.944		0.00124502
0.945		0.00124351
0.946		0.001242
0.947		0.0012405
0.948		0.001239
0.949		0.00123751
0.95		0.00123602
0.951		0.00123453
0.952		0.00123304
0.953		0.00123156
0.954		0.00123008
0.955		0.00122861
0.956		0.00122714
0.957		0.00122567
0.958		0.00122421
0.959		0.00122275
0.96		0.00122129
0.961		0.00121984
0.962		0.00121839
0.963		0.00121694
0.964		0.00121549
0.965		0.00121405
0.966		0.00121262
0.967		0.00121118
0.968		0.00120975
0.969		0.00120833
0.97		0.0012069
0.971		0.00120548
0.972		0.00120406
0.973		0.00120265
0.974		0.00120124
0.975		0.00119983
0.976		0.00119842
0.977		0.00119702
0.978		0.00119563
0.979		0.00119423
0.98		0.00119284
0.981		0.00119145
0.982		0.00119006
0.983		0.00118868
0.984		0.0011873
0.985		0.00118593
0.986		0.00118455
0.987		0.00118318
0.988		0.00118181
0.989		0.00118045
0.99		0.00117909
0.991		0.00117773
0.992		0.00117638
0.993		0.00117503
0.994		0.00117368
0.995		0.00117233
0.996		0.00117099
0.997		0.00116965
0.998		0.00116831
0.999		0.00116698
1		0.00116565
1.001		0.00116432
1.002		0.00116299
1.003		0.00116167
1.004		0.00116035
1.005		0.00115904
1.006		0.00115772
1.007		0.00115641
1.008		0.0011551
1.009		0.0011538
1.01		0.0011525
1.011		0.0011512
1.012		0.0011499
1.013		0.00114861
1.014		0.00114732
1.015		0.00114603
1.016		0.00114475
1.017		0.00114346
1.018		0.00114218
1.019		0.00114091
1.02		0.00113963
1.021		0.00113836
1.022		0.00113709
1.023		0.00113583
1.024		0.00113457
1.025		0.00113331
1.026		0.00113205
1.027		0.00113079
1.028		0.00112954
1.029		0.00112829
1.03		0.00112705
1.031		0.0011258
1.032		0.00112456
1.033		0.00112332
1.034		0.00112209
1.035		0.00112085
1.036		0.00111962
1.037		0.0011184
1.038		0.00111717
1.039		0.00111595
1.04		0.00111473
1.041		0.00111351
1.042		0.00111229
1.043		0.00111108
1.044		0.00110987
1.045		0.00110867
1.046		0.00110746
1.047		0.00110626
1.048		0.00110506
1.049		0.00110386
1.05		0.00110267
1.051		0.00110148
1.052		0.00110029
1.053		0.0010991
1.054		0.00109791
1.055		0.00109673
1.056		0.00109555
1.057		0.00109438
1.058		0.0010932
1.059		0.00109203
1.06		0.00109086
1.061		0.00108969
1.062		0.00108853
1.063		0.00108736
1.064		0.0010862
1.065		0.00108505
1.066		0.00108389
1.067		0.00108274
1.068		0.00108159
1.069		0.00108044
1.07		0.00107929
1.071		0.00107815
1.072		0.00107701
1.073		0.00107587
1.074		0.00107473
1.075		0.0010736
1.076		0.00107247
1.077		0.00107134
1.078		0.00107021
1.079		0.00106909
1.08		0.00106797
1.081		0.00106685
1.082		0.00106573
1.083		0.00106461
1.084		0.0010635
1.085		0.00106239
1.086		0.00106128
1.087		0.00106017
1.088		0.00105907
1.089		0.00105797
1.09		0.00105687
1.091		0.00105577
1.092		0.00105467
1.093		0.00105358
1.094		0.00105249
1.095		0.0010514
1.096		0.00105031
1.097		0.00104923
1.098		0.00104815
1.099		0.00104707
1.1		0.00104599
1.101		0.00104491
1.102		0.00104384
1.103		0.00104277
1.104		0.0010417
1.105		0.00104063
1.106		0.00103957
1.107		0.00103851
1.108		0.00103744
1.109		0.00103639
1.11		0.00103533
1.111		0.00103427
1.112		0.00103322
1.113		0.00103217
1.114		0.00103112
1.115		0.00103008
1.116		0.00102903
1.117		0.00102799
1.118		0.00102695
1.119		0.00102591
1.12		0.00102488
1.121		0.00102385
1.122		0.00102281
1.123		0.00102178
1.124		0.00102076
1.125		0.00101973
1.126		0.00101871
1.127		0.00101769
1.128		0.00101667
1.129		0.00101565
1.13		0.00101463
1.131		0.00101362
1.132		0.00101261
1.133		0.0010116
1.134		0.00101059
1.135		0.00100958
1.136		0.00100858
1.137		0.00100758
1.138		0.00100658
1.139		0.00100558
1.14		0.00100458
1.141		0.00100359
1.142		0.0010026
1.143		0.00100161
1.144		0.00100062
1.145		0.000999632
1.146		0.000998647
1.147		0.000997664
1.148		0.000996683
1.149		0.000995704
1.15		0.000994727
1.151		0.000993752
1.152		0.000992778
1.153		0.000991807
1.154		0.000990837
1.155		0.000989869
1.156		0.000988903
1.157		0.000987939
1.158		0.000986977
1.159		0.000986016
1.16		0.000985058
1.161		0.000984101
1.162		0.000983146
1.163		0.000982193
1.164		0.000981241
1.165		0.000980292
1.166		0.000979344
1.167		0.000978398
1.168		0.000977454
1.169		0.000976511
1.17		0.00097557
1.171		0.000974631
1.172		0.000973694
1.173		0.000972759
1.174		0.000971825
1.175		0.000970893
1.176		0.000969963
1.177		0.000969035
1.178		0.000968108
1.179		0.000967183
1.18		0.00096626
1.181		0.000965338
1.182		0.000964418
1.183		0.0009635
1.184		0.000962584
1.185		0.000961669
1.186		0.000960756
1.187		0.000959845
1.188		0.000958935
1.189		0.000958027
1.19		0.000957121
1.191		0.000956217
1.192		0.000955314
1.193		0.000954412
1.194		0.000953513
1.195		0.000952615
1.196		0.000951719
1.197		0.000950824
1.198		0.000949931
1.199		0.00094904
1.2		0.00094815
1.201		0.000947262
1.202		0.000946375
1.203		0.000945491
1.204		0.000944607
1.205		0.000943726
1.206		0.000942846
1.207		0.000941967
1.208		0.000941091
1.209		0.000940215
1.21		0.000939342
1.211		0.00093847
1.212		0.000937599
1.213		0.00093673
1.214		0.000935863
1.215		0.000934997
1.216		0.000934133
1.217		0.000933271
1.218		0.000932409
1.219		0.00093155
1.22		0.000930692
1.221		0.000929836
1.222		0.000928981
1.223		0.000928127
1.224		0.000927276
1.225		0.000926425
1.226		0.000925577
1.227		0.000924729
1.228		0.000923884
1.229		0.000923039
1.23		0.000922197
1.231		0.000921356
1.232		0.000920516
1.233		0.000919678
1.234		0.000918841
1.235		0.000918006
1.236		0.000917172
1.237		0.00091634
1.238		0.000915509
1.239		0.00091468
1.24		0.000913852
1.241		0.000913025
1.242		0.0009122
1.243		0.000911377
1.244		0.000910555
1.245		0.000909734
1.246		0.000908915
1.247		0.000908098
1.248		0.000907281
1.249		0.000906467
1.25		0.000905653
1.251		0.000904841
1.252		0.000904031
1.253		0.000903222
1.254		0.000902414
1.255		0.000901608
1.256		0.000900803
1.257		0.000899999
1.258		0.000899197
1.259		0.000898397
1.26		0.000897597
1.261		0.0008968
1.262		0.000896003
1.263		0.000895208
1.264		0.000894414
1.265		0.000893622
1.266		0.000892831
1.267		0.000892041
1.268		0.000891253
1.269		0.000890466
1.27		0.000889681
1.271		0.000888897
1.272		0.000888114
1.273		0.000887332
1.274		0.000886552
1.275		0.000885773
1.276		0.000884996
1.277		0.00088422
1.278		0.000883445
1.279		0.000882672
1.28		0.0008819
1.281		0.000881129
1.282		0.000880359
1.283		0.000879591
1.284		0.000878824
1.285		0.000878059
1.286		0.000877295
1.287		0.000876532
1.288		0.00087577
1.289		0.00087501
1.29		0.000874251
1.291		0.000873493
1.292		0.000872736
1.293		0.000871981
1.294		0.000871227
1.295		0.000870475
1.296		0.000869723
1.297		0.000868973
1.298		0.000868224
1.299		0.000867477
1.3		0.00086673
1.301		0.000865985
1.302		0.000865242
1.303		0.000864499
1.304		0.000863758
1.305		0.000863018
1.306		0.000862279
1.307		0.000861541
1.308		0.000860805
1.309		0.00086007
1.31		0.000859336
1.311		0.000858603
1.312		0.000857872
1.313		0.000857142
1.314		0.000856413
1.315		0.000855685
1.316		0.000854958
1.317		0.000854233
1.318		0.000853509
1.319		0.000852786
1.32		0.000852064
1.321		0.000851344
1.322		0.000850624
1.323		0.000849906
1.324		0.000849189
1.325		0.000848473
1.326		0.000847759
1.327		0.000847045
1.328		0.000846333
1.329		0.000845622
1.33		0.000844912
1.331		0.000844203
1.332		0.000843496
1.333		0.000842789
1.334		0.000842084
1.335		0.00084138
1.336		0.000840677
1.337		0.000839975
1.338		0.000839274
1.339		0.000838575
1.34		0.000837877
1.341		0.000837179
1.342		0.000836483
1.343		0.000835788
1.344		0.000835094
1.345		0.000834402
1.346		0.00083371
1.347		0.00083302
1.348		0.00083233
1.349		0.000831642
1.35		0.000830955
1.351		0.000830269
1.352		0.000829584
1.353		0.0008289
1.354		0.000828218
1.355		0.000827536
1.356		0.000826856
1.357		0.000826176
1.358		0.000825498
1.359		0.000824821
1.36		0.000824145
1.361		0.00082347
1.362		0.000822796
1.363		0.000822123
1.364		0.000821451
1.365		0.000820781
1.366		0.000820111
1.367		0.000819442
1.368		0.000818775
1.369		0.000818109
1.37		0.000817443
1.371		0.000816779
1.372		0.000816116
1.373		0.000815454
1.374		0.000814792
1.375		0.000814132
1.376		0.000813473
1.377		0.000812815
1.378		0.000812158
1.379		0.000811503
1.38		0.000810848
1.381		0.000810194
1.382		0.000809541
1.383		0.000808889
1.384		0.000808239
1.385		0.000807589
1.386		0.00080694
1.387		0.000806293
1.388		0.000805646
1.389		0.000805
1.39		0.000804356
1.391		0.000803712
1.392		0.00080307
1.393		0.000802428
1.394		0.000801788
1.395		0.000801148
1.396		0.000800509
1.397		0.000799872
1.398		0.000799235
1.399		0.0007986
1.4		0.000797965
1.401		0.000797332
1.402		0.000796699
1.403		0.000796067
1.404		0.000795437
1.405		0.000794807
1.406		0.000794178
1.407		0.000793551
1.408		0.000792924
1.409		0.000792298
1.41		0.000791673
1.411		0.00079105
1.412		0.000790427
1.413		0.000789805
1.414		0.000789184
1.415		0.000788564
1.416		0.000787945
1.417		0.000787327
1.418		0.00078671
1.419		0.000786094
1.42		0.000785478
1.421		0.000784864
1.422		0.000784251
1.423		0.000783638
1.424		0.000783027
1.425		0.000782416
1.426		0.000781807
1.427		0.000781198
1.428		0.00078059
1.429		0.000779984
1.43		0.000779378
1.431		0.000778773
1.432		0.000778169
1.433		0.000777566
1.434		0.000776964
1.435		0.000776362
1.436		0.000775762
1.437		0.000775162
1.438		0.000774564
1.439		0.000773966
1.44		0.00077337
1.441		0.000772774
1.442		0.000772179
1.443		0.000771585
1.444		0.000770992
1.445		0.0007704
1.446		0.000769808
1.447		0.000769218
1.448		0.000768628
1.449		0.00076804
1.45		0.000767452
1.451		0.000766865
1.452		0.000766279
1.453		0.000765694
1.454		0.000765109
1.455		0.000764526
1.456		0.000763944
1.457		0.000763362
1.458		0.000762781
1.459		0.000762201
1.46		0.000761622
1.461		0.000761044
1.462		0.000760467
1.463		0.00075989
1.464		0.000759315
1.465		0.00075874
1.466		0.000758166
1.467		0.000757593
1.468		0.000757021
1.469		0.00075645
1.47		0.000755879
1.471		0.000755309
1.472		0.000754741
1.473		0.000754173
1.474		0.000753606
1.475		0.000753039
1.476		0.000752474
1.477		0.000751909
1.478		0.000751346
1.479		0.000750783
1.48		0.00075022
1.481		0.000749659
1.482		0.000749099
1.483		0.000748539
1.484		0.00074798
1.485		0.000747422
1.486		0.000746865
1.487		0.000746309
1.488		0.000745753
1.489		0.000745198
1.49		0.000744645
1.491		0.000744091
1.492		0.000743539
1.493		0.000742988
1.494		0.000742437
1.495		0.000741887
1.496		0.000741338
1.497		0.00074079
1.498		0.000740242
1.499		0.000739695
1.5		0.00073915
1.501		0.000738604
1.502		0.00073806
1.503		0.000737517
1.504		0.000736974
1.505		0.000736432
1.506		0.000735891
1.507		0.00073535
1.508		0.000734811
1.509		0.000734272
1.51		0.000733734
1.511		0.000733196
1.512		0.00073266
1.513		0.000732124
1.514		0.000731589
1.515		0.000731055
1.516		0.000730522
1.517		0.000729989
1.518		0.000729457
1.519		0.000728926
1.52		0.000728395
1.521		0.000727866
1.522		0.000727337
1.523		0.000726809
1.524		0.000726281
1.525		0.000725755
1.526		0.000725229
1.527		0.000724704
1.528		0.000724179
1.529		0.000723656
1.53		0.000723133
1.531		0.000722611
1.532		0.000722089
1.533		0.000721569
1.534		0.000721049
1.535		0.00072053
1.536		0.000720011
1.537		0.000719494
1.538		0.000718977
1.539		0.00071846
1.54		0.000717945
1.541		0.00071743
1.542		0.000716916
1.543		0.000716403
1.544		0.00071589
1.545		0.000715378
1.546		0.000714867
1.547		0.000714357
1.548		0.000713847
1.549		0.000713338
1.55		0.00071283
1.551		0.000712322
1.552		0.000711815
1.553		0.000711309
1.554		0.000710803
1.555		0.000710299
1.556		0.000709795
1.557		0.000709291
1.558		0.000708789
1.559		0.000708287
1.56		0.000707785
1.561		0.000707285
1.562		0.000706785
1.563		0.000706286
1.564		0.000705787
1.565		0.00070529
1.566		0.000704793
1.567		0.000704296
1.568		0.0007038
1.569		0.000703305
1.57		0.000702811
1.571		0.000702317
1.572		0.000701824
1.573		0.000701332
1.574		0.000700841
1.575		0.00070035
1.576		0.000699859
1.577		0.00069937
1.578		0.000698881
1.579		0.000698393
1.58		0.000697905
1.581		0.000697418
1.582		0.000696932
1.583		0.000696446
1.584		0.000695962
1.585		0.000695477
1.586		0.000694994
1.587		0.000694511
1.588		0.000694029
1.589		0.000693547
1.59		0.000693066
1.591		0.000692586
1.592		0.000692106
1.593		0.000691627
1.594		0.000691149
1.595		0.000690671
1.596		0.000690194
1.597		0.000689718
1.598		0.000689242
1.599		0.000688767
1.6		0.000688293
1.601		0.000687819
1.602		0.000687346
1.603		0.000686873
1.604		0.000686402
1.605		0.00068593
1.606		0.00068546
1.607		0.00068499
1.608		0.000684521
1.609		0.000684052
1.61		0.000683584
1.611		0.000683117
1.612		0.00068265
1.613		0.000682184
1.614		0.000681718
1.615		0.000681253
1.616		0.000680789
1.617		0.000680325
1.618		0.000679862
1.619		0.0006794
1.62		0.000678938
1.621		0.000678477
1.622		0.000678016
1.623		0.000677556
1.624		0.000677097
1.625		0.000676638
1.626		0.00067618
1.627		0.000675723
1.628		0.000675266
1.629		0.00067481
1.63		0.000674354
1.631		0.000673899
1.632		0.000673444
1.633		0.000672991
1.634		0.000672537
1.635		0.000672085
1.636		0.000671633
1.637		0.000671181
1.638		0.00067073
1.639		0.00067028
1.64		0.00066983
1.641		0.000669381
1.642		0.000668933
1.643		0.000668485
1.644		0.000668038
1.645		0.000667591
1.646		0.000667145
1.647		0.000666699
1.648		0.000666255
1.649		0.00066581
1.65		0.000665366
1.651		0.000664923
1.652		0.000664481
1.653		0.000664039
1.654		0.000663597
1.655		0.000663156
1.656		0.000662716
1.657		0.000662276
1.658		0.000661837
1.659		0.000661399
1.66		0.000660961
1.661		0.000660523
1.662		0.000660086
1.663		0.00065965
1.664		0.000659214
1.665		0.000658779
1.666		0.000658345
1.667		0.000657911
1.668		0.000657477
1.669		0.000657044
1.67		0.000656612
1.671		0.00065618
1.672		0.000655749
1.673		0.000655318
1.674		0.000654888
1.675		0.000654459
1.676		0.00065403
1.677		0.000653601
1.678		0.000653174
1.679		0.000652746
1.68		0.00065232
1.681		0.000651893
1.682		0.000651468
1.683		0.000651043
1.684		0.000650618
1.685		0.000650194
1.686		0.00064977
1.687		0.000649348
1.688		0.000648925
1.689		0.000648503
1.69		0.000648082
1.691		0.000647661
1.692		0.000647241
1.693		0.000646821
1.694		0.000646402
1.695		0.000645983
1.696		0.000645565
1.697		0.000645148
1.698		0.000644731
1.699		0.000644314
1.7		0.000643898
1.701		0.000643483
1.702		0.000643068
1.703		0.000642654
1.704		0.00064224
1.705		0.000641827
1.706		0.000641414
1.707		0.000641001
1.708		0.00064059
1.709		0.000640178
1.71		0.000639768
1.711		0.000639358
1.712		0.000638948
1.713		0.000638539
1.714		0.00063813
1.715		0.000637722
1.716		0.000637314
1.717		0.000636907
1.718		0.000636501
1.719		0.000636095
1.72		0.000635689
1.721		0.000635284
1.722		0.00063488
1.723		0.000634476
1.724		0.000634072
1.725		0.000633669
1.726		0.000633266
1.727		0.000632864
1.728		0.000632463
1.729		0.000632062
1.73		0.000631661
1.731		0.000631261
1.732		0.000630862
1.733		0.000630463
1.734		0.000630064
1.735		0.000629666
1.736		0.000629269
1.737		0.000628872
1.738		0.000628475
1.739		0.000628079
1.74		0.000627684
1.741		0.000627289
1.742		0.000626894
1.743		0.0006265
1.744		0.000626107
1.745		0.000625714
1.746		0.000625321
1.747		0.000624929
1.748		0.000624537
1.749		0.000624146
1.75		0.000623755
1.751		0.000623365
1.752		0.000622976
1.753		0.000622586
1.754		0.000622198
1.755		0.000621809
1.756		0.000621422
1.757		0.000621034
1.758		0.000620647
1.759		0.000620261
1.76		0.000619875
1.761		0.00061949
1.762		0.000619105
1.763		0.00061872
1.764		0.000618336
1.765		0.000617953
1.766		0.00061757
1.767		0.000617187
1.768		0.000616805
1.769		0.000616424
1.77		0.000616042
1.771		0.000615662
1.772		0.000615281
1.773		0.000614902
1.774		0.000614522
1.775		0.000614144
1.776		0.000613765
1.777		0.000613387
1.778		0.00061301
1.779		0.000612633
1.78		0.000612256
1.781		0.00061188
1.782		0.000611504
1.783		0.000611129
1.784		0.000610754
1.785		0.00061038
1.786		0.000610006
1.787		0.000609633
1.788		0.00060926
1.789		0.000608888
1.79		0.000608516
1.791		0.000608144
1.792		0.000607773
1.793		0.000607402
1.794		0.000607032
1.795		0.000606662
1.796		0.000606293
1.797		0.000605924
1.798		0.000605555
1.799		0.000605187
1.8		0.00060482
1.801		0.000604453
1.802		0.000604086
1.803		0.00060372
1.804		0.000603354
1.805		0.000602989
1.806		0.000602624
1.807		0.000602259
1.808		0.000601895
1.809		0.000601531
1.81		0.000601168
1.811		0.000600805
1.812		0.000600443
1.813		0.000600081
1.814		0.00059972
1.815		0.000599359
1.816		0.000598998
1.817		0.000598638
1.818		0.000598278
1.819		0.000597919
1.82		0.00059756
1.821		0.000597201
1.822		0.000596843
1.823		0.000596486
1.824		0.000596128
1.825		0.000595772
1.826		0.000595415
1.827		0.000595059
1.828		0.000594704
1.829		0.000594349
1.83		0.000593994
1.831		0.00059364
1.832		0.000593286
1.833		0.000592933
1.834		0.00059258
1.835		0.000592227
1.836		0.000591875
1.837		0.000591523
1.838		0.000591172
1.839		0.000590821
1.84		0.00059047
1.841		0.00059012
1.842		0.00058977
1.843		0.000589421
1.844		0.000589072
1.845		0.000588724
1.846		0.000588376
1.847		0.000588028
1.848		0.000587681
1.849		0.000587334
1.85		0.000586987
1.851		0.000586641
1.852		0.000586296
1.853		0.00058595
1.854		0.000585605
1.855		0.000585261
1.856		0.000584917
1.857		0.000584573
1.858		0.00058423
1.859		0.000583887
1.86		0.000583545
1.861		0.000583203
1.862		0.000582861
1.863		0.00058252
1.864		0.000582179
1.865		0.000581838
1.866		0.000581498
1.867		0.000581159
1.868		0.000580819
1.869		0.00058048
1.87		0.000580142
1.871		0.000579804
1.872		0.000579466
1.873		0.000579129
1.874		0.000578792
1.875		0.000578455
1.876		0.000578119
1.877		0.000577783
1.878		0.000577448
1.879		0.000577113
1.88		0.000576778
1.881		0.000576444
1.882		0.00057611
1.883		0.000575777
1.884		0.000575443
1.885		0.000575111
1.886		0.000574778
1.887		0.000574446
1.888		0.000574115
1.889		0.000573784
1.89		0.000573453
1.891		0.000573122
1.892		0.000572792
1.893		0.000572462
1.894		0.000572133
1.895		0.000571804
1.896		0.000571476
1.897		0.000571147
1.898		0.00057082
1.899		0.000570492
1.9		0.000570165
1.901		0.000569838
1.902		0.000569512
1.903		0.000569186
1.904		0.00056886
1.905		0.000568535
1.906		0.00056821
1.907		0.000567886
1.908		0.000567562
1.909		0.000567238
1.91		0.000566914
1.911		0.000566591
1.912		0.000566269
1.913		0.000565946
1.914		0.000565624
1.915		0.000565303
1.916		0.000564981
1.917		0.000564661
1.918		0.00056434
1.919		0.00056402
1.92		0.0005637
1.921		0.000563381
1.922		0.000563062
1.923		0.000562743
1.924		0.000562425
1.925		0.000562106
1.926		0.000561789
1.927		0.000561472
1.928		0.000561155
1.929		0.000560838
1.93		0.000560522
1.931		0.000560206
1.932		0.00055989
1.933		0.000559575
1.934		0.00055926
1.935		0.000558946
1.936		0.000558632
1.937		0.000558318
1.938		0.000558005
1.939		0.000557691
1.94		0.000557379
1.941		0.000557066
1.942		0.000556754
1.943		0.000556443
1.944		0.000556131
1.945		0.00055582
1.946		0.00055551
1.947		0.000555199
1.948		0.000554889
1.949		0.00055458
1.95		0.00055427
1.951		0.000553961
1.952		0.000553653
1.953		0.000553344
1.954		0.000553037
1.955		0.000552729
1.956		0.000552422
1.957		0.000552115
1.958		0.000551808
1.959		0.000551502
1.96		0.000551196
1.961		0.00055089
1.962		0.000550585
1.963		0.00055028
1.964		0.000549976
1.965		0.000549672
1.966		0.000549368
1.967		0.000549064
1.968		0.000548761
1.969		0.000548458
1.97		0.000548155
1.971		0.000547853
1.972		0.000547551
1.973		0.00054725
1.974		0.000546948
1.975		0.000546647
1.976		0.000546347
1.977		0.000546047
1.978		0.000545747
1.979		0.000545447
1.98		0.000545148
1.981		0.000544849
1.982		0.00054455
1.983		0.000544252
1.984		0.000543954
1.985		0.000543656
1.986		0.000543359
1.987		0.000543062
1.988		0.000542765
1.989		0.000542469
1.99		0.000542172
1.991		0.000541877
1.992		0.000541581
1.993		0.000541286
1.994		0.000540991
1.995		0.000540697
1.996		0.000540403
1.997		0.000540109
1.998		0.000539815
1.999		0.000539522
2		0.000539229
2.001		0.000538937
2.002		0.000538644
2.003		0.000538352
2.004		0.000538061
2.005		0.00053777
2.006		0.000537479
2.007		0.000537188
2.008		0.000536897
2.009		0.000536607
2.01		0.000536318
2.011		0.000536028
2.012		0.000535739
2.013		0.00053545
2.014		0.000535162
2.015		0.000534873
2.016		0.000534585
2.017		0.000534298
2.018		0.000534011
2.019		0.000533724
2.02		0.000533437
2.021		0.00053315
2.022		0.000532864
2.023		0.000532579
2.024		0.000532293
2.025		0.000532008
2.026		0.000531723
2.027		0.000531438
2.028		0.000531154
2.029		0.00053087
2.03		0.000530587
2.031		0.000530303
2.032		0.00053002
2.033		0.000529737
2.034		0.000529455
2.035		0.000529173
2.036		0.000528891
2.037		0.000528609
2.038		0.000528328
2.039		0.000528047
2.04		0.000527766
2.041		0.000527486
2.042		0.000527206
2.043		0.000526926
2.044		0.000526646
2.045		0.000526367
2.046		0.000526088
2.047		0.00052581
2.048		0.000525531
2.049		0.000525253
2.05		0.000524976
2.051		0.000524698
2.052		0.000524421
2.053		0.000524144
2.054		0.000523867
2.055		0.000523591
2.056		0.000523315
2.057		0.000523039
2.058		0.000522764
2.059		0.000522489
2.06		0.000522214
2.061		0.000521939
2.062		0.000521665
2.063		0.000521391
2.064		0.000521117
2.065		0.000520844
2.066		0.000520571
2.067		0.000520298
2.068		0.000520025
2.069		0.000519753
2.07		0.000519481
2.071		0.000519209
2.072		0.000518938
2.073		0.000518667
2.074		0.000518396
2.075		0.000518125
2.076		0.000517855
2.077		0.000517585
2.078		0.000517315
2.079		0.000517045
2.08		0.000516776
2.081		0.000516507
2.082		0.000516238
2.083		0.00051597
2.084		0.000515702
2.085		0.000515434
2.086		0.000515167
2.087		0.000514899
2.088		0.000514632
2.089		0.000514366
2.09		0.000514099
2.091		0.000513833
2.092		0.000513567
2.093		0.000513301
2.094		0.000513036
2.095		0.000512771
2.096		0.000512506
2.097		0.000512241
2.098		0.000511977
2.099		0.000511713
2.1		0.000511449
2.101		0.000511186
2.102		0.000510923
2.103		0.00051066
2.104		0.000510397
2.105		0.000510135
2.106		0.000509872
2.107		0.000509611
2.108		0.000509349
2.109		0.000509088
2.11		0.000508827
2.111		0.000508566
2.112		0.000508305
2.113		0.000508045
2.114		0.000507785
2.115		0.000507525
2.116		0.000507266
2.117		0.000507006
2.118		0.000506747
2.119		0.000506489
2.12		0.00050623
2.121		0.000505972
2.122		0.000505714
2.123		0.000505457
2.124		0.000505199
2.125		0.000504942
2.126		0.000504685
2.127		0.000504429
2.128		0.000504172
2.129		0.000503916
2.13		0.00050366
2.131		0.000503405
2.132		0.000503149
2.133		0.000502894
2.134		0.000502639
2.135		0.000502385
2.136		0.000502131
2.137		0.000501877
2.138		0.000501623
2.139		0.000501369
2.14		0.000501116
2.141		0.000500863
2.142		0.00050061
2.143		0.000500358
2.144		0.000500105
2.145		0.000499853
2.146		0.000499601
2.147		0.00049935
2.148		0.000499099
2.149		0.000498848
2.15		0.000498597
2.151		0.000498346
2.152		0.000498096
2.153		0.000497846
2.154		0.000497596
2.155		0.000497347
2.156		0.000497097
2.157		0.000496848
2.158		0.0004966
2.159		0.000496351
2.16		0.000496103
2.161		0.000495855
2.162		0.000495607
2.163		0.000495359
2.164		0.000495112
2.165		0.000494865
2.166		0.000494618
2.167		0.000494372
2.168		0.000494125
2.169		0.000493879
2.17		0.000493633
2.171		0.000493388
2.172		0.000493142
2.173		0.000492897
2.174		0.000492652
2.175		0.000492408
2.176		0.000492163
2.177		0.000491919
2.178		0.000491675
2.179		0.000491432
2.18		0.000491188
2.181		0.000490945
2.182		0.000490702
2.183		0.000490459
2.184		0.000490217
2.185		0.000489975
2.186		0.000489733
2.187		0.000489491
2.188		0.000489249
2.189		0.000489008
2.19		0.000488767
2.191		0.000488526
2.192		0.000488286
2.193		0.000488045
2.194		0.000487805
2.195		0.000487565
2.196		0.000487326
2.197		0.000487086
2.198		0.000486847
2.199		0.000486608
2.2		0.000486369
2.201		0.000486131
2.202		0.000485893
2.203		0.000485655
2.204		0.000485417
2.205		0.000485179
2.206		0.000484942
2.207		0.000484705
2.208		0.000484468
2.209		0.000484231
2.21		0.000483995
2.211		0.000483759
2.212		0.000483523
2.213		0.000483287
2.214		0.000483052
2.215		0.000482816
2.216		0.000482581
2.217		0.000482346
2.218		0.000482112
2.219		0.000481877
2.22		0.000481643
2.221		0.000481409
2.222		0.000481176
2.223		0.000480942
2.224		0.000480709
2.225		0.000480476
2.226		0.000480243
2.227		0.000480011
2.228		0.000479778
2.229		0.000479546
2.23		0.000479314
2.231		0.000479083
2.232		0.000478851
2.233		0.00047862
2.234		0.000478389
2.235		0.000478158
2.236		0.000477928
2.237		0.000477697
2.238		0.000477467
2.239		0.000477237
2.24		0.000477007
2.241		0.000476778
2.242		0.000476549
2.243		0.00047632
2.244		0.000476091
2.245		0.000475862
2.246		0.000475634
2.247		0.000475406
2.248		0.000475178
2.249		0.00047495
2.25		0.000474723
2.251		0.000474495
2.252		0.000474268
2.253		0.000474041
2.254		0.000473815
2.255		0.000473588
2.256		0.000473362
2.257		0.000473136
2.258		0.00047291
2.259		0.000472685
2.26		0.000472459
2.261		0.000472234
2.262		0.000472009
2.263		0.000471785
2.264		0.00047156
2.265		0.000471336
2.266		0.000471112
2.267		0.000470888
2.268		0.000470664
2.269		0.000470441
2.27		0.000470217
2.271		0.000469994
2.272		0.000469772
2.273		0.000469549
2.274		0.000469327
2.275		0.000469104
2.276		0.000468882
2.277		0.000468661
2.278		0.000468439
2.279		0.000468218
2.28		0.000467997
2.281		0.000467776
2.282		0.000467555
2.283		0.000467334
2.284		0.000467114
2.285		0.000466894
2.286		0.000466674
2.287		0.000466454
2.288		0.000466235
2.289		0.000466015
2.29		0.000465796
2.291		0.000465577
2.292		0.000465359
2.293		0.00046514
2.294		0.000464922
2.295		0.000464704
2.296		0.000464486
2.297		0.000464268
2.298		0.000464051
2.299		0.000463834
2.3		0.000463617
2.301		0.0004634
2.302		0.000463183
2.303		0.000462967
2.304		0.00046275
2.305		0.000462534
2.306		0.000462318
2.307		0.000462103
2.308		0.000461887
2.309		0.000461672
2.31		0.000461457
2.311		0.000461242
2.312		0.000461028
2.313		0.000460813
2.314		0.000460599
2.315		0.000460385
2.316		0.000460171
2.317		0.000459957
2.318		0.000459744
2.319		0.00045953
2.32		0.000459317
2.321		0.000459104
2.322		0.000458892
2.323		0.000458679
2.324		0.000458467
2.325		0.000458255
2.326		0.000458043
2.327		0.000457831
2.328		0.00045762
2.329		0.000457408
2.33		0.000457197
2.331		0.000456986
2.332		0.000456776
2.333		0.000456565
2.334		0.000456355
2.335		0.000456144
2.336		0.000455934
2.337		0.000455725
2.338		0.000455515
2.339		0.000455306
2.34		0.000455096
2.341		0.000454887
2.342		0.000454679
2.343		0.00045447
2.344		0.000454261
2.345		0.000454053
2.346		0.000453845
2.347		0.000453637
2.348		0.00045343
2.349		0.000453222
2.35		0.000453015
2.351		0.000452808
2.352		0.000452601
2.353		0.000452394
2.354		0.000452187
2.355		0.000451981
2.356		0.000451775
2.357		0.000451569
2.358		0.000451363
2.359		0.000451157
2.36		0.000450952
2.361		0.000450747
2.362		0.000450542
2.363		0.000450337
2.364		0.000450132
2.365		0.000449927
2.366		0.000449723
2.367		0.000449519
2.368		0.000449315
2.369		0.000449111
2.37		0.000448908
2.371		0.000448704
2.372		0.000448501
2.373		0.000448298
2.374		0.000448095
2.375		0.000447892
2.376		0.00044769
2.377		0.000447488
2.378		0.000447285
2.379		0.000447083
2.38		0.000446882
2.381		0.00044668
2.382		0.000446479
2.383		0.000446277
2.384		0.000446076
2.385		0.000445875
2.386		0.000445675
2.387		0.000445474
2.388		0.000445274
2.389		0.000445074
2.39		0.000444874
2.391		0.000444674
2.392		0.000444474
2.393		0.000444275
2.394		0.000444076
2.395		0.000443877
2.396		0.000443678
2.397		0.000443479
2.398		0.00044328
2.399		0.000443082
2.4		0.000442884
2.401		0.000442686
2.402		0.000442488
2.403		0.00044229
2.404		0.000442093
2.405		0.000441895
2.406		0.000441698
2.407		0.000441501
2.408		0.000441304
2.409		0.000441108
2.41		0.000440911
2.411		0.000440715
2.412		0.000440519
2.413		0.000440323
2.414		0.000440127
2.415		0.000439932
2.416		0.000439736
2.417		0.000439541
2.418		0.000439346
2.419		0.000439151
2.42		0.000438956
2.421		0.000438762
2.422		0.000438567
2.423		0.000438373
2.424		0.000438179
2.425		0.000437985
2.426		0.000437791
2.427		0.000437598
2.428		0.000437405
2.429		0.000437211
2.43		0.000437018
2.431		0.000436825
2.432		0.000436633
2.433		0.00043644
2.434		0.000436248
2.435		0.000436056
2.436		0.000435864
2.437		0.000435672
2.438		0.00043548
2.439		0.000435289
2.44		0.000435097
2.441		0.000434906
2.442		0.000434715
2.443		0.000434524
2.444		0.000434334
2.445		0.000434143
2.446		0.000433953
2.447		0.000433763
2.448		0.000433573
2.449		0.000433383
2.45		0.000433193
2.451		0.000433004
2.452		0.000432814
2.453		0.000432625
2.454		0.000432436
2.455		0.000432247
2.456		0.000432058
2.457		0.00043187
2.458		0.000431681
2.459		0.000431493
2.46		0.000431305
2.461		0.000431117
2.462		0.00043093
2.463		0.000430742
2.464		0.000430555
2.465		0.000430367
2.466		0.00043018
2.467		0.000429993
2.468		0.000429807
2.469		0.00042962
2.47		0.000429434
2.471		0.000429247
2.472		0.000429061
2.473		0.000428875
2.474		0.00042869
2.475		0.000428504
2.476		0.000428319
2.477		0.000428133
2.478		0.000427948
2.479		0.000427763
2.48		0.000427578
2.481		0.000427394
2.482		0.000427209
2.483		0.000427025
2.484		0.000426841
2.485		0.000426657
2.486		0.000426473
2.487		0.000426289
2.488		0.000426105
2.489		0.000425922
2.49		0.000425739
2.491		0.000425556
2.492		0.000425373
2.493		0.00042519
2.494		0.000425007
2.495		0.000424825
2.496		0.000424642
2.497		0.00042446
2.498		0.000424278
2.499		0.000424096
2.5		0.000423915
2.501		0.000423733
2.502		0.000423552
2.503		0.000423371
2.504		0.00042319
2.505		0.000423009
2.506		0.000422828
2.507		0.000422647
2.508		0.000422467
2.509		0.000422286
2.51		0.000422106
2.511		0.000421926
2.512		0.000421746
2.513		0.000421567
2.514		0.000421387
2.515		0.000421208
2.516		0.000421029
2.517		0.000420849
2.518		0.000420671
2.519		0.000420492
2.52		0.000420313
2.521		0.000420135
2.522		0.000419956
2.523		0.000419778
2.524		0.0004196
2.525		0.000419422
2.526		0.000419244
2.527		0.000419067
2.528		0.000418889
2.529		0.000418712
2.53		0.000418535
2.531		0.000418358
2.532		0.000418181
2.533		0.000418005
2.534		0.000417828
2.535		0.000417652
2.536		0.000417475
2.537		0.000417299
2.538		0.000417123
2.539		0.000416947
2.54		0.000416772
2.541		0.000416596
2.542		0.000416421
2.543		0.000416246
2.544		0.000416071
2.545		0.000415896
2.546		0.000415721
2.547		0.000415546
2.548		0.000415372
2.549		0.000415198
2.55		0.000415023
2.551		0.000414849
2.552		0.000414675
2.553		0.000414502
2.554		0.000414328
2.555		0.000414155
2.556		0.000413981
2.557		0.000413808
2.558		0.000413635
2.559		0.000413462
2.56		0.000413289
2.561		0.000413117
2.562		0.000412944
2.563		0.000412772
2.564		0.0004126
2.565		0.000412428
2.566		0.000412256
2.567		0.000412084
2.568		0.000411912
2.569		0.000411741
2.57		0.00041157
2.571		0.000411399
2.572		0.000411227
2.573		0.000411057
2.574		0.000410886
2.575		0.000410715
2.576		0.000410545
2.577		0.000410374
2.578		0.000410204
2.579		0.000410034
2.58		0.000409864
2.581		0.000409694
2.582		0.000409525
2.583		0.000409355
2.584		0.000409186
2.585		0.000409017
2.586		0.000408848
2.587		0.000408679
2.588		0.00040851
2.589		0.000408341
2.59		0.000408173
2.591		0.000408004
2.592		0.000407836
2.593		0.000407668
2.594		0.0004075
2.595		0.000407332
2.596		0.000407165
2.597		0.000406997
2.598		0.00040683
2.599		0.000406662
2.6		0.000406495
2.601		0.000406328
2.602		0.000406161
2.603		0.000405994
2.604		0.000405828
2.605		0.000405661
2.606		0.000405495
2.607		0.000405329
2.608		0.000405163
2.609		0.000404997
2.61		0.000404831
2.611		0.000404665
2.612		0.0004045
2.613		0.000404335
2.614		0.000404169
2.615		0.000404004
2.616		0.000403839
2.617		0.000403674
2.618		0.00040351
2.619		0.000403345
2.62		0.000403181
2.621		0.000403016
2.622		0.000402852
2.623		0.000402688
2.624		0.000402524
2.625		0.00040236
2.626		0.000402197
2.627		0.000402033
2.628		0.00040187
2.629		0.000401707
2.63		0.000401543
2.631		0.00040138
2.632		0.000401218
2.633		0.000401055
2.634		0.000400892
2.635		0.00040073
2.636		0.000400567
2.637		0.000400405
2.638		0.000400243
2.639		0.000400081
2.64		0.000399919
2.641		0.000399758
2.642		0.000399596
2.643		0.000399435
2.644		0.000399274
2.645		0.000399112
2.646		0.000398951
2.647		0.00039879
2.648		0.00039863
2.649		0.000398469
2.65		0.000398308
2.651		0.000398148
2.652		0.000397988
2.653		0.000397828
2.654		0.000397668
2.655		0.000397508
2.656		0.000397348
2.657		0.000397188
2.658		0.000397029
2.659		0.00039687
2.66		0.00039671
2.661		0.000396551
2.662		0.000396392
2.663		0.000396233
2.664		0.000396075
2.665		0.000395916
2.666		0.000395758
2.667		0.000395599
2.668		0.000395441
2.669		0.000395283
2.67		0.000395125
2.671		0.000394967
2.672		0.000394809
2.673		0.000394652
2.674		0.000394494
2.675		0.000394337
2.676		0.00039418
2.677		0.000394023
2.678		0.000393866
2.679		0.000393709
2.68		0.000393552
2.681		0.000393395
2.682		0.000393239
2.683		0.000393083
2.684		0.000392926
2.685		0.00039277
2.686		0.000392614
2.687		0.000392458
2.688		0.000392303
2.689		0.000392147
2.69		0.000391992
2.691		0.000391836
2.692		0.000391681
2.693		0.000391526
2.694		0.000391371
2.695		0.000391216
2.696		0.000391061
2.697		0.000390907
2.698		0.000390752
2.699		0.000390598
2.7		0.000390443
2.701		0.000390289
2.702		0.000390135
2.703		0.000389981
2.704		0.000389827
2.705		0.000389674
2.706		0.00038952
2.707		0.000389367
2.708		0.000389214
2.709		0.00038906
2.71		0.000388907
2.711		0.000388754
2.712		0.000388602
2.713		0.000388449
2.714		0.000388296
2.715		0.000388144
2.716		0.000387991
2.717		0.000387839
2.718		0.000387687
2.719		0.000387535
2.72		0.000387383
2.721		0.000387231
2.722		0.00038708
2.723		0.000386928
2.724		0.000386777
2.725		0.000386626
2.726		0.000386474
2.727		0.000386323
2.728		0.000386172
2.729		0.000386022
2.73		0.000385871
2.731		0.00038572
2.732		0.00038557
2.733		0.00038542
2.734		0.000385269
2.735		0.000385119
2.736		0.000384969
2.737		0.000384819
2.738		0.00038467
2.739		0.00038452
2.74		0.00038437
2.741		0.000384221
2.742		0.000384072
2.743		0.000383922
2.744		0.000383773
2.745		0.000383624
2.746		0.000383476
2.747		0.000383327
2.748		0.000383178
2.749		0.00038303
2.75		0.000382881
2.751		0.000382733
2.752		0.000382585
2.753		0.000382437
2.754		0.000382289
2.755		0.000382141
2.756		0.000381993
2.757		0.000381846
2.758		0.000381698
2.759		0.000381551
2.76		0.000381404
2.761		0.000381257
2.762		0.00038111
2.763		0.000380963
2.764		0.000380816
2.765		0.000380669
2.766		0.000380523
2.767		0.000380376
2.768		0.00038023
2.769		0.000380084
2.77		0.000379938
2.771		0.000379792
2.772		0.000379646
2.773		0.0003795
2.774		0.000379354
2.775		0.000379209
2.776		0.000379063
2.777		0.000378918
2.778		0.000378773
2.779		0.000378627
2.78		0.000378482
2.781		0.000378338
2.782		0.000378193
2.783		0.000378048
2.784		0.000377904
2.785		0.000377759
2.786		0.000377615
2.787		0.00037747
2.788		0.000377326
2.789		0.000377182
2.79		0.000377038
2.791		0.000376895
2.792		0.000376751
2.793		0.000376607
2.794		0.000376464
2.795		0.000376321
2.796		0.000376177
2.797		0.000376034
2.798		0.000375891
2.799		0.000375748
2.8		0.000375605
2.801		0.000375463
2.802		0.00037532
2.803		0.000375178
2.804		0.000375035
2.805		0.000374893
2.806		0.000374751
2.807		0.000374609
2.808		0.000374467
2.809		0.000374325
2.81		0.000374183
2.811		0.000374041
2.812		0.0003739
2.813		0.000373758
2.814		0.000373617
2.815		0.000373476
2.816		0.000373335
2.817		0.000373194
2.818		0.000373053
2.819		0.000372912
2.82		0.000372771
2.821		0.000372631
2.822		0.00037249
2.823		0.00037235
2.824		0.00037221
2.825		0.00037207
2.826		0.00037193
2.827		0.00037179
2.828		0.00037165
2.829		0.00037151
2.83		0.00037137
2.831		0.000371231
2.832		0.000371091
2.833		0.000370952
2.834		0.000370813
2.835		0.000370674
2.836		0.000370535
2.837		0.000370396
2.838		0.000370257
2.839		0.000370118
2.84		0.00036998
2.841		0.000369841
2.842		0.000369703
2.843		0.000369565
2.844		0.000369426
2.845		0.000369288
2.846		0.00036915
2.847		0.000369012
2.848		0.000368875
2.849		0.000368737
2.85		0.000368599
2.851		0.000368462
2.852		0.000368325
2.853		0.000368187
2.854		0.00036805
2.855		0.000367913
2.856		0.000367776
2.857		0.000367639
2.858		0.000367503
2.859		0.000367366
2.86		0.000367229
2.861		0.000367093
2.862		0.000366957
2.863		0.00036682
2.864		0.000366684
2.865		0.000366548
2.866		0.000366412
2.867		0.000366276
2.868		0.000366141
2.869		0.000366005
2.87		0.000365869
2.871		0.000365734
2.872		0.000365599
2.873		0.000365463
2.874		0.000365328
2.875		0.000365193
2.876		0.000365058
2.877		0.000364923
2.878		0.000364789
2.879		0.000364654
2.88		0.000364519
2.881		0.000364385
2.882		0.000364251
2.883		0.000364116
2.884		0.000363982
2.885		0.000363848
2.886		0.000363714
2.887		0.00036358
2.888		0.000363447
2.889		0.000363313
2.89		0.000363179
2.891		0.000363046
2.892		0.000362912
2.893		0.000362779
2.894		0.000362646
2.895		0.000362513
2.896		0.00036238
2.897		0.000362247
2.898		0.000362114
2.899		0.000361982
2.9		0.000361849
2.901		0.000361716
2.902		0.000361584
2.903		0.000361452
2.904		0.00036132
2.905		0.000361187
2.906		0.000361055
2.907		0.000360923
2.908		0.000360792
2.909		0.00036066
2.91		0.000360528
2.911		0.000360397
2.912		0.000360265
2.913		0.000360134
2.914		0.000360003
2.915		0.000359872
2.916		0.000359741
2.917		0.00035961
2.918		0.000359479
2.919		0.000359348
2.92		0.000359217
2.921		0.000359087
2.922		0.000358956
2.923		0.000358826
2.924		0.000358695
2.925		0.000358565
2.926		0.000358435
2.927		0.000358305
2.928		0.000358175
2.929		0.000358045
2.93		0.000357916
2.931		0.000357786
2.932		0.000357656
2.933		0.000357527
2.934		0.000357398
2.935		0.000357268
2.936		0.000357139
2.937		0.00035701
2.938		0.000356881
2.939		0.000356752
2.94		0.000356623
2.941		0.000356495
2.942		0.000356366
2.943		0.000356237
2.944		0.000356109
2.945		0.000355981
2.946		0.000355852
2.947		0.000355724
2.948		0.000355596
2.949		0.000355468
2.95		0.00035534
2.951		0.000355212
2.952		0.000355085
2.953		0.000354957
2.954		0.00035483
2.955		0.000354702
2.956		0.000354575
2.957		0.000354448
2.958		0.00035432
2.959		0.000354193
2.96		0.000354066
2.961		0.00035394
2.962		0.000353813
2.963		0.000353686
2.964		0.000353559
2.965		0.000353433
2.966		0.000353306
2.967		0.00035318
2.968		0.000353054
2.969		0.000352928
2.97		0.000352802
2.971		0.000352676
2.972		0.00035255
2.973		0.000352424
2.974		0.000352298
2.975		0.000352173
2.976		0.000352047
2.977		0.000351922
2.978		0.000351796
2.979		0.000351671
2.98		0.000351546
2.981		0.000351421
2.982		0.000351296
2.983		0.000351171
2.984		0.000351046
2.985		0.000350921
2.986		0.000350797
2.987		0.000350672
2.988		0.000350548
2.989		0.000350423
2.99		0.000350299
2.991		0.000350175
2.992		0.000350051
2.993		0.000349926
2.994		0.000349803
2.995		0.000349679
2.996		0.000349555
2.997		0.000349431
2.998		0.000349308
2.999		0.000349184
3		0.000349061
