0.001		-nan(ind)		-nan(ind)
0.002		-nan(ind)		-nan(ind)
0.003		-nan(ind)		-nan(ind)
0.004		-nan(ind)		-nan(ind)
0.005		9.35948e-40		1.10688e-39
0.006		5.12914e-33		6.0659e-33
0.007		3.25896e-28		3.85416e-28
0.008		1.28107e-24		1.51504e-24
0.009		7.89303e-22		9.33457e-22
0.01		1.3309e-19		1.57397e-19
0.011		8.75396e-18		1.03527e-17
0.012		2.84423e-16		3.36368e-16
0.013		5.37489e-15		6.35652e-15
0.014		6.63833e-14		7.85069e-14
0.015		5.83638e-13		6.90225e-13
0.016		3.89439e-12		4.60557e-12
0.017		2.07111e-11		2.44931e-11
0.018		9.11925e-11		1.07843e-10
0.019		3.42564e-10		4.05106e-10
0.02		1.12453e-09		1.32981e-09
0.021		3.28915e-09		3.88947e-09
0.022		8.70899e-09		1.02982e-08
0.023		2.11502e-08		2.50088e-08
0.024		4.76282e-08		5.63148e-08
0.025		1.00367e-07		1.18667e-07
0.026		1.9946e-07		2.35815e-07
0.027		3.76291e-07		4.44849e-07
0.028		6.77705e-07		8.01127e-07
0.029		1.1709e-06		1.38404e-06
0.03		1.94887e-06		2.30346e-06
0.031		3.13634e-06		3.70669e-06
0.032		4.89585e-06		5.78569e-06
0.033		7.43391e-06		8.78428e-06
0.034		1.10069e-05		1.30051e-05
0.035		1.59266e-05		1.88161e-05
0.036		2.25648e-05		2.6656e-05
0.037		3.13577e-05		3.70395e-05
0.038		4.28089e-05		5.05602e-05
0.039		5.74912e-05		6.78938e-05
0.04		7.60481e-05		8.97987e-05
0.041		9.91933e-05		0.000117116
0.042		0.00012771		0.000150768
0.043		0.000162447		0.000191756
0.044		0.00020432		0.000241156
0.045		0.000254301		0.000300114
0.046		0.000313419		0.000369841
0.047		0.000382753		0.000451605
0.048		0.000463424		0.000546726
0.049		0.000556591		0.000656566
0.05		0.000663443		0.000782525
0.051		0.000785194		0.000926027
0.052		0.000923071		0.00108852
0.053		0.00107831		0.00127145
0.054		0.00125216		0.00147628
0.055		0.00144586		0.00170447
0.056		0.00166062		0.00195745
0.057		0.00189766		0.00223663
0.058		0.00215816		0.00254342
0.059		0.00244327		0.00287917
0.06		0.00275413		0.0032452
0.061		0.0030918		0.00364277
0.062		0.00345734		0.00407311
0.063		0.00385173		0.00453739
0.064		0.00427591		0.0050367
0.065		0.00473077		0.0055721
0.066		0.00521713		0.00614456
0.067		0.00573578		0.00675498
0.068		0.00628741		0.00740421
0.069		0.00687268		0.00809301
0.07		0.00749217		0.00882208
0.071		0.00814639		0.00959202
0.072		0.00883581		0.0104034
0.073		0.00956081		0.0112567
0.074		0.0103217		0.0121522
0.075		0.0111188		0.0130904
0.076		0.0119522		0.0140714
0.077		0.0128221		0.0150954
0.078		0.0137286		0.0161626
0.079		0.0146717		0.0172729
0.08		0.0156513		0.0184264
0.081		0.0166674		0.0196229
0.082		0.0177197		0.0208622
0.083		0.0188081		0.0221443
0.084		0.0199322		0.0234687
0.085		0.0210918		0.0248351
0.086		0.0222866		0.0262432
0.087		0.023516		0.0276925
0.088		0.0247797		0.0291825
0.089		0.0260772		0.0307127
0.09		0.0274079		0.0322825
0.091		0.0287712		0.0338912
0.092		0.0301666		0.0355382
0.093		0.0315935		0.0372228
0.094		0.033051		0.0389443
0.095		0.0345387		0.0407019
0.096		0.0360557		0.0424948
0.097		0.0376013		0.0443221
0.098		0.0391747		0.0461831
0.099		0.0407752		0.0480769
0.1		0.0424019		0.0500026
0.101		0.0440541		0.0519592
0.102		0.0457309		0.0539459
0.103		0.0474315		0.0559617
0.104		0.0491549		0.0580057
0.105		0.0509005		0.0600769
0.106		0.0526672		0.0621744
0.107		0.0544543		0.0642972
0.108		0.0562608		0.0664442
0.109		0.0580859		0.0686146
0.11		0.0599286		0.0708074
0.111		0.0617882		0.0730215
0.112		0.0636637		0.075256
0.113		0.0655543		0.07751
0.114		0.0674591		0.0797823
0.115		0.0693772		0.0820722
0.116		0.0713078		0.0843785
0.117		0.07325		0.0867004
0.118		0.075203		0.089037
0.119		0.077166		0.0913872
0.12		0.0791381		0.0937501
0.121		0.0811185		0.0961248
0.122		0.0831064		0.0985105
0.123		0.085101		0.100906
0.124		0.0871016		0.103311
0.125		0.0891074		0.105724
0.126		0.0911175		0.108144
0.127		0.0931314		0.110571
0.128		0.0951482		0.113004
0.129		0.0971672		0.115442
0.13		0.0991878		0.117884
0.131		0.101209		0.120329
0.132		0.103231		0.122776
0.133		0.105252		0.125226
0.134		0.107272		0.127676
0.135		0.109291		0.130127
0.136		0.111307		0.132577
0.137		0.11332		0.135027
0.138		0.115329		0.137474
0.139		0.117335		0.139919
0.14		0.119336		0.142362
0.141		0.121332		0.1448
0.142		0.123322		0.147234
0.143		0.125306		0.149663
0.144		0.127284		0.152087
0.145		0.129254		0.154505
0.146		0.131217		0.156916
0.147		0.133172		0.15932
0.148		0.135119		0.161717
0.149		0.137057		0.164105
0.15		0.138985		0.166485
0.151		0.140905		0.168856
0.152		0.142814		0.171217
0.153		0.144713		0.173568
0.154		0.146601		0.175909
0.155		0.148478		0.178239
0.156		0.150344		0.180558
0.157		0.152199		0.182866
0.158		0.154042		0.185161
0.159		0.155873		0.187444
0.16		0.157691		0.189715
0.161		0.159497		0.191972
0.162		0.16129		0.194216
0.163		0.16307		0.196447
0.164		0.164837		0.198664
0.165		0.16659		0.200867
0.166		0.16833		0.203055
0.167		0.170055		0.205229
0.168		0.171767		0.207387
0.169		0.173465		0.209531
0.17		0.175149		0.211659
0.171		0.176818		0.213772
0.172		0.178472		0.215869
0.173		0.180112		0.21795
0.174		0.181738		0.220015
0.175		0.183348		0.222064
0.176		0.184943		0.224096
0.177		0.186524		0.226112
0.178		0.188089		0.228111
0.179		0.189639		0.230093
0.18		0.191174		0.232059
0.181		0.192693		0.234007
0.182		0.194198		0.235938
0.183		0.195686		0.237852
0.184		0.19716		0.239748
0.185		0.198618		0.241627
0.186		0.200061		0.243489
0.187		0.201488		0.245333
0.188		0.202899		0.247159
0.189		0.204296		0.248968
0.19		0.205676		0.250759
0.191		0.207042		0.252532
0.192		0.208391		0.254287
0.193		0.209726		0.256025
0.194		0.211045		0.257745
0.195		0.212349		0.259447
0.196		0.213637		0.261131
0.197		0.21491		0.262798
0.198		0.216168		0.264446
0.199		0.21741		0.266077
0.2		0.218638		0.26769
0.201		0.21985		0.269286
0.202		0.221048		0.270863
0.203		0.22223		0.272423
0.204		0.223397		0.273965
0.205		0.22455		0.27549
0.206		0.225688		0.276996
0.207		0.226811		0.278486
0.208		0.227919		0.279958
0.209		0.229013		0.281412
0.21		0.230092		0.282849
0.211		0.231157		0.284269
0.212		0.232208		0.285671
0.213		0.233244		0.287057
0.214		0.234266		0.288425
0.215		0.235274		0.289776
0.216		0.236269		0.29111
0.217		0.237249		0.292427
0.218		0.238215		0.293727
0.219		0.239168		0.295011
0.22		0.240107		0.296278
0.221		0.241033		0.297529
0.222		0.241946		0.298762
0.223		0.242845		0.29998
0.224		0.24373		0.301181
0.225		0.244603		0.302367
0.226		0.245463		0.303536
0.227		0.24631		0.304689
0.228		0.247144		0.305826
0.229		0.247966		0.306947
0.23		0.248774		0.308053
0.231		0.249571		0.309143
0.232		0.250355		0.310218
0.233		0.251127		0.311277
0.234		0.251887		0.312322
0.235		0.252634		0.313351
0.236		0.25337		0.314365
0.237		0.254094		0.315364
0.238		0.254806		0.316348
0.239		0.255507		0.317317
0.24		0.256196		0.318272
0.241		0.256874		0.319213
0.242		0.257541		0.320139
0.243		0.258196		0.321051
0.244		0.25884		0.321949
0.245		0.259474		0.322833
0.246		0.260097		0.323703
0.247		0.260708		0.324559
0.248		0.26131		0.325402
0.249		0.261901		0.326231
0.25		0.262481		0.327047
0.251		0.263051		0.327849
0.252		0.263611		0.328638
0.253		0.264161		0.329415
0.254		0.264701		0.330178
0.255		0.265231		0.330928
0.256		0.265751		0.331666
0.257		0.266262		0.332391
0.258		0.266763		0.333104
0.259		0.267255		0.333805
0.26		0.267737		0.334493
0.261		0.268211		0.335169
0.262		0.268675		0.335833
0.263		0.26913		0.336486
0.264		0.269576		0.337126
0.265		0.270013		0.337755
0.266		0.270442		0.338373
0.267		0.270861		0.338979
0.268		0.271273		0.339573
0.269		0.271676		0.340157
0.27		0.272071		0.34073
0.271		0.272457		0.341291
0.272		0.272835		0.341842
0.273		0.273206		0.342382
0.274		0.273568		0.342912
0.275		0.273922		0.343431
0.276		0.274269		0.343939
0.277		0.274608		0.344438
0.278		0.27494		0.344926
0.279		0.275264		0.345404
0.28		0.27558		0.345873
0.281		0.275889		0.346331
0.282		0.276192		0.34678
0.283		0.276487		0.347219
0.284		0.276774		0.347648
0.285		0.277055		0.348069
0.286		0.27733		0.34848
0.287		0.277597		0.348881
0.288		0.277858		0.349274
0.289		0.278112		0.349658
0.29		0.278359		0.350033
0.291		0.2786		0.350399
0.292		0.278835		0.350756
0.293		0.279063		0.351105
0.294		0.279286		0.351445
0.295		0.279502		0.351777
0.296		0.279712		0.352101
0.297		0.279916		0.352416
0.298		0.280114		0.352723
0.299		0.280306		0.353023
0.3		0.280493		0.353314
0.301		0.280674		0.353598
0.302		0.280849		0.353874
0.303		0.281019		0.354142
0.304		0.281184		0.354403
0.305		0.281343		0.354656
0.306		0.281496		0.354902
0.307		0.281645		0.355141
0.308		0.281788		0.355373
0.309		0.281926		0.355597
0.31		0.28206		0.355815
0.311		0.282188		0.356025
0.312		0.282311		0.356229
0.313		0.28243		0.356426
0.314		0.282543		0.356616
0.315		0.282652		0.3568
0.316		0.282757		0.356977
0.317		0.282857		0.357148
0.318		0.282952		0.357313
0.319		0.283043		0.357471
0.32		0.283129		0.357623
0.321		0.283211		0.357769
0.322		0.283289		0.357909
0.323		0.283363		0.358043
0.324		0.283432		0.358171
0.325		0.283497		0.358294
0.326		0.283559		0.358411
0.327		0.283616		0.358522
0.328		0.283669		0.358627
0.329		0.283719		0.358727
0.33		0.283765		0.358821
0.331		0.283806		0.358911
0.332		0.283845		0.358995
0.333		0.283879		0.359073
0.334		0.28391		0.359147
0.335		0.283937		0.359215
0.336		0.283961		0.359278
0.337		0.283981		0.359337
0.338		0.283998		0.35939
0.339		0.284012		0.359439
0.34		0.284022		0.359483
0.341		0.284029		0.359522
0.342		0.284033		0.359557
0.343		0.284033		0.359587
0.344		0.284031		0.359613
0.345		0.284025		0.359634
0.346		0.284016		0.359651
0.347		0.284004		0.359663
0.348		0.28399		0.359671
0.349		0.283972		0.359675
0.35		0.283952		0.359675
0.351		0.283928		0.35967
0.352		0.283902		0.359662
0.353		0.283873		0.35965
0.354		0.283842		0.359633
0.355		0.283807		0.359613
0.356		0.283771		0.359589
0.357		0.283731		0.359561
0.358		0.283689		0.35953
0.359		0.283645		0.359495
0.36		0.283597		0.359456
0.361		0.283548		0.359413
0.362		0.283496		0.359367
0.363		0.283442		0.359318
0.364		0.283385		0.359265
0.365		0.283326		0.359209
0.366		0.283265		0.35915
0.367		0.283202		0.359087
0.368		0.283136		0.359021
0.369		0.283068		0.358952
0.37		0.282999		0.358879
0.371		0.282927		0.358804
0.372		0.282852		0.358725
0.373		0.282776		0.358644
0.374		0.282698		0.35856
0.375		0.282618		0.358472
0.376		0.282536		0.358382
0.377		0.282452		0.358289
0.378		0.282366		0.358193
0.379		0.282279		0.358094
0.38		0.282189		0.357993
0.381		0.282098		0.357889
0.382		0.282005		0.357782
0.383		0.28191		0.357673
0.384		0.281813		0.357561
0.385		0.281715		0.357447
0.386		0.281615		0.35733
0.387		0.281514		0.35721
0.388		0.28141		0.357089
0.389		0.281306		0.356965
0.39		0.281199		0.356838
0.391		0.281092		0.356709
0.392		0.280982		0.356578
0.393		0.280871		0.356445
0.394		0.280759		0.35631
0.395		0.280645		0.356172
0.396		0.28053		0.356032
0.397		0.280414		0.35589
0.398		0.280296		0.355746
0.399		0.280176		0.3556
0.4		0.280056		0.355452
0.401		0.279934		0.355303
0.402		0.279811		0.355151
0.403		0.279686		0.354997
0.404		0.27956		0.354841
0.405		0.279433		0.354683
0.406		0.279305		0.354524
0.407		0.279176		0.354363
0.408		0.279046		0.3542
0.409		0.278914		0.354035
0.41		0.278781		0.353868
0.411		0.278647		0.3537
0.412		0.278512		0.35353
0.413		0.278376		0.353359
0.414		0.278239		0.353186
0.415		0.278101		0.353011
0.416		0.277962		0.352835
0.417		0.277822		0.352657
0.418		0.277681		0.352478
0.419		0.277539		0.352297
0.42		0.277396		0.352115
0.421		0.277252		0.351931
0.422		0.277107		0.351746
0.423		0.276961		0.35156
0.424		0.276815		0.351372
0.425		0.276667		0.351183
0.426		0.276519		0.350992
0.427		0.27637		0.350801
0.428		0.27622		0.350608
0.429		0.276069		0.350413
0.43		0.275917		0.350218
0.431		0.275765		0.350021
0.432		0.275612		0.349823
0.433		0.275458		0.349624
0.434		0.275303		0.349423
0.435		0.275148		0.349222
0.436		0.274992		0.349019
0.437		0.274835		0.348816
0.438		0.274678		0.348611
0.439		0.274519		0.348405
0.44		0.274361		0.348199
0.441		0.274201		0.347991
0.442		0.274041		0.347782
0.443		0.273881		0.347572
0.444		0.273719		0.347361
0.445		0.273557		0.34715
0.446		0.273395		0.346937
0.447		0.273232		0.346723
0.448		0.273068		0.346509
0.449		0.272904		0.346294
0.45		0.27274		0.346077
0.451		0.272574		0.34586
0.452		0.272409		0.345642
0.453		0.272242		0.345424
0.454		0.272076		0.345204
0.455		0.271908		0.344984
0.456		0.271741		0.344763
0.457		0.271573		0.344541
0.458		0.271404		0.344318
0.459		0.271235		0.344095
0.46		0.271065		0.343871
0.461		0.270895		0.343647
0.462		0.270725		0.343421
0.463		0.270554		0.343195
0.464		0.270383		0.342968
0.465		0.270212		0.342741
0.466		0.27004		0.342513
0.467		0.269867		0.342285
0.468		0.269695		0.342055
0.469		0.269522		0.341826
0.47		0.269348		0.341595
0.471		0.269175		0.341364
0.472		0.269		0.341133
0.473		0.268826		0.340901
0.474		0.268651		0.340668
0.475		0.268476		0.340435
0.476		0.268301		0.340202
0.477		0.268125		0.339967
0.478		0.267949		0.339733
0.479		0.267773		0.339498
0.48		0.267597		0.339262
0.481		0.26742		0.339026
0.482		0.267243		0.33879
0.483		0.267066		0.338553
0.484		0.266888		0.338316
0.485		0.26671		0.338078
0.486		0.266533		0.33784
0.487		0.266354		0.337602
0.488		0.266176		0.337363
0.489		0.265997		0.337124
0.49		0.265818		0.336884
0.491		0.265639		0.336644
0.492		0.26546		0.336404
0.493		0.265281		0.336164
0.494		0.265101		0.335923
0.495		0.264921		0.335681
0.496		0.264741		0.33544
0.497		0.264561		0.335198
0.498		0.264381		0.334956
0.499		0.2642		0.334714
0.5		0.26402		0.334471
0.501		0.263839		0.334228
0.502		0.263658		0.333985
0.503		0.263477		0.333741
0.504		0.263296		0.333498
0.505		0.263115		0.333254
0.506		0.262933		0.33301
0.507		0.262752		0.332765
0.508		0.26257		0.332521
0.509		0.262388		0.332276
0.51		0.262206		0.332031
0.511		0.262024		0.331786
0.512		0.261842		0.331541
0.513		0.26166		0.331295
0.514		0.261478		0.331049
0.515		0.261296		0.330804
0.516		0.261113		0.330558
0.517		0.260931		0.330311
0.518		0.260748		0.330065
0.519		0.260566		0.329819
0.52		0.260383		0.329572
0.521		0.260201		0.329325
0.522		0.260018		0.329079
0.523		0.259835		0.328832
0.524		0.259652		0.328585
0.525		0.259469		0.328338
0.526		0.259286		0.32809
0.527		0.259103		0.327843
0.528		0.25892		0.327596
0.529		0.258737		0.327348
0.53		0.258554		0.327101
0.531		0.258371		0.326853
0.532		0.258188		0.326606
0.533		0.258005		0.326358
0.534		0.257822		0.32611
0.535		0.257639		0.325862
0.536		0.257456		0.325615
0.537		0.257273		0.325367
0.538		0.25709		0.325119
0.539		0.256907		0.324871
0.54		0.256723		0.324623
0.541		0.25654		0.324375
0.542		0.256357		0.324127
0.543		0.256174		0.323879
0.544		0.255991		0.323631
0.545		0.255808		0.323383
0.546		0.255625		0.323135
0.547		0.255442		0.322887
0.548		0.255259		0.322639
0.549		0.255076		0.322391
0.55		0.254894		0.322143
0.551		0.254711		0.321895
0.552		0.254528		0.321647
0.553		0.254345		0.3214
0.554		0.254162		0.321152
0.555		0.25398		0.320904
0.556		0.253797		0.320656
0.557		0.253615		0.320409
0.558		0.253432		0.320161
0.559		0.25325		0.319914
0.56		0.253067		0.319666
0.561		0.252885		0.319419
0.562		0.252703		0.319171
0.563		0.25252		0.318924
0.564		0.252338		0.318677
0.565		0.252156		0.31843
0.566		0.251974		0.318183
0.567		0.251792		0.317936
0.568		0.25161		0.317689
0.569		0.251428		0.317442
0.57		0.251247		0.317195
0.571		0.251065		0.316949
0.572		0.250884		0.316702
0.573		0.250702		0.316456
0.574		0.250521		0.316209
0.575		0.250339		0.315963
0.576		0.250158		0.315717
0.577		0.249977		0.315471
0.578		0.249796		0.315225
0.579		0.249615		0.314979
0.58		0.249434		0.314734
0.581		0.249253		0.314488
0.582		0.249073		0.314243
0.583		0.248892		0.313998
0.584		0.248712		0.313752
0.585		0.248531		0.313507
0.586		0.248351		0.313263
0.587		0.248171		0.313018
0.588		0.247991		0.312773
0.589		0.247811		0.312529
0.59		0.247631		0.312284
0.591		0.247451		0.31204
0.592		0.247271		0.311796
0.593		0.247092		0.311552
0.594		0.246912		0.311309
0.595		0.246733		0.311065
0.596		0.246554		0.310822
0.597		0.246375		0.310578
0.598		0.246196		0.310335
0.599		0.246017		0.310092
0.6		0.245838		0.30985
0.601		0.24566		0.309607
0.602		0.245481		0.309365
0.603		0.245303		0.309122
0.604		0.245125		0.30888
0.605		0.244947		0.308638
0.606		0.244769		0.308397
0.607		0.244591		0.308155
0.608		0.244413		0.307914
0.609		0.244235		0.307672
0.61		0.244058		0.307431
0.611		0.243881		0.30719
0.612		0.243703		0.30695
0.613		0.243526		0.306709
0.614		0.243349		0.306469
0.615		0.243173		0.306229
0.616		0.242996		0.305989
0.617		0.242819		0.305749
0.618		0.242643		0.30551
0.619		0.242467		0.30527
0.62		0.24229		0.305031
0.621		0.242114		0.304792
0.622		0.241939		0.304553
0.623		0.241763		0.304315
0.624		0.241587		0.304077
0.625		0.241412		0.303838
0.626		0.241236		0.3036
0.627		0.241061		0.303363
0.628		0.240886		0.303125
0.629		0.240711		0.302888
0.63		0.240537		0.302651
0.631		0.240362		0.302414
0.632		0.240188		0.302177
0.633		0.240013		0.30194
0.634		0.239839		0.301704
0.635		0.239665		0.301468
0.636		0.239491		0.301232
0.637		0.239318		0.300996
0.638		0.239144		0.300761
0.639		0.238971		0.300526
0.64		0.238797		0.300291
0.641		0.238624		0.300056
0.642		0.238451		0.299821
0.643		0.238278		0.299587
0.644		0.238106		0.299353
0.645		0.237933		0.299119
0.646		0.237761		0.298885
0.647		0.237589		0.298652
0.648		0.237417		0.298418
0.649		0.237245		0.298185
0.65		0.237073		0.297953
0.651		0.236901		0.29772
0.652		0.23673		0.297488
0.653		0.236559		0.297256
0.654		0.236388		0.297024
0.655		0.236217		0.296792
0.656		0.236046		0.296561
0.657		0.235875		0.296329
0.658		0.235705		0.296098
0.659		0.235534		0.295868
0.66		0.235364		0.295637
0.661		0.235194		0.295407
0.662		0.235024		0.295177
0.663		0.234855		0.294947
0.664		0.234685		0.294717
0.665		0.234516		0.294488
0.666		0.234346		0.294259
0.667		0.234177		0.29403
0.668		0.234008		0.293801
0.669		0.23384		0.293573
0.67		0.233671		0.293345
0.671		0.233503		0.293117
0.672		0.233334		0.292889
0.673		0.233166		0.292662
0.674		0.232998		0.292434
0.675		0.23283		0.292207
0.676		0.232663		0.291981
0.677		0.232495		0.291754
0.678		0.232328		0.291528
0.679		0.232161		0.291302
0.68		0.231994		0.291076
0.681		0.231827		0.290851
0.682		0.23166		0.290625
0.683		0.231494		0.2904
0.684		0.231328		0.290175
0.685		0.231162		0.289951
0.686		0.230996		0.289726
0.687		0.23083		0.289502
0.688		0.230664		0.289279
0.689		0.230499		0.289055
0.69		0.230333		0.288832
0.691		0.230168		0.288609
0.692		0.230003		0.288386
0.693		0.229838		0.288163
0.694		0.229673		0.287941
0.695		0.229509		0.287719
0.696		0.229345		0.287497
0.697		0.22918		0.287275
0.698		0.229016		0.287054
0.699		0.228852		0.286832
0.7		0.228689		0.286612
0.701		0.228525		0.286391
0.702		0.228362		0.28617
0.703		0.228199		0.28595
0.704		0.228036		0.28573
0.705		0.227873		0.285511
0.706		0.22771		0.285291
0.707		0.227548		0.285072
0.708		0.227385		0.284853
0.709		0.227223		0.284635
0.71		0.227061		0.284416
0.711		0.226899		0.284198
0.712		0.226737		0.28398
0.713		0.226576		0.283762
0.714		0.226414		0.283545
0.715		0.226253		0.283328
0.716		0.226092		0.283111
0.717		0.225931		0.282894
0.718		0.225771		0.282678
0.719		0.22561		0.282461
0.72		0.22545		0.282245
0.721		0.225289		0.28203
0.722		0.225129		0.281814
0.723		0.22497		0.281599
0.724		0.22481		0.281384
0.725		0.22465		0.281169
0.726		0.224491		0.280955
0.727		0.224332		0.280741
0.728		0.224173		0.280527
0.729		0.224014		0.280313
0.73		0.223855		0.2801
0.731		0.223696		0.279886
0.732		0.223538		0.279674
0.733		0.22338		0.279461
0.734		0.223222		0.279248
0.735		0.223064		0.279036
0.736		0.222906		0.278824
0.737		0.222749		0.278612
0.738		0.222591		0.278401
0.739		0.222434		0.27819
0.74		0.222277		0.277979
0.741		0.22212		0.277768
0.742		0.221963		0.277558
0.743		0.221807		0.277347
0.744		0.22165		0.277137
0.745		0.221494		0.276928
0.746		0.221338		0.276718
0.747		0.221182		0.276509
0.748		0.221026		0.2763
0.749		0.220871		0.276091
0.75		0.220716		0.275883
0.751		0.22056		0.275674
0.752		0.220405		0.275466
0.753		0.22025		0.275259
0.754		0.220096		0.275051
0.755		0.219941		0.274844
0.756		0.219787		0.274637
0.757		0.219632		0.27443
0.758		0.219478		0.274224
0.759		0.219324		0.274017
0.76		0.219171		0.273811
0.761		0.219017		0.273605
0.762		0.218864		0.2734
0.763		0.21871		0.273195
0.764		0.218557		0.27299
0.765		0.218404		0.272785
0.766		0.218251		0.27258
0.767		0.218099		0.272376
0.768		0.217946		0.272172
0.769		0.217794		0.271968
0.77		0.217642		0.271765
0.771		0.21749		0.271561
0.772		0.217338		0.271358
0.773		0.217187		0.271155
0.774		0.217035		0.270953
0.775		0.216884		0.27075
0.776		0.216733		0.270548
0.777		0.216582		0.270346
0.778		0.216431		0.270145
0.779		0.21628		0.269943
0.78		0.21613		0.269742
0.781		0.215979		0.269541
0.782		0.215829		0.269341
0.783		0.215679		0.26914
0.784		0.215529		0.26894
0.785		0.21538		0.26874
0.786		0.21523		0.268541
0.787		0.215081		0.268341
0.788		0.214932		0.268142
0.789		0.214783		0.267943
0.79		0.214634		0.267744
0.791		0.214485		0.267546
0.792		0.214336		0.267348
0.793		0.214188		0.26715
0.794		0.21404		0.266952
0.795		0.213892		0.266754
0.796		0.213744		0.266557
0.797		0.213596		0.26636
0.798		0.213449		0.266163
0.799		0.213301		0.265967
0.8		0.213154		0.26577
0.801		0.213007		0.265574
0.802		0.21286		0.265379
0.803		0.212713		0.265183
0.804		0.212566		0.264988
0.805		0.21242		0.264792
0.806		0.212274		0.264598
0.807		0.212127		0.264403
0.808		0.211981		0.264209
0.809		0.211836		0.264014
0.81		0.21169		0.26382
0.811		0.211544		0.263627
0.812		0.211399		0.263433
0.813		0.211254		0.26324
0.814		0.211109		0.263047
0.815		0.210964		0.262854
0.816		0.210819		0.262662
0.817		0.210675		0.26247
0.818		0.21053		0.262277
0.819		0.210386		0.262086
0.82		0.210242		0.261894
0.821		0.210098		0.261703
0.822		0.209954		0.261512
0.823		0.20981		0.261321
0.824		0.209667		0.26113
0.825		0.209524		0.26094
0.826		0.20938		0.26075
0.827		0.209237		0.26056
0.828		0.209095		0.26037
0.829		0.208952		0.26018
0.83		0.208809		0.259991
0.831		0.208667		0.259802
0.832		0.208525		0.259613
0.833		0.208383		0.259425
0.834		0.208241		0.259236
0.835		0.208099		0.259048
0.836		0.207957		0.25886
0.837		0.207816		0.258673
0.838		0.207675		0.258485
0.839		0.207534		0.258298
0.84		0.207393		0.258111
0.841		0.207252		0.257925
0.842		0.207111		0.257738
0.843		0.20697		0.257552
0.844		0.20683		0.257366
0.845		0.20669		0.25718
0.846		0.20655		0.256994
0.847		0.20641		0.256809
0.848		0.20627		0.256624
0.849		0.20613		0.256439
0.85		0.205991		0.256254
0.851		0.205852		0.25607
0.852		0.205713		0.255886
0.853		0.205574		0.255702
0.854		0.205435		0.255518
0.855		0.205296		0.255334
0.856		0.205157		0.255151
0.857		0.205019		0.254968
0.858		0.204881		0.254785
0.859		0.204743		0.254602
0.86		0.204605		0.25442
0.861		0.204467		0.254238
0.862		0.204329		0.254056
0.863		0.204192		0.253874
0.864		0.204054		0.253693
0.865		0.203917		0.253511
0.866		0.20378		0.25333
0.867		0.203643		0.253149
0.868		0.203507		0.252969
0.869		0.20337		0.252788
0.87		0.203234		0.252608
0.871		0.203097		0.252428
0.872		0.202961		0.252248
0.873		0.202825		0.252069
0.874		0.202689		0.251889
0.875		0.202553		0.25171
0.876		0.202418		0.251531
0.877		0.202283		0.251353
0.878		0.202147		0.251174
0.879		0.202012		0.250996
0.88		0.201877		0.250818
0.881		0.201742		0.25064
0.882		0.201608		0.250463
0.883		0.201473		0.250285
0.884		0.201339		0.250108
0.885		0.201205		0.249931
0.886		0.20107		0.249754
0.887		0.200937		0.249578
0.888		0.200803		0.249402
0.889		0.200669		0.249226
0.89		0.200536		0.24905
0.891		0.200402		0.248874
0.892		0.200269		0.248699
0.893		0.200136		0.248523
0.894		0.200003		0.248348
0.895		0.19987		0.248174
0.896		0.199738		0.247999
0.897		0.199605		0.247825
0.898		0.199473		0.247651
0.899		0.199341		0.247477
0.9		0.199209		0.247303
0.901		0.199077		0.247129
0.902		0.198945		0.246956
0.903		0.198813		0.246783
0.904		0.198682		0.24661
0.905		0.19855		0.246437
0.906		0.198419		0.246265
0.907		0.198288		0.246093
0.908		0.198157		0.245921
0.909		0.198027		0.245749
0.91		0.197896		0.245577
0.911		0.197765		0.245406
0.912		0.197635		0.245235
0.913		0.197505		0.245064
0.914		0.197375		0.244893
0.915		0.197245		0.244722
0.916		0.197115		0.244552
0.917		0.196986		0.244382
0.918		0.196856		0.244212
0.919		0.196727		0.244042
0.92		0.196597		0.243872
0.921		0.196468		0.243703
0.922		0.196339		0.243534
0.923		0.196211		0.243365
0.924		0.196082		0.243196
0.925		0.195954		0.243028
0.926		0.195825		0.242859
0.927		0.195697		0.242691
0.928		0.195569		0.242523
0.929		0.195441		0.242356
0.93		0.195313		0.242188
0.931		0.195185		0.242021
0.932		0.195058		0.241854
0.933		0.19493		0.241687
0.934		0.194803		0.24152
0.935		0.194676		0.241354
0.936		0.194549		0.241187
0.937		0.194422		0.241021
0.938		0.194296		0.240855
0.939		0.194169		0.24069
0.94		0.194043		0.240524
0.941		0.193916		0.240359
0.942		0.19379		0.240194
0.943		0.193664		0.240029
0.944		0.193538		0.239864
0.945		0.193413		0.2397
0.946		0.193287		0.239535
0.947		0.193161		0.239371
0.948		0.193036		0.239207
0.949		0.192911		0.239044
0.95		0.192786		0.23888
0.951		0.192661		0.238717
0.952		0.192536		0.238554
0.953		0.192411		0.238391
0.954		0.192287		0.238228
0.955		0.192163		0.238065
0.956		0.192038		0.237903
0.957		0.191914		0.237741
0.958		0.19179		0.237579
0.959		0.191666		0.237417
0.96		0.191543		0.237256
0.961		0.191419		0.237094
0.962		0.191296		0.236933
0.963		0.191172		0.236772
0.964		0.191049		0.236611
0.965		0.190926		0.236451
0.966		0.190803		0.23629
0.967		0.19068		0.23613
0.968		0.190558		0.23597
0.969		0.190435		0.23581
0.97		0.190313		0.235651
0.971		0.190191		0.235491
0.972		0.190068		0.235332
0.973		0.189946		0.235173
0.974		0.189825		0.235014
0.975		0.189703		0.234855
0.976		0.189581		0.234697
0.977		0.18946		0.234539
0.978		0.189338		0.234381
0.979		0.189217		0.234223
0.98		0.189096		0.234065
0.981		0.188975		0.233907
0.982		0.188854		0.23375
0.983		0.188734		0.233593
0.984		0.188613		0.233436
0.985		0.188493		0.233279
0.986		0.188372		0.233122
0.987		0.188252		0.232966
0.988		0.188132		0.23281
0.989		0.188012		0.232654
0.99		0.187893		0.232498
0.991		0.187773		0.232342
0.992		0.187653		0.232187
0.993		0.187534		0.232031
0.994		0.187415		0.231876
0.995		0.187296		0.231721
0.996		0.187177		0.231567
0.997		0.187058		0.231412
0.998		0.186939		0.231258
0.999		0.18682		0.231103
1		0.186702		0.230949
1.001		0.186584		0.230796
1.002		0.186465		0.230642
1.003		0.186347		0.230488
1.004		0.186229		0.230335
1.005		0.186111		0.230182
1.006		0.185994		0.230029
1.007		0.185876		0.229876
1.008		0.185759		0.229724
1.009		0.185641		0.229571
1.01		0.185524		0.229419
1.011		0.185407		0.229267
1.012		0.18529		0.229115
1.013		0.185173		0.228964
1.014		0.185056		0.228812
1.015		0.18494		0.228661
1.016		0.184823		0.22851
1.017		0.184707		0.228359
1.018		0.184591		0.228208
1.019		0.184475		0.228057
1.02		0.184359		0.227907
1.021		0.184243		0.227757
1.022		0.184127		0.227607
1.023		0.184011		0.227457
1.024		0.183896		0.227307
1.025		0.183781		0.227158
1.026		0.183665		0.227008
1.027		0.18355		0.226859
1.028		0.183435		0.22671
1.029		0.18332		0.226561
1.03		0.183206		0.226413
1.031		0.183091		0.226264
1.032		0.182977		0.226116
1.033		0.182862		0.225968
1.034		0.182748		0.22582
1.035		0.182634		0.225672
1.036		0.18252		0.225524
1.037		0.182406		0.225377
1.038		0.182292		0.22523
1.039		0.182179		0.225083
1.04		0.182065		0.224936
1.041		0.181952		0.224789
1.042		0.181838		0.224642
1.043		0.181725		0.224496
1.044		0.181612		0.22435
1.045		0.181499		0.224204
1.046		0.181386		0.224058
1.047		0.181274		0.223912
1.048		0.181161		0.223766
1.049		0.181049		0.223621
1.05		0.180936		0.223476
1.051		0.180824		0.223331
1.052		0.180712		0.223186
1.053		0.1806		0.223041
1.054		0.180488		0.222897
1.055		0.180377		0.222752
1.056		0.180265		0.222608
1.057		0.180154		0.222464
1.058		0.180042		0.22232
1.059		0.179931		0.222177
1.06		0.17982		0.222033
1.061		0.179709		0.22189
1.062		0.179598		0.221747
1.063		0.179487		0.221604
1.064		0.179376		0.221461
1.065		0.179266		0.221318
1.066		0.179156		0.221175
1.067		0.179045		0.221033
1.068		0.178935		0.220891
1.069		0.178825		0.220749
1.07		0.178715		0.220607
1.071		0.178605		0.220465
1.072		0.178495		0.220324
1.073		0.178386		0.220182
1.074		0.178276		0.220041
1.075		0.178167		0.2199
1.076		0.178058		0.219759
1.077		0.177949		0.219618
1.078		0.17784		0.219478
1.079		0.177731		0.219338
1.08		0.177622		0.219197
1.081		0.177513		0.219057
1.082		0.177405		0.218917
1.083		0.177296		0.218778
1.084		0.177188		0.218638
1.085		0.17708		0.218499
1.086		0.176971		0.218359
1.087		0.176863		0.21822
1.088		0.176756		0.218081
1.089		0.176648		0.217942
1.09		0.17654		0.217804
1.091		0.176433		0.217665
1.092		0.176325		0.217527
1.093		0.176218		0.217389
1.094		0.176111		0.217251
1.095		0.176004		0.217113
1.096		0.175897		0.216975
1.097		0.17579		0.216838
1.098		0.175683		0.2167
1.099		0.175576		0.216563
1.1		0.17547		0.216426
1.101		0.175363		0.216289
1.102		0.175257		0.216153
1.103		0.175151		0.216016
1.104		0.175045		0.21588
1.105		0.174939		0.215743
1.106		0.174833		0.215607
1.107		0.174727		0.215471
1.108		0.174622		0.215336
1.109		0.174516		0.2152
1.11		0.174411		0.215064
1.111		0.174305		0.214929
1.112		0.1742		0.214794
1.113		0.174095		0.214659
1.114		0.17399		0.214524
1.115		0.173885		0.214389
1.116		0.17378		0.214255
1.117		0.173676		0.21412
1.118		0.173571		0.213986
1.119		0.173467		0.213852
1.12		0.173363		0.213718
1.121		0.173258		0.213584
1.122		0.173154		0.213451
1.123		0.17305		0.213317
1.124		0.172946		0.213184
1.125		0.172843		0.213051
1.126		0.172739		0.212918
1.127		0.172635		0.212785
1.128		0.172532		0.212652
1.129		0.172429		0.212519
1.13		0.172325		0.212387
1.131		0.172222		0.212255
1.132		0.172119		0.212123
1.133		0.172016		0.211991
1.134		0.171914		0.211859
1.135		0.171811		0.211727
1.136		0.171708		0.211595
1.137		0.171606		0.211464
1.138		0.171503		0.211333
1.139		0.171401		0.211202
1.14		0.171299		0.211071
1.141		0.171197		0.21094
1.142		0.171095		0.210809
1.143		0.170993		0.210679
1.144		0.170891		0.210549
1.145		0.17079		0.210418
1.146		0.170688		0.210288
1.147		0.170587		0.210158
1.148		0.170486		0.210029
1.149		0.170384		0.209899
1.15		0.170283		0.209769
1.151		0.170182		0.20964
1.152		0.170081		0.209511
1.153		0.169981		0.209382
1.154		0.16988		0.209253
1.155		0.169779		0.209124
1.156		0.169679		0.208996
1.157		0.169579		0.208867
1.158		0.169478		0.208739
1.159		0.169378		0.208611
1.16		0.169278		0.208483
1.161		0.169178		0.208355
1.162		0.169078		0.208227
1.163		0.168979		0.2081
1.164		0.168879		0.207972
1.165		0.168779		0.207845
1.166		0.16868		0.207718
1.167		0.168581		0.207591
1.168		0.168481		0.207464
1.169		0.168382		0.207337
1.17		0.168283		0.20721
1.171		0.168184		0.207084
1.172		0.168085		0.206958
1.173		0.167987		0.206831
1.174		0.167888		0.206705
1.175		0.16779		0.206579
1.176		0.167691		0.206454
1.177		0.167593		0.206328
1.178		0.167495		0.206203
1.179		0.167397		0.206077
1.18		0.167299		0.205952
1.181		0.167201		0.205827
1.182		0.167103		0.205702
1.183		0.167005		0.205577
1.184		0.166908		0.205453
1.185		0.16681		0.205328
1.186		0.166713		0.205204
1.187		0.166615		0.20508
1.188		0.166518		0.204955
1.189		0.166421		0.204832
1.19		0.166324		0.204708
1.191		0.166227		0.204584
1.192		0.16613		0.20446
1.193		0.166034		0.204337
1.194		0.165937		0.204214
1.195		0.165841		0.204091
1.196		0.165744		0.203968
1.197		0.165648		0.203845
1.198		0.165552		0.203722
1.199		0.165456		0.2036
1.2		0.16536		0.203477
1.201		0.165264		0.203355
1.202		0.165168		0.203233
1.203		0.165072		0.203111
1.204		0.164976		0.202989
1.205		0.164881		0.202867
1.206		0.164786		0.202745
1.207		0.16469		0.202624
1.208		0.164595		0.202502
1.209		0.1645		0.202381
1.21		0.164405		0.20226
1.211		0.16431		0.202139
1.212		0.164215		0.202018
1.213		0.16412		0.201897
1.214		0.164026		0.201777
1.215		0.163931		0.201656
1.216		0.163837		0.201536
1.217		0.163742		0.201416
1.218		0.163648		0.201296
1.219		0.163554		0.201176
1.22		0.16346		0.201056
1.221		0.163366		0.200936
1.222		0.163272		0.200817
1.223		0.163178		0.200698
1.224		0.163085		0.200578
1.225		0.162991		0.200459
1.226		0.162897		0.20034
1.227		0.162804		0.200221
1.228		0.162711		0.200103
1.229		0.162618		0.199984
1.23		0.162524		0.199865
1.231		0.162431		0.199747
1.232		0.162339		0.199629
1.233		0.162246		0.199511
1.234		0.162153		0.199393
1.235		0.16206		0.199275
1.236		0.161968		0.199157
1.237		0.161875		0.19904
1.238		0.161783		0.198922
1.239		0.161691		0.198805
1.24		0.161599		0.198688
1.241		0.161506		0.198571
1.242		0.161414		0.198454
1.243		0.161323		0.198337
1.244		0.161231		0.19822
1.245		0.161139		0.198104
1.246		0.161047		0.197987
1.247		0.160956		0.197871
1.248		0.160865		0.197755
1.249		0.160773		0.197639
1.25		0.160682		0.197523
1.251		0.160591		0.197407
1.252		0.1605		0.197291
1.253		0.160409		0.197176
1.254		0.160318		0.19706
1.255		0.160227		0.196945
1.256		0.160136		0.19683
1.257		0.160046		0.196715
1.258		0.159955		0.1966
1.259		0.159865		0.196485
1.26		0.159775		0.19637
1.261		0.159684		0.196256
1.262		0.159594		0.196141
1.263		0.159504		0.196027
1.264		0.159414		0.195913
1.265		0.159324		0.195799
1.266		0.159235		0.195685
1.267		0.159145		0.195571
1.268		0.159055		0.195457
1.269		0.158966		0.195343
1.27		0.158876		0.19523
1.271		0.158787		0.195117
1.272		0.158698		0.195003
1.273		0.158609		0.19489
1.274		0.15852		0.194777
1.275		0.158431		0.194665
1.276		0.158342		0.194552
1.277		0.158253		0.194439
1.278		0.158164		0.194327
1.279		0.158076		0.194214
1.28		0.157987		0.194102
1.281		0.157899		0.19399
1.282		0.15781		0.193878
1.283		0.157722		0.193766
1.284		0.157634		0.193654
1.285		0.157546		0.193543
1.286		0.157458		0.193431
1.287		0.15737		0.19332
1.288		0.157282		0.193208
1.289		0.157194		0.193097
1.29		0.157107		0.192986
1.291		0.157019		0.192875
1.292		0.156932		0.192764
1.293		0.156844		0.192654
1.294		0.156757		0.192543
1.295		0.15667		0.192433
1.296		0.156583		0.192322
1.297		0.156496		0.192212
1.298		0.156409		0.192102
1.299		0.156322		0.191992
1.3		0.156235		0.191882
1.301		0.156148		0.191772
1.302		0.156062		0.191663
1.303		0.155975		0.191553
1.304		0.155889		0.191444
1.305		0.155803		0.191334
1.306		0.155716		0.191225
1.307		0.15563		0.191116
1.308		0.155544		0.191007
1.309		0.155458		0.190898
1.31		0.155372		0.19079
1.311		0.155286		0.190681
1.312		0.155201		0.190572
1.313		0.155115		0.190464
1.314		0.155029		0.190356
1.315		0.154944		0.190248
1.316		0.154859		0.19014
1.317		0.154773		0.190032
1.318		0.154688		0.189924
1.319		0.154603		0.189816
1.32		0.154518		0.189709
1.321		0.154433		0.189601
1.322		0.154348		0.189494
1.323		0.154263		0.189387
1.324		0.154178		0.189279
1.325		0.154094		0.189172
1.326		0.154009		0.189066
1.327		0.153925		0.188959
1.328		0.15384		0.188852
1.329		0.153756		0.188745
1.33		0.153672		0.188639
1.331		0.153588		0.188533
1.332		0.153504		0.188426
1.333		0.15342		0.18832
1.334		0.153336		0.188214
1.335		0.153252		0.188108
1.336		0.153168		0.188003
1.337		0.153085		0.187897
1.338		0.153001		0.187791
1.339		0.152917		0.187686
1.34		0.152834		0.187581
1.341		0.152751		0.187475
1.342		0.152668		0.18737
1.343		0.152584		0.187265
1.344		0.152501		0.18716
1.345		0.152418		0.187055
1.346		0.152335		0.186951
1.347		0.152253		0.186846
1.348		0.15217		0.186742
1.349		0.152087		0.186637
1.35		0.152005		0.186533
1.351		0.151922		0.186429
1.352		0.15184		0.186325
1.353		0.151757		0.186221
1.354		0.151675		0.186117
1.355		0.151593		0.186013
1.356		0.151511		0.18591
1.357		0.151429		0.185806
1.358		0.151347		0.185703
1.359		0.151265		0.1856
1.36		0.151183		0.185496
1.361		0.151102		0.185393
1.362		0.15102		0.18529
1.363		0.150938		0.185188
1.364		0.150857		0.185085
1.365		0.150776		0.184982
1.366		0.150694		0.18488
1.367		0.150613		0.184777
1.368		0.150532		0.184675
1.369		0.150451		0.184573
1.37		0.15037		0.184471
1.371		0.150289		0.184369
1.372		0.150208		0.184267
1.373		0.150127		0.184165
1.374		0.150047		0.184063
1.375		0.149966		0.183962
1.376		0.149886		0.18386
1.377		0.149805		0.183759
1.378		0.149725		0.183657
1.379		0.149645		0.183556
1.38		0.149564		0.183455
1.381		0.149484		0.183354
1.382		0.149404		0.183253
1.383		0.149324		0.183153
1.384		0.149245		0.183052
1.385		0.149165		0.182951
1.386		0.149085		0.182851
1.387		0.149005		0.182751
1.388		0.148926		0.18265
1.389		0.148846		0.18255
1.39		0.148767		0.18245
1.391		0.148688		0.18235
1.392		0.148608		0.18225
1.393		0.148529		0.182151
1.394		0.14845		0.182051
1.395		0.148371		0.181952
1.396		0.148292		0.181852
1.397		0.148213		0.181753
1.398		0.148134		0.181654
1.399		0.148056		0.181554
1.4		0.147977		0.181455
1.401		0.147898		0.181357
1.402		0.14782		0.181258
1.403		0.147741		0.181159
1.404		0.147663		0.18106
1.405		0.147585		0.180962
1.406		0.147507		0.180863
1.407		0.147429		0.180765
1.408		0.14735		0.180667
1.409		0.147272		0.180569
1.41		0.147195		0.180471
1.411		0.147117		0.180373
1.412		0.147039		0.180275
1.413		0.146961		0.180177
1.414		0.146884		0.18008
1.415		0.146806		0.179982
1.416		0.146729		0.179885
1.417		0.146651		0.179787
1.418		0.146574		0.17969
1.419		0.146497		0.179593
1.42		0.14642		0.179496
1.421		0.146343		0.179399
1.422		0.146266		0.179302
1.423		0.146189		0.179206
1.424		0.146112		0.179109
1.425		0.146035		0.179012
1.426		0.145958		0.178916
1.427		0.145882		0.17882
1.428		0.145805		0.178723
1.429		0.145729		0.178627
1.43		0.145652		0.178531
1.431		0.145576		0.178435
1.432		0.1455		0.178339
1.433		0.145424		0.178244
1.434		0.145347		0.178148
1.435		0.145271		0.178052
1.436		0.145195		0.177957
1.437		0.14512		0.177862
1.438		0.145044		0.177766
1.439		0.144968		0.177671
1.44		0.144892		0.177576
1.441		0.144817		0.177481
1.442		0.144741		0.177386
1.443		0.144666		0.177291
1.444		0.14459		0.177197
1.445		0.144515		0.177102
1.446		0.14444		0.177008
1.447		0.144365		0.176913
1.448		0.144289		0.176819
1.449		0.144214		0.176725
1.45		0.144139		0.17663
1.451		0.144065		0.176536
1.452		0.14399		0.176442
1.453		0.143915		0.176349
1.454		0.14384		0.176255
1.455		0.143766		0.176161
1.456		0.143691		0.176068
1.457		0.143617		0.175974
1.458		0.143542		0.175881
1.459		0.143468		0.175787
1.46		0.143394		0.175694
1.461		0.14332		0.175601
1.462		0.143245		0.175508
1.463		0.143171		0.175415
1.464		0.143097		0.175322
1.465		0.143024		0.17523
1.466		0.14295		0.175137
1.467		0.142876		0.175044
1.468		0.142802		0.174952
1.469		0.142729		0.17486
1.47		0.142655		0.174767
1.471		0.142582		0.174675
1.472		0.142508		0.174583
1.473		0.142435		0.174491
1.474		0.142362		0.174399
1.475		0.142288		0.174307
1.476		0.142215		0.174216
1.477		0.142142		0.174124
1.478		0.142069		0.174032
1.479		0.141996		0.173941
1.48		0.141923		0.17385
1.481		0.141851		0.173758
1.482		0.141778		0.173667
1.483		0.141705		0.173576
1.484		0.141633		0.173485
1.485		0.14156		0.173394
1.486		0.141488		0.173303
1.487		0.141415		0.173212
1.488		0.141343		0.173122
1.489		0.141271		0.173031
1.49		0.141198		0.172941
1.491		0.141126		0.17285
1.492		0.141054		0.17276
1.493		0.140982		0.17267
1.494		0.14091		0.17258
1.495		0.140839		0.17249
1.496		0.140767		0.1724
1.497		0.140695		0.17231
1.498		0.140623		0.17222
1.499		0.140552		0.172131
1.5		0.14048		0.172041
1.501		0.140409		0.171951
1.502		0.140338		0.171862
1.503		0.140266		0.171773
1.504		0.140195		0.171683
1.505		0.140124		0.171594
1.506		0.140053		0.171505
1.507		0.139982		0.171416
1.508		0.139911		0.171327
1.509		0.13984		0.171239
1.51		0.139769		0.17115
1.511		0.139698		0.171061
1.512		0.139628		0.170973
1.513		0.139557		0.170884
1.514		0.139486		0.170796
1.515		0.139416		0.170708
1.516		0.139345		0.170619
1.517		0.139275		0.170531
1.518		0.139205		0.170443
1.519		0.139134		0.170355
1.52		0.139064		0.170267
1.521		0.138994		0.17018
1.522		0.138924		0.170092
1.523		0.138854		0.170004
1.524		0.138784		0.169917
1.525		0.138714		0.16983
1.526		0.138645		0.169742
1.527		0.138575		0.169655
1.528		0.138505		0.169568
1.529		0.138436		0.169481
1.53		0.138366		0.169394
1.531		0.138297		0.169307
1.532		0.138227		0.16922
1.533		0.138158		0.169133
1.534		0.138089		0.169046
1.535		0.138019		0.16896
1.536		0.13795		0.168873
1.537		0.137881		0.168787
1.538		0.137812		0.168701
1.539		0.137743		0.168614
1.54		0.137674		0.168528
1.541		0.137605		0.168442
1.542		0.137537		0.168356
1.543		0.137468		0.16827
1.544		0.137399		0.168184
1.545		0.137331		0.168099
1.546		0.137262		0.168013
1.547		0.137194		0.167927
1.548		0.137125		0.167842
1.549		0.137057		0.167756
1.55		0.136989		0.167671
1.551		0.136921		0.167586
1.552		0.136853		0.167501
1.553		0.136785		0.167416
1.554		0.136717		0.167331
1.555		0.136649		0.167246
1.556		0.136581		0.167161
1.557		0.136513		0.167076
1.558		0.136445		0.166991
1.559		0.136377		0.166907
1.56		0.13631		0.166822
1.561		0.136242		0.166738
1.562		0.136175		0.166653
1.563		0.136107		0.166569
1.564		0.13604		0.166485
1.565		0.135973		0.166401
1.566		0.135905		0.166317
1.567		0.135838		0.166233
1.568		0.135771		0.166149
1.569		0.135704		0.166065
1.57		0.135637		0.165981
1.571		0.13557		0.165898
1.572		0.135503		0.165814
1.573		0.135436		0.165731
1.574		0.135369		0.165647
1.575		0.135303		0.165564
1.576		0.135236		0.165481
1.577		0.13517		0.165398
1.578		0.135103		0.165315
1.579		0.135037		0.165232
1.58		0.13497		0.165149
1.581		0.134904		0.165066
1.582		0.134838		0.164983
1.583		0.134771		0.1649
1.584		0.134705		0.164818
1.585		0.134639		0.164735
1.586		0.134573		0.164653
1.587		0.134507		0.16457
1.588		0.134441		0.164488
1.589		0.134375		0.164406
1.59		0.134309		0.164324
1.591		0.134244		0.164242
1.592		0.134178		0.16416
1.593		0.134112		0.164078
1.594		0.134047		0.163996
1.595		0.133981		0.163914
1.596		0.133916		0.163833
1.597		0.133851		0.163751
1.598		0.133785		0.163669
1.599		0.13372		0.163588
1.6		0.133655		0.163507
1.601		0.13359		0.163425
1.602		0.133525		0.163344
1.603		0.13346		0.163263
1.604		0.133395		0.163182
1.605		0.13333		0.163101
1.606		0.133265		0.16302
1.607		0.1332		0.162939
1.608		0.133135		0.162858
1.609		0.133071		0.162778
1.61		0.133006		0.162697
1.611		0.132941		0.162617
1.612		0.132877		0.162536
1.613		0.132812		0.162456
1.614		0.132748		0.162376
1.615		0.132684		0.162295
1.616		0.13262		0.162215
1.617		0.132555		0.162135
1.618		0.132491		0.162055
1.619		0.132427		0.161975
1.62		0.132363		0.161895
1.621		0.132299		0.161815
1.622		0.132235		0.161736
1.623		0.132171		0.161656
1.624		0.132107		0.161577
1.625		0.132044		0.161497
1.626		0.13198		0.161418
1.627		0.131916		0.161338
1.628		0.131853		0.161259
1.629		0.131789		0.16118
1.63		0.131726		0.161101
1.631		0.131662		0.161022
1.632		0.131599		0.160943
1.633		0.131536		0.160864
1.634		0.131473		0.160785
1.635		0.131409		0.160706
1.636		0.131346		0.160628
1.637		0.131283		0.160549
1.638		0.13122		0.160471
1.639		0.131157		0.160392
1.64		0.131094		0.160314
1.641		0.131031		0.160236
1.642		0.130969		0.160157
1.643		0.130906		0.160079
1.644		0.130843		0.160001
1.645		0.130781		0.159923
1.646		0.130718		0.159845
1.647		0.130656		0.159767
1.648		0.130593		0.159689
1.649		0.130531		0.159612
1.65		0.130468		0.159534
1.651		0.130406		0.159456
1.652		0.130344		0.159379
1.653		0.130282		0.159302
1.654		0.13022		0.159224
1.655		0.130158		0.159147
1.656		0.130096		0.15907
1.657		0.130034		0.158992
1.658		0.129972		0.158915
1.659		0.12991		0.158838
1.66		0.129848		0.158761
1.661		0.129786		0.158685
1.662		0.129725		0.158608
1.663		0.129663		0.158531
1.664		0.129602		0.158454
1.665		0.12954		0.158378
1.666		0.129479		0.158301
1.667		0.129417		0.158225
1.668		0.129356		0.158149
1.669		0.129295		0.158072
1.67		0.129233		0.157996
1.671		0.129172		0.15792
1.672		0.129111		0.157844
1.673		0.12905		0.157768
1.674		0.128989		0.157692
1.675		0.128928		0.157616
1.676		0.128867		0.15754
1.677		0.128806		0.157464
1.678		0.128745		0.157389
1.679		0.128685		0.157313
1.68		0.128624		0.157237
1.681		0.128563		0.157162
1.682		0.128503		0.157087
1.683		0.128442		0.157011
1.684		0.128382		0.156936
1.685		0.128321		0.156861
1.686		0.128261		0.156786
1.687		0.128201		0.156711
1.688		0.12814		0.156636
1.689		0.12808		0.156561
1.69		0.12802		0.156486
1.691		0.12796		0.156411
1.692		0.1279		0.156336
1.693		0.12784		0.156262
1.694		0.12778		0.156187
1.695		0.12772		0.156113
1.696		0.12766		0.156038
1.697		0.1276		0.155964
1.698		0.127541		0.15589
1.699		0.127481		0.155815
1.7		0.127421		0.155741
1.701		0.127362		0.155667
1.702		0.127302		0.155593
1.703		0.127243		0.155519
1.704		0.127183		0.155445
1.705		0.127124		0.155371
1.706		0.127064		0.155298
1.707		0.127005		0.155224
1.708		0.126946		0.15515
1.709		0.126887		0.155077
1.71		0.126828		0.155003
1.711		0.126769		0.15493
1.712		0.12671		0.154856
1.713		0.126651		0.154783
1.714		0.126592		0.15471
1.715		0.126533		0.154637
1.716		0.126474		0.154563
1.717		0.126415		0.15449
1.718		0.126357		0.154417
1.719		0.126298		0.154345
1.72		0.126239		0.154272
1.721		0.126181		0.154199
1.722		0.126122		0.154126
1.723		0.126064		0.154054
1.724		0.126005		0.153981
1.725		0.125947		0.153909
1.726		0.125889		0.153836
1.727		0.125831		0.153764
1.728		0.125772		0.153691
1.729		0.125714		0.153619
1.73		0.125656		0.153547
1.731		0.125598		0.153475
1.732		0.12554		0.153403
1.733		0.125482		0.153331
1.734		0.125424		0.153259
1.735		0.125366		0.153187
1.736		0.125309		0.153115
1.737		0.125251		0.153043
1.738		0.125193		0.152972
1.739		0.125136		0.1529
1.74		0.125078		0.152829
1.741		0.12502		0.152757
1.742		0.124963		0.152686
1.743		0.124905		0.152614
1.744		0.124848		0.152543
1.745		0.124791		0.152472
1.746		0.124733		0.152401
1.747		0.124676		0.15233
1.748		0.124619		0.152258
1.749		0.124562		0.152188
1.75		0.124505		0.152117
1.751		0.124448		0.152046
1.752		0.124391		0.151975
1.753		0.124334		0.151904
1.754		0.124277		0.151834
1.755		0.12422		0.151763
1.756		0.124163		0.151692
1.757		0.124106		0.151622
1.758		0.12405		0.151552
1.759		0.123993		0.151481
1.76		0.123936		0.151411
1.761		0.12388		0.151341
1.762		0.123823		0.151271
1.763		0.123767		0.151201
1.764		0.123711		0.15113
1.765		0.123654		0.151061
1.766		0.123598		0.150991
1.767		0.123542		0.150921
1.768		0.123485		0.150851
1.769		0.123429		0.150781
1.77		0.123373		0.150712
1.771		0.123317		0.150642
1.772		0.123261		0.150572
1.773		0.123205		0.150503
1.774		0.123149		0.150434
1.775		0.123093		0.150364
1.776		0.123037		0.150295
1.777		0.122982		0.150226
1.778		0.122926		0.150157
1.779		0.12287		0.150087
1.78		0.122814		0.150018
1.781		0.122759		0.149949
1.782		0.122703		0.14988
1.783		0.122648		0.149812
1.784		0.122592		0.149743
1.785		0.122537		0.149674
1.786		0.122482		0.149605
1.787		0.122426		0.149537
1.788		0.122371		0.149468
1.789		0.122316		0.1494
1.79		0.122261		0.149331
1.791		0.122205		0.149263
1.792		0.12215		0.149194
1.793		0.122095		0.149126
1.794		0.12204		0.149058
1.795		0.121985		0.14899
1.796		0.121931		0.148922
1.797		0.121876		0.148854
1.798		0.121821		0.148786
1.799		0.121766		0.148718
1.8		0.121711		0.14865
1.801		0.121657		0.148582
1.802		0.121602		0.148515
1.803		0.121548		0.148447
1.804		0.121493		0.148379
1.805		0.121439		0.148312
1.806		0.121384		0.148244
1.807		0.12133		0.148177
1.808		0.121275		0.148109
1.809		0.121221		0.148042
1.81		0.121167		0.147975
1.811		0.121113		0.147908
1.812		0.121059		0.14784
1.813		0.121005		0.147773
1.814		0.12095		0.147706
1.815		0.120896		0.147639
1.816		0.120842		0.147572
1.817		0.120789		0.147506
1.818		0.120735		0.147439
1.819		0.120681		0.147372
1.82		0.120627		0.147305
1.821		0.120573		0.147239
1.822		0.12052		0.147172
1.823		0.120466		0.147106
1.824		0.120412		0.147039
1.825		0.120359		0.146973
1.826		0.120305		0.146907
1.827		0.120252		0.14684
1.828		0.120198		0.146774
1.829		0.120145		0.146708
1.83		0.120092		0.146642
1.831		0.120038		0.146576
1.832		0.119985		0.14651
1.833		0.119932		0.146444
1.834		0.119879		0.146378
1.835		0.119826		0.146312
1.836		0.119773		0.146246
1.837		0.11972		0.146181
1.838		0.119667		0.146115
1.839		0.119614		0.146049
1.84		0.119561		0.145984
1.841		0.119508		0.145918
1.842		0.119455		0.145853
1.843		0.119402		0.145788
1.844		0.11935		0.145722
1.845		0.119297		0.145657
1.846		0.119244		0.145592
1.847		0.119192		0.145527
1.848		0.119139		0.145462
1.849		0.119087		0.145397
1.85		0.119034		0.145332
1.851		0.118982		0.145267
1.852		0.118929		0.145202
1.853		0.118877		0.145137
1.854		0.118825		0.145072
1.855		0.118773		0.145008
1.856		0.11872		0.144943
1.857		0.118668		0.144878
1.858		0.118616		0.144814
1.859		0.118564		0.144749
1.86		0.118512		0.144685
1.861		0.11846		0.144621
1.862		0.118408		0.144556
1.863		0.118356		0.144492
1.864		0.118304		0.144428
1.865		0.118253		0.144364
1.866		0.118201		0.1443
1.867		0.118149		0.144236
1.868		0.118098		0.144172
1.869		0.118046		0.144108
1.87		0.117994		0.144044
1.871		0.117943		0.14398
1.872		0.117891		0.143916
1.873		0.11784		0.143853
1.874		0.117788		0.143789
1.875		0.117737		0.143725
1.876		0.117686		0.143662
1.877		0.117634		0.143598
1.878		0.117583		0.143535
1.879		0.117532		0.143472
1.88		0.117481		0.143408
1.881		0.11743		0.143345
1.882		0.117379		0.143282
1.883		0.117328		0.143219
1.884		0.117277		0.143155
1.885		0.117226		0.143092
1.886		0.117175		0.143029
1.887		0.117124		0.142966
1.888		0.117073		0.142904
1.889		0.117022		0.142841
1.89		0.116972		0.142778
1.891		0.116921		0.142715
1.892		0.11687		0.142652
1.893		0.11682		0.14259
1.894		0.116769		0.142527
1.895		0.116718		0.142465
1.896		0.116668		0.142402
1.897		0.116618		0.14234
1.898		0.116567		0.142277
1.899		0.116517		0.142215
1.9		0.116466		0.142153
1.901		0.116416		0.142091
1.902		0.116366		0.142028
1.903		0.116316		0.141966
1.904		0.116266		0.141904
1.905		0.116215		0.141842
1.906		0.116165		0.14178
1.907		0.116115		0.141718
1.908		0.116065		0.141657
1.909		0.116015		0.141595
1.91		0.115965		0.141533
1.911		0.115916		0.141471
1.912		0.115866		0.14141
1.913		0.115816		0.141348
1.914		0.115766		0.141287
1.915		0.115716		0.141225
1.916		0.115667		0.141164
1.917		0.115617		0.141102
1.918		0.115568		0.141041
1.919		0.115518		0.14098
1.92		0.115469		0.140918
1.921		0.115419		0.140857
1.922		0.11537		0.140796
1.923		0.11532		0.140735
1.924		0.115271		0.140674
1.925		0.115222		0.140613
1.926		0.115172		0.140552
1.927		0.115123		0.140491
1.928		0.115074		0.14043
1.929		0.115025		0.14037
1.93		0.114976		0.140309
1.931		0.114927		0.140248
1.932		0.114878		0.140188
1.933		0.114829		0.140127
1.934		0.11478		0.140067
1.935		0.114731		0.140006
1.936		0.114682		0.139946
1.937		0.114633		0.139885
1.938		0.114584		0.139825
1.939		0.114536		0.139765
1.94		0.114487		0.139705
1.941		0.114438		0.139644
1.942		0.11439		0.139584
1.943		0.114341		0.139524
1.944		0.114292		0.139464
1.945		0.114244		0.139404
1.946		0.114195		0.139344
1.947		0.114147		0.139284
1.948		0.114099		0.139225
1.949		0.11405		0.139165
1.95		0.114002		0.139105
1.951		0.113954		0.139045
1.952		0.113905		0.138986
1.953		0.113857		0.138926
1.954		0.113809		0.138867
1.955		0.113761		0.138807
1.956		0.113713		0.138748
1.957		0.113665		0.138688
1.958		0.113617		0.138629
1.959		0.113569		0.13857
1.96		0.113521		0.138511
1.961		0.113473		0.138451
1.962		0.113425		0.138392
1.963		0.113377		0.138333
1.964		0.11333		0.138274
1.965		0.113282		0.138215
1.966		0.113234		0.138156
1.967		0.113186		0.138097
1.968		0.113139		0.138039
1.969		0.113091		0.13798
1.97		0.113044		0.137921
1.971		0.112996		0.137862
1.972		0.112949		0.137804
1.973		0.112901		0.137745
1.974		0.112854		0.137687
1.975		0.112806		0.137628
1.976		0.112759		0.13757
1.977		0.112712		0.137511
1.978		0.112665		0.137453
1.979		0.112617		0.137394
1.98		0.11257		0.137336
1.981		0.112523		0.137278
1.982		0.112476		0.13722
1.983		0.112429		0.137162
1.984		0.112382		0.137104
1.985		0.112335		0.137046
1.986		0.112288		0.136988
1.987		0.112241		0.13693
1.988		0.112194		0.136872
1.989		0.112147		0.136814
1.99		0.112101		0.136756
1.991		0.112054		0.136698
1.992		0.112007		0.136641
1.993		0.111961		0.136583
1.994		0.111914		0.136526
1.995		0.111867		0.136468
1.996		0.111821		0.13641
1.997		0.111774		0.136353
1.998		0.111728		0.136296
1.999		0.111681		0.136238
2		0.111635		0.136181
2.001		0.111588		0.136124
2.002		0.111542		0.136066
2.003		0.111496		0.136009
2.004		0.111449		0.135952
2.005		0.111403		0.135895
2.006		0.111357		0.135838
2.007		0.111311		0.135781
2.008		0.111265		0.135724
2.009		0.111219		0.135667
2.01		0.111173		0.13561
2.011		0.111127		0.135553
2.012		0.111081		0.135497
2.013		0.111035		0.13544
2.014		0.110989		0.135383
2.015		0.110943		0.135327
2.016		0.110897		0.13527
2.017		0.110851		0.135214
2.018		0.110805		0.135157
2.019		0.11076		0.135101
2.02		0.110714		0.135044
2.021		0.110668		0.134988
2.022		0.110623		0.134932
2.023		0.110577		0.134875
2.024		0.110532		0.134819
2.025		0.110486		0.134763
2.026		0.110441		0.134707
2.027		0.110395		0.134651
2.028		0.11035		0.134595
2.029		0.110304		0.134539
2.03		0.110259		0.134483
2.031		0.110214		0.134427
2.032		0.110169		0.134371
2.033		0.110123		0.134315
2.034		0.110078		0.134259
2.035		0.110033		0.134204
2.036		0.109988		0.134148
2.037		0.109943		0.134092
2.038		0.109898		0.134037
2.039		0.109853		0.133981
2.04		0.109808		0.133926
2.041		0.109763		0.13387
2.042		0.109718		0.133815
2.043		0.109673		0.133759
2.044		0.109628		0.133704
2.045		0.109583		0.133649
2.046		0.109539		0.133594
2.047		0.109494		0.133538
2.048		0.109449		0.133483
2.049		0.109405		0.133428
2.05		0.10936		0.133373
2.051		0.109315		0.133318
2.052		0.109271		0.133263
2.053		0.109226		0.133208
2.054		0.109182		0.133153
2.055		0.109137		0.133098
2.056		0.109093		0.133044
2.057		0.109048		0.132989
2.058		0.109004		0.132934
2.059		0.10896		0.13288
2.06		0.108915		0.132825
2.061		0.108871		0.13277
2.062		0.108827		0.132716
2.063		0.108783		0.132661
2.064		0.108739		0.132607
2.065		0.108695		0.132552
2.066		0.108651		0.132498
2.067		0.108606		0.132444
2.068		0.108562		0.13239
2.069		0.108519		0.132335
2.07		0.108475		0.132281
2.071		0.108431		0.132227
2.072		0.108387		0.132173
2.073		0.108343		0.132119
2.074		0.108299		0.132065
2.075		0.108255		0.132011
2.076		0.108212		0.131957
2.077		0.108168		0.131903
2.078		0.108124		0.131849
2.079		0.108081		0.131795
2.08		0.108037		0.131742
2.081		0.107993		0.131688
2.082		0.10795		0.131634
2.083		0.107906		0.131581
2.084		0.107863		0.131527
2.085		0.10782		0.131473
2.086		0.107776		0.13142
2.087		0.107733		0.131366
2.088		0.107689		0.131313
2.089		0.107646		0.13126
2.09		0.107603		0.131206
2.091		0.10756		0.131153
2.092		0.107516		0.1311
2.093		0.107473		0.131047
2.094		0.10743		0.130993
2.095		0.107387		0.13094
2.096		0.107344		0.130887
2.097		0.107301		0.130834
2.098		0.107258		0.130781
2.099		0.107215		0.130728
2.1		0.107172		0.130675
2.101		0.107129		0.130622
2.102		0.107086		0.130569
2.103		0.107043		0.130517
2.104		0.107001		0.130464
2.105		0.106958		0.130411
2.106		0.106915		0.130359
2.107		0.106872		0.130306
2.108		0.10683		0.130253
2.109		0.106787		0.130201
2.11		0.106745		0.130148
2.111		0.106702		0.130096
2.112		0.106659		0.130043
2.113		0.106617		0.129991
2.114		0.106574		0.129939
2.115		0.106532		0.129886
2.116		0.10649		0.129834
2.117		0.106447		0.129782
2.118		0.106405		0.12973
2.119		0.106363		0.129678
2.12		0.10632		0.129625
2.121		0.106278		0.129573
2.122		0.106236		0.129521
2.123		0.106194		0.129469
2.124		0.106151		0.129417
2.125		0.106109		0.129366
2.126		0.106067		0.129314
2.127		0.106025		0.129262
2.128		0.105983		0.12921
2.129		0.105941		0.129158
2.13		0.105899		0.129107
2.131		0.105857		0.129055
2.132		0.105815		0.129003
2.133		0.105774		0.128952
2.134		0.105732		0.1289
2.135		0.10569		0.128849
2.136		0.105648		0.128797
2.137		0.105606		0.128746
2.138		0.105565		0.128694
2.139		0.105523		0.128643
2.14		0.105481		0.128592
2.141		0.10544		0.128541
2.142		0.105398		0.128489
2.143		0.105357		0.128438
2.144		0.105315		0.128387
2.145		0.105274		0.128336
2.146		0.105232		0.128285
2.147		0.105191		0.128234
2.148		0.105149		0.128183
2.149		0.105108		0.128132
2.15		0.105067		0.128081
2.151		0.105025		0.12803
2.152		0.104984		0.127979
2.153		0.104943		0.127929
2.154		0.104902		0.127878
2.155		0.104861		0.127827
2.156		0.104819		0.127776
2.157		0.104778		0.127726
2.158		0.104737		0.127675
2.159		0.104696		0.127625
2.16		0.104655		0.127574
2.161		0.104614		0.127524
2.162		0.104573		0.127473
2.163		0.104532		0.127423
2.164		0.104491		0.127372
2.165		0.104451		0.127322
2.166		0.10441		0.127272
2.167		0.104369		0.127222
2.168		0.104328		0.127171
2.169		0.104287		0.127121
2.17		0.104247		0.127071
2.171		0.104206		0.127021
2.172		0.104165		0.126971
2.173		0.104125		0.126921
2.174		0.104084		0.126871
2.175		0.104044		0.126821
2.176		0.104003		0.126771
2.177		0.103963		0.126721
2.178		0.103922		0.126672
2.179		0.103882		0.126622
2.18		0.103841		0.126572
2.181		0.103801		0.126522
2.182		0.103761		0.126473
2.183		0.10372		0.126423
2.184		0.10368		0.126373
2.185		0.10364		0.126324
2.186		0.103599		0.126274
2.187		0.103559		0.126225
2.188		0.103519		0.126175
2.189		0.103479		0.126126
2.19		0.103439		0.126077
2.191		0.103399		0.126027
2.192		0.103359		0.125978
2.193		0.103319		0.125929
2.194		0.103279		0.12588
2.195		0.103239		0.12583
2.196		0.103199		0.125781
2.197		0.103159		0.125732
2.198		0.103119		0.125683
2.199		0.103079		0.125634
2.2		0.103039		0.125585
2.201		0.103		0.125536
2.202		0.10296		0.125487
2.203		0.10292		0.125438
2.204		0.102881		0.125389
2.205		0.102841		0.125341
2.206		0.102801		0.125292
2.207		0.102762		0.125243
2.208		0.102722		0.125194
2.209		0.102683		0.125146
2.21		0.102643		0.125097
2.211		0.102604		0.125048
2.212		0.102564		0.125
2.213		0.102525		0.124951
2.214		0.102485		0.124903
2.215		0.102446		0.124854
2.216		0.102407		0.124806
2.217		0.102367		0.124758
2.218		0.102328		0.124709
2.219		0.102289		0.124661
2.22		0.102249		0.124613
2.221		0.10221		0.124565
2.222		0.102171		0.124516
2.223		0.102132		0.124468
2.224		0.102093		0.12442
2.225		0.102054		0.124372
2.226		0.102015		0.124324
2.227		0.101976		0.124276
2.228		0.101937		0.124228
2.229		0.101898		0.12418
2.23		0.101859		0.124132
2.231		0.10182		0.124084
2.232		0.101781		0.124037
2.233		0.101742		0.123989
2.234		0.101703		0.123941
2.235		0.101665		0.123893
2.236		0.101626		0.123846
2.237		0.101587		0.123798
2.238		0.101548		0.12375
2.239		0.10151		0.123703
2.24		0.101471		0.123655
2.241		0.101433		0.123608
2.242		0.101394		0.12356
2.243		0.101355		0.123513
2.244		0.101317		0.123465
2.245		0.101278		0.123418
2.246		0.10124		0.123371
2.247		0.101201		0.123323
2.248		0.101163		0.123276
2.249		0.101125		0.123229
2.25		0.101086		0.123182
2.251		0.101048		0.123135
2.252		0.10101		0.123087
2.253		0.100971		0.12304
2.254		0.100933		0.122993
2.255		0.100895		0.122946
2.256		0.100857		0.122899
2.257		0.100818		0.122852
2.258		0.10078		0.122805
2.259		0.100742		0.122759
2.26		0.100704		0.122712
2.261		0.100666		0.122665
2.262		0.100628		0.122618
2.263		0.10059		0.122571
2.264		0.100552		0.122525
2.265		0.100514		0.122478
2.266		0.100476		0.122431
2.267		0.100438		0.122385
2.268		0.1004		0.122338
2.269		0.100363		0.122292
2.27		0.100325		0.122245
2.271		0.100287		0.122199
2.272		0.100249		0.122152
2.273		0.100212		0.122106
2.274		0.100174		0.12206
2.275		0.100136		0.122013
2.276		0.100098		0.121967
2.277		0.100061		0.121921
2.278		0.100023		0.121875
2.279		0.0999857		0.121828
2.28		0.0999482		0.121782
2.281		0.0999107		0.121736
2.282		0.0998732		0.12169
2.283		0.0998357		0.121644
2.284		0.0997983		0.121598
2.285		0.0997609		0.121552
2.286		0.0997235		0.121506
2.287		0.0996862		0.12146
2.288		0.0996489		0.121414
2.289		0.0996116		0.121368
2.29		0.0995743		0.121323
2.291		0.0995371		0.121277
2.292		0.0994999		0.121231
2.293		0.0994627		0.121185
2.294		0.0994255		0.12114
2.295		0.0993884		0.121094
2.296		0.0993513		0.121048
2.297		0.0993142		0.121003
2.298		0.0992772		0.120957
2.299		0.0992402		0.120912
2.3		0.0992032		0.120866
2.301		0.0991662		0.120821
2.302		0.0991292		0.120775
2.303		0.0990923		0.12073
2.304		0.0990554		0.120685
2.305		0.0990186		0.120639
2.306		0.0989817		0.120594
2.307		0.0989449		0.120549
2.308		0.0989081		0.120504
2.309		0.0988714		0.120458
2.31		0.0988346		0.120413
2.311		0.0987979		0.120368
2.312		0.0987613		0.120323
2.313		0.0987246		0.120278
2.314		0.098688		0.120233
2.315		0.0986514		0.120188
2.316		0.0986148		0.120143
2.317		0.0985783		0.120098
2.318		0.0985417		0.120053
2.319		0.0985053		0.120009
2.32		0.0984688		0.119964
2.321		0.0984323		0.119919
2.322		0.0983959		0.119874
2.323		0.0983595		0.119829
2.324		0.0983232		0.119785
2.325		0.0982868		0.11974
2.326		0.0982505		0.119695
2.327		0.0982142		0.119651
2.328		0.098178		0.119606
2.329		0.0981417		0.119562
2.33		0.0981055		0.119517
2.331		0.0980693		0.119473
2.332		0.0980332		0.119428
2.333		0.0979971		0.119384
2.334		0.0979609		0.11934
2.335		0.0979249		0.119295
2.336		0.0978888		0.119251
2.337		0.0978528		0.119207
2.338		0.0978168		0.119163
2.339		0.0977808		0.119118
2.34		0.0977448		0.119074
2.341		0.0977089		0.11903
2.342		0.097673		0.118986
2.343		0.0976371		0.118942
2.344		0.0976013		0.118898
2.345		0.0975655		0.118854
2.346		0.0975297		0.11881
2.347		0.0974939		0.118766
2.348		0.0974582		0.118722
2.349		0.0974224		0.118678
2.35		0.0973867		0.118634
2.351		0.0973511		0.11859
2.352		0.0973154		0.118547
2.353		0.0972798		0.118503
2.354		0.0972442		0.118459
2.355		0.0972086		0.118415
2.356		0.0971731		0.118372
2.357		0.0971376		0.118328
2.358		0.0971021		0.118284
2.359		0.0970666		0.118241
2.36		0.0970311		0.118197
2.361		0.0969957		0.118154
2.362		0.0969603		0.11811
2.363		0.096925		0.118067
2.364		0.0968896		0.118023
2.365		0.0968543		0.11798
2.366		0.096819		0.117937
2.367		0.0967837		0.117893
2.368		0.0967485		0.11785
2.369		0.0967133		0.117807
2.37		0.0966781		0.117764
2.371		0.0966429		0.11772
2.372		0.0966077		0.117677
2.373		0.0965726		0.117634
2.374		0.0965375		0.117591
2.375		0.0965025		0.117548
2.376		0.0964674		0.117505
2.377		0.0964324		0.117462
2.378		0.0963974		0.117419
2.379		0.0963624		0.117376
2.38		0.0963275		0.117333
2.381		0.0962925		0.11729
2.382		0.0962576		0.117247
2.383		0.0962228		0.117204
2.384		0.0961879		0.117162
2.385		0.0961531		0.117119
2.386		0.0961183		0.117076
2.387		0.0960835		0.117033
2.388		0.0960487		0.116991
2.389		0.096014		0.116948
2.39		0.0959793		0.116906
2.391		0.0959446		0.116863
2.392		0.09591		0.11682
2.393		0.0958753		0.116778
2.394		0.0958407		0.116735
2.395		0.0958061		0.116693
2.396		0.0957716		0.11665
2.397		0.0957371		0.116608
2.398		0.0957025		0.116566
2.399		0.0956681		0.116523
2.4		0.0956336		0.116481
2.401		0.0955992		0.116439
2.402		0.0955647		0.116396
2.403		0.0955303		0.116354
2.404		0.095496		0.116312
2.405		0.0954616		0.11627
2.406		0.0954273		0.116228
2.407		0.095393		0.116186
2.408		0.0953587		0.116144
2.409		0.0953245		0.116102
2.41		0.0952903		0.116059
2.411		0.0952561		0.116018
2.412		0.0952219		0.115976
2.413		0.0951877		0.115934
2.414		0.0951536		0.115892
2.415		0.0951195		0.11585
2.416		0.0950854		0.115808
2.417		0.0950514		0.115766
2.418		0.0950173		0.115724
2.419		0.0949833		0.115683
2.42		0.0949493		0.115641
2.421		0.0949154		0.115599
2.422		0.0948814		0.115558
2.423		0.0948475		0.115516
2.424		0.0948136		0.115474
2.425		0.0947798		0.115433
2.426		0.0947459		0.115391
2.427		0.0947121		0.11535
2.428		0.0946783		0.115308
2.429		0.0946445		0.115267
2.43		0.0946108		0.115225
2.431		0.094577		0.115184
2.432		0.0945433		0.115143
2.433		0.0945097		0.115101
2.434		0.094476		0.11506
2.435		0.0944424		0.115019
2.436		0.0944087		0.114977
2.437		0.0943752		0.114936
2.438		0.0943416		0.114895
2.439		0.094308		0.114854
2.44		0.0942745		0.114813
2.441		0.094241		0.114772
2.442		0.0942076		0.11473
2.443		0.0941741		0.114689
2.444		0.0941407		0.114648
2.445		0.0941073		0.114607
2.446		0.0940739		0.114566
2.447		0.0940405		0.114525
2.448		0.0940072		0.114485
2.449		0.0939739		0.114444
2.45		0.0939406		0.114403
2.451		0.0939073		0.114362
2.452		0.0938741		0.114321
2.453		0.0938409		0.11428
2.454		0.0938077		0.11424
2.455		0.0937745		0.114199
2.456		0.0937413		0.114158
2.457		0.0937082		0.114118
2.458		0.0936751		0.114077
2.459		0.093642		0.114036
2.46		0.093609		0.113996
2.461		0.0935759		0.113955
2.462		0.0935429		0.113915
2.463		0.0935099		0.113874
2.464		0.0934769		0.113834
2.465		0.093444		0.113793
2.466		0.0934111		0.113753
2.467		0.0933782		0.113713
2.468		0.0933453		0.113672
2.469		0.0933124		0.113632
2.47		0.0932796		0.113592
2.471		0.0932468		0.113551
2.472		0.093214		0.113511
2.473		0.0931812		0.113471
2.474		0.0931485		0.113431
2.475		0.0931157		0.113391
2.476		0.093083		0.113351
2.477		0.0930504		0.11331
2.478		0.0930177		0.11327
2.479		0.0929851		0.11323
2.48		0.0929524		0.11319
2.481		0.0929199		0.11315
2.482		0.0928873		0.11311
2.483		0.0928547		0.11307
2.484		0.0928222		0.113031
2.485		0.0927897		0.112991
2.486		0.0927572		0.112951
2.487		0.0927248		0.112911
2.488		0.0926923		0.112871
2.489		0.0926599		0.112831
2.49		0.0926275		0.112792
2.491		0.0925952		0.112752
2.492		0.0925628		0.112712
2.493		0.0925305		0.112673
2.494		0.0924982		0.112633
2.495		0.0924659		0.112593
2.496		0.0924336		0.112554
2.497		0.0924014		0.112514
2.498		0.0923692		0.112475
2.499		0.092337		0.112435
2.5		0.0923048		0.112396
2.501		0.0922727		0.112356
2.502		0.0922405		0.112317
2.503		0.0922084		0.112278
2.504		0.0921763		0.112238
2.505		0.0921443		0.112199
2.506		0.0921122		0.11216
2.507		0.0920802		0.11212
2.508		0.0920482		0.112081
2.509		0.0920162		0.112042
2.51		0.0919843		0.112003
2.511		0.0919524		0.111964
2.512		0.0919204		0.111924
2.513		0.0918885		0.111885
2.514		0.0918567		0.111846
2.515		0.0918248		0.111807
2.516		0.091793		0.111768
2.517		0.0917612		0.111729
2.518		0.0917294		0.11169
2.519		0.0916977		0.111651
2.52		0.0916659		0.111612
2.521		0.0916342		0.111573
2.522		0.0916025		0.111534
2.523		0.0915708		0.111496
2.524		0.0915392		0.111457
2.525		0.0915075		0.111418
2.526		0.0914759		0.111379
2.527		0.0914443		0.11134
2.528		0.0914127		0.111302
2.529		0.0913812		0.111263
2.53		0.0913497		0.111224
2.531		0.0913182		0.111186
2.532		0.0912867		0.111147
2.533		0.0912552		0.111109
2.534		0.0912238		0.11107
2.535		0.0911923		0.111031
2.536		0.0911609		0.110993
2.537		0.0911296		0.110954
2.538		0.0910982		0.110916
2.539		0.0910669		0.110878
2.54		0.0910355		0.110839
2.541		0.0910042		0.110801
2.542		0.090973		0.110762
2.543		0.0909417		0.110724
2.544		0.0909105		0.110686
2.545		0.0908793		0.110648
2.546		0.0908481		0.110609
2.547		0.0908169		0.110571
2.548		0.0907857		0.110533
2.549		0.0907546		0.110495
2.55		0.0907235		0.110457
2.551		0.0906924		0.110418
2.552		0.0906613		0.11038
2.553		0.0906303		0.110342
2.554		0.0905993		0.110304
2.555		0.0905683		0.110266
2.556		0.0905373		0.110228
2.557		0.0905063		0.11019
2.558		0.0904754		0.110152
2.559		0.0904444		0.110114
2.56		0.0904135		0.110077
2.561		0.0903827		0.110039
2.562		0.0903518		0.110001
2.563		0.090321		0.109963
2.564		0.0902901		0.109925
2.565		0.0902593		0.109888
2.566		0.0902286		0.10985
2.567		0.0901978		0.109812
2.568		0.0901671		0.109774
2.569		0.0901363		0.109737
2.57		0.0901056		0.109699
2.571		0.090075		0.109661
2.572		0.0900443		0.109624
2.573		0.0900137		0.109586
2.574		0.089983		0.109549
2.575		0.0899524		0.109511
2.576		0.0899219		0.109474
2.577		0.0898913		0.109436
2.578		0.0898608		0.109399
2.579		0.0898303		0.109362
2.58		0.0897998		0.109324
2.581		0.0897693		0.109287
2.582		0.0897388		0.109249
2.583		0.0897084		0.109212
2.584		0.089678		0.109175
2.585		0.0896476		0.109138
2.586		0.0896172		0.1091
2.587		0.0895869		0.109063
2.588		0.0895565		0.109026
2.589		0.0895262		0.108989
2.59		0.0894959		0.108952
2.591		0.0894656		0.108915
2.592		0.0894354		0.108878
2.593		0.0894051		0.10884
2.594		0.0893749		0.108803
2.595		0.0893447		0.108766
2.596		0.0893145		0.108729
2.597		0.0892844		0.108692
2.598		0.0892543		0.108656
2.599		0.0892241		0.108619
2.6		0.089194		0.108582
2.601		0.089164		0.108545
2.602		0.0891339		0.108508
2.603		0.0891039		0.108471
2.604		0.0890739		0.108434
2.605		0.0890439		0.108398
2.606		0.0890139		0.108361
2.607		0.0889839		0.108324
2.608		0.088954		0.108288
2.609		0.0889241		0.108251
2.61		0.0888942		0.108214
2.611		0.0888643		0.108178
2.612		0.0888344		0.108141
2.613		0.0888046		0.108104
2.614		0.0887748		0.108068
2.615		0.0887449		0.108031
2.616		0.0887152		0.107995
2.617		0.0886854		0.107958
2.618		0.0886557		0.107922
2.619		0.0886259		0.107886
2.62		0.0885962		0.107849
2.621		0.0885665		0.107813
2.622		0.0885369		0.107776
2.623		0.0885072		0.10774
2.624		0.0884776		0.107704
2.625		0.088448		0.107668
2.626		0.0884184		0.107631
2.627		0.0883888		0.107595
2.628		0.0883593		0.107559
2.629		0.0883298		0.107523
2.63		0.0883002		0.107486
2.631		0.0882707		0.10745
2.632		0.0882413		0.107414
2.633		0.0882118		0.107378
2.634		0.0881824		0.107342
2.635		0.088153		0.107306
2.636		0.0881236		0.10727
2.637		0.0880942		0.107234
2.638		0.0880648		0.107198
2.639		0.0880355		0.107162
2.64		0.0880062		0.107126
2.641		0.0879769		0.10709
2.642		0.0879476		0.107054
2.643		0.0879183		0.107019
2.644		0.0878891		0.106983
2.645		0.0878599		0.106947
2.646		0.0878306		0.106911
2.647		0.0878015		0.106875
2.648		0.0877723		0.10684
2.649		0.0877431		0.106804
2.65		0.087714		0.106768
2.651		0.0876849		0.106733
2.652		0.0876558		0.106697
2.653		0.0876267		0.106661
2.654		0.0875977		0.106626
2.655		0.0875686		0.10659
2.656		0.0875396		0.106555
2.657		0.0875106		0.106519
2.658		0.0874816		0.106484
2.659		0.0874527		0.106448
2.66		0.0874237		0.106413
2.661		0.0873948		0.106377
2.662		0.0873659		0.106342
2.663		0.087337		0.106306
2.664		0.0873081		0.106271
2.665		0.0872793		0.106236
2.666		0.0872505		0.1062
2.667		0.0872217		0.106165
2.668		0.0871929		0.10613
2.669		0.0871641		0.106095
2.67		0.0871353		0.106059
2.671		0.0871066		0.106024
2.672		0.0870779		0.105989
2.673		0.0870492		0.105954
2.674		0.0870205		0.105919
2.675		0.0869918		0.105884
2.676		0.0869632		0.105848
2.677		0.0869345		0.105813
2.678		0.0869059		0.105778
2.679		0.0868773		0.105743
2.68		0.0868488		0.105708
2.681		0.0868202		0.105673
2.682		0.0867917		0.105638
2.683		0.0867632		0.105604
2.684		0.0867347		0.105569
2.685		0.0867062		0.105534
2.686		0.0866777		0.105499
2.687		0.0866493		0.105464
2.688		0.0866208		0.105429
2.689		0.0865924		0.105394
2.69		0.086564		0.10536
2.691		0.0865357		0.105325
2.692		0.0865073		0.10529
2.693		0.086479		0.105255
2.694		0.0864507		0.105221
2.695		0.0864224		0.105186
2.696		0.0863941		0.105151
2.697		0.0863658		0.105117
2.698		0.0863376		0.105082
2.699		0.0863093		0.105048
2.7		0.0862811		0.105013
2.701		0.0862529		0.104979
2.702		0.0862248		0.104944
2.703		0.0861966		0.10491
2.704		0.0861685		0.104875
2.705		0.0861403		0.104841
2.706		0.0861122		0.104806
2.707		0.0860842		0.104772
2.708		0.0860561		0.104738
2.709		0.086028		0.104703
2.71		0.086		0.104669
2.711		0.085972		0.104635
2.712		0.085944		0.1046
2.713		0.085916		0.104566
2.714		0.0858881		0.104532
2.715		0.0858601		0.104498
2.716		0.0858322		0.104463
2.717		0.0858043		0.104429
2.718		0.0857764		0.104395
2.719		0.0857485		0.104361
2.72		0.0857207		0.104327
2.721		0.0856928		0.104293
2.722		0.085665		0.104259
2.723		0.0856372		0.104225
2.724		0.0856094		0.104191
2.725		0.0855817		0.104157
2.726		0.0855539		0.104123
2.727		0.0855262		0.104089
2.728		0.0854985		0.104055
2.729		0.0854708		0.104021
2.73		0.0854431		0.103987
2.731		0.0854155		0.103953
2.732		0.0853878		0.103919
2.733		0.0853602		0.103886
2.734		0.0853326		0.103852
2.735		0.085305		0.103818
2.736		0.0852774		0.103784
2.737		0.0852499		0.10375
2.738		0.0852223		0.103717
2.739		0.0851948		0.103683
2.74		0.0851673		0.103649
2.741		0.0851398		0.103616
2.742		0.0851123		0.103582
2.743		0.0850849		0.103548
2.744		0.0850575		0.103515
2.745		0.08503		0.103481
2.746		0.0850026		0.103448
2.747		0.0849753		0.103414
2.748		0.0849479		0.103381
2.749		0.0849205		0.103347
2.75		0.0848932		0.103314
2.751		0.0848659		0.10328
2.752		0.0848386		0.103247
2.753		0.0848113		0.103214
2.754		0.0847841		0.10318
2.755		0.0847568		0.103147
2.756		0.0847296		0.103114
2.757		0.0847024		0.10308
2.758		0.0846752		0.103047
2.759		0.084648		0.103014
2.76		0.0846208		0.10298
2.761		0.0845937		0.102947
2.762		0.0845666		0.102914
2.763		0.0845395		0.102881
2.764		0.0845124		0.102848
2.765		0.0844853		0.102814
2.766		0.0844582		0.102781
2.767		0.0844312		0.102748
2.768		0.0844042		0.102715
2.769		0.0843772		0.102682
2.77		0.0843502		0.102649
2.771		0.0843232		0.102616
2.772		0.0842963		0.102583
2.773		0.0842693		0.10255
2.774		0.0842424		0.102517
2.775		0.0842155		0.102484
2.776		0.0841886		0.102451
2.777		0.0841617		0.102418
2.778		0.0841349		0.102386
2.779		0.084108		0.102353
2.78		0.0840812		0.10232
2.781		0.0840544		0.102287
2.782		0.0840276		0.102254
2.783		0.0840008		0.102222
2.784		0.0839741		0.102189
2.785		0.0839474		0.102156
2.786		0.0839206		0.102123
2.787		0.0838939		0.102091
2.788		0.0838672		0.102058
2.789		0.0838406		0.102025
2.79		0.0838139		0.101993
2.791		0.0837873		0.10196
2.792		0.0837606		0.101928
2.793		0.083734		0.101895
2.794		0.0837074		0.101862
2.795		0.0836809		0.10183
2.796		0.0836543		0.101797
2.797		0.0836278		0.101765
2.798		0.0836013		0.101732
2.799		0.0835747		0.1017
2.8		0.0835483		0.101668
2.801		0.0835218		0.101635
2.802		0.0834953		0.101603
2.803		0.0834689		0.10157
2.804		0.0834425		0.101538
2.805		0.0834161		0.101506
2.806		0.0833897		0.101474
2.807		0.0833633		0.101441
2.808		0.0833369		0.101409
2.809		0.0833106		0.101377
2.81		0.0832843		0.101345
2.811		0.0832579		0.101312
2.812		0.0832316		0.10128
2.813		0.0832054		0.101248
2.814		0.0831791		0.101216
2.815		0.0831529		0.101184
2.816		0.0831266		0.101152
2.817		0.0831004		0.10112
2.818		0.0830742		0.101088
2.819		0.083048		0.101055
2.82		0.0830219		0.101023
2.821		0.0829957		0.100991
2.822		0.0829696		0.100959
2.823		0.0829435		0.100928
2.824		0.0829174		0.100896
2.825		0.0828913		0.100864
2.826		0.0828652		0.100832
2.827		0.0828392		0.1008
2.828		0.0828131		0.100768
2.829		0.0827871		0.100736
2.83		0.0827611		0.100704
2.831		0.0827351		0.100673
2.832		0.0827091		0.100641
2.833		0.0826832		0.100609
2.834		0.0826572		0.100577
2.835		0.0826313		0.100546
2.836		0.0826054		0.100514
2.837		0.0825795		0.100482
2.838		0.0825536		0.100451
2.839		0.0825278		0.100419
2.84		0.0825019		0.100387
2.841		0.0824761		0.100356
2.842		0.0824503		0.100324
2.843		0.0824245		0.100293
2.844		0.0823987		0.100261
2.845		0.0823729		0.100229
2.846		0.0823472		0.100198
2.847		0.0823215		0.100166
2.848		0.0822957		0.100135
2.849		0.08227		0.100104
2.85		0.0822443		0.100072
2.851		0.0822187		0.100041
2.852		0.082193		0.100009
2.853		0.0821674		0.099978
2.854		0.0821417		0.0999466
2.855		0.0821161		0.0999153
2.856		0.0820905		0.099884
2.857		0.082065		0.0998527
2.858		0.0820394		0.0998214
2.859		0.0820139		0.0997902
2.86		0.0819883		0.0997589
2.861		0.0819628		0.0997277
2.862		0.0819373		0.0996965
2.863		0.0819118		0.0996654
2.864		0.0818864		0.0996342
2.865		0.0818609		0.0996031
2.866		0.0818355		0.099572
2.867		0.08181		0.0995409
2.868		0.0817846		0.0995098
2.869		0.0817592		0.0994787
2.87		0.0817339		0.0994477
2.871		0.0817085		0.0994166
2.872		0.0816832		0.0993856
2.873		0.0816578		0.0993547
2.874		0.0816325		0.0993237
2.875		0.0816072		0.0992927
2.876		0.0815819		0.0992618
2.877		0.0815567		0.0992309
2.878		0.0815314		0.0992
2.879		0.0815062		0.0991691
2.88		0.0814809		0.0991383
2.881		0.0814557		0.0991075
2.882		0.0814305		0.0990766
2.883		0.0814054		0.0990458
2.884		0.0813802		0.0990151
2.885		0.0813551		0.0989843
2.886		0.0813299		0.0989536
2.887		0.0813048		0.0989228
2.888		0.0812797		0.0988921
2.889		0.0812546		0.0988615
2.89		0.0812295		0.0988308
2.891		0.0812045		0.0988001
2.892		0.0811794		0.0987695
2.893		0.0811544		0.0987389
2.894		0.0811294		0.0987083
2.895		0.0811044		0.0986778
2.896		0.0810794		0.0986472
2.897		0.0810545		0.0986167
2.898		0.0810295		0.0985861
2.899		0.0810046		0.0985557
2.9		0.0809797		0.0985252
2.901		0.0809548		0.0984947
2.902		0.0809299		0.0984643
2.903		0.080905		0.0984338
2.904		0.0808801		0.0984034
2.905		0.0808553		0.0983731
2.906		0.0808305		0.0983427
2.907		0.0808056		0.0983123
2.908		0.0807808		0.098282
2.909		0.0807561		0.0982517
2.91		0.0807313		0.0982214
2.911		0.0807065		0.0981911
2.912		0.0806818		0.0981609
2.913		0.0806571		0.0981306
2.914		0.0806324		0.0981004
2.915		0.0806077		0.0980702
2.916		0.080583		0.09804
2.917		0.0805583		0.0980099
2.918		0.0805337		0.0979797
2.919		0.080509		0.0979496
2.92		0.0804844		0.0979195
2.921		0.0804598		0.0978894
2.922		0.0804352		0.0978593
2.923		0.0804106		0.0978292
2.924		0.0803861		0.0977992
2.925		0.0803615		0.0977692
2.926		0.080337		0.0977392
2.927		0.0803124		0.0977092
2.928		0.0802879		0.0976792
2.929		0.0802635		0.0976493
2.93		0.080239		0.0976194
2.931		0.0802145		0.0975894
2.932		0.0801901		0.0975596
2.933		0.0801656		0.0975297
2.934		0.0801412		0.0974998
2.935		0.0801168		0.09747
2.936		0.0800924		0.0974402
2.937		0.0800681		0.0974104
2.938		0.0800437		0.0973806
2.939		0.0800194		0.0973508
2.94		0.079995		0.0973211
2.941		0.0799707		0.0972913
2.942		0.0799464		0.0972616
2.943		0.0799221		0.0972319
2.944		0.0798978		0.0972022
2.945		0.0798736		0.0971726
2.946		0.0798493		0.0971429
2.947		0.0798251		0.0971133
2.948		0.0798009		0.0970837
2.949		0.0797767		0.0970541
2.95		0.0797525		0.0970245
2.951		0.0797283		0.096995
2.952		0.0797042		0.0969654
2.953		0.07968		0.0969359
2.954		0.0796559		0.0969064
2.955		0.0796318		0.0968769
2.956		0.0796077		0.0968475
2.957		0.0795836		0.096818
2.958		0.0795595		0.0967886
2.959		0.0795355		0.0967592
2.96		0.0795114		0.0967298
2.961		0.0794874		0.0967004
2.962		0.0794634		0.096671
2.963		0.0794394		0.0966417
2.964		0.0794154		0.0966124
2.965		0.0793914		0.0965831
2.966		0.0793675		0.0965538
2.967		0.0793435		0.0965245
2.968		0.0793196		0.0964953
2.969		0.0792957		0.096466
2.97		0.0792718		0.0964368
2.971		0.0792479		0.0964076
2.972		0.079224		0.0963784
2.973		0.0792002		0.0963492
2.974		0.0791763		0.0963201
2.975		0.0791525		0.096291
2.976		0.0791287		0.0962618
2.977		0.0791049		0.0962327
2.978		0.0790811		0.0962037
2.979		0.0790573		0.0961746
2.98		0.0790336		0.0961455
2.981		0.0790098		0.0961165
2.982		0.0789861		0.0960875
2.983		0.0789624		0.0960585
2.984		0.0789387		0.0960295
2.985		0.078915		0.0960006
2.986		0.0788913		0.0959716
2.987		0.0788676		0.0959427
2.988		0.078844		0.0959138
2.989		0.0788204		0.0958849
2.99		0.0787967		0.095856
2.991		0.0787731		0.0958272
2.992		0.0787495		0.0957983
2.993		0.078726		0.0957695
2.994		0.0787024		0.0957407
2.995		0.0786788		0.0957119
2.996		0.0786553		0.0956831
2.997		0.0786318		0.0956544
2.998		0.0786083		0.0956256
2.999		0.0785848		0.0955969
3		0.0785613		0.0955682
