0.005		3.47723		0
0.01		6.20837		0
0.015		5.82604		0
0.02		5.32823		0
0.025		4.97126		0
0.03		4.71567		0
0.035		4.5247		0
0.04		4.37382		0
0.045		4.24659		0
0.05		4.13243		0
0.055		4.02506		0
0.06		3.92105		0
0.065		3.81878		0
0.07		3.71766		0
0.075		3.61767		0
0.08		3.51905		0
0.085		3.42212		0
0.09		3.32721		0
0.095		3.23462		0
0.1		3.14456		0
0.105		3.05723		0
0.11		2.97271		0
0.115		2.89109		0
0.12		2.81238		0
0.125		2.73658		0
0.13		2.66364		0
0.135		2.5935		0
0.14		2.52611		0
0.145		2.46136		0
0.15		2.39918		0
0.155		2.33947		0
0.16		2.28212		0
0.165		2.22705		0
0.17		2.17416		0
0.175		2.12334		0
0.18		2.07451		0
0.185		2.02758		0
0.19		1.98245		0
0.195		1.93904		0
0.2		1.89728		0
0.205		1.85708		0
0.21		1.81837		0
0.215		1.78108		0
0.22		1.74515		0
0.225		1.7105		0
0.23		1.67708		0
0.235		1.64483		0
0.24		1.6137		0
0.245		1.58364		0
0.25		1.55459		0
0.255		1.52651		0
0.26		1.49936		0
0.265		1.47309		0
0.27		1.44767		0
0.275		1.42305		0
0.28		1.39921		0
0.285		1.3761		0
0.29		1.35371		0
0.295		1.33199		0
0.3		1.31092		0
0.305		1.29047		0
0.31		1.27061		0
0.315		1.25133		0
0.32		1.23259		0
0.325		1.21438		0
0.33		1.19668		0
0.335		1.17946		0
0.34		1.16271		0
0.345		1.1464		0
0.35		1.13053		0
0.355		1.11507		0
0.36		1.10001		0
0.365		1.08533		0
0.37		1.07102		0
0.375		1.05707		0
0.38		1.04347		0
0.385		1.03019		0
0.39		1.01724		0
0.395		1.00459		0
0.4		0.992247		0
0.405		0.980187		0
0.41		0.968406		0
0.415		0.956894		0
0.42		0.945641		0
0.425		0.93464		0
0.43		0.923882		0
0.435		0.913359		0
0.44		0.903064		0
0.445		0.892989		0
0.45		0.883129		0
0.455		0.873475		0
0.46		0.864022		0
0.465		0.854764		0
0.47		0.845694		0
0.475		0.836807		0
0.48		0.828098		0
0.485		0.819562		0
0.49		0.811193		0
0.495		0.802987		0
0.5		0.794939		0
0.505		0.787044		0
0.51		0.779298		0
0.515		0.771698		0
0.52		0.764239		0
0.525		0.756917		0
0.53		0.749728		0
0.535		0.74267		0
0.54		0.735738		0
0.545		0.728929		0
0.55		0.72224		0
0.555		0.715668		0
0.56		0.70921		0
0.565		0.702863		0
0.57		0.696624		0
0.575		0.690491		0
0.58		0.68446		0
0.585		0.67853		0
0.59		0.672698		0
0.595		0.666961		0
0.6		0.661317		0
0.605		0.655764		0
0.61		0.6503		0
0.615		0.644923		0
0.62		0.639631		0
0.625		0.634421		0
0.63		0.629292		0
0.635		0.624242		0
0.64		0.61927		0
0.645		0.614373		0
0.65		0.609549		0
0.655		0.604798		0
0.66		0.600118		0
0.665		0.595506		0
0.67		0.590962		0
0.675		0.586484		0
0.68		0.582071		0
0.685		0.577721		0
0.69		0.573434		0
0.695		0.569207		0
0.7		0.565039		0
0.705		0.560929		0
0.71		0.556877		0
0.715		0.55288		0
0.72		0.548939		0
0.725		0.54505		0
0.73		0.541215		0
0.735		0.537431		0
0.74		0.533697		0
0.745		0.530013		0
0.75		0.526378		0
0.755		0.52279		0
0.76		0.519248		0
0.765		0.515753		0
0.77		0.512303		0
0.775		0.508896		0
0.78		0.505533		0
0.785		0.502213		0
0.79		0.498934		0
0.795		0.495696		0
0.8		0.492498		0
0.805		0.48934		0
0.81		0.48622		0
0.815		0.483139		0
0.82		0.480095		0
0.825		0.477087		0
0.83		0.474116		0
0.835		0.47118		0
0.84		0.468279		0
0.845		0.465412		0
0.85		0.462578		0
0.855		0.459778		0
0.86		0.45701		0
0.865		0.454274		0
0.87		0.451569		0
0.875		0.448896		0
0.88		0.446252		0
0.885		0.443639		0
0.89		0.441055		0
0.895		0.438499		0
0.9		0.435972		0
0.905		0.433473		0
0.91		0.431002		0
0.915		0.428557		0
0.92		0.426139		0
0.925		0.423748		0
0.93		0.421382		0
0.935		0.419041		0
0.94		0.416725		0
0.945		0.414434		0
0.95		0.412167		0
0.955		0.409924		0
0.96		0.407705		0
0.965		0.405508		0
0.97		0.403334		0
0.975		0.401183		0
0.98		0.399054		0
0.985		0.396946		0
0.99		0.39486		0
0.995		0.392795		0
1		0.390751		0
1.005		0.388727		0
1.01		0.386723		0
1.015		0.384739		0
1.02		0.382775		0
1.025		0.38083		0
1.03		0.378904		0
1.035		0.376997		0
1.04		0.375109		0
1.045		0.373238		0
1.05		0.371386		0
1.055		0.369551		0
1.06		0.367734		0
1.065		0.365934		0
1.07		0.364151		0
1.075		0.362385		0
1.08		0.360635		0
1.085		0.358902		0
1.09		0.357184		0
1.095		0.355483		0
1.1		0.353797		0
1.105		0.352126		0
1.11		0.350471		0
1.115		0.348831		0
1.12		0.347206		0
1.125		0.345595		0
1.13		0.343999		0
1.135		0.342417		0
1.14		0.340849		0
1.145		0.339295		0
1.15		0.337754		0
1.155		0.336227		0
1.16		0.334714		0
1.165		0.333213		0
1.17		0.331726		0
1.175		0.330252		0
1.18		0.32879		0
1.185		0.32734		0
1.19		0.325903		0
1.195		0.324479		0
1.2		0.323066		0
1.205		0.321665		0
1.21		0.320276		0
1.215		0.318899		0
1.22		0.317533		0
1.225		0.316178		0
1.23		0.314835		0
1.235		0.313502		0
1.24		0.312181		0
1.245		0.31087		0
1.25		0.309571		0
1.255		0.308281		0
1.26		0.307002		0
1.265		0.305733		0
1.27		0.304475		0
1.275		0.303226		0
1.28		0.301988		0
1.285		0.300759		0
1.29		0.29954		0
1.295		0.298331		0
1.3		0.297131		0
1.305		0.29594		0
1.31		0.294759		0
1.315		0.293587		0
1.32		0.292423		0
1.325		0.291269		0
1.33		0.290124		0
1.335		0.288987		0
1.34		0.287859		0
1.345		0.28674		0
1.35		0.285629		0
1.355		0.284527		0
1.36		0.283432		0
1.365		0.282346		0
1.37		0.281268		0
1.375		0.280198		0
1.38		0.279136		0
1.385		0.278082		0
1.39		0.277036		0
1.395		0.275997		0
1.4		0.274966		0
1.405		0.273942		0
1.41		0.272926		0
1.415		0.271917		0
1.42		0.270915		0
1.425		0.26992		0
1.43		0.268933		0
1.435		0.267953		0
1.44		0.266979		0
1.445		0.266013		0
1.45		0.265053		0
1.455		0.2641		0
1.46		0.263154		0
1.465		0.262214		0
1.47		0.261281		0
1.475		0.260354		0
1.48		0.259434		0
1.485		0.25852		0
1.49		0.257612		0
1.495		0.256711		0
1.5		0.255816		0
1.505		0.254927		0
1.51		0.254043		0
1.515		0.253166		0
1.52		0.252295		0
1.525		0.25143		0
1.53		0.25057		0
1.535		0.249716		0
1.54		0.248868		0
1.545		0.248025		0
1.55		0.247188		0
1.555		0.246357		0
1.56		0.245531		0
1.565		0.24471		0
1.57		0.243895		0
1.575		0.243085		0
1.58		0.24228		0
1.585		0.241481		0
1.59		0.240687		0
1.595		0.239897		0
1.6		0.239113		0
1.605		0.238334		0
1.61		0.23756		0
1.615		0.236791		0
1.62		0.236026		0
1.625		0.235267		0
1.63		0.234512		0
1.635		0.233762		0
1.64		0.233016		0
1.645		0.232276		0
1.65		0.23154		0
1.655		0.230808		0
1.66		0.230081		0
1.665		0.229359		0
1.67		0.22864		0
1.675		0.227927		0
1.68		0.227217		0
1.685		0.226512		0
1.69		0.225812		0
1.695		0.225115		0
1.7		0.224423		0
1.705		0.223735		0
1.71		0.223051		0
1.715		0.222371		0
1.72		0.221695		0
1.725		0.221023		0
1.73		0.220356		0
1.735		0.219692		0
1.74		0.219032		0
1.745		0.218376		0
1.75		0.217724		0
1.755		0.217075		0
1.76		0.216431		0
1.765		0.21579		0
1.77		0.215153		0
1.775		0.214519		0
1.78		0.213889		0
1.785		0.213263		0
1.79		0.212641		0
1.795		0.212022		0
1.8		0.211406		0
1.805		0.210794		0
1.81		0.210186		0
1.815		0.209581		0
1.82		0.208979		0
1.825		0.208381		0
1.83		0.207786		0
1.835		0.207195		0
1.84		0.206606		0
1.845		0.206021		0
1.85		0.20544		0
1.855		0.204861		0
1.86		0.204286		0
1.865		0.203714		0
1.87		0.203145		0
1.875		0.202579		0
1.88		0.202016		0
1.885		0.201457		0
1.89		0.2009		0
1.895		0.200346		0
1.9		0.199796		0
1.905		0.199248		0
1.91		0.198704		0
1.915		0.198162		0
1.92		0.197623		0
1.925		0.197087		0
1.93		0.196554		0
1.935		0.196024		0
1.94		0.195496		0
1.945		0.194971		0
1.95		0.194449		0
1.955		0.19393		0
1.96		0.193414		0
1.965		0.1929		0
1.97		0.192389		0
1.975		0.191881		0
1.98		0.191375		0
1.985		0.190872		0
1.99		0.190371		0
1.995		0.189873		0
2		0.189378		0
2.005		0.188885		0
2.01		0.188395		0
2.015		0.187907		0
2.02		0.187422		0
2.025		0.186939		0
2.03		0.186458		0
2.035		0.18598		0
2.04		0.185505		0
2.045		0.185032		0
2.05		0.184561		0
2.055		0.184092		0
2.06		0.183626		0
2.065		0.183163		0
2.07		0.182701		0
2.075		0.182242		0
2.08		0.181785		0
2.085		0.18133		0
2.09		0.180878		0
2.095		0.180428		0
2.1		0.17998		0
2.105		0.179534		0
2.11		0.17909		0
2.115		0.178649		0
2.12		0.178209		0
2.125		0.177772		0
2.13		0.177337		0
2.135		0.176904		0
2.14		0.176473		0
2.145		0.176044		0
2.15		0.175618		0
2.155		0.175193		0
2.16		0.17477		0
2.165		0.17435		0
2.17		0.173931		0
2.175		0.173514		0
2.18		0.173099		0
2.185		0.172687		0
2.19		0.172276		0
2.195		0.171867		0
2.2		0.17146		0
2.205		0.171055		0
2.21		0.170651		0
2.215		0.17025		0
2.22		0.169851		0
2.225		0.169453		0
2.23		0.169057		0
2.235		0.168663		0
2.24		0.168271		0
2.245		0.167881		0
2.25		0.167492		0
2.255		0.167105		0
2.26		0.16672		0
2.265		0.166337		0
2.27		0.165955		0
2.275		0.165575		0
2.28		0.165197		0
2.285		0.164821		0
2.29		0.164446		0
2.295		0.164073		0
2.3		0.163702		0
2.305		0.163332		0
2.31		0.162964		0
2.315		0.162597		0
2.32		0.162233		0
2.325		0.161869		0
2.33		0.161508		0
2.335		0.161148		0
2.34		0.160789		0
2.345		0.160433		0
2.35		0.160077		0
2.355		0.159724		0
2.36		0.159371		0
2.365		0.159021		0
2.37		0.158672		0
2.375		0.158324		0
2.38		0.157978		0
2.385		0.157633		0
2.39		0.15729		0
2.395		0.156949		0
2.4		0.156608		0
2.405		0.15627		0
2.41		0.155932		0
2.415		0.155597		0
2.42		0.155262		0
2.425		0.154929		0
2.43		0.154598		0
2.435		0.154267		0
2.44		0.153939		0
2.445		0.153611		0
2.45		0.153285		0
2.455		0.152961		0
2.46		0.152637		0
2.465		0.152315		0
2.47		0.151995		0
2.475		0.151675		0
2.48		0.151357		0
2.485		0.151041		0
2.49		0.150726		0
2.495		0.150412		0
2.5		0.150099		0
2.505		0.149787		0
2.51		0.149477		0
2.515		0.149168		0
2.52		0.148861		0
2.525		0.148554		0
2.53		0.148249		0
2.535		0.147945		0
2.54		0.147643		0
2.545		0.147341		0
2.55		0.147041		0
2.555		0.146742		0
2.56		0.146444		0
2.565		0.146148		0
2.57		0.145852		0
2.575		0.145558		0
2.58		0.145265		0
2.585		0.144973		0
2.59		0.144682		0
2.595		0.144393		0
2.6		0.144104		0
2.605		0.143817		0
2.61		0.143531		0
2.615		0.143246		0
2.62		0.142962		0
2.625		0.142679		0
2.63		0.142397		0
2.635		0.142117		0
2.64		0.141837		0
2.645		0.141559		0
2.65		0.141281		0
2.655		0.141005		0
2.66		0.14073		0
2.665		0.140456		0
2.67		0.140183		0
2.675		0.139911		0
2.68		0.13964		0
2.685		0.13937		0
2.69		0.139101		0
2.695		0.138833		0
2.7		0.138566		0
2.705		0.1383		0
2.71		0.138035		0
2.715		0.137772		0
2.72		0.137509		0
2.725		0.137247		0
2.73		0.136986		0
2.735		0.136726		0
2.74		0.136467		0
2.745		0.136209		0
2.75		0.135952		0
2.755		0.135696		0
2.76		0.135441		0
2.765		0.135187		0
2.77		0.134934		0
2.775		0.134682		0
2.78		0.134431		0
2.785		0.13418		0
2.79		0.133931		0
2.795		0.133682		0
2.8		0.133435		0
2.805		0.133188		0
2.81		0.132942		0
2.815		0.132697		0
2.82		0.132453		0
2.825		0.13221		0
2.83		0.131968		0
2.835		0.131727		0
2.84		0.131486		0
2.845		0.131247		0
2.85		0.131008		0
2.855		0.13077		0
2.86		0.130533		0
2.865		0.130297		0
2.87		0.130062		0
2.875		0.129827		0
2.88		0.129594		0
2.885		0.129361		0
2.89		0.129129		0
2.895		0.128898		0
2.9		0.128667		0
2.905		0.128438		0
2.91		0.128209		0
2.915		0.127981		0
2.92		0.127754		0
2.925		0.127528		0
2.93		0.127302		0
2.935		0.127078		0
2.94		0.126854		0
2.945		0.12663		0
2.95		0.126408		0
2.955		0.126187		0
2.96		0.125966		0
2.965		0.125746		0
2.97		0.125526		0
2.975		0.125308		0
2.98		0.12509		0
2.985		0.124873		0
2.99		0.124657		0
2.995		0.124441		0
3		0.124226		0
