0.005		0.00208955		0
0.01		0.0264545		0
0.015		0.0660165		0
0.02		0.105521		0
0.025		0.136181		0
0.03		0.156323		0
0.035		0.167626		0
0.04		0.17253		0
0.045		0.173263		0
0.05		0.171565		0
0.055		0.168663		0
0.06		0.165363		0
0.065		0.162166		0
0.07		0.159364		0
0.075		0.157109		0
0.08		0.155474		0
0.085		0.154474		0
0.09		0.154098		0
0.095		0.154315		0
0.1		0.155085		0
0.105		0.156368		0
0.11		0.158119		0
0.115		0.160296		0
0.12		0.162858		0
0.125		0.165767		0
0.13		0.168984		0
0.135		0.172476		0
0.14		0.176208		0
0.145		0.180149		0
0.15		0.184268		0
0.155		0.188536		0
0.16		0.192926		0
0.165		0.19741		0
0.17		0.201963		0
0.175		0.206562		0
0.18		0.211182		0
0.185		0.215803		0
0.19		0.220404		0
0.195		0.224967		0
0.2		0.229474		0
0.205		0.233909		0
0.21		0.238257		0
0.215		0.242505		0
0.22		0.246641		0
0.225		0.250654		0
0.23		0.254536		0
0.235		0.258277		0
0.24		0.261871		0
0.245		0.265313		0
0.25		0.268597		0
0.255		0.271721		0
0.26		0.274681		0
0.265		0.277475		0
0.27		0.280103		0
0.275		0.282563		0
0.28		0.284858		0
0.285		0.286986		0
0.29		0.288951		0
0.295		0.290754		0
0.3		0.292398		0
0.305		0.293885		0
0.31		0.295218		0
0.315		0.296402		0
0.32		0.297439		0
0.325		0.298334		0
0.33		0.299091		0
0.335		0.299714		0
0.34		0.300207		0
0.345		0.300575		0
0.35		0.300822		0
0.355		0.300953		0
0.36		0.300971		0
0.365		0.300882		0
0.37		0.30069		0
0.375		0.300399		0
0.38		0.300014		0
0.385		0.299538		0
0.39		0.298977		0
0.395		0.298333		0
0.4		0.297611		0
0.405		0.296815		0
0.41		0.295949		0
0.415		0.295016		0
0.42		0.29402		0
0.425		0.292964		0
0.43		0.291852		0
0.435		0.290687		0
0.44		0.289472		0
0.445		0.28821		0
0.45		0.286904		0
0.455		0.285557		0
0.46		0.284171		0
0.465		0.282749		0
0.47		0.281293		0
0.475		0.279807		0
0.48		0.278292		0
0.485		0.27675		0
0.49		0.275183		0
0.495		0.273594		0
0.5		0.271984		0
0.505		0.270355		0
0.51		0.26871		0
0.515		0.267049		0
0.52		0.265374		0
0.525		0.263686		0
0.53		0.261988		0
0.535		0.26028		0
0.54		0.258565		0
0.545		0.256842		0
0.55		0.255113		0
0.555		0.25338		0
0.56		0.251643		0
0.565		0.249903		0
0.57		0.248162		0
0.575		0.24642		0
0.58		0.244678		0
0.585		0.242937		0
0.59		0.241198		0
0.595		0.239461		0
0.6		0.237727		0
0.605		0.235997		0
0.61		0.234271		0
0.615		0.23255		0
0.62		0.230835		0
0.625		0.229125		0
0.63		0.227422		0
0.635		0.225725		0
0.64		0.224036		0
0.645		0.222355		0
0.65		0.220682		0
0.655		0.219017		0
0.66		0.21736		0
0.665		0.215713		0
0.67		0.214075		0
0.675		0.212446		0
0.68		0.210827		0
0.685		0.209218		0
0.69		0.207619		0
0.695		0.206031		0
0.7		0.204453		0
0.705		0.202885		0
0.71		0.201329		0
0.715		0.199783		0
0.72		0.198248		0
0.725		0.196725		0
0.73		0.195212		0
0.735		0.193711		0
0.74		0.192222		0
0.745		0.190743		0
0.75		0.189277		0
0.755		0.187821		0
0.76		0.186378		0
0.765		0.184945		0
0.77		0.183525		0
0.775		0.182116		0
0.78		0.180718		0
0.785		0.179332		0
0.79		0.177958		0
0.795		0.176595		0
0.8		0.175244		0
0.805		0.173905		0
0.81		0.172577		0
0.815		0.17126		0
0.82		0.169955		0
0.825		0.168661		0
0.83		0.167378		0
0.835		0.166107		0
0.84		0.164847		0
0.845		0.163598		0
0.85		0.162361		0
0.855		0.161134		0
0.86		0.159919		0
0.865		0.158714		0
0.87		0.15752		0
0.875		0.156337		0
0.88		0.155165		0
0.885		0.154004		0
0.89		0.152853		0
0.895		0.151712		0
0.9		0.150582		0
0.905		0.149463		0
0.91		0.148353		0
0.915		0.147254		0
0.92		0.146166		0
0.925		0.145087		0
0.93		0.144018		0
0.935		0.142959		0
0.94		0.14191		0
0.945		0.14087		0
0.95		0.13984		0
0.955		0.13882		0
0.96		0.13781		0
0.965		0.136808		0
0.97		0.135816		0
0.975		0.134833		0
0.98		0.13386		0
0.985		0.132895		0
0.99		0.13194		0
0.995		0.130993		0
1		0.130055		0
1.005		0.129126		0
1.01		0.128206		0
1.015		0.127294		0
1.02		0.12639		0
1.025		0.125495		0
1.03		0.124609		0
1.035		0.12373		0
1.04		0.12286		0
1.045		0.121998		0
1.05		0.121144		0
1.055		0.120297		0
1.06		0.119459		0
1.065		0.118628		0
1.07		0.117805		0
1.075		0.11699		0
1.08		0.116182		0
1.085		0.115382		0
1.09		0.114589		0
1.095		0.113803		0
1.1		0.113025		0
1.105		0.112254		0
1.11		0.11149		0
1.115		0.110732		0
1.12		0.109982		0
1.125		0.109239		0
1.13		0.108502		0
1.135		0.107772		0
1.14		0.107049		0
1.145		0.106333		0
1.15		0.105623		0
1.155		0.104919		0
1.16		0.104222		0
1.165		0.103531		0
1.17		0.102846		0
1.175		0.102168		0
1.18		0.101495		0
1.185		0.100829		0
1.19		0.100169		0
1.195		0.0995145		0
1.2		0.0988661		0
1.205		0.0982234		0
1.21		0.0975865		0
1.215		0.0969552		0
1.22		0.0963296		0
1.225		0.0957095		0
1.23		0.095095		0
1.235		0.0944859		0
1.24		0.0938822		0
1.245		0.0932839		0
1.25		0.0926908		0
1.255		0.0921029		0
1.26		0.0915203		0
1.265		0.0909427		0
1.27		0.0903702		0
1.275		0.0898027		0
1.28		0.0892402		0
1.285		0.0886826		0
1.29		0.0881298		0
1.295		0.0875818		0
1.3		0.0870386		0
1.305		0.0865001		0
1.31		0.0859662		0
1.315		0.085437		0
1.32		0.0849123		0
1.325		0.0843921		0
1.33		0.0838764		0
1.335		0.083365		0
1.34		0.0828581		0
1.345		0.0823555		0
1.35		0.0818571		0
1.355		0.081363		0
1.36		0.0808731		0
1.365		0.0803874		0
1.37		0.0799057		0
1.375		0.0794281		0
1.38		0.0789545		0
1.385		0.0784849		0
1.39		0.0780193		0
1.395		0.0775575		0
1.4		0.0770996		0
1.405		0.0766455		0
1.41		0.0761952		0
1.415		0.0757486		0
1.42		0.0753057		0
1.425		0.0748665		0
1.43		0.0744309		0
1.435		0.073999		0
1.44		0.0735705		0
1.445		0.0731456		0
1.45		0.0727241		0
1.455		0.0723061		0
1.46		0.0718915		0
1.465		0.0714803		0
1.47		0.0710724		0
1.475		0.0706679		0
1.48		0.0702666		0
1.485		0.0698685		0
1.49		0.0694736		0
1.495		0.069082		0
1.5		0.0686934		0
1.505		0.068308		0
1.51		0.0679257		0
1.515		0.0675464		0
1.52		0.0671701		0
1.525		0.0667968		0
1.53		0.0664265		0
1.535		0.0660591		0
1.54		0.0656946		0
1.545		0.065333		0
1.55		0.0649743		0
1.555		0.0646183		0
1.56		0.0642651		0
1.565		0.0639147		0
1.57		0.0635671		0
1.575		0.0632221		0
1.58		0.0628798		0
1.585		0.0625402		0
1.59		0.0622032		0
1.595		0.0618688		0
1.6		0.061537		0
1.605		0.0612077		0
1.61		0.060881		0
1.615		0.0605567		0
1.62		0.060235		0
1.625		0.0599156		0
1.63		0.0595988		0
1.635		0.0592843		0
1.64		0.0589722		0
1.645		0.0586625		0
1.65		0.0583551		0
1.655		0.05805		0
1.66		0.0577473		0
1.665		0.0574468		0
1.67		0.0571485		0
1.675		0.0568525		0
1.68		0.0565587		0
1.685		0.0562671		0
1.69		0.0559776		0
1.695		0.0556903		0
1.7		0.0554051		0
1.705		0.055122		0
1.71		0.054841		0
1.715		0.0545621		0
1.72		0.0542852		0
1.725		0.0540104		0
1.73		0.0537375		0
1.735		0.0534667		0
1.74		0.0531978		0
1.745		0.0529309		0
1.75		0.0526659		0
1.755		0.0524028		0
1.76		0.0521416		0
1.765		0.0518823		0
1.77		0.0516249		0
1.775		0.0513693		0
1.78		0.0511156		0
1.785		0.0508636		0
1.79		0.0506135		0
1.795		0.0503651		0
1.8		0.0501185		0
1.805		0.0498737		0
1.81		0.0496306		0
1.815		0.0493892		0
1.82		0.0491495		0
1.825		0.0489115		0
1.83		0.0486752		0
1.835		0.0484405		0
1.84		0.0482074		0
1.845		0.047976		0
1.85		0.0477462		0
1.855		0.047518		0
1.86		0.0472914		0
1.865		0.0470663		0
1.87		0.0468429		0
1.875		0.0466209		0
1.88		0.0464005		0
1.885		0.0461816		0
1.89		0.0459641		0
1.895		0.0457482		0
1.9		0.0455338		0
1.905		0.0453208		0
1.91		0.0451092		0
1.915		0.0448991		0
1.92		0.0446905		0
1.925		0.0444832		0
1.93		0.0442773		0
1.935		0.0440728		0
1.94		0.0438697		0
1.945		0.043668		0
1.95		0.0434676		0
1.955		0.0432685		0
1.96		0.0430708		0
1.965		0.0428744		0
1.97		0.0426793		0
1.975		0.0424855		0
1.98		0.0422929		0
1.985		0.0421017		0
1.99		0.0419117		0
1.995		0.0417229		0
2		0.0415354		0
2.005		0.0413491		0
2.01		0.0411641		0
2.015		0.0409802		0
2.02		0.0407975		0
2.025		0.0406161		0
2.03		0.0404358		0
2.035		0.0402567		0
2.04		0.0400787		0
2.045		0.0399019		0
2.05		0.0397262		0
2.055		0.0395517		0
2.06		0.0393782		0
2.065		0.0392059		0
2.07		0.0390347		0
2.075		0.0388646		0
2.08		0.0386955		0
2.085		0.0385276		0
2.09		0.0383607		0
2.095		0.0381948		0
2.1		0.03803		0
2.105		0.0378663		0
2.11		0.0377036		0
2.115		0.0375419		0
2.12		0.0373812		0
2.125		0.0372215		0
2.13		0.0370628		0
2.135		0.0369051		0
2.14		0.0367484		0
2.145		0.0365927		0
2.15		0.0364379		0
2.155		0.0362841		0
2.16		0.0361312		0
2.165		0.0359793		0
2.17		0.0358283		0
2.175		0.0356783		0
2.18		0.0355292		0
2.185		0.0353809		0
2.19		0.0352336		0
2.195		0.0350872		0
2.2		0.0349417		0
2.205		0.034797		0
2.21		0.0346533		0
2.215		0.0345104		0
2.22		0.0343684		0
2.225		0.0342272		0
2.23		0.0340869		0
2.235		0.0339474		0
2.24		0.0338087		0
2.245		0.0336709		0
2.25		0.033534		0
2.255		0.0333978		0
2.26		0.0332624		0
2.265		0.0331279		0
2.27		0.0329941		0
2.275		0.0328612		0
2.28		0.032729		0
2.285		0.0325976		0
2.29		0.032467		0
2.295		0.0323371		0
2.3		0.032208		0
2.305		0.0320797		0
2.31		0.0319521		0
2.315		0.0318253		0
2.32		0.0316992		0
2.325		0.0315738		0
2.33		0.0314492		0
2.335		0.0313253		0
2.34		0.0312021		0
2.345		0.0310796		0
2.35		0.0309578		0
2.355		0.0308368		0
2.36		0.0307164		0
2.365		0.0305967		0
2.37		0.0304777		0
2.375		0.0303594		0
2.38		0.0302417		0
2.385		0.0301248		0
2.39		0.0300084		0
2.395		0.0298928		0
2.4		0.0297778		0
2.405		0.0296635		0
2.41		0.0295498		0
2.415		0.0294367		0
2.42		0.0293243		0
2.425		0.0292125		0
2.43		0.0291013		0
2.435		0.0289908		0
2.44		0.0288809		0
2.445		0.0287716		0
2.45		0.0286629		0
2.455		0.0285548		0
2.46		0.0284473		0
2.465		0.0283404		0
2.47		0.0282341		0
2.475		0.0281284		0
2.48		0.0280232		0
2.485		0.0279187		0
2.49		0.0278147		0
2.495		0.0277113		0
2.5		0.0276084		0
2.505		0.0275061		0
2.51		0.0274044		0
2.515		0.0273033		0
2.52		0.0272026		0
2.525		0.0271026		0
2.53		0.027003		0
2.535		0.026904		0
2.54		0.0268056		0
2.545		0.0267076		0
2.55		0.0266102		0
2.555		0.0265134		0
2.56		0.026417		0
2.565		0.0263212		0
2.57		0.0262258		0
2.575		0.026131		0
2.58		0.0260367		0
2.585		0.0259429		0
2.59		0.0258496		0
2.595		0.0257568		0
2.6		0.0256645		0
2.605		0.0255726		0
2.61		0.0254813		0
2.615		0.0253904		0
2.62		0.0253		0
2.625		0.0252101		0
2.63		0.0251206		0
2.635		0.0250317		0
2.64		0.0249431		0
2.645		0.0248551		0
2.65		0.0247675		0
2.655		0.0246804		0
2.66		0.0245937		0
2.665		0.0245074		0
2.67		0.0244217		0
2.675		0.0243363		0
2.68		0.0242514		0
2.685		0.0241669		0
2.69		0.0240829		0
2.695		0.0239993		0
2.7		0.0239161		0
2.705		0.0238334		0
2.71		0.0237511		0
2.715		0.0236692		0
2.72		0.0235877		0
2.725		0.0235066		0
2.73		0.0234259		0
2.735		0.0233457		0
2.74		0.0232658		0
2.745		0.0231864		0
2.75		0.0231074		0
2.755		0.0230287		0
2.76		0.0229505		0
2.765		0.0228726		0
2.77		0.0227951		0
2.775		0.0227181		0
2.78		0.0226414		0
2.785		0.0225651		0
2.79		0.0224891		0
2.795		0.0224136		0
2.8		0.0223384		0
2.805		0.0222636		0
2.81		0.0221892		0
2.815		0.0221151		0
2.82		0.0220414		0
2.825		0.0219681		0
2.83		0.0218951		0
2.835		0.0218225		0
2.84		0.0217502		0
2.845		0.0216783		0
2.85		0.0216068		0
2.855		0.0215355		0
2.86		0.0214647		0
2.865		0.0213942		0
2.87		0.021324		0
2.875		0.0212542		0
2.88		0.0211847		0
2.885		0.0211155		0
2.89		0.0210467		0
2.895		0.0209782		0
2.9		0.0209101		0
2.905		0.0208422		0
2.91		0.0207747		0
2.915		0.0207075		0
2.92		0.0206407		0
2.925		0.0205741		0
2.93		0.0205079		0
2.935		0.020442		0
2.94		0.0203764		0
2.945		0.0203111		0
2.95		0.0202461		0
2.955		0.0201815		0
2.96		0.0201171		0
2.965		0.0200531		0
2.97		0.0199893		0
2.975		0.0199258		0
2.98		0.0198627		0
2.985		0.0197998		0
2.99		0.0197373		0
2.995		0.019675		0
3		0.019613		0
