0.005		-nan(ind)		0
0.01		0.0880276		0
0.015		0.0952445		0
0.02		0.0986533		0
0.025		0.103497		0
0.03		0.108047		0
0.035		0.110768		0
0.04		0.111318		0
0.045		0.110114		0
0.05		0.107831		0
0.055		0.105122		0
0.06		0.102496		0
0.065		0.100301		0
0.07		0.09875		0
0.075		0.0979511		0
0.08		0.0979415		0
0.085		0.0987115		0
0.09		0.100223		0
0.095		0.102422		0
0.1		0.105246		0
0.105		0.108632		0
0.11		0.112514		0
0.115		0.11683		0
0.12		0.12152		0
0.125		0.126529		0
0.13		0.131802		0
0.135		0.13729		0
0.14		0.142946		0
0.145		0.148728		0
0.15		0.154593		0
0.155		0.160507		0
0.16		0.166434		0
0.165		0.172344		0
0.17		0.178209		0
0.175		0.184002		0
0.18		0.189703		0
0.185		0.19529		0
0.19		0.200747		0
0.195		0.206058		0
0.2		0.21121		0
0.205		0.216193		0
0.21		0.220998		0
0.215		0.225618		0
0.22		0.230047		0
0.225		0.234281		0
0.23		0.238318		0
0.235		0.242157		0
0.24		0.245797		0
0.245		0.249239		0
0.25		0.252484		0
0.255		0.255534		0
0.26		0.258394		0
0.265		0.261065		0
0.27		0.263553		0
0.275		0.26586		0
0.28		0.267993		0
0.285		0.269956		0
0.29		0.271753		0
0.295		0.27339		0
0.3		0.274873		0
0.305		0.276207		0
0.31		0.277397		0
0.315		0.278448		0
0.32		0.279367		0
0.325		0.280158		0
0.33		0.280827		0
0.335		0.281378		0
0.34		0.281817		0
0.345		0.28215		0
0.35		0.28238		0
0.355		0.282512		0
0.36		0.282552		0
0.365		0.282503		0
0.37		0.28237		0
0.375		0.282157		0
0.38		0.281868		0
0.385		0.281507		0
0.39		0.281078		0
0.395		0.280585		0
0.4		0.28003		0
0.405		0.279417		0
0.41		0.27875		0
0.415		0.278032		0
0.42		0.277265		0
0.425		0.276452		0
0.43		0.275597		0
0.435		0.274701		0
0.44		0.273767		0
0.445		0.272798		0
0.45		0.271796		0
0.455		0.270763		0
0.46		0.269701		0
0.465		0.268612		0
0.47		0.267499		0
0.475		0.266362		0
0.48		0.265203		0
0.485		0.264025		0
0.49		0.262829		0
0.495		0.261616		0
0.5		0.260388		0
0.505		0.259145		0
0.51		0.25789		0
0.515		0.256624		0
0.52		0.255347		0
0.525		0.254061		0
0.53		0.252767		0
0.535		0.251466		0
0.54		0.250158		0
0.545		0.248845		0
0.55		0.247528		0
0.555		0.246207		0
0.56		0.244883		0
0.565		0.243557		0
0.57		0.24223		0
0.575		0.240902		0
0.58		0.239573		0
0.585		0.238245		0
0.59		0.236917		0
0.595		0.235591		0
0.6		0.234267		0
0.605		0.232945		0
0.61		0.231626		0
0.615		0.23031		0
0.62		0.228998		0
0.625		0.227689		0
0.63		0.226385		0
0.635		0.225085		0
0.64		0.22379		0
0.645		0.2225		0
0.65		0.221215		0
0.655		0.219936		0
0.66		0.218662		0
0.665		0.217395		0
0.67		0.216134		0
0.675		0.214879		0
0.68		0.213631		0
0.685		0.212389		0
0.69		0.211154		0
0.695		0.209926		0
0.7		0.208705		0
0.705		0.207491		0
0.71		0.206285		0
0.715		0.205086		0
0.72		0.203894		0
0.725		0.20271		0
0.73		0.201533		0
0.735		0.200364		0
0.74		0.199202		0
0.745		0.198048		0
0.75		0.196902		0
0.755		0.195763		0
0.76		0.194633		0
0.765		0.19351		0
0.77		0.192394		0
0.775		0.191287		0
0.78		0.190187		0
0.785		0.189095		0
0.79		0.188011		0
0.795		0.186935		0
0.8		0.185867		0
0.805		0.184806		0
0.81		0.183753		0
0.815		0.182707		0
0.82		0.181669		0
0.825		0.180639		0
0.83		0.179617		0
0.835		0.178602		0
0.84		0.177595		0
0.845		0.176595		0
0.85		0.175602		0
0.855		0.174617		0
0.86		0.17364		0
0.865		0.17267		0
0.87		0.171707		0
0.875		0.170751		0
0.88		0.169803		0
0.885		0.168862		0
0.89		0.167927		0
0.895		0.167		0
0.9		0.16608		0
0.905		0.165167		0
0.91		0.164261		0
0.915		0.163362		0
0.92		0.162469		0
0.925		0.161584		0
0.93		0.160705		0
0.935		0.159833		0
0.94		0.158967		0
0.945		0.158108		0
0.95		0.157255		0
0.955		0.156409		0
0.96		0.155569		0
0.965		0.154736		0
0.97		0.153909		0
0.975		0.153088		0
0.98		0.152273		0
0.985		0.151464		0
0.99		0.150662		0
0.995		0.149865		0
1		0.149075		0
1.005		0.14829		0
1.01		0.147512		0
1.015		0.146739		0
1.02		0.145972		0
1.025		0.14521		0
1.03		0.144454		0
1.035		0.143704		0
1.04		0.14296		0
1.045		0.142221		0
1.05		0.141487		0
1.055		0.140759		0
1.06		0.140036		0
1.065		0.139319		0
1.07		0.138606		0
1.075		0.137899		0
1.08		0.137197		0
1.085		0.136501		0
1.09		0.135809		0
1.095		0.135122		0
1.1		0.134441		0
1.105		0.133764		0
1.11		0.133092		0
1.115		0.132425		0
1.12		0.131763		0
1.125		0.131106		0
1.13		0.130453		0
1.135		0.129805		0
1.14		0.129162		0
1.145		0.128523		0
1.15		0.127888		0
1.155		0.127259		0
1.16		0.126633		0
1.165		0.126012		0
1.17		0.125396		0
1.175		0.124784		0
1.18		0.124176		0
1.185		0.123572		0
1.19		0.122973		0
1.195		0.122378		0
1.2		0.121787		0
1.205		0.1212		0
1.21		0.120617		0
1.215		0.120038		0
1.22		0.119463		0
1.225		0.118892		0
1.23		0.118325		0
1.235		0.117762		0
1.24		0.117203		0
1.245		0.116647		0
1.25		0.116096		0
1.255		0.115548		0
1.26		0.115004		0
1.265		0.114463		0
1.27		0.113926		0
1.275		0.113393		0
1.28		0.112863		0
1.285		0.112337		0
1.29		0.111815		0
1.295		0.111296		0
1.3		0.11078		0
1.305		0.110268		0
1.31		0.109759		0
1.315		0.109254		0
1.32		0.108752		0
1.325		0.108253		0
1.33		0.107758		0
1.335		0.107265		0
1.34		0.106776		0
1.345		0.106291		0
1.35		0.105808		0
1.355		0.105329		0
1.36		0.104852		0
1.365		0.104379		0
1.37		0.103909		0
1.375		0.103442		0
1.38		0.102978		0
1.385		0.102517		0
1.39		0.102058		0
1.395		0.101603		0
1.4		0.101151		0
1.405		0.100701		0
1.41		0.100255		0
1.415		0.0998111		0
1.42		0.0993701		0
1.425		0.098932		0
1.43		0.0984967		0
1.435		0.0980641		0
1.44		0.0976342		0
1.445		0.097207		0
1.45		0.0967825		0
1.455		0.0963606		0
1.46		0.0959414		0
1.465		0.0955248		0
1.47		0.0951108		0
1.475		0.0946994		0
1.48		0.0942905		0
1.485		0.0938841		0
1.49		0.0934803		0
1.495		0.0930789		0
1.5		0.09268		0
1.505		0.0922836		0
1.51		0.0918896		0
1.515		0.0914979		0
1.52		0.0911087		0
1.525		0.0907219		0
1.53		0.0903374		0
1.535		0.0899552		0
1.54		0.0895754		0
1.545		0.0891978		0
1.55		0.0888225		0
1.555		0.0884495		0
1.56		0.0880787		0
1.565		0.0877102		0
1.57		0.0873438		0
1.575		0.0869797		0
1.58		0.0866177		0
1.585		0.0862579		0
1.59		0.0859002		0
1.595		0.0855446		0
1.6		0.0851912		0
1.605		0.0848398		0
1.61		0.0844905		0
1.615		0.0841432		0
1.62		0.0837981		0
1.625		0.0834549		0
1.63		0.0831137		0
1.635		0.0827746		0
1.64		0.0824374		0
1.645		0.0821022		0
1.65		0.0817689		0
1.655		0.0814376		0
1.66		0.0811081		0
1.665		0.0807806		0
1.67		0.080455		0
1.675		0.0801313		0
1.68		0.0798094		0
1.685		0.0794894		0
1.69		0.0791712		0
1.695		0.0788548		0
1.7		0.0785403		0
1.705		0.0782275		0
1.71		0.0779166		0
1.715		0.0776074		0
1.72		0.0772999		0
1.725		0.0769942		0
1.73		0.0766902		0
1.735		0.0763879		0
1.74		0.0760874		0
1.745		0.0757885		0
1.75		0.0754913		0
1.755		0.0751958		0
1.76		0.074902		0
1.765		0.0746097		0
1.77		0.0743192		0
1.775		0.0740302		0
1.78		0.0737428		0
1.785		0.0734571		0
1.79		0.0731729		0
1.795		0.0728903		0
1.8		0.0726093		0
1.805		0.0723298		0
1.81		0.0720518		0
1.815		0.0717754		0
1.82		0.0715005		0
1.825		0.0712271		0
1.83		0.0709552		0
1.835		0.0706848		0
1.84		0.0704159		0
1.845		0.0701484		0
1.85		0.0698824		0
1.855		0.0696178		0
1.86		0.0693547		0
1.865		0.069093		0
1.87		0.0688327		0
1.875		0.0685738		0
1.88		0.0683163		0
1.885		0.0680602		0
1.89		0.0678054		0
1.895		0.0675521		0
1.9		0.0673001		0
1.905		0.0670494		0
1.91		0.0668001		0
1.915		0.0665521		0
1.92		0.0663054		0
1.925		0.06606		0
1.93		0.065816		0
1.935		0.0655732		0
1.94		0.0653317		0
1.945		0.0650915		0
1.95		0.0648525		0
1.955		0.0646148		0
1.96		0.0643784		0
1.965		0.0641432		0
1.97		0.0639092		0
1.975		0.0636765		0
1.98		0.063445		0
1.985		0.0632146		0
1.99		0.0629855		0
1.995		0.0627576		0
2		0.0625309		0
2.005		0.0623053		0
2.01		0.0620809		0
2.015		0.0618576		0
2.02		0.0616356		0
2.025		0.0614146		0
2.03		0.0611948		0
2.035		0.0609761		0
2.04		0.0607586		0
2.045		0.0605421		0
2.05		0.0603268		0
2.055		0.0601126		0
2.06		0.0598994		0
2.065		0.0596874		0
2.07		0.0594764		0
2.075		0.0592665		0
2.08		0.0590576		0
2.085		0.0588498		0
2.09		0.0586431		0
2.095		0.0584374		0
2.1		0.0582328		0
2.105		0.0580291		0
2.11		0.0578265		0
2.115		0.057625		0
2.12		0.0574244		0
2.125		0.0572248		0
2.13		0.0570262		0
2.135		0.0568287		0
2.14		0.0566321		0
2.145		0.0564364		0
2.15		0.0562418		0
2.155		0.0560481		0
2.16		0.0558554		0
2.165		0.0556636		0
2.17		0.0554728		0
2.175		0.0552829		0
2.18		0.055094		0
2.185		0.054906		0
2.19		0.0547189		0
2.195		0.0545327		0
2.2		0.0543474		0
2.205		0.0541631		0
2.21		0.0539796		0
2.215		0.053797		0
2.22		0.0536154		0
2.225		0.0534346		0
2.23		0.0532547		0
2.235		0.0530756		0
2.24		0.0528975		0
2.245		0.0527202		0
2.25		0.0525437		0
2.255		0.0523681		0
2.26		0.0521933		0
2.265		0.0520194		0
2.27		0.0518463		0
2.275		0.0516741		0
2.28		0.0515027		0
2.285		0.0513321		0
2.29		0.0511623		0
2.295		0.0509933		0
2.3		0.0508251		0
2.305		0.0506577		0
2.31		0.0504911		0
2.315		0.0503253		0
2.32		0.0501603		0
2.325		0.0499961		0
2.33		0.0498327		0
2.335		0.04967		0
2.34		0.0495081		0
2.345		0.0493469		0
2.35		0.0491865		0
2.355		0.0490269		0
2.36		0.048868		0
2.365		0.0487098		0
2.37		0.0485524		0
2.375		0.0483957		0
2.38		0.0482398		0
2.385		0.0480846		0
2.39		0.0479301		0
2.395		0.0477763		0
2.4		0.0476232		0
2.405		0.0474709		0
2.41		0.0473192		0
2.415		0.0471682		0
2.42		0.047018		0
2.425		0.0468684		0
2.43		0.0467195		0
2.435		0.0465713		0
2.44		0.0464238		0
2.445		0.046277		0
2.45		0.0461308		0
2.455		0.0459853		0
2.46		0.0458404		0
2.465		0.0456963		0
2.47		0.0455527		0
2.475		0.0454099		0
2.48		0.0452676		0
2.485		0.0451261		0
2.49		0.0449851		0
2.495		0.0448448		0
2.5		0.0447051		0
2.505		0.0445661		0
2.51		0.0444277		0
2.515		0.0442899		0
2.52		0.0441527		0
2.525		0.0440162		0
2.53		0.0438802		0
2.535		0.0437449		0
2.54		0.0436101		0
2.545		0.043476		0
2.55		0.0433425		0
2.555		0.0432095		0
2.56		0.0430772		0
2.565		0.0429454		0
2.57		0.0428142		0
2.575		0.0426836		0
2.58		0.0425536		0
2.585		0.0424242		0
2.59		0.0422953		0
2.595		0.042167		0
2.6		0.0420392		0
2.605		0.041912		0
2.61		0.0417854		0
2.615		0.0416593		0
2.62		0.0415338		0
2.625		0.0414088		0
2.63		0.0412844		0
2.635		0.0411605		0
2.64		0.0410372		0
2.645		0.0409144		0
2.65		0.0407921		0
2.655		0.0406703		0
2.66		0.0405491		0
2.665		0.0404284		0
2.67		0.0403082		0
2.675		0.0401886		0
2.68		0.0400694		0
2.685		0.0399508		0
2.69		0.0398327		0
2.695		0.0397151		0
2.7		0.039598		0
2.705		0.0394814		0
2.71		0.0393653		0
2.715		0.0392496		0
2.72		0.0391345		0
2.725		0.0390199		0
2.73		0.0389058		0
2.735		0.0387921		0
2.74		0.0386789		0
2.745		0.0385662		0
2.75		0.038454		0
2.755		0.0383423		0
2.76		0.038231		0
2.765		0.0381202		0
2.77		0.0380099		0
2.775		0.0379		0
2.78		0.0377906		0
2.785		0.0376816		0
2.79		0.0375731		0
2.795		0.0374651		0
2.8		0.0373575		0
2.805		0.0372504		0
2.81		0.0371437		0
2.815		0.0370374		0
2.82		0.0369316		0
2.825		0.0368263		0
2.83		0.0367213		0
2.835		0.0366168		0
2.84		0.0365128		0
2.845		0.0364092		0
2.85		0.036306		0
2.855		0.0362032		0
2.86		0.0361008		0
2.865		0.0359989		0
2.87		0.0358974		0
2.875		0.0357963		0
2.88		0.0356956		0
2.885		0.0355953		0
2.89		0.0354955		0
2.895		0.035396		0
2.9		0.035297		0
2.905		0.0351983		0
2.91		0.0351001		0
2.915		0.0350022		0
2.92		0.0349048		0
2.925		0.0348078		0
2.93		0.0347111		0
2.935		0.0346148		0
2.94		0.034519		0
2.945		0.0344235		0
2.95		0.0343284		0
2.955		0.0342336		0
2.96		0.0341393		0
2.965		0.0340453		0
2.97		0.0339517		0
2.975		0.0338585		0
2.98		0.0337657		0
2.985		0.0336732		0
2.99		0.0335811		0
2.995		0.0334894		0
3		0.033398		0
