0.001		-nan(ind)
0.002		-nan(ind)
0.003		-nan(ind)
0.004		-nan(ind)
0.005		-nan(ind)
0.006		0.0425674
0.007		0.0591596
0.008		0.0746737
0.009		0.0888353
0.01		0.101663
0.011		0.113176
0.012		0.123323
0.013		0.132024
0.014		0.139221
0.015		0.144917
0.016		0.149184
0.017		0.152148
0.018		0.153974
0.019		0.154839
0.02		0.154923
0.021		0.154389
0.022		0.153384
0.023		0.15203
0.024		0.150429
0.025		0.14866
0.026		0.146787
0.027		0.144859
0.028		0.14291
0.029		0.140967
0.03		0.13905
0.031		0.13717
0.032		0.135337
0.033		0.133556
0.034		0.131831
0.035		0.130163
0.036		0.128553
0.037		0.127
0.038		0.125505
0.039		0.124066
0.04		0.122683
0.041		0.121355
0.042		0.12008
0.043		0.118858
0.044		0.117688
0.045		0.116569
0.046		0.115501
0.047		0.114482
0.048		0.113513
0.049		0.112592
0.05		0.11172
0.051		0.110895
0.052		0.110117
0.053		0.109385
0.054		0.1087
0.055		0.108059
0.056		0.107464
0.057		0.106912
0.058		0.106404
0.059		0.105939
0.06		0.105516
0.061		0.105135
0.062		0.104794
0.063		0.104494
0.064		0.104233
0.065		0.104011
0.066		0.103827
0.067		0.10368
0.068		0.103569
0.069		0.103494
0.07		0.103454
0.071		0.103448
0.072		0.103476
0.073		0.103535
0.074		0.103627
0.075		0.10375
0.076		0.103903
0.077		0.104086
0.078		0.104297
0.079		0.104536
0.08		0.104803
0.081		0.105096
0.082		0.105415
0.083		0.105759
0.084		0.106127
0.085		0.106519
0.086		0.106934
0.087		0.107372
0.088		0.107831
0.089		0.108312
0.09		0.108813
0.091		0.109334
0.092		0.109874
0.093		0.110433
0.094		0.11101
0.095		0.111604
0.096		0.112215
0.097		0.112843
0.098		0.113487
0.099		0.114146
0.1		0.11482
0.101		0.115509
0.102		0.116211
0.103		0.116927
0.104		0.117655
0.105		0.118396
0.106		0.11915
0.107		0.119914
0.108		0.12069
0.109		0.121477
0.11		0.122273
0.111		0.12308
0.112		0.123896
0.113		0.124722
0.114		0.125556
0.115		0.126398
0.116		0.127249
0.117		0.128107
0.118		0.128972
0.119		0.129845
0.12		0.130723
0.121		0.131609
0.122		0.1325
0.123		0.133396
0.124		0.134299
0.125		0.135206
0.126		0.136118
0.127		0.137034
0.128		0.137954
0.129		0.138878
0.13		0.139806
0.131		0.140738
0.132		0.141672
0.133		0.142609
0.134		0.143549
0.135		0.144491
0.136		0.145435
0.137		0.146381
0.138		0.147328
0.139		0.148277
0.14		0.149227
0.141		0.150178
0.142		0.15113
0.143		0.152082
0.144		0.153035
0.145		0.153987
0.146		0.15494
0.147		0.155893
0.148		0.156845
0.149		0.157796
0.15		0.158747
0.151		0.159696
0.152		0.160645
0.153		0.161592
0.154		0.162538
0.155		0.163482
0.156		0.164425
0.157		0.165366
0.158		0.166304
0.159		0.167241
0.16		0.168175
0.161		0.169106
0.162		0.170036
0.163		0.170962
0.164		0.171886
0.165		0.172806
0.166		0.173724
0.167		0.174638
0.168		0.175549
0.169		0.176457
0.17		0.177361
0.171		0.178262
0.172		0.179159
0.173		0.180052
0.174		0.180942
0.175		0.181827
0.176		0.182708
0.177		0.183586
0.178		0.184459
0.179		0.185327
0.18		0.186192
0.181		0.187052
0.182		0.187907
0.183		0.188758
0.184		0.189604
0.185		0.190446
0.186		0.191283
0.187		0.192115
0.188		0.192942
0.189		0.193764
0.19		0.194581
0.191		0.195393
0.192		0.1962
0.193		0.197002
0.194		0.197799
0.195		0.198591
0.196		0.199377
0.197		0.200158
0.198		0.200934
0.199		0.201704
0.2		0.20247
0.201		0.203229
0.202		0.203983
0.203		0.204732
0.204		0.205475
0.205		0.206213
0.206		0.206945
0.207		0.207672
0.208		0.208393
0.209		0.209109
0.21		0.209818
0.211		0.210523
0.212		0.211221
0.213		0.211914
0.214		0.212601
0.215		0.213283
0.216		0.213959
0.217		0.214629
0.218		0.215294
0.219		0.215952
0.22		0.216606
0.221		0.217253
0.222		0.217895
0.223		0.218531
0.224		0.219161
0.225		0.219785
0.226		0.220404
0.227		0.221017
0.228		0.221625
0.229		0.222227
0.23		0.222823
0.231		0.223413
0.232		0.223998
0.233		0.224577
0.234		0.22515
0.235		0.225718
0.236		0.22628
0.237		0.226836
0.238		0.227387
0.239		0.227932
0.24		0.228472
0.241		0.229006
0.242		0.229534
0.243		0.230057
0.244		0.230574
0.245		0.231086
0.246		0.231592
0.247		0.232093
0.248		0.232589
0.249		0.233078
0.25		0.233563
0.251		0.234042
0.252		0.234516
0.253		0.234984
0.254		0.235447
0.255		0.235904
0.256		0.236357
0.257		0.236804
0.258		0.237245
0.259		0.237682
0.26		0.238113
0.261		0.238539
0.262		0.23896
0.263		0.239375
0.264		0.239786
0.265		0.240191
0.266		0.240591
0.267		0.240987
0.268		0.241377
0.269		0.241762
0.27		0.242142
0.271		0.242517
0.272		0.242888
0.273		0.243253
0.274		0.243613
0.275		0.243969
0.276		0.24432
0.277		0.244666
0.278		0.245007
0.279		0.245343
0.28		0.245675
0.281		0.246002
0.282		0.246324
0.283		0.246641
0.284		0.246954
0.285		0.247263
0.286		0.247566
0.287		0.247866
0.288		0.24816
0.289		0.24845
0.29		0.248736
0.291		0.249017
0.292		0.249294
0.293		0.249567
0.294		0.249835
0.295		0.250099
0.296		0.250358
0.297		0.250613
0.298		0.250864
0.299		0.251111
0.3		0.251353
0.301		0.251592
0.302		0.251826
0.303		0.252056
0.304		0.252282
0.305		0.252504
0.306		0.252722
0.307		0.252936
0.308		0.253146
0.309		0.253352
0.31		0.253554
0.311		0.253752
0.312		0.253946
0.313		0.254136
0.314		0.254323
0.315		0.254506
0.316		0.254685
0.317		0.25486
0.318		0.255032
0.319		0.2552
0.32		0.255364
0.321		0.255525
0.322		0.255682
0.323		0.255835
0.324		0.255985
0.325		0.256132
0.326		0.256275
0.327		0.256414
0.328		0.25655
0.329		0.256683
0.33		0.256812
0.331		0.256938
0.332		0.25706
0.333		0.25718
0.334		0.257295
0.335		0.257408
0.336		0.257518
0.337		0.257624
0.338		0.257727
0.339		0.257826
0.34		0.257923
0.341		0.258017
0.342		0.258107
0.343		0.258195
0.344		0.258279
0.345		0.25836
0.346		0.258439
0.347		0.258514
0.348		0.258587
0.349		0.258656
0.35		0.258723
0.351		0.258786
0.352		0.258847
0.353		0.258905
0.354		0.258961
0.355		0.259013
0.356		0.259063
0.357		0.25911
0.358		0.259154
0.359		0.259196
0.36		0.259235
0.361		0.259271
0.362		0.259305
0.363		0.259336
0.364		0.259364
0.365		0.25939
0.366		0.259414
0.367		0.259434
0.368		0.259453
0.369		0.259469
0.37		0.259482
0.371		0.259493
0.372		0.259502
0.373		0.259508
0.374		0.259512
0.375		0.259514
0.376		0.259513
0.377		0.25951
0.378		0.259504
0.379		0.259497
0.38		0.259487
0.381		0.259475
0.382		0.259461
0.383		0.259444
0.384		0.259425
0.385		0.259405
0.386		0.259382
0.387		0.259357
0.388		0.25933
0.389		0.2593
0.39		0.259269
0.391		0.259236
0.392		0.259201
0.393		0.259163
0.394		0.259124
0.395		0.259083
0.396		0.25904
0.397		0.258995
0.398		0.258948
0.399		0.258899
0.4		0.258848
0.401		0.258796
0.402		0.258741
0.403		0.258685
0.404		0.258627
0.405		0.258568
0.406		0.258506
0.407		0.258443
0.408		0.258378
0.409		0.258311
0.41		0.258242
0.411		0.258172
0.412		0.258101
0.413		0.258027
0.414		0.257952
0.415		0.257875
0.416		0.257797
0.417		0.257717
0.418		0.257636
0.419		0.257553
0.42		0.257468
0.421		0.257382
0.422		0.257294
0.423		0.257205
0.424		0.257115
0.425		0.257023
0.426		0.256929
0.427		0.256834
0.428		0.256738
0.429		0.25664
0.43		0.256541
0.431		0.256441
0.432		0.256339
0.433		0.256235
0.434		0.256131
0.435		0.256025
0.436		0.255918
0.437		0.255809
0.438		0.255699
0.439		0.255588
0.44		0.255476
0.441		0.255362
0.442		0.255248
0.443		0.255131
0.444		0.255014
0.445		0.254896
0.446		0.254776
0.447		0.254655
0.448		0.254533
0.449		0.25441
0.45		0.254286
0.451		0.254161
0.452		0.254034
0.453		0.253907
0.454		0.253778
0.455		0.253648
0.456		0.253517
0.457		0.253386
0.458		0.253253
0.459		0.253119
0.46		0.252984
0.461		0.252848
0.462		0.252711
0.463		0.252573
0.464		0.252434
0.465		0.252294
0.466		0.252154
0.467		0.252012
0.468		0.251869
0.469		0.251726
0.47		0.251581
0.471		0.251436
0.472		0.251289
0.473		0.251142
0.474		0.250994
0.475		0.250845
0.476		0.250695
0.477		0.250545
0.478		0.250393
0.479		0.250241
0.48		0.250088
0.481		0.249934
0.482		0.24978
0.483		0.249624
0.484		0.249468
0.485		0.249311
0.486		0.249153
0.487		0.248995
0.488		0.248835
0.489		0.248675
0.49		0.248515
0.491		0.248353
0.492		0.248191
0.493		0.248028
0.494		0.247865
0.495		0.247701
0.496		0.247536
0.497		0.24737
0.498		0.247204
0.499		0.247038
0.5		0.24687
0.501		0.246702
0.502		0.246533
0.503		0.246364
0.504		0.246194
0.505		0.246024
0.506		0.245852
0.507		0.245681
0.508		0.245508
0.509		0.245336
0.51		0.245162
0.511		0.244988
0.512		0.244814
0.513		0.244639
0.514		0.244463
0.515		0.244287
0.516		0.24411
0.517		0.243933
0.518		0.243756
0.519		0.243578
0.52		0.243399
0.521		0.24322
0.522		0.24304
0.523		0.24286
0.524		0.24268
0.525		0.242499
0.526		0.242317
0.527		0.242135
0.528		0.241953
0.529		0.24177
0.53		0.241587
0.531		0.241403
0.532		0.241219
0.533		0.241035
0.534		0.24085
0.535		0.240665
0.536		0.240479
0.537		0.240293
0.538		0.240107
0.539		0.23992
0.54		0.239733
0.541		0.239545
0.542		0.239357
0.543		0.239169
0.544		0.238981
0.545		0.238792
0.546		0.238602
0.547		0.238413
0.548		0.238223
0.549		0.238033
0.55		0.237842
0.551		0.237651
0.552		0.23746
0.553		0.237269
0.554		0.237077
0.555		0.236885
0.556		0.236692
0.557		0.2365
0.558		0.236307
0.559		0.236114
0.56		0.23592
0.561		0.235727
0.562		0.235533
0.563		0.235338
0.564		0.235144
0.565		0.234949
0.566		0.234754
0.567		0.234559
0.568		0.234364
0.569		0.234168
0.57		0.233972
0.571		0.233776
0.572		0.23358
0.573		0.233383
0.574		0.233187
0.575		0.23299
0.576		0.232793
0.577		0.232595
0.578		0.232398
0.579		0.2322
0.58		0.232002
0.581		0.231804
0.582		0.231606
0.583		0.231407
0.584		0.231209
0.585		0.23101
0.586		0.230811
0.587		0.230612
0.588		0.230413
0.589		0.230214
0.59		0.230014
0.591		0.229815
0.592		0.229615
0.593		0.229415
0.594		0.229215
0.595		0.229015
0.596		0.228814
0.597		0.228614
0.598		0.228414
0.599		0.228213
0.6		0.228012
0.601		0.227811
0.602		0.22761
0.603		0.227409
0.604		0.227208
0.605		0.227007
0.606		0.226805
0.607		0.226604
0.608		0.226402
0.609		0.226201
0.61		0.225999
0.611		0.225797
0.612		0.225595
0.613		0.225394
0.614		0.225192
0.615		0.224989
0.616		0.224787
0.617		0.224585
0.618		0.224383
0.619		0.224181
0.62		0.223978
0.621		0.223776
0.622		0.223573
0.623		0.223371
0.624		0.223168
0.625		0.222966
0.626		0.222763
0.627		0.22256
0.628		0.222358
0.629		0.222155
0.63		0.221952
0.631		0.221749
0.632		0.221547
0.633		0.221344
0.634		0.221141
0.635		0.220938
0.636		0.220735
0.637		0.220532
0.638		0.220329
0.639		0.220126
0.64		0.219924
0.641		0.219721
0.642		0.219518
0.643		0.219315
0.644		0.219112
0.645		0.218909
0.646		0.218706
0.647		0.218503
0.648		0.2183
0.649		0.218097
0.65		0.217895
0.651		0.217692
0.652		0.217489
0.653		0.217286
0.654		0.217083
0.655		0.216881
0.656		0.216678
0.657		0.216475
0.658		0.216272
0.659		0.21607
0.66		0.215867
0.661		0.215665
0.662		0.215462
0.663		0.21526
0.664		0.215057
0.665		0.214855
0.666		0.214652
0.667		0.21445
0.668		0.214248
0.669		0.214046
0.67		0.213843
0.671		0.213641
0.672		0.213439
0.673		0.213237
0.674		0.213035
0.675		0.212833
0.676		0.212631
0.677		0.21243
0.678		0.212228
0.679		0.212026
0.68		0.211825
0.681		0.211623
0.682		0.211422
0.683		0.21122
0.684		0.211019
0.685		0.210818
0.686		0.210617
0.687		0.210416
0.688		0.210215
0.689		0.210014
0.69		0.209813
0.691		0.209612
0.692		0.209411
0.693		0.209211
0.694		0.20901
0.695		0.20881
0.696		0.208609
0.697		0.208409
0.698		0.208209
0.699		0.208009
0.7		0.207809
0.701		0.207609
0.702		0.207409
0.703		0.207209
0.704		0.20701
0.705		0.20681
0.706		0.206611
0.707		0.206411
0.708		0.206212
0.709		0.206013
0.71		0.205814
0.711		0.205615
0.712		0.205416
0.713		0.205218
0.714		0.205019
0.715		0.20482
0.716		0.204622
0.717		0.204424
0.718		0.204226
0.719		0.204028
0.72		0.20383
0.721		0.203632
0.722		0.203434
0.723		0.203236
0.724		0.203039
0.725		0.202842
0.726		0.202644
0.727		0.202447
0.728		0.20225
0.729		0.202053
0.73		0.201857
0.731		0.20166
0.732		0.201463
0.733		0.201267
0.734		0.201071
0.735		0.200875
0.736		0.200679
0.737		0.200483
0.738		0.200287
0.739		0.200091
0.74		0.199896
0.741		0.1997
0.742		0.199505
0.743		0.19931
0.744		0.199115
0.745		0.19892
0.746		0.198725
0.747		0.198531
0.748		0.198336
0.749		0.198142
0.75		0.197948
0.751		0.197754
0.752		0.19756
0.753		0.197366
0.754		0.197172
0.755		0.196979
0.756		0.196786
0.757		0.196592
0.758		0.196399
0.759		0.196206
0.76		0.196014
0.761		0.195821
0.762		0.195628
0.763		0.195436
0.764		0.195244
0.765		0.195052
0.766		0.19486
0.767		0.194668
0.768		0.194476
0.769		0.194285
0.77		0.194094
0.771		0.193902
0.772		0.193711
0.773		0.193521
0.774		0.19333
0.775		0.193139
0.776		0.192949
0.777		0.192758
0.778		0.192568
0.779		0.192378
0.78		0.192189
0.781		0.191999
0.782		0.191809
0.783		0.19162
0.784		0.191431
0.785		0.191242
0.786		0.191053
0.787		0.190864
0.788		0.190675
0.789		0.190487
0.79		0.190299
0.791		0.190111
0.792		0.189923
0.793		0.189735
0.794		0.189547
0.795		0.18936
0.796		0.189172
0.797		0.188985
0.798		0.188798
0.799		0.188611
0.8		0.188425
0.801		0.188238
0.802		0.188052
0.803		0.187866
0.804		0.18768
0.805		0.187494
0.806		0.187308
0.807		0.187122
0.808		0.186937
0.809		0.186752
0.81		0.186567
0.811		0.186382
0.812		0.186197
0.813		0.186012
0.814		0.185828
0.815		0.185644
0.816		0.18546
0.817		0.185276
0.818		0.185092
0.819		0.184908
0.82		0.184725
0.821		0.184542
0.822		0.184359
0.823		0.184176
0.824		0.183993
0.825		0.183811
0.826		0.183628
0.827		0.183446
0.828		0.183264
0.829		0.183082
0.83		0.1829
0.831		0.182719
0.832		0.182537
0.833		0.182356
0.834		0.182175
0.835		0.181994
0.836		0.181813
0.837		0.181633
0.838		0.181452
0.839		0.181272
0.84		0.181092
0.841		0.180912
0.842		0.180733
0.843		0.180553
0.844		0.180374
0.845		0.180195
0.846		0.180016
0.847		0.179837
0.848		0.179658
0.849		0.17948
0.85		0.179301
0.851		0.179123
0.852		0.178945
0.853		0.178767
0.854		0.17859
0.855		0.178412
0.856		0.178235
0.857		0.178058
0.858		0.177881
0.859		0.177704
0.86		0.177528
0.861		0.177351
0.862		0.177175
0.863		0.176999
0.864		0.176823
0.865		0.176647
0.866		0.176472
0.867		0.176296
0.868		0.176121
0.869		0.175946
0.87		0.175771
0.871		0.175597
0.872		0.175422
0.873		0.175248
0.874		0.175074
0.875		0.1749
0.876		0.174726
0.877		0.174552
0.878		0.174379
0.879		0.174206
0.88		0.174032
0.881		0.17386
0.882		0.173687
0.883		0.173514
0.884		0.173342
0.885		0.17317
0.886		0.172998
0.887		0.172826
0.888		0.172654
0.889		0.172482
0.89		0.172311
0.891		0.17214
0.892		0.171969
0.893		0.171798
0.894		0.171628
0.895		0.171457
0.896		0.171287
0.897		0.171117
0.898		0.170947
0.899		0.170777
0.9		0.170607
0.901		0.170438
0.902		0.170269
0.903		0.1701
0.904		0.169931
0.905		0.169762
0.906		0.169594
0.907		0.169425
0.908		0.169257
0.909		0.169089
0.91		0.168921
0.911		0.168754
0.912		0.168586
0.913		0.168419
0.914		0.168252
0.915		0.168085
0.916		0.167918
0.917		0.167752
0.918		0.167585
0.919		0.167419
0.92		0.167253
0.921		0.167087
0.922		0.166921
0.923		0.166756
0.924		0.166591
0.925		0.166425
0.926		0.16626
0.927		0.166096
0.928		0.165931
0.929		0.165766
0.93		0.165602
0.931		0.165438
0.932		0.165274
0.933		0.16511
0.934		0.164947
0.935		0.164783
0.936		0.16462
0.937		0.164457
0.938		0.164294
0.939		0.164132
0.94		0.163969
0.941		0.163807
0.942		0.163644
0.943		0.163482
0.944		0.163321
0.945		0.163159
0.946		0.162998
0.947		0.162836
0.948		0.162675
0.949		0.162514
0.95		0.162353
0.951		0.162193
0.952		0.162032
0.953		0.161872
0.954		0.161712
0.955		0.161552
0.956		0.161392
0.957		0.161233
0.958		0.161073
0.959		0.160914
0.96		0.160755
0.961		0.160596
0.962		0.160438
0.963		0.160279
0.964		0.160121
0.965		0.159963
0.966		0.159805
0.967		0.159647
0.968		0.159489
0.969		0.159332
0.97		0.159175
0.971		0.159017
0.972		0.15886
0.973		0.158704
0.974		0.158547
0.975		0.158391
0.976		0.158234
0.977		0.158078
0.978		0.157922
0.979		0.157767
0.98		0.157611
0.981		0.157456
0.982		0.157301
0.983		0.157146
0.984		0.156991
0.985		0.156836
0.986		0.156681
0.987		0.156527
0.988		0.156373
0.989		0.156219
0.99		0.156065
0.991		0.155911
0.992		0.155758
0.993		0.155605
0.994		0.155451
0.995		0.155299
0.996		0.155146
0.997		0.154993
0.998		0.154841
0.999		0.154688
1		0.154536
1.001		0.154384
1.002		0.154232
1.003		0.154081
1.004		0.153929
1.005		0.153778
1.006		0.153627
1.007		0.153476
1.008		0.153325
1.009		0.153175
1.01		0.153024
1.011		0.152874
1.012		0.152724
1.013		0.152574
1.014		0.152424
1.015		0.152275
1.016		0.152125
1.017		0.151976
1.018		0.151827
1.019		0.151678
1.02		0.15153
1.021		0.151381
1.022		0.151233
1.023		0.151084
1.024		0.150936
1.025		0.150788
1.026		0.150641
1.027		0.150493
1.028		0.150346
1.029		0.150199
1.03		0.150052
1.031		0.149905
1.032		0.149758
1.033		0.149611
1.034		0.149465
1.035		0.149319
1.036		0.149173
1.037		0.149027
1.038		0.148881
1.039		0.148736
1.04		0.14859
1.041		0.148445
1.042		0.1483
1.043		0.148155
1.044		0.14801
1.045		0.147866
1.046		0.147722
1.047		0.147577
1.048		0.147433
1.049		0.147289
1.05		0.147146
1.051		0.147002
1.052		0.146859
1.053		0.146715
1.054		0.146572
1.055		0.14643
1.056		0.146287
1.057		0.146144
1.058		0.146002
1.059		0.14586
1.06		0.145717
1.061		0.145576
1.062		0.145434
1.063		0.145292
1.064		0.145151
1.065		0.14501
1.066		0.144868
1.067		0.144727
1.068		0.144587
1.069		0.144446
1.07		0.144306
1.071		0.144165
1.072		0.144025
1.073		0.143885
1.074		0.143745
1.075		0.143606
1.076		0.143466
1.077		0.143327
1.078		0.143188
1.079		0.143049
1.08		0.14291
1.081		0.142771
1.082		0.142633
1.083		0.142494
1.084		0.142356
1.085		0.142218
1.086		0.14208
1.087		0.141943
1.088		0.141805
1.089		0.141668
1.09		0.14153
1.091		0.141393
1.092		0.141256
1.093		0.14112
1.094		0.140983
1.095		0.140847
1.096		0.14071
1.097		0.140574
1.098		0.140438
1.099		0.140302
1.1		0.140167
1.101		0.140031
1.102		0.139896
1.103		0.139761
1.104		0.139626
1.105		0.139491
1.106		0.139356
1.107		0.139222
1.108		0.139087
1.109		0.138953
1.11		0.138819
1.111		0.138685
1.112		0.138551
1.113		0.138417
1.114		0.138284
1.115		0.138151
1.116		0.138018
1.117		0.137885
1.118		0.137752
1.119		0.137619
1.12		0.137486
1.121		0.137354
1.122		0.137222
1.123		0.13709
1.124		0.136958
1.125		0.136826
1.126		0.136695
1.127		0.136563
1.128		0.136432
1.129		0.136301
1.13		0.13617
1.131		0.136039
1.132		0.135908
1.133		0.135778
1.134		0.135647
1.135		0.135517
1.136		0.135387
1.137		0.135257
1.138		0.135127
1.139		0.134998
1.14		0.134868
1.141		0.134739
1.142		0.13461
1.143		0.134481
1.144		0.134352
1.145		0.134223
1.146		0.134094
1.147		0.133966
1.148		0.133838
1.149		0.13371
1.15		0.133582
1.151		0.133454
1.152		0.133326
1.153		0.133199
1.154		0.133071
1.155		0.132944
1.156		0.132817
1.157		0.13269
1.158		0.132563
1.159		0.132437
1.16		0.13231
1.161		0.132184
1.162		0.132058
1.163		0.131932
1.164		0.131806
1.165		0.13168
1.166		0.131555
1.167		0.131429
1.168		0.131304
1.169		0.131179
1.17		0.131054
1.171		0.130929
1.172		0.130804
1.173		0.13068
1.174		0.130555
1.175		0.130431
1.176		0.130307
1.177		0.130183
1.178		0.130059
1.179		0.129935
1.18		0.129812
1.181		0.129688
1.182		0.129565
1.183		0.129442
1.184		0.129319
1.185		0.129196
1.186		0.129074
1.187		0.128951
1.188		0.128829
1.189		0.128706
1.19		0.128584
1.191		0.128462
1.192		0.128341
1.193		0.128219
1.194		0.128097
1.195		0.127976
1.196		0.127855
1.197		0.127734
1.198		0.127613
1.199		0.127492
1.2		0.127371
1.201		0.127251
1.202		0.12713
1.203		0.12701
1.204		0.12689
1.205		0.12677
1.206		0.12665
1.207		0.126531
1.208		0.126411
1.209		0.126292
1.21		0.126173
1.211		0.126053
1.212		0.125934
1.213		0.125816
1.214		0.125697
1.215		0.125578
1.216		0.12546
1.217		0.125342
1.218		0.125224
1.219		0.125106
1.22		0.124988
1.221		0.12487
1.222		0.124753
1.223		0.124635
1.224		0.124518
1.225		0.124401
1.226		0.124284
1.227		0.124167
1.228		0.12405
1.229		0.123933
1.23		0.123817
1.231		0.123701
1.232		0.123584
1.233		0.123468
1.234		0.123352
1.235		0.123237
1.236		0.123121
1.237		0.123005
1.238		0.12289
1.239		0.122775
1.24		0.12266
1.241		0.122545
1.242		0.12243
1.243		0.122315
1.244		0.122201
1.245		0.122086
1.246		0.121972
1.247		0.121858
1.248		0.121744
1.249		0.12163
1.25		0.121516
1.251		0.121403
1.252		0.121289
1.253		0.121176
1.254		0.121062
1.255		0.120949
1.256		0.120836
1.257		0.120724
1.258		0.120611
1.259		0.120498
1.26		0.120386
1.261		0.120274
1.262		0.120162
1.263		0.12005
1.264		0.119938
1.265		0.119826
1.266		0.119714
1.267		0.119603
1.268		0.119491
1.269		0.11938
1.27		0.119269
1.271		0.119158
1.272		0.119047
1.273		0.118937
1.274		0.118826
1.275		0.118716
1.276		0.118605
1.277		0.118495
1.278		0.118385
1.279		0.118275
1.28		0.118165
1.281		0.118056
1.282		0.117946
1.283		0.117837
1.284		0.117727
1.285		0.117618
1.286		0.117509
1.287		0.1174
1.288		0.117292
1.289		0.117183
1.29		0.117074
1.291		0.116966
1.292		0.116858
1.293		0.11675
1.294		0.116642
1.295		0.116534
1.296		0.116426
1.297		0.116318
1.298		0.116211
1.299		0.116104
1.3		0.115996
1.301		0.115889
1.302		0.115782
1.303		0.115675
1.304		0.115569
1.305		0.115462
1.306		0.115356
1.307		0.115249
1.308		0.115143
1.309		0.115037
1.31		0.114931
1.311		0.114825
1.312		0.114719
1.313		0.114614
1.314		0.114508
1.315		0.114403
1.316		0.114298
1.317		0.114193
1.318		0.114088
1.319		0.113983
1.32		0.113878
1.321		0.113773
1.322		0.113669
1.323		0.113564
1.324		0.11346
1.325		0.113356
1.326		0.113252
1.327		0.113148
1.328		0.113044
1.329		0.112941
1.33		0.112837
1.331		0.112734
1.332		0.112631
1.333		0.112528
1.334		0.112424
1.335		0.112322
1.336		0.112219
1.337		0.112116
1.338		0.112014
1.339		0.111911
1.34		0.111809
1.341		0.111707
1.342		0.111605
1.343		0.111503
1.344		0.111401
1.345		0.111299
1.346		0.111198
1.347		0.111096
1.348		0.110995
1.349		0.110894
1.35		0.110792
1.351		0.110692
1.352		0.110591
1.353		0.11049
1.354		0.110389
1.355		0.110289
1.356		0.110188
1.357		0.110088
1.358		0.109988
1.359		0.109888
1.36		0.109788
1.361		0.109688
1.362		0.109588
1.363		0.109489
1.364		0.109389
1.365		0.10929
1.366		0.109191
1.367		0.109092
1.368		0.108993
1.369		0.108894
1.37		0.108795
1.371		0.108697
1.372		0.108598
1.373		0.1085
1.374		0.108401
1.375		0.108303
1.376		0.108205
1.377		0.108107
1.378		0.108009
1.379		0.107912
1.38		0.107814
1.381		0.107717
1.382		0.107619
1.383		0.107522
1.384		0.107425
1.385		0.107328
1.386		0.107231
1.387		0.107134
1.388		0.107037
1.389		0.106941
1.39		0.106844
1.391		0.106748
1.392		0.106652
1.393		0.106556
1.394		0.10646
1.395		0.106364
1.396		0.106268
1.397		0.106172
1.398		0.106077
1.399		0.105981
1.4		0.105886
1.401		0.105791
1.402		0.105696
1.403		0.105601
1.404		0.105506
1.405		0.105411
1.406		0.105316
1.407		0.105222
1.408		0.105127
1.409		0.105033
1.41		0.104939
1.411		0.104845
1.412		0.104751
1.413		0.104657
1.414		0.104563
1.415		0.104469
1.416		0.104376
1.417		0.104282
1.418		0.104189
1.419		0.104096
1.42		0.104002
1.421		0.103909
1.422		0.103817
1.423		0.103724
1.424		0.103631
1.425		0.103538
1.426		0.103446
1.427		0.103354
1.428		0.103261
1.429		0.103169
1.43		0.103077
1.431		0.102985
1.432		0.102893
1.433		0.102802
1.434		0.10271
1.435		0.102618
1.436		0.102527
1.437		0.102436
1.438		0.102345
1.439		0.102254
1.44		0.102163
1.441		0.102072
1.442		0.101981
1.443		0.10189
1.444		0.1018
1.445		0.101709
1.446		0.101619
1.447		0.101529
1.448		0.101439
1.449		0.101348
1.45		0.101259
1.451		0.101169
1.452		0.101079
1.453		0.100989
1.454		0.1009
1.455		0.100811
1.456		0.100721
1.457		0.100632
1.458		0.100543
1.459		0.100454
1.46		0.100365
1.461		0.100276
1.462		0.100188
1.463		0.100099
1.464		0.100011
1.465		0.0999222
1.466		0.0998339
1.467		0.0997458
1.468		0.0996577
1.469		0.0995698
1.47		0.0994819
1.471		0.0993942
1.472		0.0993065
1.473		0.099219
1.474		0.0991315
1.475		0.0990442
1.476		0.0989569
1.477		0.0988698
1.478		0.0987827
1.479		0.0986958
1.48		0.098609
1.481		0.0985222
1.482		0.0984356
1.483		0.0983491
1.484		0.0982626
1.485		0.0981763
1.486		0.0980901
1.487		0.0980039
1.488		0.0979179
1.489		0.097832
1.49		0.0977461
1.491		0.0976604
1.492		0.0975747
1.493		0.0974892
1.494		0.0974038
1.495		0.0973184
1.496		0.0972332
1.497		0.097148
1.498		0.097063
1.499		0.0969781
1.5		0.0968932
1.501		0.0968085
1.502		0.0967238
1.503		0.0966393
1.504		0.0965548
1.505		0.0964705
1.506		0.0963862
1.507		0.096302
1.508		0.096218
1.509		0.096134
1.51		0.0960501
1.511		0.0959664
1.512		0.0958827
1.513		0.0957991
1.514		0.0957156
1.515		0.0956322
1.516		0.095549
1.517		0.0954658
1.518		0.0953827
1.519		0.0952997
1.52		0.0952168
1.521		0.0951339
1.522		0.0950512
1.523		0.0949686
1.524		0.0948861
1.525		0.0948037
1.526		0.0947213
1.527		0.0946391
1.528		0.094557
1.529		0.0944749
1.53		0.094393
1.531		0.0943111
1.532		0.0942293
1.533		0.0941477
1.534		0.0940661
1.535		0.0939846
1.536		0.0939032
1.537		0.0938219
1.538		0.0937407
1.539		0.0936596
1.54		0.0935786
1.541		0.0934977
1.542		0.0934169
1.543		0.0933361
1.544		0.0932555
1.545		0.0931749
1.546		0.0930945
1.547		0.0930141
1.548		0.0929338
1.549		0.0928537
1.55		0.0927736
1.551		0.0926936
1.552		0.0926137
1.553		0.0925339
1.554		0.0924541
1.555		0.0923745
1.556		0.092295
1.557		0.0922155
1.558		0.0921362
1.559		0.0920569
1.56		0.0919778
1.561		0.0918987
1.562		0.0918197
1.563		0.0917408
1.564		0.091662
1.565		0.0915833
1.566		0.0915046
1.567		0.0914261
1.568		0.0913476
1.569		0.0912693
1.57		0.091191
1.571		0.0911128
1.572		0.0910348
1.573		0.0909568
1.574		0.0908788
1.575		0.090801
1.576		0.0907233
1.577		0.0906457
1.578		0.0905681
1.579		0.0904906
1.58		0.0904133
1.581		0.090336
1.582		0.0902588
1.583		0.0901817
1.584		0.0901046
1.585		0.0900277
1.586		0.0899509
1.587		0.0898741
1.588		0.0897974
1.589		0.0897209
1.59		0.0896444
1.591		0.089568
1.592		0.0894916
1.593		0.0894154
1.594		0.0893393
1.595		0.0892632
1.596		0.0891872
1.597		0.0891113
1.598		0.0890355
1.599		0.0889598
1.6		0.0888842
1.601		0.0888087
1.602		0.0887332
1.603		0.0886578
1.604		0.0885825
1.605		0.0885074
1.606		0.0884322
1.607		0.0883572
1.608		0.0882823
1.609		0.0882074
1.61		0.0881327
1.611		0.088058
1.612		0.0879834
1.613		0.0879089
1.614		0.0878344
1.615		0.0877601
1.616		0.0876858
1.617		0.0876117
1.618		0.0875376
1.619		0.0874636
1.62		0.0873896
1.621		0.0873158
1.622		0.087242
1.623		0.0871684
1.624		0.0870948
1.625		0.0870213
1.626		0.0869479
1.627		0.0868745
1.628		0.0868013
1.629		0.0867281
1.63		0.086655
1.631		0.086582
1.632		0.0865091
1.633		0.0864362
1.634		0.0863635
1.635		0.0862908
1.636		0.0862182
1.637		0.0861457
1.638		0.0860733
1.639		0.0860009
1.64		0.0859287
1.641		0.0858565
1.642		0.0857844
1.643		0.0857124
1.644		0.0856404
1.645		0.0855686
1.646		0.0854968
1.647		0.0854251
1.648		0.0853535
1.649		0.085282
1.65		0.0852105
1.651		0.0851392
1.652		0.0850679
1.653		0.0849967
1.654		0.0849256
1.655		0.0848545
1.656		0.0847835
1.657		0.0847127
1.658		0.0846419
1.659		0.0845711
1.66		0.0845005
1.661		0.0844299
1.662		0.0843594
1.663		0.084289
1.664		0.0842187
1.665		0.0841484
1.666		0.0840783
1.667		0.0840082
1.668		0.0839382
1.669		0.0838682
1.67		0.0837984
1.671		0.0837286
1.672		0.0836589
1.673		0.0835893
1.674		0.0835198
1.675		0.0834503
1.676		0.0833809
1.677		0.0833116
1.678		0.0832424
1.679		0.0831732
1.68		0.0831042
1.681		0.0830352
1.682		0.0829663
1.683		0.0828974
1.684		0.0828287
1.685		0.08276
1.686		0.0826914
1.687		0.0826229
1.688		0.0825544
1.689		0.082486
1.69		0.0824177
1.691		0.0823495
1.692		0.0822814
1.693		0.0822133
1.694		0.0821453
1.695		0.0820774
1.696		0.0820096
1.697		0.0819418
1.698		0.0818741
1.699		0.0818065
1.7		0.081739
1.701		0.0816715
1.702		0.0816041
1.703		0.0815368
1.704		0.0814696
1.705		0.0814024
1.706		0.0813353
1.707		0.0812683
1.708		0.0812014
1.709		0.0811345
1.71		0.0810677
1.711		0.081001
1.712		0.0809344
1.713		0.0808678
1.714		0.0808014
1.715		0.0807349
1.716		0.0806686
1.717		0.0806023
1.718		0.0805362
1.719		0.08047
1.72		0.080404
1.721		0.080338
1.722		0.0802721
1.723		0.0802063
1.724		0.0801406
1.725		0.0800749
1.726		0.0800093
1.727		0.0799438
1.728		0.0798783
1.729		0.0798129
1.73		0.0797476
1.731		0.0796824
1.732		0.0796172
1.733		0.0795521
1.734		0.0794871
1.735		0.0794222
1.736		0.0793573
1.737		0.0792925
1.738		0.0792278
1.739		0.0791631
1.74		0.0790985
1.741		0.079034
1.742		0.0789696
1.743		0.0789052
1.744		0.0788409
1.745		0.0787767
1.746		0.0787125
1.747		0.0786484
1.748		0.0785844
1.749		0.0785205
1.75		0.0784566
1.751		0.0783928
1.752		0.0783291
1.753		0.0782654
1.754		0.0782018
1.755		0.0781383
1.756		0.0780749
1.757		0.0780115
1.758		0.0779482
1.759		0.077885
1.76		0.0778218
1.761		0.0777587
1.762		0.0776957
1.763		0.0776327
1.764		0.0775698
1.765		0.077507
1.766		0.0774443
1.767		0.0773816
1.768		0.077319
1.769		0.0772564
1.77		0.077194
1.771		0.0771316
1.772		0.0770692
1.773		0.077007
1.774		0.0769448
1.775		0.0768826
1.776		0.0768206
1.777		0.0767586
1.778		0.0766967
1.779		0.0766348
1.78		0.076573
1.781		0.0765113
1.782		0.0764497
1.783		0.0763881
1.784		0.0763266
1.785		0.0762651
1.786		0.0762038
1.787		0.0761424
1.788		0.0760812
1.789		0.07602
1.79		0.0759589
1.791		0.0758979
1.792		0.0758369
1.793		0.075776
1.794		0.0757152
1.795		0.0756544
1.796		0.0755937
1.797		0.075533
1.798		0.0754725
1.799		0.075412
1.8		0.0753515
1.801		0.0752912
1.802		0.0752309
1.803		0.0751706
1.804		0.0751104
1.805		0.0750503
1.806		0.0749903
1.807		0.0749303
1.808		0.0748704
1.809		0.0748106
1.81		0.0747508
1.811		0.0746911
1.812		0.0746314
1.813		0.0745718
1.814		0.0745123
1.815		0.0744529
1.816		0.0743935
1.817		0.0743342
1.818		0.0742749
1.819		0.0742157
1.82		0.0741566
1.821		0.0740975
1.822		0.0740385
1.823		0.0739796
1.824		0.0739207
1.825		0.0738619
1.826		0.0738032
1.827		0.0737445
1.828		0.0736859
1.829		0.0736274
1.83		0.0735689
1.831		0.0735105
1.832		0.0734521
1.833		0.0733938
1.834		0.0733356
1.835		0.0732774
1.836		0.0732193
1.837		0.0731613
1.838		0.0731033
1.839		0.0730454
1.84		0.0729875
1.841		0.0729297
1.842		0.072872
1.843		0.0728144
1.844		0.0727568
1.845		0.0726992
1.846		0.0726418
1.847		0.0725844
1.848		0.072527
1.849		0.0724697
1.85		0.0724125
1.851		0.0723553
1.852		0.0722982
1.853		0.0722412
1.854		0.0721842
1.855		0.0721273
1.856		0.0720705
1.857		0.0720137
1.858		0.071957
1.859		0.0719003
1.86		0.0718437
1.861		0.0717871
1.862		0.0717307
1.863		0.0716742
1.864		0.0716179
1.865		0.0715616
1.866		0.0715053
1.867		0.0714492
1.868		0.0713931
1.869		0.071337
1.87		0.071281
1.871		0.0712251
1.872		0.0711692
1.873		0.0711134
1.874		0.0710576
1.875		0.0710019
1.876		0.0709463
1.877		0.0708907
1.878		0.0708352
1.879		0.0707798
1.88		0.0707244
1.881		0.0706691
1.882		0.0706138
1.883		0.0705586
1.884		0.0705034
1.885		0.0704483
1.886		0.0703933
1.887		0.0703383
1.888		0.0702834
1.889		0.0702286
1.89		0.0701738
1.891		0.070119
1.892		0.0700643
1.893		0.0700097
1.894		0.0699552
1.895		0.0699007
1.896		0.0698462
1.897		0.0697918
1.898		0.0697375
1.899		0.0696832
1.9		0.069629
1.901		0.0695749
1.902		0.0695208
1.903		0.0694668
1.904		0.0694128
1.905		0.0693589
1.906		0.069305
1.907		0.0692512
1.908		0.0691974
1.909		0.0691438
1.91		0.0690901
1.911		0.0690366
1.912		0.068983
1.913		0.0689296
1.914		0.0688762
1.915		0.0688228
1.916		0.0687696
1.917		0.0687163
1.918		0.0686632
1.919		0.06861
1.92		0.068557
1.921		0.068504
1.922		0.068451
1.923		0.0683982
1.924		0.0683453
1.925		0.0682926
1.926		0.0682398
1.927		0.0681872
1.928		0.0681346
1.929		0.068082
1.93		0.0680295
1.931		0.0679771
1.932		0.0679247
1.933		0.0678724
1.934		0.0678201
1.935		0.0677679
1.936		0.0677157
1.937		0.0676636
1.938		0.0676116
1.939		0.0675596
1.94		0.0675077
1.941		0.0674558
1.942		0.067404
1.943		0.0673522
1.944		0.0673005
1.945		0.0672488
1.946		0.0671972
1.947		0.0671457
1.948		0.0670942
1.949		0.0670427
1.95		0.0669914
1.951		0.06694
1.952		0.0668887
1.953		0.0668375
1.954		0.0667864
1.955		0.0667352
1.956		0.0666842
1.957		0.0666332
1.958		0.0665822
1.959		0.0665313
1.96		0.0664805
1.961		0.0664297
1.962		0.066379
1.963		0.0663283
1.964		0.0662777
1.965		0.0662271
1.966		0.0661766
1.967		0.0661261
1.968		0.0660757
1.969		0.0660253
1.97		0.065975
1.971		0.0659248
1.972		0.0658746
1.973		0.0658244
1.974		0.0657744
1.975		0.0657243
1.976		0.0656743
1.977		0.0656244
1.978		0.0655745
1.979		0.0655247
1.98		0.0654749
1.981		0.0654252
1.982		0.0653755
1.983		0.0653259
1.984		0.0652763
1.985		0.0652268
1.986		0.0651774
1.987		0.0651279
1.988		0.0650786
1.989		0.0650293
1.99		0.06498
1.991		0.0649308
1.992		0.0648817
1.993		0.0648326
1.994		0.0647835
1.995		0.0647345
1.996		0.0646856
1.997		0.0646367
1.998		0.0645879
1.999		0.0645391
2		0.0644904
2.001		0.0644417
2.002		0.064393
2.003		0.0643444
2.004		0.0642959
2.005		0.0642474
2.006		0.064199
2.007		0.0641506
2.008		0.0641023
2.009		0.064054
2.01		0.0640058
2.011		0.0639576
2.012		0.0639095
2.013		0.0638614
2.014		0.0638134
2.015		0.0637654
2.016		0.0637175
2.017		0.0636696
2.018		0.0636218
2.019		0.063574
2.02		0.0635263
2.021		0.0634786
2.022		0.063431
2.023		0.0633834
2.024		0.0633359
2.025		0.0632884
2.026		0.063241
2.027		0.0631936
2.028		0.0631463
2.029		0.063099
2.03		0.0630518
2.031		0.0630046
2.032		0.0629575
2.033		0.0629104
2.034		0.0628634
2.035		0.0628164
2.036		0.0627695
2.037		0.0627226
2.038		0.0626757
2.039		0.062629
2.04		0.0625822
2.041		0.0625355
2.042		0.0624889
2.043		0.0624423
2.044		0.0623958
2.045		0.0623493
2.046		0.0623028
2.047		0.0622564
2.048		0.0622101
2.049		0.0621638
2.05		0.0621175
2.051		0.0620713
2.052		0.0620252
2.053		0.0619791
2.054		0.061933
2.055		0.061887
2.056		0.061841
2.057		0.0617951
2.058		0.0617492
2.059		0.0617034
2.06		0.0616576
2.061		0.0616119
2.062		0.0615662
2.063		0.0615206
2.064		0.061475
2.065		0.0614295
2.066		0.061384
2.067		0.0613385
2.068		0.0612931
2.069		0.0612478
2.07		0.0612025
2.071		0.0611572
2.072		0.061112
2.073		0.0610669
2.074		0.0610217
2.075		0.0609767
2.076		0.0609317
2.077		0.0608867
2.078		0.0608417
2.079		0.0607969
2.08		0.060752
2.081		0.0607072
2.082		0.0606625
2.083		0.0606178
2.084		0.0605731
2.085		0.0605285
2.086		0.060484
2.087		0.0604395
2.088		0.060395
2.089		0.0603506
2.09		0.0603062
2.091		0.0602619
2.092		0.0602176
2.093		0.0601733
2.094		0.0601292
2.095		0.060085
2.096		0.0600409
2.097		0.0599968
2.098		0.0599528
2.099		0.0599089
2.1		0.0598649
2.101		0.0598211
2.102		0.0597772
2.103		0.0597334
2.104		0.0596897
2.105		0.059646
2.106		0.0596024
2.107		0.0595587
2.108		0.0595152
2.109		0.0594717
2.11		0.0594282
2.111		0.0593848
2.112		0.0593414
2.113		0.059298
2.114		0.0592547
2.115		0.0592115
2.116		0.0591683
2.117		0.0591251
2.118		0.059082
2.119		0.0590389
2.12		0.0589959
2.121		0.0589529
2.122		0.05891
2.123		0.0588671
2.124		0.0588242
2.125		0.0587814
2.126		0.0587387
2.127		0.0586959
2.128		0.0586532
2.129		0.0586106
2.13		0.058568
2.131		0.0585255
2.132		0.058483
2.133		0.0584405
2.134		0.0583981
2.135		0.0583557
2.136		0.0583134
2.137		0.0582711
2.138		0.0582288
2.139		0.0581866
2.14		0.0581445
2.141		0.0581024
2.142		0.0580603
2.143		0.0580183
2.144		0.0579763
2.145		0.0579343
2.146		0.0578924
2.147		0.0578506
2.148		0.0578087
2.149		0.057767
2.15		0.0577252
2.151		0.0576835
2.152		0.0576419
2.153		0.0576003
2.154		0.0575587
2.155		0.0575172
2.156		0.0574757
2.157		0.0574343
2.158		0.0573929
2.159		0.0573515
2.16		0.0573102
2.161		0.0572689
2.162		0.0572277
2.163		0.0571865
2.164		0.0571454
2.165		0.0571043
2.166		0.0570632
2.167		0.0570222
2.168		0.0569812
2.169		0.0569403
2.17		0.0568994
2.171		0.0568585
2.172		0.0568177
2.173		0.0567769
2.174		0.0567362
2.175		0.0566955
2.176		0.0566549
2.177		0.0566143
2.178		0.0565737
2.179		0.0565332
2.18		0.0564927
2.181		0.0564522
2.182		0.0564118
2.183		0.0563715
2.184		0.0563312
2.185		0.0562909
2.186		0.0562506
2.187		0.0562104
2.188		0.0561703
2.189		0.0561302
2.19		0.0560901
2.191		0.05605
2.192		0.05601
2.193		0.0559701
2.194		0.0559302
2.195		0.0558903
2.196		0.0558504
2.197		0.0558106
2.198		0.0557709
2.199		0.0557312
2.2		0.0556915
2.201		0.0556519
2.202		0.0556123
2.203		0.0555727
2.204		0.0555332
2.205		0.0554937
2.206		0.0554543
2.207		0.0554149
2.208		0.0553755
2.209		0.0553362
2.21		0.0552969
2.211		0.0552576
2.212		0.0552184
2.213		0.0551793
2.214		0.0551402
2.215		0.0551011
2.216		0.055062
2.217		0.055023
2.218		0.054984
2.219		0.0549451
2.22		0.0549062
2.221		0.0548674
2.222		0.0548286
2.223		0.0547898
2.224		0.054751
2.225		0.0547123
2.226		0.0546737
2.227		0.0546351
2.228		0.0545965
2.229		0.0545579
2.23		0.0545194
2.231		0.054481
2.232		0.0544425
2.233		0.0544042
2.234		0.0543658
2.235		0.0543275
2.236		0.0542892
2.237		0.054251
2.238		0.0542128
2.239		0.0541746
2.24		0.0541365
2.241		0.0540984
2.242		0.0540604
2.243		0.0540223
2.244		0.0539844
2.245		0.0539464
2.246		0.0539085
2.247		0.0538707
2.248		0.0538329
2.249		0.0537951
2.25		0.0537573
2.251		0.0537196
2.252		0.053682
2.253		0.0536443
2.254		0.0536067
2.255		0.0535692
2.256		0.0535316
2.257		0.0534941
2.258		0.0534567
2.259		0.0534193
2.26		0.0533819
2.261		0.0533446
2.262		0.0533073
2.263		0.05327
2.264		0.0532328
2.265		0.0531956
2.266		0.0531584
2.267		0.0531213
2.268		0.0530842
2.269		0.0530472
2.27		0.0530102
2.271		0.0529732
2.272		0.0529363
2.273		0.0528994
2.274		0.0528625
2.275		0.0528257
2.276		0.0527889
2.277		0.0527522
2.278		0.0527154
2.279		0.0526788
2.28		0.0526421
2.281		0.0526055
2.282		0.0525689
2.283		0.0525324
2.284		0.0524959
2.285		0.0524594
2.286		0.052423
2.287		0.0523866
2.288		0.0523503
2.289		0.0523139
2.29		0.0522777
2.291		0.0522414
2.292		0.0522052
2.293		0.052169
2.294		0.0521329
2.295		0.0520968
2.296		0.0520607
2.297		0.0520247
2.298		0.0519887
2.299		0.0519527
2.3		0.0519168
2.301		0.0518809
2.302		0.051845
2.303		0.0518092
2.304		0.0517734
2.305		0.0517376
2.306		0.0517019
2.307		0.0516662
2.308		0.0516306
2.309		0.051595
2.31		0.0515594
2.311		0.0515238
2.312		0.0514883
2.313		0.0514529
2.314		0.0514174
2.315		0.051382
2.316		0.0513466
2.317		0.0513113
2.318		0.051276
2.319		0.0512407
2.32		0.0512055
2.321		0.0511703
2.322		0.0511351
2.323		0.0511
2.324		0.0510649
2.325		0.0510298
2.326		0.0509948
2.327		0.0509598
2.328		0.0509248
2.329		0.0508899
2.33		0.050855
2.331		0.0508202
2.332		0.0507853
2.333		0.0507505
2.334		0.0507158
2.335		0.0506811
2.336		0.0506464
2.337		0.0506117
2.338		0.0505771
2.339		0.0505425
2.34		0.0505079
2.341		0.0504734
2.342		0.0504389
2.343		0.0504045
2.344		0.0503701
2.345		0.0503357
2.346		0.0503013
2.347		0.050267
2.348		0.0502327
2.349		0.0501984
2.35		0.0501642
2.351		0.05013
2.352		0.0500959
2.353		0.0500618
2.354		0.0500277
2.355		0.0499936
2.356		0.0499596
2.357		0.0499256
2.358		0.0498916
2.359		0.0498577
2.36		0.0498238
2.361		0.04979
2.362		0.0497561
2.363		0.0497223
2.364		0.0496886
2.365		0.0496548
2.366		0.0496211
2.367		0.0495875
2.368		0.0495538
2.369		0.0495202
2.37		0.0494867
2.371		0.0494531
2.372		0.0494196
2.373		0.0493862
2.374		0.0493527
2.375		0.0493193
2.376		0.049286
2.377		0.0492526
2.378		0.0492193
2.379		0.049186
2.38		0.0491528
2.381		0.0491196
2.382		0.0490864
2.383		0.0490532
2.384		0.0490201
2.385		0.048987
2.386		0.048954
2.387		0.0489209
2.388		0.048888
2.389		0.048855
2.39		0.0488221
2.391		0.0487892
2.392		0.0487563
2.393		0.0487235
2.394		0.0486907
2.395		0.0486579
2.396		0.0486252
2.397		0.0485924
2.398		0.0485598
2.399		0.0485271
2.4		0.0484945
2.401		0.0484619
2.402		0.0484294
2.403		0.0483969
2.404		0.0483644
2.405		0.0483319
2.406		0.0482995
2.407		0.0482671
2.408		0.0482347
2.409		0.0482024
2.41		0.0481701
2.411		0.0481378
2.412		0.0481056
2.413		0.0480734
2.414		0.0480412
2.415		0.048009
2.416		0.0479769
2.417		0.0479448
2.418		0.0479128
2.419		0.0478807
2.42		0.0478487
2.421		0.0478168
2.422		0.0477848
2.423		0.0477529
2.424		0.047721
2.425		0.0476892
2.426		0.0476574
2.427		0.0476256
2.428		0.0475938
2.429		0.0475621
2.43		0.0475304
2.431		0.0474988
2.432		0.0474671
2.433		0.0474355
2.434		0.0474039
2.435		0.0473724
2.436		0.0473409
2.437		0.0473094
2.438		0.0472779
2.439		0.0472465
2.44		0.0472151
2.441		0.0471837
2.442		0.0471524
2.443		0.0471211
2.444		0.0470898
2.445		0.0470586
2.446		0.0470274
2.447		0.0469962
2.448		0.046965
2.449		0.0469339
2.45		0.0469028
2.451		0.0468717
2.452		0.0468407
2.453		0.0468097
2.454		0.0467787
2.455		0.0467477
2.456		0.0467168
2.457		0.0466859
2.458		0.046655
2.459		0.0466242
2.46		0.0465934
2.461		0.0465626
2.462		0.0465319
2.463		0.0465011
2.464		0.0464705
2.465		0.0464398
2.466		0.0464092
2.467		0.0463786
2.468		0.046348
2.469		0.0463174
2.47		0.0462869
2.471		0.0462564
2.472		0.046226
2.473		0.0461955
2.474		0.0461651
2.475		0.0461347
2.476		0.0461044
2.477		0.0460741
2.478		0.0460438
2.479		0.0460135
2.48		0.0459833
2.481		0.0459531
2.482		0.0459229
2.483		0.0458928
2.484		0.0458626
2.485		0.0458325
2.486		0.0458025
2.487		0.0457724
2.488		0.0457424
2.489		0.0457125
2.49		0.0456825
2.491		0.0456526
2.492		0.0456227
2.493		0.0455928
2.494		0.045563
2.495		0.0455332
2.496		0.0455034
2.497		0.0454736
2.498		0.0454439
2.499		0.0454142
2.5		0.0453845
2.501		0.0453549
2.502		0.0453253
2.503		0.0452957
2.504		0.0452661
2.505		0.0452366
2.506		0.0452071
2.507		0.0451776
2.508		0.0451481
2.509		0.0451187
2.51		0.0450893
2.511		0.0450599
2.512		0.0450306
2.513		0.0450013
2.514		0.044972
2.515		0.0449427
2.516		0.0449135
2.517		0.0448843
2.518		0.0448551
2.519		0.044826
2.52		0.0447968
2.521		0.0447677
2.522		0.0447387
2.523		0.0447096
2.524		0.0446806
2.525		0.0446516
2.526		0.0446227
2.527		0.0445937
2.528		0.0445648
2.529		0.0445359
2.53		0.0445071
2.531		0.0444782
2.532		0.0444494
2.533		0.0444207
2.534		0.0443919
2.535		0.0443632
2.536		0.0443345
2.537		0.0443058
2.538		0.0442772
2.539		0.0442486
2.54		0.04422
2.541		0.0441914
2.542		0.0441629
2.543		0.0441344
2.544		0.0441059
2.545		0.0440774
2.546		0.044049
2.547		0.0440206
2.548		0.0439922
2.549		0.0439638
2.55		0.0439355
2.551		0.0439072
2.552		0.0438789
2.553		0.0438507
2.554		0.0438225
2.555		0.0437943
2.556		0.0437661
2.557		0.043738
2.558		0.0437098
2.559		0.0436817
2.56		0.0436537
2.561		0.0436256
2.562		0.0435976
2.563		0.0435696
2.564		0.0435417
2.565		0.0435137
2.566		0.0434858
2.567		0.0434579
2.568		0.0434301
2.569		0.0434022
2.57		0.0433744
2.571		0.0433466
2.572		0.0433189
2.573		0.0432911
2.574		0.0432634
2.575		0.0432357
2.576		0.0432081
2.577		0.0431804
2.578		0.0431528
2.579		0.0431253
2.58		0.0430977
2.581		0.0430702
2.582		0.0430427
2.583		0.0430152
2.584		0.0429877
2.585		0.0429603
2.586		0.0429329
2.587		0.0429055
2.588		0.0428782
2.589		0.0428508
2.59		0.0428235
2.591		0.0427962
2.592		0.042769
2.593		0.0427417
2.594		0.0427145
2.595		0.0426874
2.596		0.0426602
2.597		0.0426331
2.598		0.042606
2.599		0.0425789
2.6		0.0425518
2.601		0.0425248
2.602		0.0424978
2.603		0.0424708
2.604		0.0424438
2.605		0.0424169
2.606		0.04239
2.607		0.0423631
2.608		0.0423362
2.609		0.0423094
2.61		0.0422826
2.611		0.0422558
2.612		0.042229
2.613		0.0422023
2.614		0.0421756
2.615		0.0421489
2.616		0.0421222
2.617		0.0420956
2.618		0.042069
2.619		0.0420424
2.62		0.0420158
2.621		0.0419892
2.622		0.0419627
2.623		0.0419362
2.624		0.0419097
2.625		0.0418833
2.626		0.0418569
2.627		0.0418305
2.628		0.0418041
2.629		0.0417777
2.63		0.0417514
2.631		0.0417251
2.632		0.0416988
2.633		0.0416726
2.634		0.0416463
2.635		0.0416201
2.636		0.0415939
2.637		0.0415678
2.638		0.0415416
2.639		0.0415155
2.64		0.0414894
2.641		0.0414633
2.642		0.0414373
2.643		0.0414113
2.644		0.0413853
2.645		0.0413593
2.646		0.0413333
2.647		0.0413074
2.648		0.0412815
2.649		0.0412556
2.65		0.0412297
2.651		0.0412039
2.652		0.0411781
2.653		0.0411523
2.654		0.0411265
2.655		0.0411008
2.656		0.0410751
2.657		0.0410494
2.658		0.0410237
2.659		0.0409981
2.66		0.0409724
2.661		0.0409468
2.662		0.0409212
2.663		0.0408957
2.664		0.0408701
2.665		0.0408446
2.666		0.0408191
2.667		0.0407937
2.668		0.0407682
2.669		0.0407428
2.67		0.0407174
2.671		0.040692
2.672		0.0406667
2.673		0.0406413
2.674		0.040616
2.675		0.0405907
2.676		0.0405655
2.677		0.0405402
2.678		0.040515
2.679		0.0404898
2.68		0.0404646
2.681		0.0404395
2.682		0.0404144
2.683		0.0403893
2.684		0.0403642
2.685		0.0403391
2.686		0.0403141
2.687		0.0402891
2.688		0.0402641
2.689		0.0402391
2.69		0.0402141
2.691		0.0401892
2.692		0.0401643
2.693		0.0401394
2.694		0.0401146
2.695		0.0400897
2.696		0.0400649
2.697		0.0400401
2.698		0.0400153
2.699		0.0399906
2.7		0.0399659
2.701		0.0399412
2.702		0.0399165
2.703		0.0398918
2.704		0.0398672
2.705		0.0398426
2.706		0.039818
2.707		0.0397934
2.708		0.0397688
2.709		0.0397443
2.71		0.0397198
2.711		0.0396953
2.712		0.0396708
2.713		0.0396464
2.714		0.039622
2.715		0.0395976
2.716		0.0395732
2.717		0.0395488
2.718		0.0395245
2.719		0.0395002
2.72		0.0394759
2.721		0.0394516
2.722		0.0394274
2.723		0.0394031
2.724		0.0393789
2.725		0.0393547
2.726		0.0393306
2.727		0.0393064
2.728		0.0392823
2.729		0.0392582
2.73		0.0392341
2.731		0.0392101
2.732		0.039186
2.733		0.039162
2.734		0.039138
2.735		0.039114
2.736		0.0390901
2.737		0.0390662
2.738		0.0390423
2.739		0.0390184
2.74		0.0389945
2.741		0.0389706
2.742		0.0389468
2.743		0.038923
2.744		0.0388992
2.745		0.0388755
2.746		0.0388517
2.747		0.038828
2.748		0.0388043
2.749		0.0387806
2.75		0.038757
2.751		0.0387333
2.752		0.0387097
2.753		0.0386861
2.754		0.0386625
2.755		0.038639
2.756		0.0386154
2.757		0.0385919
2.758		0.0385684
2.759		0.038545
2.76		0.0385215
2.761		0.0384981
2.762		0.0384747
2.763		0.0384513
2.764		0.0384279
2.765		0.0384046
2.766		0.0383812
2.767		0.0383579
2.768		0.0383346
2.769		0.0383114
2.77		0.0382881
2.771		0.0382649
2.772		0.0382417
2.773		0.0382185
2.774		0.0381953
2.775		0.0381722
2.776		0.0381491
2.777		0.038126
2.778		0.0381029
2.779		0.0380798
2.78		0.0380568
2.781		0.0380337
2.782		0.0380107
2.783		0.0379877
2.784		0.0379648
2.785		0.0379418
2.786		0.0379189
2.787		0.037896
2.788		0.0378731
2.789		0.0378502
2.79		0.0378274
2.791		0.0378046
2.792		0.0377818
2.793		0.037759
2.794		0.0377362
2.795		0.0377135
2.796		0.0376907
2.797		0.037668
2.798		0.0376454
2.799		0.0376227
2.8		0.0376
2.801		0.0375774
2.802		0.0375548
2.803		0.0375322
2.804		0.0375096
2.805		0.0374871
2.806		0.0374646
2.807		0.0374421
2.808		0.0374196
2.809		0.0373971
2.81		0.0373746
2.811		0.0373522
2.812		0.0373298
2.813		0.0373074
2.814		0.037285
2.815		0.0372627
2.816		0.0372403
2.817		0.037218
2.818		0.0371957
2.819		0.0371734
2.82		0.0371512
2.821		0.0371289
2.822		0.0371067
2.823		0.0370845
2.824		0.0370623
2.825		0.0370402
2.826		0.037018
2.827		0.0369959
2.828		0.0369738
2.829		0.0369517
2.83		0.0369296
2.831		0.0369076
2.832		0.0368856
2.833		0.0368636
2.834		0.0368416
2.835		0.0368196
2.836		0.0367976
2.837		0.0367757
2.838		0.0367538
2.839		0.0367319
2.84		0.03671
2.841		0.0366882
2.842		0.0366663
2.843		0.0366445
2.844		0.0366227
2.845		0.0366009
2.846		0.0365791
2.847		0.0365574
2.848		0.0365357
2.849		0.036514
2.85		0.0364923
2.851		0.0364706
2.852		0.0364489
2.853		0.0364273
2.854		0.0364057
2.855		0.0363841
2.856		0.0363625
2.857		0.0363409
2.858		0.0363194
2.859		0.0362979
2.86		0.0362764
2.861		0.0362549
2.862		0.0362334
2.863		0.036212
2.864		0.0361905
2.865		0.0361691
2.866		0.0361477
2.867		0.0361263
2.868		0.036105
2.869		0.0360836
2.87		0.0360623
2.871		0.036041
2.872		0.0360197
2.873		0.0359985
2.874		0.0359772
2.875		0.035956
2.876		0.0359348
2.877		0.0359136
2.878		0.0358924
2.879		0.0358712
2.88		0.0358501
2.881		0.035829
2.882		0.0358079
2.883		0.0357868
2.884		0.0357657
2.885		0.0357446
2.886		0.0357236
2.887		0.0357026
2.888		0.0356816
2.889		0.0356606
2.89		0.0356397
2.891		0.0356187
2.892		0.0355978
2.893		0.0355769
2.894		0.035556
2.895		0.0355351
2.896		0.0355143
2.897		0.0354934
2.898		0.0354726
2.899		0.0354518
2.9		0.035431
2.901		0.0354102
2.902		0.0353895
2.903		0.0353688
2.904		0.035348
2.905		0.0353273
2.906		0.0353067
2.907		0.035286
2.908		0.0352654
2.909		0.0352447
2.91		0.0352241
2.911		0.0352035
2.912		0.0351829
2.913		0.0351624
2.914		0.0351418
2.915		0.0351213
2.916		0.0351008
2.917		0.0350803
2.918		0.0350599
2.919		0.0350394
2.92		0.035019
2.921		0.0349986
2.922		0.0349781
2.923		0.0349578
2.924		0.0349374
2.925		0.034917
2.926		0.0348967
2.927		0.0348764
2.928		0.0348561
2.929		0.0348358
2.93		0.0348155
2.931		0.0347953
2.932		0.0347751
2.933		0.0347549
2.934		0.0347347
2.935		0.0347145
2.936		0.0346943
2.937		0.0346742
2.938		0.034654
2.939		0.0346339
2.94		0.0346138
2.941		0.0345938
2.942		0.0345737
2.943		0.0345536
2.944		0.0345336
2.945		0.0345136
2.946		0.0344936
2.947		0.0344736
2.948		0.0344537
2.949		0.0344337
2.95		0.0344138
2.951		0.0343939
2.952		0.034374
2.953		0.0343541
2.954		0.0343343
2.955		0.0343144
2.956		0.0342946
2.957		0.0342748
2.958		0.034255
2.959		0.0342352
2.96		0.0342154
2.961		0.0341957
2.962		0.034176
2.963		0.0341563
2.964		0.0341366
2.965		0.0341169
2.966		0.0340972
2.967		0.0340776
2.968		0.0340579
2.969		0.0340383
2.97		0.0340187
2.971		0.0339991
2.972		0.0339796
2.973		0.03396
2.974		0.0339405
2.975		0.033921
2.976		0.0339015
2.977		0.033882
2.978		0.0338625
2.979		0.0338431
2.98		0.0338237
2.981		0.0338042
2.982		0.0337848
2.983		0.0337654
2.984		0.0337461
2.985		0.0337267
2.986		0.0337074
2.987		0.0336881
2.988		0.0336688
2.989		0.0336495
2.99		0.0336302
2.991		0.0336109
2.992		0.0335917
2.993		0.0335725
2.994		0.0335533
2.995		0.0335341
2.996		0.0335149
2.997		0.0334957
2.998		0.0334766
2.999		0.0334574
3		0.0334383
