0.001		-nan(ind)
0.002		-nan(ind)
0.003		-nan(ind)
0.004		-nan(ind)
0.005		-nan(ind)
0.006		-nan(ind)
0.007		0.113089
0.008		0.139475
0.009		0.161665
0.01		0.179489
0.011		0.193197
0.012		0.203197
0.013		0.209942
0.014		0.213904
0.015		0.215549
0.016		0.215327
0.017		0.213656
0.018		0.210901
0.019		0.207375
0.02		0.203332
0.021		0.198976
0.022		0.194461
0.023		0.189903
0.024		0.185387
0.025		0.18097
0.026		0.176695
0.027		0.172585
0.028		0.168656
0.029		0.164915
0.03		0.161365
0.031		0.158004
0.032		0.154827
0.033		0.151829
0.034		0.149003
0.035		0.146343
0.036		0.143841
0.037		0.141489
0.038		0.139281
0.039		0.13721
0.04		0.135268
0.041		0.133451
0.042		0.131751
0.043		0.130163
0.044		0.128683
0.045		0.127304
0.046		0.126022
0.047		0.124833
0.048		0.123732
0.049		0.122716
0.05		0.121781
0.051		0.120923
0.052		0.120139
0.053		0.119426
0.054		0.118781
0.055		0.1182
0.056		0.117683
0.057		0.117225
0.058		0.116825
0.059		0.11648
0.06		0.116188
0.061		0.115947
0.062		0.115756
0.063		0.115612
0.064		0.115514
0.065		0.115461
0.066		0.115449
0.067		0.115479
0.068		0.115549
0.069		0.115657
0.07		0.115802
0.071		0.115982
0.072		0.116198
0.073		0.116447
0.074		0.116728
0.075		0.117041
0.076		0.117384
0.077		0.117757
0.078		0.118159
0.079		0.118588
0.08		0.119044
0.081		0.119526
0.082		0.120033
0.083		0.120565
0.084		0.121121
0.085		0.1217
0.086		0.122301
0.087		0.122924
0.088		0.123568
0.089		0.124232
0.09		0.124916
0.091		0.12562
0.092		0.126342
0.093		0.127083
0.094		0.12784
0.095		0.128615
0.096		0.129407
0.097		0.130214
0.098		0.131037
0.099		0.131875
0.1		0.132727
0.101		0.133594
0.102		0.134474
0.103		0.135368
0.104		0.136274
0.105		0.137192
0.106		0.138122
0.107		0.139064
0.108		0.140017
0.109		0.14098
0.11		0.141954
0.111		0.142938
0.112		0.143931
0.113		0.144933
0.114		0.145945
0.115		0.146964
0.116		0.147992
0.117		0.149027
0.118		0.15007
0.119		0.15112
0.12		0.152177
0.121		0.15324
0.122		0.154309
0.123		0.155384
0.124		0.156464
0.125		0.15755
0.126		0.15864
0.127		0.159735
0.128		0.160835
0.129		0.161938
0.13		0.163045
0.131		0.164156
0.132		0.16527
0.133		0.166386
0.134		0.167506
0.135		0.168628
0.136		0.169752
0.137		0.170878
0.138		0.172006
0.139		0.173135
0.14		0.174265
0.141		0.175397
0.142		0.176529
0.143		0.177662
0.144		0.178795
0.145		0.179928
0.146		0.181061
0.147		0.182194
0.148		0.183327
0.149		0.184458
0.15		0.185589
0.151		0.186719
0.152		0.187847
0.153		0.188974
0.154		0.1901
0.155		0.191223
0.156		0.192345
0.157		0.193465
0.158		0.194582
0.159		0.195697
0.16		0.196809
0.161		0.197919
0.162		0.199025
0.163		0.200129
0.164		0.201229
0.165		0.202326
0.166		0.203419
0.167		0.204509
0.168		0.205595
0.169		0.206677
0.17		0.207756
0.171		0.20883
0.172		0.2099
0.173		0.210965
0.174		0.212026
0.175		0.213083
0.176		0.214134
0.177		0.215181
0.178		0.216224
0.179		0.217261
0.18		0.218293
0.181		0.21932
0.182		0.220341
0.183		0.221357
0.184		0.222368
0.185		0.223373
0.186		0.224373
0.187		0.225367
0.188		0.226355
0.189		0.227338
0.19		0.228314
0.191		0.229284
0.192		0.230249
0.193		0.231207
0.194		0.232159
0.195		0.233105
0.196		0.234045
0.197		0.234978
0.198		0.235905
0.199		0.236826
0.2		0.23774
0.201		0.238647
0.202		0.239548
0.203		0.240443
0.204		0.24133
0.205		0.242211
0.206		0.243086
0.207		0.243953
0.208		0.244814
0.209		0.245667
0.21		0.246514
0.211		0.247354
0.212		0.248187
0.213		0.249013
0.214		0.249833
0.215		0.250645
0.216		0.25145
0.217		0.252248
0.218		0.253039
0.219		0.253823
0.22		0.2546
0.221		0.25537
0.222		0.256133
0.223		0.256888
0.224		0.257637
0.225		0.258378
0.226		0.259112
0.227		0.259839
0.228		0.260559
0.229		0.261272
0.23		0.261977
0.231		0.262676
0.232		0.263367
0.233		0.264051
0.234		0.264728
0.235		0.265398
0.236		0.26606
0.237		0.266716
0.238		0.267364
0.239		0.268006
0.24		0.26864
0.241		0.269267
0.242		0.269887
0.243		0.270499
0.244		0.271105
0.245		0.271704
0.246		0.272296
0.247		0.27288
0.248		0.273458
0.249		0.274029
0.25		0.274592
0.251		0.275149
0.252		0.275699
0.253		0.276242
0.254		0.276778
0.255		0.277307
0.256		0.277829
0.257		0.278344
0.258		0.278853
0.259		0.279354
0.26		0.279849
0.261		0.280338
0.262		0.280819
0.263		0.281294
0.264		0.281762
0.265		0.282223
0.266		0.282678
0.267		0.283126
0.268		0.283568
0.269		0.284003
0.27		0.284432
0.271		0.284854
0.272		0.28527
0.273		0.285679
0.274		0.286082
0.275		0.286478
0.276		0.286869
0.277		0.287252
0.278		0.28763
0.279		0.288001
0.28		0.288367
0.281		0.288725
0.282		0.289078
0.283		0.289425
0.284		0.289766
0.285		0.2901
0.286		0.290429
0.287		0.290751
0.288		0.291068
0.289		0.291379
0.29		0.291684
0.291		0.291983
0.292		0.292276
0.293		0.292563
0.294		0.292845
0.295		0.293121
0.296		0.293391
0.297		0.293656
0.298		0.293915
0.299		0.294169
0.3		0.294417
0.301		0.294659
0.302		0.294896
0.303		0.295128
0.304		0.295354
0.305		0.295575
0.306		0.295791
0.307		0.296001
0.308		0.296206
0.309		0.296406
0.31		0.296601
0.311		0.29679
0.312		0.296975
0.313		0.297154
0.314		0.297328
0.315		0.297498
0.316		0.297662
0.317		0.297822
0.318		0.297976
0.319		0.298126
0.32		0.298271
0.321		0.298411
0.322		0.298547
0.323		0.298677
0.324		0.298804
0.325		0.298925
0.326		0.299042
0.327		0.299154
0.328		0.299262
0.329		0.299365
0.33		0.299464
0.331		0.299559
0.332		0.299649
0.333		0.299734
0.334		0.299816
0.335		0.299893
0.336		0.299966
0.337		0.300035
0.338		0.300099
0.339		0.300159
0.34		0.300216
0.341		0.300268
0.342		0.300316
0.343		0.30036
0.344		0.300401
0.345		0.300437
0.346		0.300469
0.347		0.300498
0.348		0.300523
0.349		0.300544
0.35		0.300561
0.351		0.300574
0.352		0.300584
0.353		0.30059
0.354		0.300593
0.355		0.300591
0.356		0.300587
0.357		0.300579
0.358		0.300567
0.359		0.300552
0.36		0.300533
0.361		0.300511
0.362		0.300486
0.363		0.300457
0.364		0.300425
0.365		0.30039
0.366		0.300351
0.367		0.300309
0.368		0.300264
0.369		0.300216
0.37		0.300165
0.371		0.300111
0.372		0.300053
0.373		0.299993
0.374		0.29993
0.375		0.299863
0.376		0.299794
0.377		0.299722
0.378		0.299647
0.379		0.299569
0.38		0.299488
0.381		0.299404
0.382		0.299318
0.383		0.299229
0.384		0.299137
0.385		0.299042
0.386		0.298945
0.387		0.298845
0.388		0.298743
0.389		0.298638
0.39		0.298531
0.391		0.298421
0.392		0.298308
0.393		0.298193
0.394		0.298076
0.395		0.297956
0.396		0.297833
0.397		0.297709
0.398		0.297582
0.399		0.297453
0.4		0.297321
0.401		0.297187
0.402		0.297051
0.403		0.296913
0.404		0.296773
0.405		0.29663
0.406		0.296485
0.407		0.296338
0.408		0.296189
0.409		0.296038
0.41		0.295885
0.411		0.29573
0.412		0.295573
0.413		0.295414
0.414		0.295253
0.415		0.29509
0.416		0.294925
0.417		0.294758
0.418		0.29459
0.419		0.294419
0.42		0.294247
0.421		0.294073
0.422		0.293897
0.423		0.293719
0.424		0.29354
0.425		0.293359
0.426		0.293176
0.427		0.292992
0.428		0.292806
0.429		0.292618
0.43		0.292429
0.431		0.292238
0.432		0.292045
0.433		0.291851
0.434		0.291656
0.435		0.291459
0.436		0.29126
0.437		0.29106
0.438		0.290859
0.439		0.290656
0.44		0.290451
0.441		0.290245
0.442		0.290038
0.443		0.28983
0.444		0.28962
0.445		0.289409
0.446		0.289196
0.447		0.288983
0.448		0.288768
0.449		0.288551
0.45		0.288334
0.451		0.288115
0.452		0.287895
0.453		0.287674
0.454		0.287451
0.455		0.287228
0.456		0.287003
0.457		0.286777
0.458		0.286551
0.459		0.286323
0.46		0.286093
0.461		0.285863
0.462		0.285632
0.463		0.2854
0.464		0.285167
0.465		0.284932
0.466		0.284697
0.467		0.284461
0.468		0.284224
0.469		0.283986
0.47		0.283747
0.471		0.283507
0.472		0.283266
0.473		0.283024
0.474		0.282782
0.475		0.282538
0.476		0.282294
0.477		0.282049
0.478		0.281803
0.479		0.281556
0.48		0.281308
0.481		0.28106
0.482		0.280811
0.483		0.280561
0.484		0.28031
0.485		0.280059
0.486		0.279807
0.487		0.279554
0.488		0.2793
0.489		0.279046
0.49		0.278791
0.491		0.278536
0.492		0.27828
0.493		0.278023
0.494		0.277765
0.495		0.277507
0.496		0.277248
0.497		0.276989
0.498		0.276729
0.499		0.276469
0.5		0.276208
0.501		0.275946
0.502		0.275684
0.503		0.275422
0.504		0.275159
0.505		0.274895
0.506		0.274631
0.507		0.274366
0.508		0.274101
0.509		0.273835
0.51		0.273569
0.511		0.273303
0.512		0.273036
0.513		0.272769
0.514		0.272501
0.515		0.272233
0.516		0.271964
0.517		0.271695
0.518		0.271425
0.519		0.271156
0.52		0.270886
0.521		0.270615
0.522		0.270344
0.523		0.270073
0.524		0.269801
0.525		0.269529
0.526		0.269257
0.527		0.268985
0.528		0.268712
0.529		0.268439
0.53		0.268165
0.531		0.267892
0.532		0.267618
0.533		0.267343
0.534		0.267069
0.535		0.266794
0.536		0.266519
0.537		0.266244
0.538		0.265969
0.539		0.265693
0.54		0.265417
0.541		0.265141
0.542		0.264865
0.543		0.264588
0.544		0.264311
0.545		0.264035
0.546		0.263757
0.547		0.26348
0.548		0.263203
0.549		0.262925
0.55		0.262648
0.551		0.26237
0.552		0.262092
0.553		0.261814
0.554		0.261536
0.555		0.261257
0.556		0.260979
0.557		0.2607
0.558		0.260422
0.559		0.260143
0.56		0.259864
0.561		0.259585
0.562		0.259306
0.563		0.259027
0.564		0.258748
0.565		0.258469
0.566		0.258189
0.567		0.25791
0.568		0.257631
0.569		0.257351
0.57		0.257072
0.571		0.256792
0.572		0.256513
0.573		0.256233
0.574		0.255954
0.575		0.255674
0.576		0.255394
0.577		0.255115
0.578		0.254835
0.579		0.254556
0.58		0.254276
0.581		0.253997
0.582		0.253717
0.583		0.253437
0.584		0.253158
0.585		0.252879
0.586		0.252599
0.587		0.25232
0.588		0.25204
0.589		0.251761
0.59		0.251482
0.591		0.251203
0.592		0.250923
0.593		0.250644
0.594		0.250365
0.595		0.250086
0.596		0.249808
0.597		0.249529
0.598		0.24925
0.599		0.248971
0.6		0.248693
0.601		0.248414
0.602		0.248136
0.603		0.247858
0.604		0.24758
0.605		0.247302
0.606		0.247024
0.607		0.246746
0.608		0.246468
0.609		0.24619
0.61		0.245913
0.611		0.245636
0.612		0.245358
0.613		0.245081
0.614		0.244804
0.615		0.244527
0.616		0.244251
0.617		0.243974
0.618		0.243698
0.619		0.243421
0.62		0.243145
0.621		0.242869
0.622		0.242593
0.623		0.242318
0.624		0.242042
0.625		0.241767
0.626		0.241492
0.627		0.241217
0.628		0.240942
0.629		0.240667
0.63		0.240393
0.631		0.240118
0.632		0.239844
0.633		0.23957
0.634		0.239296
0.635		0.239023
0.636		0.238749
0.637		0.238476
0.638		0.238203
0.639		0.23793
0.64		0.237657
0.641		0.237385
0.642		0.237113
0.643		0.236841
0.644		0.236569
0.645		0.236297
0.646		0.236026
0.647		0.235754
0.648		0.235483
0.649		0.235213
0.65		0.234942
0.651		0.234672
0.652		0.234401
0.653		0.234131
0.654		0.233862
0.655		0.233592
0.656		0.233323
0.657		0.233054
0.658		0.232785
0.659		0.232516
0.66		0.232248
0.661		0.23198
0.662		0.231712
0.663		0.231444
0.664		0.231177
0.665		0.23091
0.666		0.230643
0.667		0.230376
0.668		0.23011
0.669		0.229843
0.67		0.229577
0.671		0.229312
0.672		0.229046
0.673		0.228781
0.674		0.228516
0.675		0.228251
0.676		0.227987
0.677		0.227723
0.678		0.227459
0.679		0.227195
0.68		0.226931
0.681		0.226668
0.682		0.226405
0.683		0.226142
0.684		0.22588
0.685		0.225618
0.686		0.225356
0.687		0.225094
0.688		0.224833
0.689		0.224572
0.69		0.224311
0.691		0.22405
0.692		0.22379
0.693		0.22353
0.694		0.22327
0.695		0.223011
0.696		0.222752
0.697		0.222493
0.698		0.222234
0.699		0.221976
0.7		0.221717
0.701		0.22146
0.702		0.221202
0.703		0.220945
0.704		0.220688
0.705		0.220431
0.706		0.220175
0.707		0.219918
0.708		0.219662
0.709		0.219407
0.71		0.219152
0.711		0.218897
0.712		0.218642
0.713		0.218387
0.714		0.218133
0.715		0.217879
0.716		0.217626
0.717		0.217372
0.718		0.217119
0.719		0.216866
0.72		0.216614
0.721		0.216362
0.722		0.21611
0.723		0.215858
0.724		0.215607
0.725		0.215356
0.726		0.215105
0.727		0.214855
0.728		0.214605
0.729		0.214355
0.73		0.214105
0.731		0.213856
0.732		0.213607
0.733		0.213358
0.734		0.21311
0.735		0.212862
0.736		0.212614
0.737		0.212366
0.738		0.212119
0.739		0.211872
0.74		0.211626
0.741		0.211379
0.742		0.211133
0.743		0.210888
0.744		0.210642
0.745		0.210397
0.746		0.210152
0.747		0.209908
0.748		0.209664
0.749		0.20942
0.75		0.209176
0.751		0.208933
0.752		0.20869
0.753		0.208447
0.754		0.208204
0.755		0.207962
0.756		0.20772
0.757		0.207479
0.758		0.207238
0.759		0.206997
0.76		0.206756
0.761		0.206516
0.762		0.206276
0.763		0.206036
0.764		0.205797
0.765		0.205557
0.766		0.205319
0.767		0.20508
0.768		0.204842
0.769		0.204604
0.77		0.204366
0.771		0.204129
0.772		0.203892
0.773		0.203655
0.774		0.203419
0.775		0.203183
0.776		0.202947
0.777		0.202711
0.778		0.202476
0.779		0.202241
0.78		0.202007
0.781		0.201772
0.782		0.201538
0.783		0.201305
0.784		0.201071
0.785		0.200838
0.786		0.200606
0.787		0.200373
0.788		0.200141
0.789		0.199909
0.79		0.199677
0.791		0.199446
0.792		0.199215
0.793		0.198984
0.794		0.198754
0.795		0.198524
0.796		0.198294
0.797		0.198065
0.798		0.197836
0.799		0.197607
0.8		0.197378
0.801		0.19715
0.802		0.196922
0.803		0.196694
0.804		0.196467
0.805		0.19624
0.806		0.196013
0.807		0.195787
0.808		0.195561
0.809		0.195335
0.81		0.195109
0.811		0.194884
0.812		0.194659
0.813		0.194434
0.814		0.19421
0.815		0.193986
0.816		0.193762
0.817		0.193539
0.818		0.193315
0.819		0.193093
0.82		0.19287
0.821		0.192648
0.822		0.192426
0.823		0.192204
0.824		0.191983
0.825		0.191762
0.826		0.191541
0.827		0.19132
0.828		0.1911
0.829		0.19088
0.83		0.190661
0.831		0.190441
0.832		0.190222
0.833		0.190004
0.834		0.189785
0.835		0.189567
0.836		0.189349
0.837		0.189132
0.838		0.188915
0.839		0.188698
0.84		0.188481
0.841		0.188265
0.842		0.188049
0.843		0.187833
0.844		0.187618
0.845		0.187402
0.846		0.187188
0.847		0.186973
0.848		0.186759
0.849		0.186545
0.85		0.186331
0.851		0.186118
0.852		0.185905
0.853		0.185692
0.854		0.185479
0.855		0.185267
0.856		0.185055
0.857		0.184843
0.858		0.184632
0.859		0.184421
0.86		0.18421
0.861		0.184
0.862		0.183789
0.863		0.183579
0.864		0.18337
0.865		0.183161
0.866		0.182951
0.867		0.182743
0.868		0.182534
0.869		0.182326
0.87		0.182118
0.871		0.18191
0.872		0.181703
0.873		0.181496
0.874		0.181289
0.875		0.181083
0.876		0.180877
0.877		0.180671
0.878		0.180465
0.879		0.18026
0.88		0.180055
0.881		0.17985
0.882		0.179646
0.883		0.179441
0.884		0.179237
0.885		0.179034
0.886		0.17883
0.887		0.178627
0.888		0.178425
0.889		0.178222
0.89		0.17802
0.891		0.177818
0.892		0.177616
0.893		0.177415
0.894		0.177214
0.895		0.177013
0.896		0.176812
0.897		0.176612
0.898		0.176412
0.899		0.176212
0.9		0.176013
0.901		0.175814
0.902		0.175615
0.903		0.175416
0.904		0.175218
0.905		0.17502
0.906		0.174822
0.907		0.174625
0.908		0.174427
0.909		0.17423
0.91		0.174034
0.911		0.173837
0.912		0.173641
0.913		0.173445
0.914		0.17325
0.915		0.173054
0.916		0.172859
0.917		0.172665
0.918		0.17247
0.919		0.172276
0.92		0.172082
0.921		0.171888
0.922		0.171695
0.923		0.171502
0.924		0.171309
0.925		0.171116
0.926		0.170924
0.927		0.170732
0.928		0.17054
0.929		0.170349
0.93		0.170157
0.931		0.169966
0.932		0.169776
0.933		0.169585
0.934		0.169395
0.935		0.169205
0.936		0.169015
0.937		0.168826
0.938		0.168637
0.939		0.168448
0.94		0.168259
0.941		0.168071
0.942		0.167883
0.943		0.167695
0.944		0.167508
0.945		0.16732
0.946		0.167133
0.947		0.166947
0.948		0.16676
0.949		0.166574
0.95		0.166388
0.951		0.166202
0.952		0.166017
0.953		0.165832
0.954		0.165647
0.955		0.165462
0.956		0.165277
0.957		0.165093
0.958		0.164909
0.959		0.164726
0.96		0.164542
0.961		0.164359
0.962		0.164176
0.963		0.163994
0.964		0.163811
0.965		0.163629
0.966		0.163447
0.967		0.163266
0.968		0.163084
0.969		0.162903
0.97		0.162723
0.971		0.162542
0.972		0.162362
0.973		0.162182
0.974		0.162002
0.975		0.161822
0.976		0.161643
0.977		0.161464
0.978		0.161285
0.979		0.161106
0.98		0.160928
0.981		0.16075
0.982		0.160572
0.983		0.160395
0.984		0.160217
0.985		0.16004
0.986		0.159863
0.987		0.159687
0.988		0.159511
0.989		0.159334
0.99		0.159159
0.991		0.158983
0.992		0.158808
0.993		0.158633
0.994		0.158458
0.995		0.158283
0.996		0.158109
0.997		0.157935
0.998		0.157761
0.999		0.157587
1		0.157414
1.001		0.157241
1.002		0.157068
1.003		0.156895
1.004		0.156723
1.005		0.15655
1.006		0.156379
1.007		0.156207
1.008		0.156035
1.009		0.155864
1.01		0.155693
1.011		0.155522
1.012		0.155352
1.013		0.155182
1.014		0.155012
1.015		0.154842
1.016		0.154672
1.017		0.154503
1.018		0.154334
1.019		0.154165
1.02		0.153997
1.021		0.153828
1.022		0.15366
1.023		0.153492
1.024		0.153325
1.025		0.153157
1.026		0.15299
1.027		0.152823
1.028		0.152656
1.029		0.15249
1.03		0.152324
1.031		0.152157
1.032		0.151992
1.033		0.151826
1.034		0.151661
1.035		0.151496
1.036		0.151331
1.037		0.151166
1.038		0.151002
1.039		0.150838
1.04		0.150674
1.041		0.15051
1.042		0.150346
1.043		0.150183
1.044		0.15002
1.045		0.149857
1.046		0.149695
1.047		0.149532
1.048		0.14937
1.049		0.149208
1.05		0.149047
1.051		0.148885
1.052		0.148724
1.053		0.148563
1.054		0.148402
1.055		0.148242
1.056		0.148081
1.057		0.147921
1.058		0.147761
1.059		0.147602
1.06		0.147442
1.061		0.147283
1.062		0.147124
1.063		0.146965
1.064		0.146807
1.065		0.146649
1.066		0.14649
1.067		0.146333
1.068		0.146175
1.069		0.146017
1.07		0.14586
1.071		0.145703
1.072		0.145546
1.073		0.14539
1.074		0.145234
1.075		0.145077
1.076		0.144921
1.077		0.144766
1.078		0.14461
1.079		0.144455
1.08		0.1443
1.081		0.144145
1.082		0.143991
1.083		0.143836
1.084		0.143682
1.085		0.143528
1.086		0.143374
1.087		0.143221
1.088		0.143067
1.089		0.142914
1.09		0.142761
1.091		0.142609
1.092		0.142456
1.093		0.142304
1.094		0.142152
1.095		0.142
1.096		0.141848
1.097		0.141697
1.098		0.141546
1.099		0.141395
1.1		0.141244
1.101		0.141093
1.102		0.140943
1.103		0.140793
1.104		0.140643
1.105		0.140493
1.106		0.140343
1.107		0.140194
1.108		0.140045
1.109		0.139896
1.11		0.139747
1.111		0.139599
1.112		0.13945
1.113		0.139302
1.114		0.139154
1.115		0.139007
1.116		0.138859
1.117		0.138712
1.118		0.138565
1.119		0.138418
1.12		0.138271
1.121		0.138125
1.122		0.137978
1.123		0.137832
1.124		0.137686
1.125		0.137541
1.126		0.137395
1.127		0.13725
1.128		0.137105
1.129		0.13696
1.13		0.136815
1.131		0.136671
1.132		0.136527
1.133		0.136383
1.134		0.136239
1.135		0.136095
1.136		0.135952
1.137		0.135808
1.138		0.135665
1.139		0.135522
1.14		0.13538
1.141		0.135237
1.142		0.135095
1.143		0.134953
1.144		0.134811
1.145		0.134669
1.146		0.134528
1.147		0.134386
1.148		0.134245
1.149		0.134104
1.15		0.133964
1.151		0.133823
1.152		0.133683
1.153		0.133542
1.154		0.133402
1.155		0.133263
1.156		0.133123
1.157		0.132984
1.158		0.132845
1.159		0.132706
1.16		0.132567
1.161		0.132428
1.162		0.13229
1.163		0.132151
1.164		0.132013
1.165		0.131875
1.166		0.131738
1.167		0.1316
1.168		0.131463
1.169		0.131326
1.17		0.131189
1.171		0.131052
1.172		0.130916
1.173		0.130779
1.174		0.130643
1.175		0.130507
1.176		0.130371
1.177		0.130236
1.178		0.1301
1.179		0.129965
1.18		0.12983
1.181		0.129695
1.182		0.12956
1.183		0.129426
1.184		0.129292
1.185		0.129157
1.186		0.129024
1.187		0.12889
1.188		0.128756
1.189		0.128623
1.19		0.12849
1.191		0.128356
1.192		0.128224
1.193		0.128091
1.194		0.127958
1.195		0.127826
1.196		0.127694
1.197		0.127562
1.198		0.12743
1.199		0.127299
1.2		0.127167
1.201		0.127036
1.202		0.126905
1.203		0.126774
1.204		0.126643
1.205		0.126513
1.206		0.126382
1.207		0.126252
1.208		0.126122
1.209		0.125992
1.21		0.125863
1.211		0.125733
1.212		0.125604
1.213		0.125475
1.214		0.125346
1.215		0.125217
1.216		0.125089
1.217		0.12496
1.218		0.124832
1.219		0.124704
1.22		0.124576
1.221		0.124448
1.222		0.124321
1.223		0.124193
1.224		0.124066
1.225		0.123939
1.226		0.123812
1.227		0.123686
1.228		0.123559
1.229		0.123433
1.23		0.123307
1.231		0.123181
1.232		0.123055
1.233		0.122929
1.234		0.122804
1.235		0.122678
1.236		0.122553
1.237		0.122428
1.238		0.122303
1.239		0.122179
1.24		0.122054
1.241		0.12193
1.242		0.121806
1.243		0.121682
1.244		0.121558
1.245		0.121434
1.246		0.121311
1.247		0.121188
1.248		0.121064
1.249		0.120941
1.25		0.120819
1.251		0.120696
1.252		0.120574
1.253		0.120451
1.254		0.120329
1.255		0.120207
1.256		0.120085
1.257		0.119964
1.258		0.119842
1.259		0.119721
1.26		0.1196
1.261		0.119479
1.262		0.119358
1.263		0.119237
1.264		0.119117
1.265		0.118996
1.266		0.118876
1.267		0.118756
1.268		0.118636
1.269		0.118516
1.27		0.118397
1.271		0.118278
1.272		0.118158
1.273		0.118039
1.274		0.11792
1.275		0.117802
1.276		0.117683
1.277		0.117565
1.278		0.117446
1.279		0.117328
1.28		0.11721
1.281		0.117093
1.282		0.116975
1.283		0.116857
1.284		0.11674
1.285		0.116623
1.286		0.116506
1.287		0.116389
1.288		0.116272
1.289		0.116156
1.29		0.11604
1.291		0.115923
1.292		0.115807
1.293		0.115691
1.294		0.115576
1.295		0.11546
1.296		0.115345
1.297		0.115229
1.298		0.115114
1.299		0.114999
1.3		0.114884
1.301		0.11477
1.302		0.114655
1.303		0.114541
1.304		0.114426
1.305		0.114312
1.306		0.114198
1.307		0.114085
1.308		0.113971
1.309		0.113858
1.31		0.113744
1.311		0.113631
1.312		0.113518
1.313		0.113405
1.314		0.113293
1.315		0.11318
1.316		0.113068
1.317		0.112955
1.318		0.112843
1.319		0.112731
1.32		0.112619
1.321		0.112508
1.322		0.112396
1.323		0.112285
1.324		0.112174
1.325		0.112063
1.326		0.111952
1.327		0.111841
1.328		0.11173
1.329		0.11162
1.33		0.111509
1.331		0.111399
1.332		0.111289
1.333		0.111179
1.334		0.11107
1.335		0.11096
1.336		0.110851
1.337		0.110741
1.338		0.110632
1.339		0.110523
1.34		0.110414
1.341		0.110305
1.342		0.110197
1.343		0.110088
1.344		0.10998
1.345		0.109872
1.346		0.109764
1.347		0.109656
1.348		0.109548
1.349		0.109441
1.35		0.109333
1.351		0.109226
1.352		0.109119
1.353		0.109012
1.354		0.108905
1.355		0.108798
1.356		0.108691
1.357		0.108585
1.358		0.108479
1.359		0.108372
1.36		0.108266
1.361		0.10816
1.362		0.108055
1.363		0.107949
1.364		0.107844
1.365		0.107738
1.366		0.107633
1.367		0.107528
1.368		0.107423
1.369		0.107318
1.37		0.107213
1.371		0.107109
1.372		0.107005
1.373		0.1069
1.374		0.106796
1.375		0.106692
1.376		0.106588
1.377		0.106485
1.378		0.106381
1.379		0.106278
1.38		0.106174
1.381		0.106071
1.382		0.105968
1.383		0.105865
1.384		0.105763
1.385		0.10566
1.386		0.105557
1.387		0.105455
1.388		0.105353
1.389		0.105251
1.39		0.105149
1.391		0.105047
1.392		0.104945
1.393		0.104844
1.394		0.104742
1.395		0.104641
1.396		0.10454
1.397		0.104439
1.398		0.104338
1.399		0.104237
1.4		0.104137
1.401		0.104036
1.402		0.103936
1.403		0.103836
1.404		0.103735
1.405		0.103635
1.406		0.103536
1.407		0.103436
1.408		0.103336
1.409		0.103237
1.41		0.103137
1.411		0.103038
1.412		0.102939
1.413		0.10284
1.414		0.102741
1.415		0.102643
1.416		0.102544
1.417		0.102446
1.418		0.102348
1.419		0.102249
1.42		0.102151
1.421		0.102053
1.422		0.101956
1.423		0.101858
1.424		0.10176
1.425		0.101663
1.426		0.101566
1.427		0.101469
1.428		0.101372
1.429		0.101275
1.43		0.101178
1.431		0.101081
1.432		0.100985
1.433		0.100888
1.434		0.100792
1.435		0.100696
1.436		0.1006
1.437		0.100504
1.438		0.100408
1.439		0.100312
1.44		0.100217
1.441		0.100122
1.442		0.100026
1.443		0.0999311
1.444		0.099836
1.445		0.0997411
1.446		0.0996463
1.447		0.0995516
1.448		0.0994571
1.449		0.0993627
1.45		0.0992684
1.451		0.0991742
1.452		0.0990801
1.453		0.0989862
1.454		0.0988923
1.455		0.0987986
1.456		0.0987051
1.457		0.0986116
1.458		0.0985183
1.459		0.098425
1.46		0.0983319
1.461		0.0982389
1.462		0.0981461
1.463		0.0980533
1.464		0.0979607
1.465		0.0978682
1.466		0.0977758
1.467		0.0976836
1.468		0.0975914
1.469		0.0974994
1.47		0.0974075
1.471		0.0973157
1.472		0.097224
1.473		0.0971324
1.474		0.097041
1.475		0.0969497
1.476		0.0968585
1.477		0.0967674
1.478		0.0966764
1.479		0.0965855
1.48		0.0964948
1.481		0.0964042
1.482		0.0963137
1.483		0.0962233
1.484		0.096133
1.485		0.0960428
1.486		0.0959528
1.487		0.0958629
1.488		0.095773
1.489		0.0956833
1.49		0.0955937
1.491		0.0955043
1.492		0.0954149
1.493		0.0953257
1.494		0.0952365
1.495		0.0951475
1.496		0.0950586
1.497		0.0949698
1.498		0.0948811
1.499		0.0947926
1.5		0.0947041
1.501		0.0946158
1.502		0.0945275
1.503		0.0944394
1.504		0.0943514
1.505		0.0942635
1.506		0.0941758
1.507		0.0940881
1.508		0.0940005
1.509		0.0939131
1.51		0.0938257
1.511		0.0937385
1.512		0.0936514
1.513		0.0935644
1.514		0.0934775
1.515		0.0933907
1.516		0.0933041
1.517		0.0932175
1.518		0.093131
1.519		0.0930447
1.52		0.0929585
1.521		0.0928723
1.522		0.0927863
1.523		0.0927004
1.524		0.0926146
1.525		0.0925289
1.526		0.0924434
1.527		0.0923579
1.528		0.0922725
1.529		0.0921873
1.53		0.0921021
1.531		0.0920171
1.532		0.0919321
1.533		0.0918473
1.534		0.0917626
1.535		0.091678
1.536		0.0915935
1.537		0.0915091
1.538		0.0914248
1.539		0.0913406
1.54		0.0912565
1.541		0.0911726
1.542		0.0910887
1.543		0.0910049
1.544		0.0909213
1.545		0.0908377
1.546		0.0907543
1.547		0.0906709
1.548		0.0905877
1.549		0.0905046
1.55		0.0904215
1.551		0.0903386
1.552		0.0902558
1.553		0.0901731
1.554		0.0900905
1.555		0.090008
1.556		0.0899256
1.557		0.0898433
1.558		0.0897611
1.559		0.089679
1.56		0.089597
1.561		0.0895151
1.562		0.0894333
1.563		0.0893516
1.564		0.08927
1.565		0.0891886
1.566		0.0891072
1.567		0.0890259
1.568		0.0889447
1.569		0.0888637
1.57		0.0887827
1.571		0.0887018
1.572		0.0886211
1.573		0.0885404
1.574		0.0884598
1.575		0.0883794
1.576		0.088299
1.577		0.0882188
1.578		0.0881386
1.579		0.0880585
1.58		0.0879786
1.581		0.0878987
1.582		0.0878189
1.583		0.0877393
1.584		0.0876597
1.585		0.0875802
1.586		0.0875009
1.587		0.0874216
1.588		0.0873424
1.589		0.0872634
1.59		0.0871844
1.591		0.0871055
1.592		0.0870268
1.593		0.0869481
1.594		0.0868695
1.595		0.086791
1.596		0.0867126
1.597		0.0866343
1.598		0.0865562
1.599		0.0864781
1.6		0.0864001
1.601		0.0863222
1.602		0.0862444
1.603		0.0861667
1.604		0.086089
1.605		0.0860115
1.606		0.0859341
1.607		0.0858568
1.608		0.0857796
1.609		0.0857024
1.61		0.0856254
1.611		0.0855485
1.612		0.0854716
1.613		0.0853949
1.614		0.0853182
1.615		0.0852417
1.616		0.0851652
1.617		0.0850888
1.618		0.0850126
1.619		0.0849364
1.62		0.0848603
1.621		0.0847843
1.622		0.0847084
1.623		0.0846326
1.624		0.0845569
1.625		0.0844813
1.626		0.0844057
1.627		0.0843303
1.628		0.084255
1.629		0.0841797
1.63		0.0841046
1.631		0.0840295
1.632		0.0839545
1.633		0.0838797
1.634		0.0838049
1.635		0.0837302
1.636		0.0836556
1.637		0.0835811
1.638		0.0835067
1.639		0.0834323
1.64		0.0833581
1.641		0.083284
1.642		0.0832099
1.643		0.083136
1.644		0.0830621
1.645		0.0829883
1.646		0.0829146
1.647		0.082841
1.648		0.0827675
1.649		0.0826941
1.65		0.0826208
1.651		0.0825475
1.652		0.0824744
1.653		0.0824013
1.654		0.0823284
1.655		0.0822555
1.656		0.0821827
1.657		0.08211
1.658		0.0820374
1.659		0.0819648
1.66		0.0818924
1.661		0.0818201
1.662		0.0817478
1.663		0.0816756
1.664		0.0816036
1.665		0.0815316
1.666		0.0814597
1.667		0.0813878
1.668		0.0813161
1.669		0.0812445
1.67		0.0811729
1.671		0.0811014
1.672		0.0810301
1.673		0.0809588
1.674		0.0808876
1.675		0.0808164
1.676		0.0807454
1.677		0.0806745
1.678		0.0806036
1.679		0.0805328
1.68		0.0804621
1.681		0.0803915
1.682		0.080321
1.683		0.0802506
1.684		0.0801802
1.685		0.08011
1.686		0.0800398
1.687		0.0799697
1.688		0.0798997
1.689		0.0798298
1.69		0.0797599
1.691		0.0796902
1.692		0.0796205
1.693		0.0795509
1.694		0.0794814
1.695		0.079412
1.696		0.0793427
1.697		0.0792735
1.698		0.0792043
1.699		0.0791352
1.7		0.0790662
1.701		0.0789973
1.702		0.0789285
1.703		0.0788597
1.704		0.0787911
1.705		0.0787225
1.706		0.078654
1.707		0.0785856
1.708		0.0785173
1.709		0.078449
1.71		0.0783809
1.711		0.0783128
1.712		0.0782448
1.713		0.0781769
1.714		0.078109
1.715		0.0780413
1.716		0.0779736
1.717		0.077906
1.718		0.0778385
1.719		0.0777711
1.72		0.0777037
1.721		0.0776364
1.722		0.0775693
1.723		0.0775021
1.724		0.0774351
1.725		0.0773682
1.726		0.0773013
1.727		0.0772345
1.728		0.0771678
1.729		0.0771012
1.73		0.0770347
1.731		0.0769682
1.732		0.0769018
1.733		0.0768355
1.734		0.0767693
1.735		0.0767031
1.736		0.0766371
1.737		0.0765711
1.738		0.0765052
1.739		0.0764393
1.74		0.0763736
1.741		0.0763079
1.742		0.0762423
1.743		0.0761768
1.744		0.0761114
1.745		0.076046
1.746		0.0759807
1.747		0.0759155
1.748		0.0758504
1.749		0.0757854
1.75		0.0757204
1.751		0.0756555
1.752		0.0755907
1.753		0.075526
1.754		0.0754613
1.755		0.0753967
1.756		0.0753322
1.757		0.0752678
1.758		0.0752034
1.759		0.0751392
1.76		0.075075
1.761		0.0750108
1.762		0.0749468
1.763		0.0748828
1.764		0.0748189
1.765		0.0747551
1.766		0.0746914
1.767		0.0746277
1.768		0.0745641
1.769		0.0745006
1.77		0.0744372
1.771		0.0743738
1.772		0.0743105
1.773		0.0742473
1.774		0.0741842
1.775		0.0741211
1.776		0.0740581
1.777		0.0739952
1.778		0.0739324
1.779		0.0738696
1.78		0.0738069
1.781		0.0737443
1.782		0.0736817
1.783		0.0736193
1.784		0.0735569
1.785		0.0734946
1.786		0.0734323
1.787		0.0733701
1.788		0.073308
1.789		0.073246
1.79		0.0731841
1.791		0.0731222
1.792		0.0730604
1.793		0.0729986
1.794		0.072937
1.795		0.0728754
1.796		0.0728139
1.797		0.0727524
1.798		0.0726911
1.799		0.0726298
1.8		0.0725685
1.801		0.0725074
1.802		0.0724463
1.803		0.0723853
1.804		0.0723243
1.805		0.0722635
1.806		0.0722027
1.807		0.072142
1.808		0.0720813
1.809		0.0720207
1.81		0.0719602
1.811		0.0718998
1.812		0.0718394
1.813		0.0717791
1.814		0.0717189
1.815		0.0716587
1.816		0.0715986
1.817		0.0715386
1.818		0.0714787
1.819		0.0714188
1.82		0.071359
1.821		0.0712993
1.822		0.0712396
1.823		0.07118
1.824		0.0711205
1.825		0.071061
1.826		0.0710016
1.827		0.0709423
1.828		0.0708831
1.829		0.0708239
1.83		0.0707648
1.831		0.0707057
1.832		0.0706468
1.833		0.0705879
1.834		0.070529
1.835		0.0704703
1.836		0.0704116
1.837		0.070353
1.838		0.0702944
1.839		0.0702359
1.84		0.0701775
1.841		0.0701191
1.842		0.0700608
1.843		0.0700026
1.844		0.0699445
1.845		0.0698864
1.846		0.0698284
1.847		0.0697704
1.848		0.0697126
1.849		0.0696547
1.85		0.069597
1.851		0.0695393
1.852		0.0694817
1.853		0.0694242
1.854		0.0693667
1.855		0.0693093
1.856		0.0692519
1.857		0.0691946
1.858		0.0691374
1.859		0.0690803
1.86		0.0690232
1.861		0.0689662
1.862		0.0689092
1.863		0.0688524
1.864		0.0687955
1.865		0.0687388
1.866		0.0686821
1.867		0.0686255
1.868		0.0685689
1.869		0.0685125
1.87		0.068456
1.871		0.0683997
1.872		0.0683434
1.873		0.0682872
1.874		0.068231
1.875		0.0681749
1.876		0.0681189
1.877		0.0680629
1.878		0.068007
1.879		0.0679512
1.88		0.0678954
1.881		0.0678397
1.882		0.067784
1.883		0.0677284
1.884		0.0676729
1.885		0.0676175
1.886		0.0675621
1.887		0.0675068
1.888		0.0674515
1.889		0.0673963
1.89		0.0673412
1.891		0.0672861
1.892		0.0672311
1.893		0.0671761
1.894		0.0671212
1.895		0.0670664
1.896		0.0670117
1.897		0.066957
1.898		0.0669023
1.899		0.0668478
1.9		0.0667933
1.901		0.0667388
1.902		0.0666844
1.903		0.0666301
1.904		0.0665759
1.905		0.0665217
1.906		0.0664675
1.907		0.0664135
1.908		0.0663595
1.909		0.0663055
1.91		0.0662516
1.911		0.0661978
1.912		0.066144
1.913		0.0660903
1.914		0.0660367
1.915		0.0659831
1.916		0.0659296
1.917		0.0658761
1.918		0.0658227
1.919		0.0657694
1.92		0.0657161
1.921		0.0656629
1.922		0.0656098
1.923		0.0655567
1.924		0.0655037
1.925		0.0654507
1.926		0.0653978
1.927		0.0653449
1.928		0.0652921
1.929		0.0652394
1.93		0.0651867
1.931		0.0651341
1.932		0.0650816
1.933		0.0650291
1.934		0.0649766
1.935		0.0649243
1.936		0.064872
1.937		0.0648197
1.938		0.0647675
1.939		0.0647154
1.94		0.0646633
1.941		0.0646113
1.942		0.0645593
1.943		0.0645074
1.944		0.0644556
1.945		0.0644038
1.946		0.0643521
1.947		0.0643004
1.948		0.0642488
1.949		0.0641973
1.95		0.0641458
1.951		0.0640944
1.952		0.064043
1.953		0.0639917
1.954		0.0639404
1.955		0.0638892
1.956		0.0638381
1.957		0.063787
1.958		0.063736
1.959		0.063685
1.96		0.0636341
1.961		0.0635832
1.962		0.0635324
1.963		0.0634817
1.964		0.063431
1.965		0.0633804
1.966		0.0633298
1.967		0.0632793
1.968		0.0632289
1.969		0.0631785
1.97		0.0631281
1.971		0.0630779
1.972		0.0630276
1.973		0.0629775
1.974		0.0629273
1.975		0.0628773
1.976		0.0628273
1.977		0.0627773
1.978		0.0627275
1.979		0.0626776
1.98		0.0626278
1.981		0.0625781
1.982		0.0625285
1.983		0.0624788
1.984		0.0624293
1.985		0.0623798
1.986		0.0623303
1.987		0.062281
1.988		0.0622316
1.989		0.0621823
1.99		0.0621331
1.991		0.062084
1.992		0.0620348
1.993		0.0619858
1.994		0.0619368
1.995		0.0618878
1.996		0.0618389
1.997		0.0617901
1.998		0.0617413
1.999		0.0616926
2		0.0616439
2.001		0.0615953
2.002		0.0615467
2.003		0.0614982
2.004		0.0614498
2.005		0.0614014
2.006		0.061353
2.007		0.0613047
2.008		0.0612565
2.009		0.0612083
2.01		0.0611601
2.011		0.0611121
2.012		0.061064
2.013		0.061016
2.014		0.0609681
2.015		0.0609203
2.016		0.0608724
2.017		0.0608247
2.018		0.060777
2.019		0.0607293
2.02		0.0606817
2.021		0.0606342
2.022		0.0605867
2.023		0.0605392
2.024		0.0604918
2.025		0.0604445
2.026		0.0603972
2.027		0.06035
2.028		0.0603028
2.029		0.0602556
2.03		0.0602086
2.031		0.0601615
2.032		0.0601146
2.033		0.0600676
2.034		0.0600208
2.035		0.0599739
2.036		0.0599272
2.037		0.0598805
2.038		0.0598338
2.039		0.0597872
2.04		0.0597406
2.041		0.0596941
2.042		0.0596476
2.043		0.0596012
2.044		0.0595549
2.045		0.0595086
2.046		0.0594623
2.047		0.0594161
2.048		0.05937
2.049		0.0593239
2.05		0.0592778
2.051		0.0592318
2.052		0.0591859
2.053		0.05914
2.054		0.0590941
2.055		0.0590483
2.056		0.0590026
2.057		0.0589569
2.058		0.0589112
2.059		0.0588656
2.06		0.0588201
2.061		0.0587746
2.062		0.0587291
2.063		0.0586837
2.064		0.0586384
2.065		0.0585931
2.066		0.0585478
2.067		0.0585026
2.068		0.0584575
2.069		0.0584124
2.07		0.0583673
2.071		0.0583223
2.072		0.0582774
2.073		0.0582325
2.074		0.0581876
2.075		0.0581428
2.076		0.0580981
2.077		0.0580533
2.078		0.0580087
2.079		0.0579641
2.08		0.0579195
2.081		0.057875
2.082		0.0578305
2.083		0.0577861
2.084		0.0577418
2.085		0.0576974
2.086		0.0576532
2.087		0.0576089
2.088		0.0575648
2.089		0.0575206
2.09		0.0574766
2.091		0.0574325
2.092		0.0573885
2.093		0.0573446
2.094		0.0573007
2.095		0.0572569
2.096		0.0572131
2.097		0.0571694
2.098		0.0571257
2.099		0.057082
2.1		0.0570384
2.101		0.0569948
2.102		0.0569513
2.103		0.0569079
2.104		0.0568645
2.105		0.0568211
2.106		0.0567778
2.107		0.0567345
2.108		0.0566913
2.109		0.0566481
2.11		0.056605
2.111		0.0565619
2.112		0.0565189
2.113		0.0564759
2.114		0.0564329
2.115		0.05639
2.116		0.0563472
2.117		0.0563044
2.118		0.0562616
2.119		0.0562189
2.12		0.0561762
2.121		0.0561336
2.122		0.056091
2.123		0.0560485
2.124		0.056006
2.125		0.0559636
2.126		0.0559212
2.127		0.0558788
2.128		0.0558365
2.129		0.0557943
2.13		0.0557521
2.131		0.0557099
2.132		0.0556678
2.133		0.0556257
2.134		0.0555837
2.135		0.0555417
2.136		0.0554998
2.137		0.0554579
2.138		0.055416
2.139		0.0553742
2.14		0.0553324
2.141		0.0552907
2.142		0.0552491
2.143		0.0552074
2.144		0.0551659
2.145		0.0551243
2.146		0.0550828
2.147		0.0550414
2.148		0.055
2.149		0.0549586
2.15		0.0549173
2.151		0.054876
2.152		0.0548348
2.153		0.0547936
2.154		0.0547525
2.155		0.0547114
2.156		0.0546704
2.157		0.0546294
2.158		0.0545884
2.159		0.0545475
2.16		0.0545066
2.161		0.0544658
2.162		0.054425
2.163		0.0543842
2.164		0.0543435
2.165		0.0543029
2.166		0.0542623
2.167		0.0542217
2.168		0.0541812
2.169		0.0541407
2.17		0.0541003
2.171		0.0540599
2.172		0.0540195
2.173		0.0539792
2.174		0.0539389
2.175		0.0538987
2.176		0.0538585
2.177		0.0538184
2.178		0.0537783
2.179		0.0537382
2.18		0.0536982
2.181		0.0536582
2.182		0.0536183
2.183		0.0535784
2.184		0.0535386
2.185		0.0534988
2.186		0.053459
2.187		0.0534193
2.188		0.0533796
2.189		0.05334
2.19		0.0533004
2.191		0.0532609
2.192		0.0532214
2.193		0.0531819
2.194		0.0531425
2.195		0.0531031
2.196		0.0530637
2.197		0.0530244
2.198		0.0529852
2.199		0.052946
2.2		0.0529068
2.201		0.0528677
2.202		0.0528286
2.203		0.0527895
2.204		0.0527505
2.205		0.0527115
2.206		0.0526726
2.207		0.0526337
2.208		0.0525949
2.209		0.0525561
2.21		0.0525173
2.211		0.0524786
2.212		0.0524399
2.213		0.0524013
2.214		0.0523627
2.215		0.0523241
2.216		0.0522856
2.217		0.0522471
2.218		0.0522087
2.219		0.0521703
2.22		0.0521319
2.221		0.0520936
2.222		0.0520553
2.223		0.0520171
2.224		0.0519789
2.225		0.0519408
2.226		0.0519026
2.227		0.0518646
2.228		0.0518265
2.229		0.0517885
2.23		0.0517506
2.231		0.0517127
2.232		0.0516748
2.233		0.0516369
2.234		0.0515991
2.235		0.0515614
2.236		0.0515237
2.237		0.051486
2.238		0.0514483
2.239		0.0514107
2.24		0.0513732
2.241		0.0513357
2.242		0.0512982
2.243		0.0512607
2.244		0.0512233
2.245		0.051186
2.246		0.0511486
2.247		0.0511113
2.248		0.0510741
2.249		0.0510369
2.25		0.0509997
2.251		0.0509626
2.252		0.0509255
2.253		0.0508884
2.254		0.0508514
2.255		0.0508144
2.256		0.0507775
2.257		0.0507406
2.258		0.0507037
2.259		0.0506669
2.26		0.0506301
2.261		0.0505934
2.262		0.0505566
2.263		0.05052
2.264		0.0504833
2.265		0.0504467
2.266		0.0504102
2.267		0.0503737
2.268		0.0503372
2.269		0.0503007
2.27		0.0502643
2.271		0.050228
2.272		0.0501916
2.273		0.0501553
2.274		0.0501191
2.275		0.0500828
2.276		0.0500467
2.277		0.0500105
2.278		0.0499744
2.279		0.0499383
2.28		0.0499023
2.281		0.0498663
2.282		0.0498304
2.283		0.0497944
2.284		0.0497586
2.285		0.0497227
2.286		0.0496869
2.287		0.0496511
2.288		0.0496154
2.289		0.0495797
2.29		0.049544
2.291		0.0495084
2.292		0.0494728
2.293		0.0494373
2.294		0.0494017
2.295		0.0493663
2.296		0.0493308
2.297		0.0492954
2.298		0.04926
2.299		0.0492247
2.3		0.0491894
2.301		0.0491541
2.302		0.0491189
2.303		0.0490837
2.304		0.0490486
2.305		0.0490135
2.306		0.0489784
2.307		0.0489433
2.308		0.0489083
2.309		0.0488733
2.31		0.0488384
2.311		0.0488035
2.312		0.0487686
2.313		0.0487338
2.314		0.048699
2.315		0.0486643
2.316		0.0486295
2.317		0.0485948
2.318		0.0485602
2.319		0.0485256
2.32		0.048491
2.321		0.0484564
2.322		0.0484219
2.323		0.0483875
2.324		0.048353
2.325		0.0483186
2.326		0.0482842
2.327		0.0482499
2.328		0.0482156
2.329		0.0481813
2.33		0.0481471
2.331		0.0481129
2.332		0.0480788
2.333		0.0480446
2.334		0.0480105
2.335		0.0479765
2.336		0.0479425
2.337		0.0479085
2.338		0.0478745
2.339		0.0478406
2.34		0.0478067
2.341		0.0477729
2.342		0.0477391
2.343		0.0477053
2.344		0.0476715
2.345		0.0476378
2.346		0.0476041
2.347		0.0475705
2.348		0.0475369
2.349		0.0475033
2.35		0.0474698
2.351		0.0474363
2.352		0.0474028
2.353		0.0473693
2.354		0.0473359
2.355		0.0473026
2.356		0.0472692
2.357		0.0472359
2.358		0.0472027
2.359		0.0471694
2.36		0.0471362
2.361		0.047103
2.362		0.0470699
2.363		0.0470368
2.364		0.0470037
2.365		0.0469707
2.366		0.0469377
2.367		0.0469047
2.368		0.0468718
2.369		0.0468389
2.37		0.046806
2.371		0.0467732
2.372		0.0467404
2.373		0.0467076
2.374		0.0466749
2.375		0.0466422
2.376		0.0466095
2.377		0.0465768
2.378		0.0465442
2.379		0.0465117
2.38		0.0464791
2.381		0.0464466
2.382		0.0464141
2.383		0.0463817
2.384		0.0463493
2.385		0.0463169
2.386		0.0462846
2.387		0.0462522
2.388		0.04622
2.389		0.0461877
2.39		0.0461555
2.391		0.0461233
2.392		0.0460912
2.393		0.046059
2.394		0.046027
2.395		0.0459949
2.396		0.0459629
2.397		0.0459309
2.398		0.0458989
2.399		0.045867
2.4		0.0458351
2.401		0.0458033
2.402		0.0457714
2.403		0.0457396
2.404		0.0457079
2.405		0.0456761
2.406		0.0456444
2.407		0.0456127
2.408		0.0455811
2.409		0.0455495
2.41		0.0455179
2.411		0.0454864
2.412		0.0454549
2.413		0.0454234
2.414		0.0453919
2.415		0.0453605
2.416		0.0453291
2.417		0.0452977
2.418		0.0452664
2.419		0.0452351
2.42		0.0452039
2.421		0.0451726
2.422		0.0451414
2.423		0.0451102
2.424		0.0450791
2.425		0.045048
2.426		0.0450169
2.427		0.0449859
2.428		0.0449549
2.429		0.0449239
2.43		0.0448929
2.431		0.044862
2.432		0.0448311
2.433		0.0448002
2.434		0.0447694
2.435		0.0447386
2.436		0.0447078
2.437		0.0446771
2.438		0.0446464
2.439		0.0446157
2.44		0.044585
2.441		0.0445544
2.442		0.0445238
2.443		0.0444933
2.444		0.0444627
2.445		0.0444322
2.446		0.0444018
2.447		0.0443713
2.448		0.0443409
2.449		0.0443105
2.45		0.0442802
2.451		0.0442499
2.452		0.0442196
2.453		0.0441893
2.454		0.0441591
2.455		0.0441289
2.456		0.0440987
2.457		0.0440686
2.458		0.0440385
2.459		0.0440084
2.46		0.0439783
2.461		0.0439483
2.462		0.0439183
2.463		0.0438883
2.464		0.0438584
2.465		0.0438285
2.466		0.0437986
2.467		0.0437688
2.468		0.043739
2.469		0.0437092
2.47		0.0436794
2.471		0.0436497
2.472		0.04362
2.473		0.0435903
2.474		0.0435607
2.475		0.0435311
2.476		0.0435015
2.477		0.0434719
2.478		0.0434424
2.479		0.0434129
2.48		0.0433834
2.481		0.043354
2.482		0.0433246
2.483		0.0432952
2.484		0.0432659
2.485		0.0432365
2.486		0.0432072
2.487		0.043178
2.488		0.0431487
2.489		0.0431195
2.49		0.0430903
2.491		0.0430612
2.492		0.0430321
2.493		0.043003
2.494		0.0429739
2.495		0.0429449
2.496		0.0429159
2.497		0.0428869
2.498		0.0428579
2.499		0.042829
2.5		0.0428001
2.501		0.0427712
2.502		0.0427424
2.503		0.0427136
2.504		0.0426848
2.505		0.042656
2.506		0.0426273
2.507		0.0425986
2.508		0.0425699
2.509		0.0425413
2.51		0.0425126
2.511		0.0424841
2.512		0.0424555
2.513		0.042427
2.514		0.0423985
2.515		0.04237
2.516		0.0423415
2.517		0.0423131
2.518		0.0422847
2.519		0.0422563
2.52		0.042228
2.521		0.0421997
2.522		0.0421714
2.523		0.0421431
2.524		0.0421149
2.525		0.0420867
2.526		0.0420585
2.527		0.0420304
2.528		0.0420022
2.529		0.0419741
2.53		0.0419461
2.531		0.041918
2.532		0.04189
2.533		0.041862
2.534		0.0418341
2.535		0.0418061
2.536		0.0417782
2.537		0.0417503
2.538		0.0417225
2.539		0.0416946
2.54		0.0416668
2.541		0.0416391
2.542		0.0416113
2.543		0.0415836
2.544		0.0415559
2.545		0.0415282
2.546		0.0415006
2.547		0.041473
2.548		0.0414454
2.549		0.0414178
2.55		0.0413903
2.551		0.0413628
2.552		0.0413353
2.553		0.0413079
2.554		0.0412804
2.555		0.041253
2.556		0.0412257
2.557		0.0411983
2.558		0.041171
2.559		0.0411437
2.56		0.0411164
2.561		0.0410892
2.562		0.0410619
2.563		0.0410348
2.564		0.0410076
2.565		0.0409804
2.566		0.0409533
2.567		0.0409262
2.568		0.0408992
2.569		0.0408721
2.57		0.0408451
2.571		0.0408181
2.572		0.0407912
2.573		0.0407642
2.574		0.0407373
2.575		0.0407104
2.576		0.0406836
2.577		0.0406568
2.578		0.04063
2.579		0.0406032
2.58		0.0405764
2.581		0.0405497
2.582		0.040523
2.583		0.0404963
2.584		0.0404696
2.585		0.040443
2.586		0.0404164
2.587		0.0403898
2.588		0.0403633
2.589		0.0403368
2.59		0.0403103
2.591		0.0402838
2.592		0.0402573
2.593		0.0402309
2.594		0.0402045
2.595		0.0401781
2.596		0.0401518
2.597		0.0401254
2.598		0.0400991
2.599		0.0400729
2.6		0.0400466
2.601		0.0400204
2.602		0.0399942
2.603		0.039968
2.604		0.0399419
2.605		0.0399157
2.606		0.0398896
2.607		0.0398635
2.608		0.0398375
2.609		0.0398115
2.61		0.0397855
2.611		0.0397595
2.612		0.0397335
2.613		0.0397076
2.614		0.0396817
2.615		0.0396558
2.616		0.0396299
2.617		0.0396041
2.618		0.0395783
2.619		0.0395525
2.62		0.0395268
2.621		0.039501
2.622		0.0394753
2.623		0.0394496
2.624		0.039424
2.625		0.0393983
2.626		0.0393727
2.627		0.0393471
2.628		0.0393215
2.629		0.039296
2.63		0.0392705
2.631		0.039245
2.632		0.0392195
2.633		0.0391941
2.634		0.0391687
2.635		0.0391433
2.636		0.0391179
2.637		0.0390925
2.638		0.0390672
2.639		0.0390419
2.64		0.0390166
2.641		0.0389914
2.642		0.0389661
2.643		0.0389409
2.644		0.0389157
2.645		0.0388906
2.646		0.0388654
2.647		0.0388403
2.648		0.0388152
2.649		0.0387902
2.65		0.0387651
2.651		0.0387401
2.652		0.0387151
2.653		0.0386901
2.654		0.0386652
2.655		0.0386402
2.656		0.0386153
2.657		0.0385904
2.658		0.0385656
2.659		0.0385408
2.66		0.0385159
2.661		0.0384912
2.662		0.0384664
2.663		0.0384416
2.664		0.0384169
2.665		0.0383922
2.666		0.0383676
2.667		0.0383429
2.668		0.0383183
2.669		0.0382937
2.67		0.0382691
2.671		0.0382445
2.672		0.03822
2.673		0.0381955
2.674		0.038171
2.675		0.0381465
2.676		0.0381221
2.677		0.0380977
2.678		0.0380733
2.679		0.0380489
2.68		0.0380245
2.681		0.0380002
2.682		0.0379759
2.683		0.0379516
2.684		0.0379273
2.685		0.0379031
2.686		0.0378789
2.687		0.0378547
2.688		0.0378305
2.689		0.0378063
2.69		0.0377822
2.691		0.0377581
2.692		0.037734
2.693		0.03771
2.694		0.0376859
2.695		0.0376619
2.696		0.0376379
2.697		0.0376139
2.698		0.03759
2.699		0.0375661
2.7		0.0375421
2.701		0.0375183
2.702		0.0374944
2.703		0.0374706
2.704		0.0374467
2.705		0.0374229
2.706		0.0373992
2.707		0.0373754
2.708		0.0373517
2.709		0.037328
2.71		0.0373043
2.711		0.0372806
2.712		0.037257
2.713		0.0372333
2.714		0.0372097
2.715		0.0371862
2.716		0.0371626
2.717		0.0371391
2.718		0.0371155
2.719		0.0370921
2.72		0.0370686
2.721		0.0370451
2.722		0.0370217
2.723		0.0369983
2.724		0.0369749
2.725		0.0369515
2.726		0.0369282
2.727		0.0369049
2.728		0.0368816
2.729		0.0368583
2.73		0.036835
2.731		0.0368118
2.732		0.0367886
2.733		0.0367654
2.734		0.0367422
2.735		0.0367191
2.736		0.0366959
2.737		0.0366728
2.738		0.0366497
2.739		0.0366267
2.74		0.0366036
2.741		0.0365806
2.742		0.0365576
2.743		0.0365346
2.744		0.0365117
2.745		0.0364887
2.746		0.0364658
2.747		0.0364429
2.748		0.03642
2.749		0.0363972
2.75		0.0363743
2.751		0.0363515
2.752		0.0363287
2.753		0.0363059
2.754		0.0362832
2.755		0.0362605
2.756		0.0362377
2.757		0.0362151
2.758		0.0361924
2.759		0.0361697
2.76		0.0361471
2.761		0.0361245
2.762		0.0361019
2.763		0.0360793
2.764		0.0360568
2.765		0.0360343
2.766		0.0360118
2.767		0.0359893
2.768		0.0359668
2.769		0.0359444
2.77		0.0359219
2.771		0.0358995
2.772		0.0358771
2.773		0.0358548
2.774		0.0358324
2.775		0.0358101
2.776		0.0357878
2.777		0.0357655
2.778		0.0357433
2.779		0.035721
2.78		0.0356988
2.781		0.0356766
2.782		0.0356544
2.783		0.0356322
2.784		0.0356101
2.785		0.035588
2.786		0.0355659
2.787		0.0355438
2.788		0.0355217
2.789		0.0354997
2.79		0.0354777
2.791		0.0354557
2.792		0.0354337
2.793		0.0354117
2.794		0.0353898
2.795		0.0353678
2.796		0.0353459
2.797		0.0353241
2.798		0.0353022
2.799		0.0352803
2.8		0.0352585
2.801		0.0352367
2.802		0.0352149
2.803		0.0351932
2.804		0.0351714
2.805		0.0351497
2.806		0.035128
2.807		0.0351063
2.808		0.0350846
2.809		0.035063
2.81		0.0350413
2.811		0.0350197
2.812		0.0349981
2.813		0.0349766
2.814		0.034955
2.815		0.0349335
2.816		0.034912
2.817		0.0348905
2.818		0.034869
2.819		0.0348475
2.82		0.0348261
2.821		0.0348047
2.822		0.0347833
2.823		0.0347619
2.824		0.0347405
2.825		0.0347192
2.826		0.0346979
2.827		0.0346766
2.828		0.0346553
2.829		0.034634
2.83		0.0346128
2.831		0.0345915
2.832		0.0345703
2.833		0.0345491
2.834		0.034528
2.835		0.0345068
2.836		0.0344857
2.837		0.0344646
2.838		0.0344435
2.839		0.0344224
2.84		0.0344013
2.841		0.0343803
2.842		0.0343593
2.843		0.0343383
2.844		0.0343173
2.845		0.0342963
2.846		0.0342754
2.847		0.0342544
2.848		0.0342335
2.849		0.0342126
2.85		0.0341918
2.851		0.0341709
2.852		0.0341501
2.853		0.0341293
2.854		0.0341085
2.855		0.0340877
2.856		0.0340669
2.857		0.0340462
2.858		0.0340255
2.859		0.0340047
2.86		0.0339841
2.861		0.0339634
2.862		0.0339427
2.863		0.0339221
2.864		0.0339015
2.865		0.0338809
2.866		0.0338603
2.867		0.0338398
2.868		0.0338192
2.869		0.0337987
2.87		0.0337782
2.871		0.0337577
2.872		0.0337372
2.873		0.0337168
2.874		0.0336963
2.875		0.0336759
2.876		0.0336555
2.877		0.0336351
2.878		0.0336148
2.879		0.0335944
2.88		0.0335741
2.881		0.0335538
2.882		0.0335335
2.883		0.0335132
2.884		0.033493
2.885		0.0334727
2.886		0.0334525
2.887		0.0334323
2.888		0.0334121
2.889		0.033392
2.89		0.0333718
2.891		0.0333517
2.892		0.0333316
2.893		0.0333115
2.894		0.0332914
2.895		0.0332714
2.896		0.0332513
2.897		0.0332313
2.898		0.0332113
2.899		0.0331913
2.9		0.0331713
2.901		0.0331514
2.902		0.0331314
2.903		0.0331115
2.904		0.0330916
2.905		0.0330717
2.906		0.0330519
2.907		0.033032
2.908		0.0330122
2.909		0.0329924
2.91		0.0329726
2.911		0.0329528
2.912		0.032933
2.913		0.0329133
2.914		0.0328935
2.915		0.0328738
2.916		0.0328541
2.917		0.0328345
2.918		0.0328148
2.919		0.0327952
2.92		0.0327755
2.921		0.0327559
2.922		0.0327363
2.923		0.0327168
2.924		0.0326972
2.925		0.0326777
2.926		0.0326581
2.927		0.0326386
2.928		0.0326191
2.929		0.0325997
2.93		0.0325802
2.931		0.0325608
2.932		0.0325414
2.933		0.032522
2.934		0.0325026
2.935		0.0324832
2.936		0.0324638
2.937		0.0324445
2.938		0.0324252
2.939		0.0324059
2.94		0.0323866
2.941		0.0323673
2.942		0.0323481
2.943		0.0323288
2.944		0.0323096
2.945		0.0322904
2.946		0.0322712
2.947		0.032252
2.948		0.0322329
2.949		0.0322138
2.95		0.0321946
2.951		0.0321755
2.952		0.0321564
2.953		0.0321374
2.954		0.0321183
2.955		0.0320993
2.956		0.0320803
2.957		0.0320612
2.958		0.0320423
2.959		0.0320233
2.96		0.0320043
2.961		0.0319854
2.962		0.0319665
2.963		0.0319476
2.964		0.0319287
2.965		0.0319098
2.966		0.0318909
2.967		0.0318721
2.968		0.0318533
2.969		0.0318345
2.97		0.0318157
2.971		0.0317969
2.972		0.0317781
2.973		0.0317594
2.974		0.0317407
2.975		0.0317219
2.976		0.0317032
2.977		0.0316846
2.978		0.0316659
2.979		0.0316472
2.98		0.0316286
2.981		0.03161
2.982		0.0315914
2.983		0.0315728
2.984		0.0315542
2.985		0.0315357
2.986		0.0315172
2.987		0.0314986
2.988		0.0314801
2.989		0.0314616
2.99		0.0314432
2.991		0.0314247
2.992		0.0314063
2.993		0.0313878
2.994		0.0313694
2.995		0.031351
2.996		0.0313327
2.997		0.0313143
2.998		0.0312959
2.999		0.0312776
3		0.0312593
