0.001		-nan(ind)		-nan(ind)
0.002		-nan(ind)		-nan(ind)
0.003		0.00718237		0.00451467
0.004		0.0111708		0.00655271
0.005		0.0141925		0.00705484
0.006		0.0175493		0.00658567
0.007		0.0224508		0.00585037
0.008		0.0292799		0.0054261
0.009		0.0377584		0.00570797
0.01		0.0472901		0.00665506
0.011		0.057228		0.00792233
0.012		0.0670273		0.00920756
0.013		0.0763048		0.0103461
0.014		0.0848392		0.0112775
0.015		0.0925411		0.012005
0.016		0.0994132		0.0125647
0.017		0.105512		0.0130045
0.018		0.110921		0.0133705
0.019		0.115726		0.0136989
0.02		0.120007		0.014013
0.021		0.123832		0.0143241
0.022		0.127255		0.0146335
0.023		0.130316		0.0149359
0.024		0.133045		0.0152225
0.025		0.135466		0.0154834
0.026		0.137593		0.0157097
0.027		0.139442		0.0158939
0.028		0.141023		0.0160308
0.029		0.142349		0.0161174
0.03		0.143429		0.0161526
0.031		0.144277		0.0161373
0.032		0.144905		0.0160736
0.033		0.145327		0.0159648
0.034		0.145556		0.0158149
0.035		0.145609		0.0156281
0.036		0.145499		0.0154094
0.037		0.145242		0.0151632
0.038		0.144853		0.0148942
0.039		0.144346		0.0146069
0.04		0.143734		0.0143054
0.041		0.143032		0.0139934
0.042		0.142252		0.0136744
0.043		0.141406		0.0133515
0.044		0.140504		0.0130274
0.045		0.139557		0.0127046
0.046		0.138575		0.012385
0.047		0.137566		0.0120705
0.048		0.136538		0.0117626
0.049		0.135498		0.0114624
0.05		0.134453		0.0111709
0.051		0.133407		0.0108889
0.052		0.132367		0.0106171
0.053		0.131337		0.0103559
0.054		0.130321		0.0101056
0.055		0.129323		0.0098664
0.056		0.128346		0.00963837
0.057		0.127392		0.00942155
0.058		0.126464		0.00921585
0.059		0.125565		0.00902116
0.06		0.124695		0.0088373
0.061		0.123857		0.00866406
0.062		0.123051		0.00850119
0.063		0.12228		0.00834844
0.064		0.121543		0.00820551
0.065		0.120841		0.00807213
0.066		0.120175		0.00794798
0.067		0.119546		0.00783278
0.068		0.118952		0.00772622
0.069		0.118396		0.007628
0.07		0.117877		0.00753785
0.071		0.117394		0.00745549
0.072		0.116948		0.00738064
0.073		0.116538		0.00731304
0.074		0.116165		0.00725245
0.075		0.115828		0.00719864
0.076		0.115526		0.00715137
0.077		0.11526		0.00711044
0.078		0.115028		0.00707565
0.079		0.114831		0.00704681
0.08		0.114668		0.00702373
0.081		0.114539		0.00700625
0.082		0.114442		0.00699421
0.083		0.114378		0.00698746
0.084		0.114346		0.00698584
0.085		0.114345		0.00698923
0.086		0.114375		0.0069975
0.087		0.114435		0.0070105
0.088		0.114525		0.00702813
0.089		0.114644		0.00705027
0.09		0.114792		0.00707679
0.091		0.114968		0.00710759
0.092		0.11517		0.00714256
0.093		0.1154		0.00718158
0.094		0.115656		0.00722455
0.095		0.115937		0.00727136
0.096		0.116244		0.0073219
0.097		0.116575		0.00737607
0.098		0.11693		0.00743376
0.099		0.117308		0.00749486
0.1		0.117709		0.00755927
0.101		0.118132		0.00762687
0.102		0.118577		0.00769757
0.103		0.119043		0.00777125
0.104		0.11953		0.00784779
0.105		0.120037		0.00792711
0.106		0.120563		0.00800908
0.107		0.121109		0.0080936
0.108		0.121673		0.00818056
0.109		0.122255		0.00826985
0.11		0.122855		0.00836136
0.111		0.123472		0.00845499
0.112		0.124106		0.00855063
0.113		0.124755		0.00864818
0.114		0.125421		0.00874752
0.115		0.126102		0.00884856
0.116		0.126798		0.0089512
0.117		0.127508		0.00905532
0.118		0.128232		0.00916084
0.119		0.12897		0.00926765
0.12		0.129721		0.00937566
0.121		0.130485		0.00948477
0.122		0.131261		0.00959488
0.123		0.132049		0.00970591
0.124		0.132848		0.00981776
0.125		0.133659		0.00993035
0.126		0.134481		0.0100436
0.127		0.135313		0.0101574
0.128		0.136155		0.0102717
0.129		0.137007		0.0103863
0.13		0.137868		0.0105013
0.131		0.138739		0.0106166
0.132		0.139618		0.010732
0.133		0.140505		0.0108475
0.134		0.141401		0.010963
0.135		0.142304		0.0110785
0.136		0.143215		0.0111939
0.137		0.144133		0.011309
0.138		0.145058		0.011424
0.139		0.14599		0.0115386
0.14		0.146927		0.0116529
0.141		0.147871		0.0117668
0.142		0.14882		0.0118801
0.143		0.149775		0.011993
0.144		0.150735		0.0121052
0.145		0.151699		0.0122169
0.146		0.152669		0.0123278
0.147		0.153642		0.012438
0.148		0.15462		0.0125475
0.149		0.155602		0.0126561
0.15		0.156587		0.0127639
0.151		0.157575		0.0128707
0.152		0.158567		0.0129766
0.153		0.159561		0.0130816
0.154		0.160559		0.0131855
0.155		0.161558		0.0132884
0.156		0.16256		0.0133902
0.157		0.163564		0.0134909
0.158		0.164569		0.0135904
0.159		0.165576		0.0136888
0.16		0.166585		0.013786
0.161		0.167594		0.013882
0.162		0.168605		0.0139767
0.163		0.169616		0.0140701
0.164		0.170628		0.0141623
0.165		0.171641		0.0142532
0.166		0.172653		0.0143427
0.167		0.173666		0.0144309
0.168		0.174678		0.0145177
0.169		0.17569		0.0146031
0.17		0.176701		0.0146871
0.171		0.177712		0.0147697
0.172		0.178722		0.0148509
0.173		0.179731		0.0149307
0.174		0.180739		0.015009
0.175		0.181745		0.0150859
0.176		0.18275		0.0151613
0.177		0.183753		0.0152352
0.178		0.184755		0.0153076
0.179		0.185754		0.0153786
0.18		0.186752		0.0154481
0.181		0.187747		0.015516
0.182		0.18874		0.0155825
0.183		0.189731		0.0156475
0.184		0.190718		0.0157109
0.185		0.191703		0.0157729
0.186		0.192686		0.0158333
0.187		0.193665		0.0158922
0.188		0.194641		0.0159497
0.189		0.195614		0.0160056
0.19		0.196584		0.01606
0.191		0.19755		0.0161129
0.192		0.198512		0.0161643
0.193		0.199471		0.0162142
0.194		0.200426		0.0162627
0.195		0.201377		0.0163096
0.196		0.202325		0.016355
0.197		0.203268		0.016399
0.198		0.204207		0.0164415
0.199		0.205141		0.0164825
0.2		0.206072		0.0165221
0.201		0.206998		0.0165602
0.202		0.207919		0.0165969
0.203		0.208836		0.0166321
0.204		0.209748		0.0166659
0.205		0.210655		0.0166983
0.206		0.211558		0.0167292
0.207		0.212455		0.0167588
0.208		0.213348		0.016787
0.209		0.214235		0.0168138
0.21		0.215117		0.0168392
0.211		0.215994		0.0168633
0.212		0.216866		0.016886
0.213		0.217733		0.0169073
0.214		0.218594		0.0169274
0.215		0.219449		0.0169461
0.216		0.220299		0.0169635
0.217		0.221144		0.0169796
0.218		0.221983		0.0169945
0.219		0.222816		0.0170081
0.22		0.223644		0.0170204
0.221		0.224465		0.0170315
0.222		0.225281		0.0170413
0.223		0.226091		0.0170499
0.224		0.226896		0.0170573
0.225		0.227694		0.0170636
0.226		0.228486		0.0170686
0.227		0.229272		0.0170725
0.228		0.230052		0.0170752
0.229		0.230827		0.0170768
0.23		0.231594		0.0170773
0.231		0.232356		0.0170766
0.232		0.233112		0.0170749
0.233		0.233861		0.0170721
0.234		0.234604		0.0170682
0.235		0.235341		0.0170632
0.236		0.236072		0.0170572
0.237		0.236796		0.0170502
0.238		0.237514		0.0170421
0.239		0.238226		0.0170331
0.24		0.238931		0.0170231
0.241		0.23963		0.0170121
0.242		0.240323		0.0170001
0.243		0.241009		0.0169872
0.244		0.241688		0.0169734
0.245		0.242361		0.0169586
0.246		0.243028		0.016943
0.247		0.243688		0.0169264
0.248		0.244342		0.016909
0.249		0.24499		0.0168907
0.25		0.24563		0.0168716
0.251		0.246265		0.0168516
0.252		0.246893		0.0168308
0.253		0.247514		0.0168092
0.254		0.248129		0.0167868
0.255		0.248737		0.0167637
0.256		0.249339		0.0167397
0.257		0.249935		0.0167151
0.258		0.250524		0.0166896
0.259		0.251106		0.0166635
0.26		0.251682		0.0166366
0.261		0.252252		0.0166091
0.262		0.252815		0.0165808
0.263		0.253371		0.0165519
0.264		0.253921		0.0165223
0.265		0.254465		0.016492
0.266		0.255002		0.0164612
0.267		0.255533		0.0164297
0.268		0.256057		0.0163976
0.269		0.256575		0.0163649
0.27		0.257087		0.0163316
0.271		0.257592		0.0162977
0.272		0.258091		0.0162633
0.273		0.258584		0.0162283
0.274		0.25907		0.0161927
0.275		0.25955		0.0161567
0.276		0.260023		0.0161201
0.277		0.26049		0.0160831
0.278		0.260951		0.0160455
0.279		0.261406		0.0160075
0.28		0.261855		0.015969
0.281		0.262297		0.01593
0.282		0.262733		0.0158906
0.283		0.263163		0.0158507
0.284		0.263587		0.0158104
0.285		0.264005		0.0157697
0.286		0.264416		0.0157286
0.287		0.264822		0.0156872
0.288		0.265221		0.0156453
0.289		0.265615		0.015603
0.29		0.266002		0.0155604
0.291		0.266383		0.0155174
0.292		0.266759		0.0154741
0.293		0.267128		0.0154305
0.294		0.267492		0.0153865
0.295		0.26785		0.0153422
0.296		0.268202		0.0152976
0.297		0.268548		0.0152527
0.298		0.268888		0.0152076
0.299		0.269223		0.0151621
0.3		0.269551		0.0151164
0.301		0.269874		0.0150704
0.302		0.270192		0.0150242
0.303		0.270503		0.0149777
0.304		0.27081		0.014931
0.305		0.27111		0.0148841
0.306		0.271405		0.0148369
0.307		0.271694		0.0147896
0.308		0.271978		0.014742
0.309		0.272256		0.0146943
0.31		0.272529		0.0146463
0.311		0.272797		0.0145982
0.312		0.273059		0.0145499
0.313		0.273316		0.0145015
0.314		0.273567		0.0144529
0.315		0.273813		0.0144041
0.316		0.274054		0.0143552
0.317		0.27429		0.0143062
0.318		0.27452		0.014257
0.319		0.274745		0.0142078
0.32		0.274965		0.0141584
0.321		0.27518		0.0141089
0.322		0.27539		0.0140593
0.323		0.275595		0.0140096
0.324		0.275795		0.0139599
0.325		0.27599		0.01391
0.326		0.27618		0.0138601
0.327		0.276365		0.0138101
0.328		0.276545		0.0137601
0.329		0.276721		0.01371
0.33		0.276891		0.0136598
0.331		0.277057		0.0136096
0.332		0.277218		0.0135594
0.333		0.277374		0.0135091
0.334		0.277526		0.0134588
0.335		0.277673		0.0134085
0.336		0.277815		0.0133582
0.337		0.277953		0.0133078
0.338		0.278086		0.0132575
0.339		0.278215		0.0132071
0.34		0.278339		0.0131568
0.341		0.278459		0.0131064
0.342		0.278574		0.0130561
0.343		0.278685		0.0130058
0.344		0.278792		0.0129555
0.345		0.278894		0.0129052
0.346		0.278992		0.012855
0.347		0.279086		0.0128048
0.348		0.279176		0.0127547
0.349		0.279261		0.0127046
0.35		0.279342		0.0126545
0.351		0.279419		0.0126045
0.352		0.279492		0.0125545
0.353		0.279561		0.0125046
0.354		0.279626		0.0124548
0.355		0.279687		0.012405
0.356		0.279744		0.0123553
0.357		0.279797		0.0123057
0.358		0.279846		0.0122562
0.359		0.279892		0.0122067
0.36		0.279933		0.0121573
0.361		0.279971		0.0121081
0.362		0.280005		0.0120589
0.363		0.280035		0.0120098
0.364		0.280061		0.0119608
0.365		0.280084		0.0119119
0.366		0.280103		0.0118631
0.367		0.280119		0.0118144
0.368		0.280131		0.0117658
0.369		0.280139		0.0117173
0.37		0.280144		0.011669
0.371		0.280146		0.0116208
0.372		0.280144		0.0115727
0.373		0.280138		0.0115247
0.374		0.280129		0.0114768
0.375		0.280117		0.0114291
0.376		0.280101		0.0113815
0.377		0.280083		0.011334
0.378		0.28006		0.0112867
0.379		0.280035		0.0112395
0.38		0.280006		0.0111924
0.381		0.279975		0.0111455
0.382		0.27994		0.0110987
0.383		0.279902		0.0110521
0.384		0.27986		0.0110056
0.385		0.279816		0.0109593
0.386		0.279769		0.0109131
0.387		0.279719		0.010867
0.388		0.279665		0.0108212
0.389		0.279609		0.0107755
0.39		0.27955		0.0107299
0.391		0.279488		0.0106845
0.392		0.279423		0.0106393
0.393		0.279355		0.0105942
0.394		0.279285		0.0105493
0.395		0.279211		0.0105045
0.396		0.279135		0.01046
0.397		0.279056		0.0104155
0.398		0.278975		0.0103713
0.399		0.27889		0.0103272
0.4		0.278803		0.0102833
0.401		0.278714		0.0102396
0.402		0.278622		0.0101961
0.403		0.278527		0.0101527
0.404		0.27843		0.0101095
0.405		0.27833		0.0100665
0.406		0.278227		0.0100237
0.407		0.278123		0.009981
0.408		0.278015		0.00993853
0.409		0.277906		0.00989623
0.41		0.277794		0.00985412
0.411		0.277679		0.00981219
0.412		0.277562		0.00977045
0.413		0.277443		0.00972889
0.414		0.277322		0.00968752
0.415		0.277198		0.00964633
0.416		0.277072		0.00960533
0.417		0.276944		0.00956452
0.418		0.276814		0.0095239
0.419		0.276681		0.00948346
0.42		0.276547		0.00944322
0.421		0.27641		0.00940316
0.422		0.276271		0.0093633
0.423		0.27613		0.00932363
0.424		0.275987		0.00928414
0.425		0.275841		0.00924485
0.426		0.275694		0.00920576
0.427		0.275545		0.00916685
0.428		0.275394		0.00912814
0.429		0.275241		0.00908962
0.43		0.275086		0.00905129
0.431		0.274929		0.00901316
0.432		0.27477		0.00897522
0.433		0.274609		0.00893747
0.434		0.274447		0.00889992
0.435		0.274282		0.00886256
0.436		0.274116		0.0088254
0.437		0.273948		0.00878843
0.438		0.273778		0.00875166
0.439		0.273607		0.00871508
0.44		0.273434		0.0086787
0.441		0.273259		0.00864251
0.442		0.273082		0.00860652
0.443		0.272904		0.00857072
0.444		0.272724		0.00853511
0.445		0.272542		0.0084997
0.446		0.272359		0.00846449
0.447		0.272175		0.00842947
0.448		0.271988		0.00839464
0.449		0.2718		0.00836001
0.45		0.271611		0.00832557
0.451		0.27142		0.00829133
0.452		0.271228		0.00825728
0.453		0.271034		0.00822342
0.454		0.270839		0.00818975
0.455		0.270642		0.00815628
0.456		0.270444		0.00812301
0.457		0.270244		0.00808992
0.458		0.270043		0.00805703
0.459		0.269841		0.00802433
0.46		0.269637		0.00799182
0.461		0.269432		0.0079595
0.462		0.269225		0.00792737
0.463		0.269018		0.00789543
0.464		0.268809		0.00786369
0.465		0.268599		0.00783213
0.466		0.268387		0.00780076
0.467		0.268174		0.00776958
0.468		0.267961		0.00773859
0.469		0.267745		0.00770779
0.47		0.267529		0.00767718
0.471		0.267312		0.00764675
0.472		0.267093		0.00761651
0.473		0.266873		0.00758646
0.474		0.266652		0.00755659
0.475		0.26643		0.00752691
0.476		0.266207		0.00749741
0.477		0.265983		0.0074681
0.478		0.265757		0.00743897
0.479		0.265531		0.00741002
0.48		0.265304		0.00738126
0.481		0.265075		0.00735268
0.482		0.264846		0.00732428
0.483		0.264616		0.00729606
0.484		0.264384		0.00726802
0.485		0.264152		0.00724016
0.486		0.263918		0.00721248
0.487		0.263684		0.00718498
0.488		0.263449		0.00715766
0.489		0.263213		0.00713051
0.49		0.262976		0.00710354
0.491		0.262738		0.00707675
0.492		0.262499		0.00705013
0.493		0.26226		0.00702369
0.494		0.262019		0.00699742
0.495		0.261778		0.00697132
0.496		0.261536		0.0069454
0.497		0.261293		0.00691964
0.498		0.261049		0.00689406
0.499		0.260805		0.00686865
0.5		0.260559		0.00684341
0.501		0.260313		0.00681834
0.502		0.260066		0.00679344
0.503		0.259819		0.0067687
0.504		0.259571		0.00674413
0.505		0.259322		0.00671973
0.506		0.259072		0.00669549
0.507		0.258821		0.00667142
0.508		0.25857		0.00664751
0.509		0.258319		0.00662377
0.51		0.258066		0.00660018
0.511		0.257813		0.00657676
0.512		0.257559		0.0065535
0.513		0.257305		0.0065304
0.514		0.25705		0.00650746
0.515		0.256795		0.00648468
0.516		0.256539		0.00646205
0.517		0.256282		0.00643959
0.518		0.256025		0.00641727
0.519		0.255767		0.00639512
0.52		0.255508		0.00637312
0.521		0.255249		0.00635127
0.522		0.25499		0.00632957
0.523		0.25473		0.00630803
0.524		0.254469		0.00628664
0.525		0.254208		0.0062654
0.526		0.253947		0.00624431
0.527		0.253685		0.00622337
0.528		0.253422		0.00620257
0.529		0.253159		0.00618193
0.53		0.252896		0.00616143
0.531		0.252632		0.00614107
0.532		0.252367		0.00612086
0.533		0.252103		0.0061008
0.534		0.251838		0.00608087
0.535		0.251572		0.00606109
0.536		0.251306		0.00604145
0.537		0.25104		0.00602196
0.538		0.250773		0.0060026
0.539		0.250506		0.00598338
0.54		0.250238		0.0059643
0.541		0.24997		0.00594535
0.542		0.249702		0.00592655
0.543		0.249433		0.00590788
0.544		0.249164		0.00588934
0.545		0.248895		0.00587094
0.546		0.248625		0.00585267
0.547		0.248355		0.00583453
0.548		0.248085		0.00581653
0.549		0.247814		0.00579865
0.55		0.247544		0.00578091
0.551		0.247272		0.00576329
0.552		0.247001		0.00574581
0.553		0.246729		0.00572845
0.554		0.246457		0.00571121
0.555		0.246185		0.0056941
0.556		0.245913		0.00567712
0.557		0.24564		0.00566026
0.558		0.245367		0.00564353
0.559		0.245094		0.00562691
0.56		0.24482		0.00561042
0.561		0.244547		0.00559405
0.562		0.244273		0.0055778
0.563		0.243999		0.00556167
0.564		0.243725		0.00554566
0.565		0.24345		0.00552976
0.566		0.243176		0.00551398
0.567		0.242901		0.00549832
0.568		0.242626		0.00548277
0.569		0.242351		0.00546733
0.57		0.242075		0.00545201
0.571		0.2418		0.0054368
0.572		0.241524		0.00542171
0.573		0.241248		0.00540672
0.574		0.240972		0.00539185
0.575		0.240696		0.00537708
0.576		0.24042		0.00536242
0.577		0.240144		0.00534787
0.578		0.239868		0.00533343
0.579		0.239591		0.00531909
0.58		0.239314		0.00530486
0.581		0.239038		0.00529074
0.582		0.238761		0.00527671
0.583		0.238484		0.00526279
0.584		0.238207		0.00524897
0.585		0.23793		0.00523526
0.586		0.237653		0.00522164
0.587		0.237376		0.00520813
0.588		0.237098		0.00519471
0.589		0.236821		0.00518139
0.59		0.236544		0.00516817
0.591		0.236266		0.00515505
0.592		0.235989		0.00514202
0.593		0.235711		0.00512909
0.594		0.235434		0.00511625
0.595		0.235156		0.00510351
0.596		0.234879		0.00509086
0.597		0.234601		0.0050783
0.598		0.234323		0.00506583
0.599		0.234046		0.00505346
0.6		0.233768		0.00504117
0.601		0.233491		0.00502897
0.602		0.233213		0.00501687
0.603		0.232935		0.00500485
0.604		0.232658		0.00499291
0.605		0.23238		0.00498107
0.606		0.232102		0.00496931
0.607		0.231825		0.00495763
0.608		0.231547		0.00494604
0.609		0.23127		0.00493454
0.61		0.230992		0.00492311
0.611		0.230715		0.00491177
0.612		0.230437		0.00490051
0.613		0.23016		0.00488933
0.614		0.229883		0.00487823
0.615		0.229606		0.00486721
0.616		0.229328		0.00485627
0.617		0.229051		0.00484541
0.618		0.228774		0.00483462
0.619		0.228497		0.00482392
0.62		0.22822		0.00481329
0.621		0.227944		0.00480273
0.622		0.227667		0.00479225
0.623		0.22739		0.00478184
0.624		0.227113		0.00477151
0.625		0.226837		0.00476125
0.626		0.226561		0.00475106
0.627		0.226284		0.00474094
0.628		0.226008		0.0047309
0.629		0.225732		0.00472092
0.63		0.225456		0.00471101
0.631		0.22518		0.00470118
0.632		0.224904		0.00469141
0.633		0.224629		0.00468171
0.634		0.224353		0.00467208
0.635		0.224078		0.00466251
0.636		0.223802		0.00465301
0.637		0.223527		0.00464358
0.638		0.223252		0.00463421
0.639		0.222977		0.0046249
0.64		0.222702		0.00461566
0.641		0.222428		0.00460648
0.642		0.222153		0.00459737
0.643		0.221879		0.00458832
0.644		0.221604		0.00457932
0.645		0.22133		0.00457039
0.646		0.221056		0.00456152
0.647		0.220783		0.00455271
0.648		0.220509		0.00454396
0.649		0.220236		0.00453526
0.65		0.219962		0.00452663
0.651		0.219689		0.00451805
0.652		0.219416		0.00450953
0.653		0.219143		0.00450107
0.654		0.218871		0.00449266
0.655		0.218598		0.00448431
0.656		0.218326		0.00447601
0.657		0.218054		0.00446776
0.658		0.217782		0.00445957
0.659		0.21751		0.00445144
0.66		0.217239		0.00444335
0.661		0.216967		0.00443532
0.662		0.216696		0.00442734
0.663		0.216425		0.00441942
0.664		0.216154		0.00441154
0.665		0.215884		0.00440371
0.666		0.215613		0.00439594
0.667		0.215343		0.00438821
0.668		0.215073		0.00438053
0.669		0.214803		0.0043729
0.67		0.214533		0.00436532
0.671		0.214264		0.00435778
0.672		0.213995		0.0043503
0.673		0.213726		0.00434285
0.674		0.213457		0.00433546
0.675		0.213189		0.00432811
0.676		0.21292		0.00432081
0.677		0.212652		0.00431355
0.678		0.212384		0.00430633
0.679		0.212116		0.00429916
0.68		0.211849		0.00429203
0.681		0.211582		0.00428495
0.682		0.211315		0.00427791
0.683		0.211048		0.00427091
0.684		0.210781		0.00426395
0.685		0.210515		0.00425704
0.686		0.210249		0.00425016
0.687		0.209983		0.00424333
0.688		0.209717		0.00423653
0.689		0.209452		0.00422978
0.69		0.209187		0.00422306
0.691		0.208922		0.00421639
0.692		0.208657		0.00420975
0.693		0.208393		0.00420315
0.694		0.208129		0.00419659
0.695		0.207865		0.00419006
0.696		0.207601		0.00418358
0.697		0.207338		0.00417713
0.698		0.207074		0.00417071
0.699		0.206811		0.00416434
0.7		0.206549		0.00415799
0.701		0.206286		0.00415169
0.702		0.206024		0.00414541
0.703		0.205762		0.00413918
0.704		0.2055		0.00413297
0.705		0.205239		0.0041268
0.706		0.204978		0.00412067
0.707		0.204717		0.00411456
0.708		0.204456		0.00410849
0.709		0.204196		0.00410246
0.71		0.203936		0.00409645
0.711		0.203676		0.00409048
0.712		0.203416		0.00408454
0.713		0.203157		0.00407863
0.714		0.202898		0.00407275
0.715		0.202639		0.0040669
0.716		0.202381		0.00406108
0.717		0.202122		0.00405529
0.718		0.201865		0.00404953
0.719		0.201607		0.0040438
0.72		0.201349		0.0040381
0.721		0.201092		0.00403242
0.722		0.200835		0.00402678
0.723		0.200579		0.00402116
0.724		0.200322		0.00401558
0.725		0.200066		0.00401002
0.726		0.199811		0.00400448
0.727		0.199555		0.00399898
0.728		0.1993		0.0039935
0.729		0.199045		0.00398805
0.73		0.19879		0.00398262
0.731		0.198536		0.00397722
0.732		0.198282		0.00397184
0.733		0.198028		0.00396649
0.734		0.197775		0.00396117
0.735		0.197522		0.00395587
0.736		0.197269		0.00395059
0.737		0.197016		0.00394534
0.738		0.196764		0.00394012
0.739		0.196512		0.00393492
0.74		0.19626		0.00392974
0.741		0.196008		0.00392458
0.742		0.195757		0.00391945
0.743		0.195506		0.00391434
0.744		0.195256		0.00390925
0.745		0.195005		0.00390419
0.746		0.194755		0.00389915
0.747		0.194506		0.00389413
0.748		0.194256		0.00388913
0.749		0.194007		0.00388415
0.75		0.193758		0.00387919
0.751		0.19351		0.00387426
0.752		0.193261		0.00386935
0.753		0.193014		0.00386445
0.754		0.192766		0.00385958
0.755		0.192519		0.00385473
0.756		0.192272		0.0038499
0.757		0.192025		0.00384508
0.758		0.191778		0.00384029
0.759		0.191532		0.00383552
0.76		0.191286		0.00383076
0.761		0.191041		0.00382603
0.762		0.190796		0.00382131
0.763		0.190551		0.00381662
0.764		0.190306		0.00381194
0.765		0.190062		0.00380728
0.766		0.189818		0.00380263
0.767		0.189574		0.00379801
0.768		0.189331		0.0037934
0.769		0.189087		0.00378881
0.77		0.188845		0.00378424
0.771		0.188602		0.00377968
0.772		0.18836		0.00377515
0.773		0.188118		0.00377062
0.774		0.187876		0.00376612
0.775		0.187635		0.00376163
0.776		0.187394		0.00375716
0.777		0.187154		0.0037527
0.778		0.186913		0.00374826
0.779		0.186673		0.00374384
0.78		0.186433		0.00373943
0.781		0.186194		0.00373504
0.782		0.185955		0.00373066
0.783		0.185716		0.0037263
0.784		0.185478		0.00372195
0.785		0.185239		0.00371762
0.786		0.185001		0.00371331
0.787		0.184764		0.003709
0.788		0.184527		0.00370471
0.789		0.18429		0.00370044
0.79		0.184053		0.00369618
0.791		0.183817		0.00369193
0.792		0.183581		0.0036877
0.793		0.183345		0.00368348
0.794		0.18311		0.00367928
0.795		0.182875		0.00367509
0.796		0.18264		0.00367091
0.797		0.182405		0.00366675
0.798		0.182171		0.0036626
0.799		0.181937		0.00365846
0.8		0.181704		0.00365433
0.801		0.181471		0.00365022
0.802		0.181238		0.00364612
0.803		0.181005		0.00364203
0.804		0.180773		0.00363796
0.805		0.180541		0.00363389
0.806		0.180309		0.00362984
0.807		0.180078		0.0036258
0.808		0.179847		0.00362177
0.809		0.179616		0.00361776
0.81		0.179386		0.00361376
0.811		0.179156		0.00360976
0.812		0.178926		0.00360578
0.813		0.178697		0.00360181
0.814		0.178467		0.00359785
0.815		0.178239		0.00359391
0.816		0.17801		0.00358997
0.817		0.177782		0.00358604
0.818		0.177554		0.00358213
0.819		0.177326		0.00357822
0.82		0.177099		0.00357433
0.821		0.176872		0.00357045
0.822		0.176646		0.00356657
0.823		0.176419		0.00356271
0.824		0.176193		0.00355886
0.825		0.175968		0.00355502
0.826		0.175742		0.00355119
0.827		0.175517		0.00354736
0.828		0.175292		0.00354355
0.829		0.175068		0.00353975
0.83		0.174844		0.00353595
0.831		0.17462		0.00353217
0.832		0.174397		0.0035284
0.833		0.174173		0.00352463
0.834		0.173951		0.00352088
0.835		0.173728		0.00351713
0.836		0.173506		0.00351339
0.837		0.173284		0.00350966
0.838		0.173062		0.00350594
0.839		0.172841		0.00350223
0.84		0.17262		0.00349853
0.841		0.172399		0.00349484
0.842		0.172179		0.00349115
0.843		0.171959		0.00348748
0.844		0.171739		0.00348381
0.845		0.17152		0.00348015
0.846		0.171301		0.0034765
0.847		0.171082		0.00347286
0.848		0.170863		0.00346922
0.849		0.170645		0.0034656
0.85		0.170427		0.00346198
0.851		0.17021		0.00345837
0.852		0.169993		0.00345476
0.853		0.169776		0.00345117
0.854		0.169559		0.00344758
0.855		0.169343		0.003444
0.856		0.169127		0.00344043
0.857		0.168911		0.00343687
0.858		0.168696		0.00343331
0.859		0.168481		0.00342976
0.86		0.168266		0.00342622
0.861		0.168051		0.00342268
0.862		0.167837		0.00341916
0.863		0.167624		0.00341564
0.864		0.16741		0.00341212
0.865		0.167197		0.00340862
0.866		0.166984		0.00340512
0.867		0.166771		0.00340163
0.868		0.166559		0.00339814
0.869		0.166347		0.00339466
0.87		0.166135		0.00339119
0.871		0.165924		0.00338773
0.872		0.165713		0.00338427
0.873		0.165502		0.00338082
0.874		0.165292		0.00337737
0.875		0.165082		0.00337393
0.876		0.164872		0.0033705
0.877		0.164663		0.00336708
0.878		0.164453		0.00336366
0.879		0.164244		0.00336024
0.88		0.164036		0.00335684
0.881		0.163828		0.00335344
0.882		0.16362		0.00335004
0.883		0.163412		0.00334666
0.884		0.163205		0.00334327
0.885		0.162998		0.0033399
0.886		0.162791		0.00333653
0.887		0.162584		0.00333316
0.888		0.162378		0.0033298
0.889		0.162173		0.00332645
0.89		0.161967		0.00332311
0.891		0.161762		0.00331976
0.892		0.161557		0.00331643
0.893		0.161352		0.0033131
0.894		0.161148		0.00330978
0.895		0.160944		0.00330646
0.896		0.16074		0.00330314
0.897		0.160537		0.00329984
0.898		0.160334		0.00329654
0.899		0.160131		0.00329324
0.9		0.159928		0.00328995
0.901		0.159726		0.00328666
0.902		0.159524		0.00328338
0.903		0.159323		0.00328011
0.904		0.159122		0.00327684
0.905		0.158921		0.00327357
0.906		0.15872		0.00327031
0.907		0.158519		0.00326706
0.908		0.158319		0.00326381
0.909		0.15812		0.00326057
0.91		0.15792		0.00325733
0.911		0.157721		0.00325409
0.912		0.157522		0.00325086
0.913		0.157323		0.00324764
0.914		0.157125		0.00324442
0.915		0.156927		0.00324121
0.916		0.156729		0.003238
0.917		0.156532		0.00323479
0.918		0.156335		0.00323159
0.919		0.156138		0.0032284
0.92		0.155942		0.00322521
0.921		0.155745		0.00322202
0.922		0.15555		0.00321884
0.923		0.155354		0.00321567
0.924		0.155159		0.00321249
0.925		0.154964		0.00320933
0.926		0.154769		0.00320616
0.927		0.154574		0.00320301
0.928		0.15438		0.00319985
0.929		0.154186		0.0031967
0.93		0.153993		0.00319356
0.931		0.1538		0.00319042
0.932		0.153607		0.00318728
0.933		0.153414		0.00318415
0.934		0.153221		0.00318102
0.935		0.153029		0.0031779
0.936		0.152838		0.00317478
0.937		0.152646		0.00317167
0.938		0.152455		0.00316856
0.939		0.152264		0.00316545
0.94		0.152073		0.00316235
0.941		0.151883		0.00315925
0.942		0.151693		0.00315616
0.943		0.151503		0.00315307
0.944		0.151314		0.00314999
0.945		0.151124		0.00314691
0.946		0.150935		0.00314383
0.947		0.150747		0.00314076
0.948		0.150558		0.00313769
0.949		0.15037		0.00313462
0.95		0.150183		0.00313156
0.951		0.149995		0.00312851
0.952		0.149808		0.00312545
0.953		0.149621		0.00312241
0.954		0.149434		0.00311936
0.955		0.149248		0.00311632
0.956		0.149062		0.00311328
0.957		0.148876		0.00311025
0.958		0.148691		0.00310722
0.959		0.148505		0.0031042
0.96		0.148321		0.00310117
0.961		0.148136		0.00309816
0.962		0.147952		0.00309514
0.963		0.147767		0.00309213
0.964		0.147584		0.00308913
0.965		0.1474		0.00308612
0.966		0.147217		0.00308312
0.967		0.147034		0.00308013
0.968		0.146851		0.00307714
0.969		0.146669		0.00307415
0.97		0.146487		0.00307116
0.971		0.146305		0.00306818
0.972		0.146123		0.00306521
0.973		0.145942		0.00306223
0.974		0.145761		0.00305926
0.975		0.14558		0.00305629
0.976		0.1454		0.00305333
0.977		0.14522		0.00305037
0.978		0.14504		0.00304742
0.979		0.14486		0.00304446
0.98		0.144681		0.00304152
0.981		0.144502		0.00303857
0.982		0.144323		0.00303563
0.983		0.144145		0.00303269
0.984		0.143966		0.00302975
0.985		0.143788		0.00302682
0.986		0.143611		0.0030239
0.987		0.143433		0.00302097
0.988		0.143256		0.00301805
0.989		0.143079		0.00301513
0.99		0.142903		0.00301222
0.991		0.142726		0.00300931
0.992		0.14255		0.0030064
0.993		0.142375		0.00300349
0.994		0.142199		0.00300059
0.995		0.142024		0.00299769
0.996		0.141849		0.0029948
0.997		0.141674		0.00299191
0.998		0.1415		0.00298902
0.999		0.141326		0.00298614
1		0.141152		0.00298325
1.001		0.140978		0.00298038
1.002		0.140805		0.0029775
1.003		0.140632		0.00297463
1.004		0.140459		0.00297176
1.005		0.140286		0.0029689
1.006		0.140114		0.00296603
1.007		0.139942		0.00296317
1.008		0.13977		0.00296032
1.009		0.139599		0.00295747
1.01		0.139427		0.00295462
1.011		0.139257		0.00295177
1.012		0.139086		0.00294893
1.013		0.138915		0.00294609
1.014		0.138745		0.00294325
1.015		0.138575		0.00294042
1.016		0.138406		0.00293759
1.017		0.138236		0.00293476
1.018		0.138067		0.00293193
1.019		0.137898		0.00292911
1.02		0.13773		0.00292629
1.021		0.137561		0.00292348
1.022		0.137393		0.00292067
1.023		0.137225		0.00291786
1.024		0.137058		0.00291505
1.025		0.136891		0.00291225
1.026		0.136724		0.00290945
1.027		0.136557		0.00290665
1.028		0.13639		0.00290386
1.029		0.136224		0.00290107
1.03		0.136058		0.00289828
1.031		0.135892		0.00289549
1.032		0.135727		0.00289271
1.033		0.135562		0.00288993
1.034		0.135397		0.00288716
1.035		0.135232		0.00288439
1.036		0.135067		0.00288162
1.037		0.134903		0.00287885
1.038		0.134739		0.00287608
1.039		0.134575		0.00287332
1.04		0.134412		0.00287056
1.041		0.134249		0.00286781
1.042		0.134086		0.00286506
1.043		0.133923		0.00286231
1.044		0.133761		0.00285956
1.045		0.133599		0.00285682
1.046		0.133437		0.00285408
1.047		0.133275		0.00285134
1.048		0.133114		0.0028486
1.049		0.132952		0.00284587
1.05		0.132791		0.00284314
1.051		0.132631		0.00284042
1.052		0.13247		0.00283769
1.053		0.13231		0.00283497
1.054		0.13215		0.00283225
1.055		0.13199		0.00282954
1.056		0.131831		0.00282683
1.057		0.131672		0.00282412
1.058		0.131513		0.00282141
1.059		0.131354		0.00281871
1.06		0.131196		0.00281601
1.061		0.131037		0.00281331
1.062		0.130879		0.00281062
1.063		0.130722		0.00280792
1.064		0.130564		0.00280523
1.065		0.130407		0.00280255
1.066		0.13025		0.00279986
1.067		0.130093		0.00279718
1.068		0.129937		0.0027945
1.069		0.129781		0.00279183
1.07		0.129625		0.00278916
1.071		0.129469		0.00278649
1.072		0.129313		0.00278382
1.073		0.129158		0.00278115
1.074		0.129003		0.00277849
1.075		0.128848		0.00277583
1.076		0.128693		0.00277318
1.077		0.128539		0.00277052
1.078		0.128385		0.00276787
1.079		0.128231		0.00276523
1.08		0.128078		0.00276258
1.081		0.127924		0.00275994
1.082		0.127771		0.0027573
1.083		0.127618		0.00275466
1.084		0.127465		0.00275203
1.085		0.127313		0.0027494
1.086		0.127161		0.00274677
1.087		0.127009		0.00274414
1.088		0.126857		0.00274152
1.089		0.126706		0.0027389
1.09		0.126554		0.00273628
1.091		0.126403		0.00273366
1.092		0.126253		0.00273105
1.093		0.126102		0.00272844
1.094		0.125952		0.00272583
1.095		0.125802		0.00272323
1.096		0.125652		0.00272063
1.097		0.125502		0.00271803
1.098		0.125353		0.00271543
1.099		0.125204		0.00271284
1.1		0.125055		0.00271025
1.101		0.124906		0.00270766
1.102		0.124758		0.00270507
1.103		0.124609		0.00270249
1.104		0.124461		0.00269991
1.105		0.124314		0.00269733
1.106		0.124166		0.00269476
1.107		0.124019		0.00269219
1.108		0.123872		0.00268962
1.109		0.123725		0.00268705
1.11		0.123578		0.00268448
1.111		0.123432		0.00268192
1.112		0.123285		0.00267936
1.113		0.123139		0.00267681
1.114		0.122994		0.00267425
1.115		0.122848		0.0026717
1.116		0.122703		0.00266915
1.117		0.122558		0.00266661
1.118		0.122413		0.00266406
1.119		0.122268		0.00266152
1.12		0.122124		0.00265898
1.121		0.12198		0.00265645
1.122		0.121836		0.00265391
1.123		0.121692		0.00265138
1.124		0.121549		0.00264885
1.125		0.121406		0.00264633
1.126		0.121262		0.00264381
1.127		0.12112		0.00264129
1.128		0.120977		0.00263877
1.129		0.120835		0.00263625
1.13		0.120692		0.00263374
1.131		0.120551		0.00263123
1.132		0.120409		0.00262873
1.133		0.120267		0.00262622
1.134		0.120126		0.00262372
1.135		0.119985		0.00262122
1.136		0.119844		0.00261872
1.137		0.119703		0.00261623
1.138		0.119563		0.00261374
1.139		0.119423		0.00261125
1.14		0.119283		0.00260876
1.141		0.119143		0.00260628
1.142		0.119004		0.00260379
1.143		0.118864		0.00260132
1.144		0.118725		0.00259884
1.145		0.118586		0.00259637
1.146		0.118447		0.00259389
1.147		0.118309		0.00259143
1.148		0.118171		0.00258896
1.149		0.118033		0.0025865
1.15		0.117895		0.00258403
1.151		0.117757		0.00258158
1.152		0.11762		0.00257912
1.153		0.117483		0.00257667
1.154		0.117346		0.00257422
1.155		0.117209		0.00257177
1.156		0.117072		0.00256932
1.157		0.116936		0.00256688
1.158		0.1168		0.00256444
1.159		0.116664		0.002562
1.16		0.116528		0.00255956
1.161		0.116392		0.00255713
1.162		0.116257		0.0025547
1.163		0.116122		0.00255227
1.164		0.115987		0.00254984
1.165		0.115852		0.00254742
1.166		0.115718		0.002545
1.167		0.115584		0.00254258
1.168		0.11545		0.00254017
1.169		0.115316		0.00253775
1.17		0.115182		0.00253534
1.171		0.115049		0.00253293
1.172		0.114915		0.00253053
1.173		0.114782		0.00252813
1.174		0.11465		0.00252573
1.175		0.114517		0.00252333
1.176		0.114384		0.00252093
1.177		0.114252		0.00251854
1.178		0.11412		0.00251615
1.179		0.113988		0.00251376
1.18		0.113857		0.00251137
1.181		0.113725		0.00250899
1.182		0.113594		0.00250661
1.183		0.113463		0.00250423
1.184		0.113332		0.00250186
1.185		0.113202		0.00249948
1.186		0.113071		0.00249711
1.187		0.112941		0.00249474
1.188		0.112811		0.00249238
1.189		0.112681		0.00249001
1.19		0.112552		0.00248765
1.191		0.112422		0.00248529
1.192		0.112293		0.00248294
1.193		0.112164		0.00248058
1.194		0.112035		0.00247823
1.195		0.111907		0.00247588
1.196		0.111778		0.00247354
1.197		0.11165		0.00247119
1.198		0.111522		0.00246885
1.199		0.111394		0.00246651
1.2		0.111266		0.00246418
1.201		0.111139		0.00246184
1.202		0.111012		0.00245951
1.203		0.110885		0.00245718
1.204		0.110758		0.00245486
1.205		0.110631		0.00245253
1.206		0.110505		0.00245021
1.207		0.110378		0.00244789
1.208		0.110252		0.00244557
1.209		0.110126		0.00244326
1.21		0.110001		0.00244095
1.211		0.109875		0.00243864
1.212		0.10975		0.00243633
1.213		0.109625		0.00243402
1.214		0.1095		0.00243172
1.215		0.109375		0.00242942
1.216		0.10925		0.00242712
1.217		0.109126		0.00242483
1.218		0.109002		0.00242254
1.219		0.108878		0.00242025
1.22		0.108754		0.00241796
1.221		0.108631		0.00241567
1.222		0.108507		0.00241339
1.223		0.108384		0.00241111
1.224		0.108261		0.00240883
1.225		0.108138		0.00240656
1.226		0.108015		0.00240428
1.227		0.107893		0.00240201
1.228		0.107771		0.00239974
1.229		0.107648		0.00239748
1.23		0.107527		0.00239521
1.231		0.107405		0.00239295
1.232		0.107283		0.00239069
1.233		0.107162		0.00238843
1.234		0.107041		0.00238618
1.235		0.10692		0.00238393
1.236		0.106799		0.00238168
1.237		0.106678		0.00237943
1.238		0.106558		0.00237719
1.239		0.106438		0.00237495
1.24		0.106317		0.00237271
1.241		0.106198		0.00237047
1.242		0.106078		0.00236823
1.243		0.105958		0.002366
1.244		0.105839		0.00236377
1.245		0.10572		0.00236154
1.246		0.105601		0.00235932
1.247		0.105482		0.00235709
1.248		0.105363		0.00235487
1.249		0.105245		0.00235265
1.25		0.105127		0.00235044
1.251		0.105008		0.00234822
1.252		0.104891		0.00234601
1.253		0.104773		0.0023438
1.254		0.104655		0.0023416
1.255		0.104538		0.00233939
1.256		0.104421		0.00233719
1.257		0.104304		0.00233499
1.258		0.104187		0.00233279
1.259		0.10407		0.0023306
1.26		0.103954		0.0023284
1.261		0.103837		0.00232621
1.262		0.103721		0.00232403
1.263		0.103605		0.00232184
1.264		0.103489		0.00231966
1.265		0.103374		0.00231748
1.266		0.103258		0.0023153
1.267		0.103143		0.00231312
1.268		0.103028		0.00231095
1.269		0.102913		0.00230878
1.27		0.102798		0.00230661
1.271		0.102684		0.00230444
1.272		0.102569		0.00230227
1.273		0.102455		0.00230011
1.274		0.102341		0.00229795
1.275		0.102227		0.00229579
1.276		0.102114		0.00229364
1.277		0.102		0.00229149
1.278		0.101887		0.00228934
1.279		0.101773		0.00228719
1.28		0.10166		0.00228504
1.281		0.101548		0.0022829
1.282		0.101435		0.00228076
1.283		0.101322		0.00227862
1.284		0.10121		0.00227648
1.285		0.101098		0.00227435
1.286		0.100986		0.00227221
1.287		0.100874		0.00227008
1.288		0.100762		0.00226796
1.289		0.100651		0.00226583
1.29		0.100539		0.00226371
1.291		0.100428		0.00226159
1.292		0.100317		0.00225947
1.293		0.100206		0.00225735
1.294		0.100096		0.00225524
1.295		0.0999852		0.00225313
1.296		0.0998749		0.00225102
1.297		0.0997647		0.00224891
1.298		0.0996547		0.00224681
1.299		0.0995448		0.0022447
1.3		0.0994352		0.0022426
1.301		0.0993256		0.00224051
1.302		0.0992163		0.00223841
1.303		0.0991071		0.00223632
1.304		0.0989981		0.00223423
1.305		0.0988892		0.00223214
1.306		0.0987805		0.00223005
1.307		0.098672		0.00222797
1.308		0.0985636		0.00222588
1.309		0.0984554		0.0022238
1.31		0.0983474		0.00222173
1.311		0.0982395		0.00221965
1.312		0.0981317		0.00221758
1.313		0.0980242		0.00221551
1.314		0.0979168		0.00221344
1.315		0.0978095		0.00221137
1.316		0.0977024		0.00220931
1.317		0.0975955		0.00220725
1.318		0.0974888		0.00220519
1.319		0.0973822		0.00220313
1.32		0.0972757		0.00220108
1.321		0.0971694		0.00219902
1.322		0.0970633		0.00219697
1.323		0.0969573		0.00219493
1.324		0.0968515		0.00219288
1.325		0.0967459		0.00219084
1.326		0.0966404		0.00218879
1.327		0.096535		0.00218675
1.328		0.0964298		0.00218472
1.329		0.0963248		0.00218268
1.33		0.0962199		0.00218065
1.331		0.0961152		0.00217862
1.332		0.0960107		0.00217659
1.333		0.0959063		0.00217457
1.334		0.095802		0.00217254
1.335		0.0956979		0.00217052
1.336		0.095594		0.0021685
1.337		0.0954902		0.00216649
1.338		0.0953866		0.00216447
1.339		0.0952831		0.00216246
1.34		0.0951798		0.00216045
1.341		0.0950766		0.00215844
1.342		0.0949736		0.00215643
1.343		0.0948707		0.00215443
1.344		0.094768		0.00215243
1.345		0.0946654		0.00215043
1.346		0.094563		0.00214843
1.347		0.0944608		0.00214644
1.348		0.0943587		0.00214444
1.349		0.0942567		0.00214245
1.35		0.0941549		0.00214046
1.351		0.0940533		0.00213848
1.352		0.0939518		0.00213649
1.353		0.0938504		0.00213451
1.354		0.0937492		0.00213253
1.355		0.0936482		0.00213056
1.356		0.0935473		0.00212858
1.357		0.0934465		0.00212661
1.358		0.0933459		0.00212464
1.359		0.0932454		0.00212267
1.36		0.0931451		0.0021207
1.361		0.093045		0.00211874
1.362		0.092945		0.00211677
1.363		0.0928451		0.00211481
1.364		0.0927454		0.00211286
1.365		0.0926458		0.0021109
1.366		0.0925464		0.00210895
1.367		0.0924471		0.002107
1.368		0.092348		0.00210505
1.369		0.092249		0.0021031
1.37		0.0921502		0.00210116
1.371		0.0920515		0.00209921
1.372		0.0919529		0.00209727
1.373		0.0918545		0.00209533
1.374		0.0917563		0.0020934
1.375		0.0916581		0.00209146
1.376		0.0915602		0.00208953
1.377		0.0914623		0.0020876
1.378		0.0913647		0.00208567
1.379		0.0912671		0.00208375
1.38		0.0911697		0.00208182
1.381		0.0910725		0.0020799
1.382		0.0909754		0.00207798
1.383		0.0908784		0.00207607
1.384		0.0907816		0.00207415
1.385		0.0906849		0.00207224
1.386		0.0905884		0.00207033
1.387		0.090492		0.00206842
1.388		0.0903957		0.00206651
1.389		0.0902996		0.00206461
1.39		0.0902036		0.00206271
1.391		0.0901078		0.00206081
1.392		0.0900121		0.00205891
1.393		0.0899165		0.00205701
1.394		0.0898211		0.00205512
1.395		0.0897258		0.00205323
1.396		0.0896307		0.00205134
1.397		0.0895357		0.00204945
1.398		0.0894408		0.00204756
1.399		0.0893461		0.00204568
1.4		0.0892515		0.0020438
1.401		0.0891571		0.00204192
1.402		0.0890628		0.00204004
1.403		0.0889686		0.00203817
1.404		0.0888746		0.0020363
1.405		0.0887807		0.00203443
1.406		0.0886869		0.00203256
1.407		0.0885933		0.00203069
1.408		0.0884998		0.00202883
1.409		0.0884065		0.00202696
1.41		0.0883133		0.0020251
1.411		0.0882202		0.00202325
1.412		0.0881273		0.00202139
1.413		0.0880345		0.00201954
1.414		0.0879418		0.00201768
1.415		0.0878492		0.00201583
1.416		0.0877568		0.00201399
1.417		0.0876646		0.00201214
1.418		0.0875724		0.0020103
1.419		0.0874804		0.00200846
1.42		0.0873886		0.00200662
1.421		0.0872968		0.00200478
1.422		0.0872052		0.00200294
1.423		0.0871138		0.00200111
1.424		0.0870224		0.00199928
1.425		0.0869312		0.00199745
1.426		0.0868402		0.00199562
1.427		0.0867492		0.0019938
1.428		0.0866584		0.00199197
1.429		0.0865678		0.00199015
1.43		0.0864772		0.00198833
1.431		0.0863868		0.00198652
1.432		0.0862965		0.0019847
1.433		0.0862064		0.00198289
1.434		0.0861164		0.00198108
1.435		0.0860265		0.00197927
1.436		0.0859367		0.00197746
1.437		0.0858471		0.00197566
1.438		0.0857576		0.00197385
1.439		0.0856682		0.00197205
1.44		0.085579		0.00197025
1.441		0.0854899		0.00196846
1.442		0.0854009		0.00196666
1.443		0.085312		0.00196487
1.444		0.0852233		0.00196308
1.445		0.0851347		0.00196129
1.446		0.0850462		0.0019595
1.447		0.0849579		0.00195772
1.448		0.0848697		0.00195594
1.449		0.0847816		0.00195416
1.45		0.0846936		0.00195238
1.451		0.0846058		0.0019506
1.452		0.0845181		0.00194883
1.453		0.0844305		0.00194705
1.454		0.084343		0.00194528
1.455		0.0842557		0.00194351
1.456		0.0841685		0.00194175
1.457		0.0840814		0.00193998
1.458		0.0839944		0.00193822
1.459		0.0839076		0.00193646
1.46		0.0838209		0.0019347
1.461		0.0837343		0.00193294
1.462		0.0836479		0.00193119
1.463		0.0835615		0.00192944
1.464		0.0834753		0.00192768
1.465		0.0833892		0.00192594
1.466		0.0833033		0.00192419
1.467		0.0832174		0.00192244
1.468		0.0831317		0.0019207
1.469		0.0830461		0.00191896
1.47		0.0829606		0.00191722
1.471		0.0828753		0.00191548
1.472		0.08279		0.00191375
1.473		0.0827049		0.00191202
1.474		0.08262		0.00191028
1.475		0.0825351		0.00190856
1.476		0.0824503		0.00190683
1.477		0.0823657		0.0019051
1.478		0.0822812		0.00190338
1.479		0.0821968		0.00190166
1.48		0.0821126		0.00189994
1.481		0.0820284		0.00189822
1.482		0.0819444		0.00189651
1.483		0.0818605		0.00189479
1.484		0.0817767		0.00189308
1.485		0.0816931		0.00189137
1.486		0.0816095		0.00188966
1.487		0.0815261		0.00188796
1.488		0.0814428		0.00188625
1.489		0.0813596		0.00188455
1.49		0.0812766		0.00188285
1.491		0.0811936		0.00188115
1.492		0.0811108		0.00187946
1.493		0.0810281		0.00187776
1.494		0.0809455		0.00187607
1.495		0.080863		0.00187438
1.496		0.0807806		0.00187269
1.497		0.0806984		0.001871
1.498		0.0806163		0.00186932
1.499		0.0805343		0.00186763
1.5		0.0804524		0.00186595
1.501		0.0803706		0.00186427
1.502		0.0802889		0.0018626
1.503		0.0802074		0.00186092
1.504		0.0801259		0.00185925
1.505		0.0800446		0.00185758
1.506		0.0799634		0.00185591
1.507		0.0798823		0.00185424
1.508		0.0798014		0.00185257
1.509		0.0797205		0.00185091
1.51		0.0796398		0.00184925
1.511		0.0795591		0.00184759
1.512		0.0794786		0.00184593
1.513		0.0793982		0.00184427
1.514		0.0793179		0.00184262
1.515		0.0792378		0.00184096
1.516		0.0791577		0.00183931
1.517		0.0790777		0.00183766
1.518		0.0789979		0.00183602
1.519		0.0789182		0.00183437
1.52		0.0788386		0.00183273
1.521		0.0787591		0.00183109
1.522		0.0786797		0.00182945
1.523		0.0786004		0.00182781
1.524		0.0785213		0.00182617
1.525		0.0784422		0.00182454
1.526		0.0783633		0.00182291
1.527		0.0782844		0.00182128
1.528		0.0782057		0.00181965
1.529		0.0781271		0.00181802
1.53		0.0780486		0.0018164
1.531		0.0779702		0.00181477
1.532		0.077892		0.00181315
1.533		0.0778138		0.00181153
1.534		0.0777357		0.00180991
1.535		0.0776578		0.0018083
1.536		0.0775799		0.00180668
1.537		0.0775022		0.00180507
1.538		0.0774246		0.00180346
1.539		0.0773471		0.00180185
1.54		0.0772697		0.00180025
1.541		0.0771924		0.00179864
1.542		0.0771152		0.00179704
1.543		0.0770381		0.00179544
1.544		0.0769612		0.00179384
1.545		0.0768843		0.00179224
1.546		0.0768075		0.00179065
1.547		0.0767309		0.00178905
1.548		0.0766543		0.00178746
1.549		0.0765779		0.00178587
1.55		0.0765016		0.00178428
1.551		0.0764254		0.00178269
1.552		0.0763492		0.00178111
1.553		0.0762732		0.00177953
1.554		0.0761973		0.00177795
1.555		0.0761215		0.00177637
1.556		0.0760459		0.00177479
1.557		0.0759703		0.00177321
1.558		0.0758948		0.00177164
1.559		0.0758194		0.00177007
1.56		0.0757441		0.0017685
1.561		0.075669		0.00176693
1.562		0.0755939		0.00176536
1.563		0.075519		0.00176379
1.564		0.0754441		0.00176223
1.565		0.0753694		0.00176067
1.566		0.0752947		0.00175911
1.567		0.0752202		0.00175755
1.568		0.0751457		0.001756
1.569		0.0750714		0.00175444
1.57		0.0749972		0.00175289
1.571		0.0749231		0.00175134
1.572		0.074849		0.00174979
1.573		0.0747751		0.00174824
1.574		0.0747013		0.00174669
1.575		0.0746276		0.00174515
1.576		0.074554		0.00174361
1.577		0.0744804		0.00174207
1.578		0.074407		0.00174053
1.579		0.0743337		0.00173899
1.58		0.0742605		0.00173746
1.581		0.0741874		0.00173592
1.582		0.0741144		0.00173439
1.583		0.0740415		0.00173286
1.584		0.0739687		0.00173133
1.585		0.073896		0.00172981
1.586		0.0738234		0.00172828
1.587		0.0737509		0.00172676
1.588		0.0736785		0.00172524
1.589		0.0736062		0.00172372
1.59		0.073534		0.0017222
1.591		0.0734619		0.00172068
1.592		0.0733899		0.00171917
1.593		0.073318		0.00171766
1.594		0.0732462		0.00171615
1.595		0.0731744		0.00171464
1.596		0.0731028		0.00171313
1.597		0.0730313		0.00171162
1.598		0.0729599		0.00171012
1.599		0.0728886		0.00170862
1.6		0.0728174		0.00170711
1.601		0.0727463		0.00170562
1.602		0.0726752		0.00170412
1.603		0.0726043		0.00170262
1.604		0.0725335		0.00170113
1.605		0.0724628		0.00169964
1.606		0.0723921		0.00169815
1.607		0.0723216		0.00169666
1.608		0.0722512		0.00169517
1.609		0.0721808		0.00169368
1.61		0.0721106		0.0016922
1.611		0.0720404		0.00169072
1.612		0.0719704		0.00168924
1.613		0.0719004		0.00168776
1.614		0.0718306		0.00168628
1.615		0.0717608		0.00168481
1.616		0.0716911		0.00168333
1.617		0.0716216		0.00168186
1.618		0.0715521		0.00168039
1.619		0.0714827		0.00167892
1.62		0.0714134		0.00167745
1.621		0.0713442		0.00167599
1.622		0.0712751		0.00167452
1.623		0.0712061		0.00167306
1.624		0.0711372		0.0016716
1.625		0.0710684		0.00167014
1.626		0.0709997		0.00166869
1.627		0.070931		0.00166723
1.628		0.0708625		0.00166578
1.629		0.070794		0.00166433
1.63		0.0707257		0.00166287
1.631		0.0706574		0.00166143
1.632		0.0705893		0.00165998
1.633		0.0705212		0.00165853
1.634		0.0704532		0.00165709
1.635		0.0703853		0.00165565
1.636		0.0703175		0.00165421
1.637		0.0702498		0.00165277
1.638		0.0701822		0.00165133
1.639		0.0701147		0.00164989
1.64		0.0700473		0.00164846
1.641		0.0699799		0.00164703
1.642		0.0699127		0.0016456
1.643		0.0698456		0.00164417
1.644		0.0697785		0.00164274
1.645		0.0697115		0.00164131
1.646		0.0696446		0.00163989
1.647		0.0695778		0.00163847
1.648		0.0695111		0.00163704
1.649		0.0694445		0.00163563
1.65		0.069378		0.00163421
1.651		0.0693116		0.00163279
1.652		0.0692453		0.00163138
1.653		0.069179		0.00162996
1.654		0.0691128		0.00162855
1.655		0.0690468		0.00162714
1.656		0.0689808		0.00162573
1.657		0.0689149		0.00162433
1.658		0.0688491		0.00162292
1.659		0.0687834		0.00162152
1.66		0.0687178		0.00162012
1.661		0.0686522		0.00161872
1.662		0.0685868		0.00161732
1.663		0.0685214		0.00161592
1.664		0.0684561		0.00161452
1.665		0.0683909		0.00161313
1.666		0.0683258		0.00161174
1.667		0.0682608		0.00161035
1.668		0.0681959		0.00160896
1.669		0.0681311		0.00160757
1.67		0.0680663		0.00160618
1.671		0.0680017		0.0016048
1.672		0.0679371		0.00160341
1.673		0.0678726		0.00160203
1.674		0.0678082		0.00160065
1.675		0.0677439		0.00159928
1.676		0.0676797		0.0015979
1.677		0.0676155		0.00159652
1.678		0.0675515		0.00159515
1.679		0.0674875		0.00159378
1.68		0.0674236		0.00159241
1.681		0.0673598		0.00159104
1.682		0.0672961		0.00158967
1.683		0.0672325		0.0015883
1.684		0.0671689		0.00158694
1.685		0.0671055		0.00158558
1.686		0.0670421		0.00158422
1.687		0.0669788		0.00158286
1.688		0.0669156		0.0015815
1.689		0.0668525		0.00158014
1.69		0.0667894		0.00157879
1.691		0.0667265		0.00157743
1.692		0.0666636		0.00157608
1.693		0.0666008		0.00157473
1.694		0.0665381		0.00157338
1.695		0.0664755		0.00157203
1.696		0.066413		0.00157069
1.697		0.0663505		0.00156934
1.698		0.0662882		0.001568
1.699		0.0662259		0.00156666
1.7		0.0661637		0.00156532
1.701		0.0661016		0.00156398
1.702		0.0660395		0.00156264
1.703		0.0659776		0.00156131
1.704		0.0659157		0.00155997
1.705		0.0658539		0.00155864
1.706		0.0657922		0.00155731
1.707		0.0657306		0.00155598
1.708		0.0656691		0.00155465
1.709		0.0656076		0.00155333
1.71		0.0655462		0.001552
1.711		0.0654849		0.00155068
1.712		0.0654237		0.00154936
1.713		0.0653626		0.00154804
1.714		0.0653015		0.00154672
1.715		0.0652405		0.0015454
1.716		0.0651797		0.00154408
1.717		0.0651188		0.00154277
1.718		0.0650581		0.00154146
1.719		0.0649975		0.00154015
1.72		0.0649369		0.00153884
1.721		0.0648764		0.00153753
1.722		0.064816		0.00153622
1.723		0.0647557		0.00153491
1.724		0.0646954		0.00153361
1.725		0.0646352		0.00153231
1.726		0.0645751		0.00153101
1.727		0.0645151		0.00152971
1.728		0.0644552		0.00152841
1.729		0.0643953		0.00152711
1.73		0.0643356		0.00152582
1.731		0.0642759		0.00152452
1.732		0.0642163		0.00152323
1.733		0.0641567		0.00152194
1.734		0.0640972		0.00152065
1.735		0.0640379		0.00151936
1.736		0.0639786		0.00151808
1.737		0.0639193		0.00151679
1.738		0.0638602		0.00151551
1.739		0.0638011		0.00151422
1.74		0.0637421		0.00151294
1.741		0.0636832		0.00151166
1.742		0.0636244		0.00151039
1.743		0.0635656		0.00150911
1.744		0.0635069		0.00150784
1.745		0.0634483		0.00150656
1.746		0.0633898		0.00150529
1.747		0.0633313		0.00150402
1.748		0.0632729		0.00150275
1.749		0.0632146		0.00150148
1.75		0.0631564		0.00150022
1.751		0.0630983		0.00149895
1.752		0.0630402		0.00149769
1.753		0.0629822		0.00149642
1.754		0.0629243		0.00149516
1.755		0.0628664		0.0014939
1.756		0.0628087		0.00149265
1.757		0.062751		0.00149139
1.758		0.0626933		0.00149014
1.759		0.0626358		0.00148888
1.76		0.0625783		0.00148763
1.761		0.0625209		0.00148638
1.762		0.0624636		0.00148513
1.763		0.0624064		0.00148388
1.764		0.0623492		0.00148263
1.765		0.0622921		0.00148139
1.766		0.0622351		0.00148015
1.767		0.0621782		0.0014789
1.768		0.0621213		0.00147766
1.769		0.0620645		0.00147642
1.77		0.0620078		0.00147518
1.771		0.0619511		0.00147395
1.772		0.0618945		0.00147271
1.773		0.061838		0.00147148
1.774		0.0617816		0.00147024
1.775		0.0617252		0.00146901
1.776		0.061669		0.00146778
1.777		0.0616127		0.00146655
1.778		0.0615566		0.00146533
1.779		0.0615005		0.0014641
1.78		0.0614446		0.00146288
1.781		0.0613886		0.00146165
1.782		0.0613328		0.00146043
1.783		0.061277		0.00145921
1.784		0.0612213		0.00145799
1.785		0.0611657		0.00145678
1.786		0.0611101		0.00145556
1.787		0.0610546		0.00145434
1.788		0.0609992		0.00145313
1.789		0.0609439		0.00145192
1.79		0.0608886		0.00145071
1.791		0.0608334		0.0014495
1.792		0.0607783		0.00144829
1.793		0.0607232		0.00144708
1.794		0.0606682		0.00144588
1.795		0.0606133		0.00144467
1.796		0.0605585		0.00144347
1.797		0.0605037		0.00144227
1.798		0.060449		0.00144107
1.799		0.0603944		0.00143987
1.8		0.0603398		0.00143867
1.801		0.0602853		0.00143748
1.802		0.0602309		0.00143628
1.803		0.0601765		0.00143509
1.804		0.0601223		0.0014339
1.805		0.060068		0.00143271
1.806		0.0600139		0.00143152
1.807		0.0599598		0.00143033
1.808		0.0599058		0.00142914
1.809		0.0598519		0.00142796
1.81		0.059798		0.00142677
1.811		0.0597442		0.00142559
1.812		0.0596905		0.00142441
1.813		0.0596368		0.00142323
1.814		0.0595832		0.00142205
1.815		0.0595297		0.00142087
1.816		0.0594763		0.0014197
1.817		0.0594229		0.00141852
1.818		0.0593696		0.00141735
1.819		0.0593163		0.00141618
1.82		0.0592632		0.00141501
1.821		0.05921		0.00141384
1.822		0.059157		0.00141267
1.823		0.059104		0.0014115
1.824		0.0590511		0.00141034
1.825		0.0589983		0.00140917
1.826		0.0589455		0.00140801
1.827		0.0588928		0.00140685
1.828		0.0588402		0.00140569
1.829		0.0587876		0.00140453
1.83		0.0587351		0.00140337
1.831		0.0586827		0.00140221
1.832		0.0586303		0.00140106
1.833		0.058578		0.0013999
1.834		0.0585257		0.00139875
1.835		0.0584736		0.0013976
1.836		0.0584215		0.00139645
1.837		0.0583694		0.0013953
1.838		0.0583175		0.00139415
1.839		0.0582656		0.00139301
1.84		0.0582137		0.00139186
1.841		0.0581619		0.00139072
1.842		0.0581102		0.00138958
1.843		0.0580586		0.00138843
1.844		0.058007		0.00138729
1.845		0.0579555		0.00138616
1.846		0.0579041		0.00138502
1.847		0.0578527		0.00138388
1.848		0.0578014		0.00138275
1.849		0.0577501		0.00138161
1.85		0.0576989		0.00138048
1.851		0.0576478		0.00137935
1.852		0.0575968		0.00137822
1.853		0.0575458		0.00137709
1.854		0.0574948		0.00137596
1.855		0.057444		0.00137484
1.856		0.0573932		0.00137371
1.857		0.0573425		0.00137259
1.858		0.0572918		0.00137147
1.859		0.0572412		0.00137035
1.86		0.0571906		0.00136923
1.861		0.0571402		0.00136811
1.862		0.0570897		0.00136699
1.863		0.0570394		0.00136587
1.864		0.0569891		0.00136476
1.865		0.0569389		0.00136364
1.866		0.0568887		0.00136253
1.867		0.0568386		0.00136142
1.868		0.0567886		0.00136031
1.869		0.0567386		0.0013592
1.87		0.0566887		0.00135809
1.871		0.0566389		0.00135699
1.872		0.0565891		0.00135588
1.873		0.0565394		0.00135478
1.874		0.0564897		0.00135368
1.875		0.0564401		0.00135257
1.876		0.0563906		0.00135147
1.877		0.0563411		0.00135038
1.878		0.0562917		0.00134928
1.879		0.0562424		0.00134818
1.88		0.0561931		0.00134709
1.881		0.0561439		0.00134599
1.882		0.0560947		0.0013449
1.883		0.0560456		0.00134381
1.884		0.0559966		0.00134272
1.885		0.0559476		0.00134163
1.886		0.0558987		0.00134054
1.887		0.0558498		0.00133945
1.888		0.055801		0.00133837
1.889		0.0557523		0.00133728
1.89		0.0557036		0.0013362
1.891		0.055655		0.00133512
1.892		0.0556065		0.00133404
1.893		0.055558		0.00133296
1.894		0.0555095		0.00133188
1.895		0.0554612		0.0013308
1.896		0.0554129		0.00132972
1.897		0.0553646		0.00132865
1.898		0.0553164		0.00132757
1.899		0.0552683		0.0013265
1.9		0.0552202		0.00132543
1.901		0.0551722		0.00132436
1.902		0.0551243		0.00132329
1.903		0.0550764		0.00132222
1.904		0.0550286		0.00132116
1.905		0.0549808		0.00132009
1.906		0.0549331		0.00131903
1.907		0.0548855		0.00131796
1.908		0.0548379		0.0013169
1.909		0.0547903		0.00131584
1.91		0.0547429		0.00131478
1.911		0.0546955		0.00131372
1.912		0.0546481		0.00131266
1.913		0.0546008		0.00131161
1.914		0.0545536		0.00131055
1.915		0.0545064		0.0013095
1.916		0.0544593		0.00130845
1.917		0.0544122		0.0013074
1.918		0.0543652		0.00130634
1.919		0.0543183		0.0013053
1.92		0.0542714		0.00130425
1.921		0.0542245		0.0013032
1.922		0.0541778		0.00130215
1.923		0.0541311		0.00130111
1.924		0.0540844		0.00130007
1.925		0.0540378		0.00129902
1.926		0.0539913		0.00129798
1.927		0.0539448		0.00129694
1.928		0.0538984		0.0012959
1.929		0.053852		0.00129487
1.93		0.0538057		0.00129383
1.931		0.0537594		0.00129279
1.932		0.0537132		0.00129176
1.933		0.0536671		0.00129073
1.934		0.053621		0.00128969
1.935		0.053575		0.00128866
1.936		0.053529		0.00128763
1.937		0.0534831		0.0012866
1.938		0.0534373		0.00128558
1.939		0.0533915		0.00128455
1.94		0.0533457		0.00128352
1.941		0.0533		0.0012825
1.942		0.0532544		0.00128148
1.943		0.0532088		0.00128045
1.944		0.0531633		0.00127943
1.945		0.0531178		0.00127841
1.946		0.0530724		0.0012774
1.947		0.0530271		0.00127638
1.948		0.0529818		0.00127536
1.949		0.0529365		0.00127435
1.95		0.0528914		0.00127333
1.951		0.0528462		0.00127232
1.952		0.0528012		0.00127131
1.953		0.0527561		0.0012703
1.954		0.0527112		0.00126929
1.955		0.0526663		0.00126828
1.956		0.0526214		0.00126727
1.957		0.0525766		0.00126626
1.958		0.0525319		0.00126526
1.959		0.0524872		0.00126425
1.96		0.0524426		0.00126325
1.961		0.052398		0.00126225
1.962		0.0523534		0.00126125
1.963		0.052309		0.00126025
1.964		0.0522646		0.00125925
1.965		0.0522202		0.00125825
1.966		0.0521759		0.00125725
1.967		0.0521316		0.00125626
1.968		0.0520874		0.00125526
1.969		0.0520433		0.00125427
1.97		0.0519992		0.00125328
1.971		0.0519552		0.00125229
1.972		0.0519112		0.0012513
1.973		0.0518672		0.00125031
1.974		0.0518234		0.00124932
1.975		0.0517795		0.00124833
1.976		0.0517358		0.00124735
1.977		0.051692		0.00124636
1.978		0.0516484		0.00124538
1.979		0.0516048		0.00124439
1.98		0.0515612		0.00124341
1.981		0.0515177		0.00124243
1.982		0.0514742		0.00124145
1.983		0.0514308		0.00124047
1.984		0.0513875		0.0012395
1.985		0.0513442		0.00123852
1.986		0.0513009		0.00123755
1.987		0.0512578		0.00123657
1.988		0.0512146		0.0012356
1.989		0.0511715		0.00123463
1.99		0.0511285		0.00123365
1.991		0.0510855		0.00123268
1.992		0.0510426		0.00123172
1.993		0.0509997		0.00123075
1.994		0.0509569		0.00122978
1.995		0.0509141		0.00122882
1.996		0.0508714		0.00122785
1.997		0.0508287		0.00122689
1.998		0.0507861		0.00122592
1.999		0.0507435		0.00122496
2		0.050701		0.001224
2.001		0.0506585		0.00122304
2.002		0.0506161		0.00122208
2.003		0.0505737		0.00122113
2.004		0.0505314		0.00122017
2.005		0.0504892		0.00121921
2.006		0.050447		0.00121826
2.007		0.0504048		0.00121731
2.008		0.0503627		0.00121635
2.009		0.0503206		0.0012154
2.01		0.0502786		0.00121445
2.011		0.0502367		0.0012135
2.012		0.0501948		0.00121256
2.013		0.0501529		0.00121161
2.014		0.0501111		0.00121066
2.015		0.0500693		0.00120972
2.016		0.0500276		0.00120877
2.017		0.049986		0.00120783
2.018		0.0499444		0.00120689
2.019		0.0499028		0.00120595
2.02		0.0498613		0.00120501
2.021		0.0498198		0.00120407
2.022		0.0497784		0.00120313
2.023		0.0497371		0.00120219
2.024		0.0496958		0.00120126
2.025		0.0496545		0.00120032
2.026		0.0496133		0.00119939
2.027		0.0495721		0.00119845
2.028		0.049531		0.00119752
2.029		0.04949		0.00119659
2.03		0.0494489		0.00119566
2.031		0.049408		0.00119473
2.032		0.0493671		0.0011938
2.033		0.0493262		0.00119288
2.034		0.0492854		0.00119195
2.035		0.0492446		0.00119103
2.036		0.0492039		0.0011901
2.037		0.0491632		0.00118918
2.038		0.0491226		0.00118826
2.039		0.049082		0.00118734
2.04		0.0490415		0.00118642
2.041		0.049001		0.0011855
2.042		0.0489606		0.00118458
2.043		0.0489202		0.00118366
2.044		0.0488799		0.00118275
2.045		0.0488396		0.00118183
2.046		0.0487993		0.00118092
2.047		0.0487591		0.00118
2.048		0.048719		0.00117909
2.049		0.0486789		0.00117818
2.05		0.0486388		0.00117727
2.051		0.0485988		0.00117636
2.052		0.0485589		0.00117545
2.053		0.048519		0.00117455
2.054		0.0484791		0.00117364
2.055		0.0484393		0.00117273
2.056		0.0483996		0.00117183
2.057		0.0483598		0.00117093
2.058		0.0483202		0.00117002
2.059		0.0482805		0.00116912
2.06		0.048241		0.00116822
2.061		0.0482014		0.00116732
2.062		0.0481619		0.00116642
2.063		0.0481225		0.00116553
2.064		0.0480831		0.00116463
2.065		0.0480438		0.00116373
2.066		0.0480045		0.00116284
2.067		0.0479652		0.00116194
2.068		0.047926		0.00116105
2.069		0.0478869		0.00116016
2.07		0.0478478		0.00115927
2.071		0.0478087		0.00115838
2.072		0.0477697		0.00115749
2.073		0.0477307		0.0011566
2.074		0.0476918		0.00115571
2.075		0.0476529		0.00115483
2.076		0.047614		0.00115394
2.077		0.0475753		0.00115306
2.078		0.0475365		0.00115217
2.079		0.0474978		0.00115129
2.08		0.0474592		0.00115041
2.081		0.0474205		0.00114953
2.082		0.047382		0.00114865
2.083		0.0473435		0.00114777
2.084		0.047305		0.00114689
2.085		0.0472666		0.00114602
2.086		0.0472282		0.00114514
2.087		0.0471898		0.00114427
2.088		0.0471516		0.00114339
2.089		0.0471133		0.00114252
2.09		0.0470751		0.00114165
2.091		0.0470369		0.00114078
2.092		0.0469988		0.00113991
2.093		0.0469608		0.00113904
2.094		0.0469227		0.00113817
2.095		0.0468848		0.0011373
2.096		0.0468468		0.00113643
2.097		0.0468089		0.00113557
2.098		0.0467711		0.0011347
2.099		0.0467333		0.00113384
2.1		0.0466955		0.00113298
2.101		0.0466578		0.00113211
2.102		0.0466201		0.00113125
2.103		0.0465825		0.00113039
2.104		0.0465449		0.00112953
2.105		0.0465074		0.00112867
2.106		0.0464699		0.00112782
2.107		0.0464324		0.00112696
2.108		0.046395		0.0011261
2.109		0.0463577		0.00112525
2.11		0.0463203		0.0011244
2.111		0.0462831		0.00112354
2.112		0.0462458		0.00112269
2.113		0.0462086		0.00112184
2.114		0.0461715		0.00112099
2.115		0.0461344		0.00112014
2.116		0.0460973		0.00111929
2.117		0.0460603		0.00111844
2.118		0.0460233		0.0011176
2.119		0.0459864		0.00111675
2.12		0.0459495		0.00111591
2.121		0.0459126		0.00111506
2.122		0.0458758		0.00111422
2.123		0.0458391		0.00111338
2.124		0.0458024		0.00111254
2.125		0.0457657		0.0011117
2.126		0.045729		0.00111086
2.127		0.0456925		0.00111002
2.128		0.0456559		0.00110918
2.129		0.0456194		0.00110834
2.13		0.0455829		0.00110751
2.131		0.0455465		0.00110667
2.132		0.0455101		0.00110584
2.133		0.0454738		0.001105
2.134		0.0454375		0.00110417
2.135		0.0454012		0.00110334
2.136		0.045365		0.00110251
2.137		0.0453289		0.00110168
2.138		0.0452927		0.00110085
2.139		0.0452566		0.00110002
2.14		0.0452206		0.00109919
2.141		0.0451846		0.00109837
2.142		0.0451486		0.00109754
2.143		0.0451127		0.00109672
2.144		0.0450768		0.00109589
2.145		0.045041		0.00109507
2.146		0.0450052		0.00109425
2.147		0.0449694		0.00109343
2.148		0.0449337		0.00109261
2.149		0.044898		0.00109179
2.15		0.0448624		0.00109097
2.151		0.0448268		0.00109015
2.152		0.0447912		0.00108933
2.153		0.0447557		0.00108852
2.154		0.0447203		0.0010877
2.155		0.0446848		0.00108689
2.156		0.0446494		0.00108607
2.157		0.0446141		0.00108526
2.158		0.0445788		0.00108445
2.159		0.0445435		0.00108364
2.16		0.0445083		0.00108283
2.161		0.0444731		0.00108202
2.162		0.044438		0.00108121
2.163		0.0444028		0.0010804
2.164		0.0443678		0.0010796
2.165		0.0443328		0.00107879
2.166		0.0442978		0.00107799
2.167		0.0442628		0.00107718
2.168		0.0442279		0.00107638
2.169		0.044193		0.00107558
2.17		0.0441582		0.00107477
2.171		0.0441234		0.00107397
2.172		0.0440887		0.00107317
2.173		0.044054		0.00107237
2.174		0.0440193		0.00107158
2.175		0.0439847		0.00107078
2.176		0.0439501		0.00106998
2.177		0.0439155		0.00106919
2.178		0.043881		0.00106839
2.179		0.0438465		0.0010676
2.18		0.0438121		0.0010668
2.181		0.0437777		0.00106601
2.182		0.0437434		0.00106522
2.183		0.0437091		0.00106443
2.184		0.0436748		0.00106364
2.185		0.0436405		0.00106285
2.186		0.0436063		0.00106206
2.187		0.0435722		0.00106127
2.188		0.0435381		0.00106048
2.189		0.043504		0.0010597
2.19		0.0434699		0.00105891
2.191		0.0434359		0.00105813
2.192		0.043402		0.00105735
2.193		0.043368		0.00105656
2.194		0.0433341		0.00105578
2.195		0.0433003		0.001055
2.196		0.0432665		0.00105422
2.197		0.0432327		0.00105344
2.198		0.043199		0.00105266
2.199		0.0431653		0.00105188
2.2		0.0431316		0.00105111
2.201		0.043098		0.00105033
2.202		0.0430644		0.00104956
2.203		0.0430309		0.00104878
2.204		0.0429973		0.00104801
2.205		0.0429639		0.00104723
2.206		0.0429304		0.00104646
2.207		0.042897		0.00104569
2.208		0.0428637		0.00104492
2.209		0.0428304		0.00104415
2.21		0.0427971		0.00104338
2.211		0.0427638		0.00104261
2.212		0.0427306		0.00104184
2.213		0.0426975		0.00104108
2.214		0.0426643		0.00104031
2.215		0.0426312		0.00103955
2.216		0.0425982		0.00103878
2.217		0.0425652		0.00103802
2.218		0.0425322		0.00103726
2.219		0.0424992		0.00103649
2.22		0.0424663		0.00103573
2.221		0.0424334		0.00103497
2.222		0.0424006		0.00103421
2.223		0.0423678		0.00103345
2.224		0.042335		0.0010327
2.225		0.0423023		0.00103194
2.226		0.0422696		0.00103118
2.227		0.042237		0.00103043
2.228		0.0422044		0.00102967
2.229		0.0421718		0.00102892
2.23		0.0421392		0.00102816
2.231		0.0421067		0.00102741
2.232		0.0420743		0.00102666
2.233		0.0420418		0.00102591
2.234		0.0420094		0.00102516
2.235		0.0419771		0.00102441
2.236		0.0419447		0.00102366
2.237		0.0419125		0.00102291
2.238		0.0418802		0.00102217
2.239		0.041848		0.00102142
2.24		0.0418158		0.00102067
2.241		0.0417837		0.00101993
2.242		0.0417515		0.00101918
2.243		0.0417195		0.00101844
2.244		0.0416874		0.0010177
2.245		0.0416554		0.00101696
2.246		0.0416235		0.00101622
2.247		0.0415915		0.00101548
2.248		0.0415596		0.00101474
2.249		0.0415278		0.001014
2.25		0.041496		0.00101326
2.251		0.0414642		0.00101252
2.252		0.0414324		0.00101179
2.253		0.0414007		0.00101105
2.254		0.041369		0.00101032
2.255		0.0413374		0.00100958
2.256		0.0413057		0.00100885
2.257		0.0412742		0.00100811
2.258		0.0412426		0.00100738
2.259		0.0412111		0.00100665
2.26		0.0411796		0.00100592
2.261		0.0411482		0.00100519
2.262		0.0411168		0.00100446
2.263		0.0410854		0.00100373
2.264		0.0410541		0.00100301
2.265		0.0410228		0.00100228
2.266		0.0409915		0.00100155
2.267		0.0409603		0.00100083
2.268		0.0409291		0.0010001
2.269		0.040898		0.00099938
2.27		0.0408668		0.000998657
2.271		0.0408357		0.000997935
2.272		0.0408047		0.000997213
2.273		0.0407737		0.000996492
2.274		0.0407427		0.000995772
2.275		0.0407117		0.000995053
2.276		0.0406808		0.000994334
2.277		0.0406499		0.000993616
2.278		0.0406191		0.000992899
2.279		0.0405882		0.000992182
2.28		0.0405574		0.000991467
2.281		0.0405267		0.000990752
2.282		0.040496		0.000990037
2.283		0.0404653		0.000989324
2.284		0.0404346		0.000988611
2.285		0.040404		0.000987899
2.286		0.0403735		0.000987188
2.287		0.0403429		0.000986477
2.288		0.0403124		0.000985767
2.289		0.0402819		0.000985058
2.29		0.0402515		0.000984349
2.291		0.040221		0.000983641
2.292		0.0401907		0.000982934
2.293		0.0401603		0.000982228
2.294		0.04013		0.000981522
2.295		0.0400997		0.000980818
2.296		0.0400695		0.000980113
2.297		0.0400393		0.00097941
2.298		0.0400091		0.000978707
2.299		0.0399789		0.000978005
2.3		0.0399488		0.000977304
2.301		0.0399187		0.000976603
2.302		0.0398887		0.000975903
2.303		0.0398587		0.000975204
2.304		0.0398287		0.000974505
2.305		0.0397987		0.000973808
2.306		0.0397688		0.000973111
2.307		0.0397389		0.000972414
2.308		0.0397091		0.000971719
2.309		0.0396793		0.000971024
2.31		0.0396495		0.000970329
2.311		0.0396197		0.000969636
2.312		0.03959		0.000968943
2.313		0.0395603		0.000968251
2.314		0.0395306		0.000967559
2.315		0.039501		0.000966868
2.316		0.0394714		0.000966178
2.317		0.0394419		0.000965489
2.318		0.0394123		0.0009648
2.319		0.0393828		0.000964112
2.32		0.0393534		0.000963425
2.321		0.0393239		0.000962738
2.322		0.0392945		0.000962052
2.323		0.0392652		0.000961367
2.324		0.0392358		0.000960683
2.325		0.0392065		0.000959999
2.326		0.0391773		0.000959316
2.327		0.039148		0.000958633
2.328		0.0391188		0.000957951
2.329		0.0390896		0.00095727
2.33		0.0390605		0.00095659
2.331		0.0390314		0.00095591
2.332		0.0390023		0.000955231
2.333		0.0389732		0.000954553
2.334		0.0389442		0.000953875
2.335		0.0389152		0.000953198
2.336		0.0388863		0.000952522
2.337		0.0388573		0.000951846
2.338		0.0388284		0.000951171
2.339		0.0387996		0.000950497
2.34		0.0387707		0.000949823
2.341		0.0387419		0.00094915
2.342		0.0387132		0.000948478
2.343		0.0386844		0.000947807
2.344		0.0386557		0.000947136
2.345		0.038627		0.000946465
2.346		0.0385984		0.000945796
2.347		0.0385698		0.000945127
2.348		0.0385412		0.000944459
2.349		0.0385127		0.000943791
2.35		0.0384841		0.000943124
2.351		0.0384556		0.000942458
2.352		0.0384272		0.000941793
2.353		0.0383987		0.000941128
2.354		0.0383703		0.000940463
2.355		0.038342		0.0009398
2.356		0.0383136		0.000939137
2.357		0.0382853		0.000938475
2.358		0.038257		0.000937813
2.359		0.0382288		0.000937152
2.36		0.0382006		0.000936492
2.361		0.0381724		0.000935832
2.362		0.0381442		0.000935174
2.363		0.0381161		0.000934515
2.364		0.038088		0.000933858
2.365		0.03806		0.000933201
2.366		0.0380319		0.000932544
2.367		0.0380039		0.000931889
2.368		0.0379759		0.000931234
2.369		0.037948		0.000930579
2.37		0.0379201		0.000929926
2.371		0.0378922		0.000929273
2.372		0.0378643		0.00092862
2.373		0.0378365		0.000927969
2.374		0.0378087		0.000927317
2.375		0.0377809		0.000926667
2.376		0.0377532		0.000926017
2.377		0.0377255		0.000925368
2.378		0.0376978		0.00092472
2.379		0.0376702		0.000924072
2.38		0.0376426		0.000923425
2.381		0.037615		0.000922778
2.382		0.0375874		0.000922132
2.383		0.0375599		0.000921487
2.384		0.0375324		0.000920842
2.385		0.0375049		0.000920198
2.386		0.0374775		0.000919555
2.387		0.03745		0.000918912
2.388		0.0374227		0.00091827
2.389		0.0373953		0.000917628
2.39		0.037368		0.000916988
2.391		0.0373407		0.000916347
2.392		0.0373134		0.000915708
2.393		0.0372862		0.000915069
2.394		0.037259		0.000914431
2.395		0.0372318		0.000913793
2.396		0.0372046		0.000913156
2.397		0.0371775		0.00091252
2.398		0.0371504		0.000911884
2.399		0.0371233		0.000911249
2.4		0.0370963		0.000910614
2.401		0.0370693		0.00090998
2.402		0.0370423		0.000909347
2.403		0.0370154		0.000908715
2.404		0.0369884		0.000908083
2.405		0.0369616		0.000907451
2.406		0.0369347		0.00090682
2.407		0.0369079		0.00090619
2.408		0.036881		0.000905561
2.409		0.0368543		0.000904932
2.41		0.0368275		0.000904304
2.411		0.0368008		0.000903676
2.412		0.0367741		0.000903049
2.413		0.0367474		0.000902423
2.414		0.0367208		0.000901797
2.415		0.0366942		0.000901172
2.416		0.0366676		0.000900547
2.417		0.036641		0.000899923
2.418		0.0366145		0.0008993
2.419		0.036588		0.000898677
2.42		0.0365615		0.000898055
2.421		0.0365351		0.000897434
2.422		0.0365087		0.000896813
2.423		0.0364823		0.000896192
2.424		0.0364559		0.000895573
2.425		0.0364296		0.000894954
2.426		0.0364033		0.000894335
2.427		0.036377		0.000893717
2.428		0.0363508		0.0008931
2.429		0.0363246		0.000892484
2.43		0.0362984		0.000891868
2.431		0.0362722		0.000891252
2.432		0.0362461		0.000890637
2.433		0.03622		0.000890023
2.434		0.0361939		0.00088941
2.435		0.0361678		0.000888797
2.436		0.0361418		0.000888184
2.437		0.0361158		0.000887572
2.438		0.0360898		0.000886961
2.439		0.0360639		0.000886351
2.44		0.0360379		0.000885741
2.441		0.0360121		0.000885131
2.442		0.0359862		0.000884522
2.443		0.0359603		0.000883914
2.444		0.0359345		0.000883307
2.445		0.0359088		0.0008827
2.446		0.035883		0.000882093
2.447		0.0358573		0.000881487
2.448		0.0358316		0.000880882
2.449		0.0358059		0.000880278
2.45		0.0357802		0.000879673
2.451		0.0357546		0.00087907
2.452		0.035729		0.000878467
2.453		0.0357034		0.000877865
2.454		0.0356779		0.000877263
2.455		0.0356524		0.000876662
2.456		0.0356269		0.000876062
2.457		0.0356014		0.000875462
2.458		0.035576		0.000874862
2.459		0.0355506		0.000874263
2.46		0.0355252		0.000873665
2.461		0.0354999		0.000873068
2.462		0.0354745		0.000872471
2.463		0.0354492		0.000871874
2.464		0.0354239		0.000871278
2.465		0.0353987		0.000870683
2.466		0.0353735		0.000870088
2.467		0.0353483		0.000869494
2.468		0.0353231		0.000868901
2.469		0.0352979		0.000868308
2.47		0.0352728		0.000867715
2.471		0.0352477		0.000867124
2.472		0.0352227		0.000866532
2.473		0.0351976		0.000865942
2.474		0.0351726		0.000865352
2.475		0.0351476		0.000864762
2.476		0.0351226		0.000864173
2.477		0.0350977		0.000863585
2.478		0.0350728		0.000862997
2.479		0.0350479		0.00086241
2.48		0.035023		0.000861823
2.481		0.0349982		0.000861237
2.482		0.0349734		0.000860652
2.483		0.0349486		0.000860067
2.484		0.0349239		0.000859482
2.485		0.0348991		0.000858898
2.486		0.0348744		0.000858315
2.487		0.0348497		0.000857733
2.488		0.0348251		0.00085715
2.489		0.0348005		0.000856569
2.49		0.0347758		0.000855988
2.491		0.0347513		0.000855407
2.492		0.0347267		0.000854828
2.493		0.0347022		0.000854248
2.494		0.0346777		0.000853669
2.495		0.0346532		0.000853091
2.496		0.0346287		0.000852514
2.497		0.0346043		0.000851937
2.498		0.0345799		0.00085136
2.499		0.0345555		0.000850784
2.5		0.0345312		0.000850209
2.501		0.0345069		0.000849634
2.502		0.0344826		0.00084906
2.503		0.0344583		0.000848486
2.504		0.034434		0.000847913
2.505		0.0344098		0.00084734
2.506		0.0343856		0.000846768
2.507		0.0343614		0.000846196
2.508		0.0343373		0.000845625
2.509		0.0343131		0.000845055
2.51		0.034289		0.000844485
2.511		0.0342649		0.000843916
2.512		0.0342409		0.000843347
2.513		0.0342169		0.000842779
2.514		0.0341929		0.000842211
2.515		0.0341689		0.000841644
2.516		0.0341449		0.000841077
2.517		0.034121		0.000840511
2.518		0.0340971		0.000839946
2.519		0.0340732		0.000839381
2.52		0.0340493		0.000838816
2.521		0.0340255		0.000838252
2.522		0.0340017		0.000837689
2.523		0.0339779		0.000837126
2.524		0.0339542		0.000836564
2.525		0.0339304		0.000836002
2.526		0.0339067		0.000835441
2.527		0.033883		0.000834881
2.528		0.0338594		0.00083432
2.529		0.0338357		0.000833761
2.53		0.0338121		0.000833202
2.531		0.0337885		0.000832643
2.532		0.0337649		0.000832085
2.533		0.0337414		0.000831528
2.534		0.0337179		0.000830971
2.535		0.0336944		0.000830415
2.536		0.0336709		0.000829859
2.537		0.0336475		0.000829304
2.538		0.033624		0.000828749
2.539		0.0336006		0.000828195
2.54		0.0335773		0.000827641
2.541		0.0335539		0.000827088
2.542		0.0335306		0.000826535
2.543		0.0335073		0.000825983
2.544		0.033484		0.000825431
2.545		0.0334607		0.00082488
2.546		0.0334375		0.00082433
2.547		0.0334143		0.00082378
2.548		0.0333911		0.00082323
2.549		0.0333679		0.000822681
2.55		0.0333448		0.000822133
2.551		0.0333217		0.000821585
2.552		0.0332986		0.000821038
2.553		0.0332755		0.000820491
2.554		0.0332525		0.000819944
2.555		0.0332295		0.000819399
2.556		0.0332065		0.000818853
2.557		0.0331835		0.000818308
2.558		0.0331605		0.000817764
2.559		0.0331376		0.00081722
2.56		0.0331147		0.000816677
2.561		0.0330918		0.000816134
2.562		0.0330689		0.000815592
2.563		0.0330461		0.000815051
2.564		0.0330233		0.000814509
2.565		0.0330005		0.000813969
2.566		0.0329777		0.000813429
2.567		0.032955		0.000812889
2.568		0.0329323		0.00081235
2.569		0.0329096		0.000811811
2.57		0.0328869		0.000811273
2.571		0.0328642		0.000810736
2.572		0.0328416		0.000810198
2.573		0.032819		0.000809662
2.574		0.0327964		0.000809126
2.575		0.0327738		0.00080859
2.576		0.0327513		0.000808055
2.577		0.0327288		0.000807521
2.578		0.0327063		0.000806987
2.579		0.0326838		0.000806453
2.58		0.0326614		0.00080592
2.581		0.0326389		0.000805388
2.582		0.0326165		0.000804856
2.583		0.0325942		0.000804324
2.584		0.0325718		0.000803793
2.585		0.0325495		0.000803263
2.586		0.0325271		0.000802733
2.587		0.0325048		0.000802203
2.588		0.0324826		0.000801674
2.589		0.0324603		0.000801146
2.59		0.0324381		0.000800618
2.591		0.0324159		0.00080009
2.592		0.0323937		0.000799563
2.593		0.0323716		0.000799037
2.594		0.0323494		0.000798511
2.595		0.0323273		0.000797985
2.596		0.0323052		0.00079746
2.597		0.0322831		0.000796935
2.598		0.0322611		0.000796411
2.599		0.0322391		0.000795888
2.6		0.0322171		0.000795365
2.601		0.0321951		0.000794842
2.602		0.0321731		0.00079432
2.603		0.0321512		0.000793799
2.604		0.0321293		0.000793278
2.605		0.0321074		0.000792757
2.606		0.0320855		0.000792237
2.607		0.0320637		0.000791717
2.608		0.0320418		0.000791198
2.609		0.03202		0.00079068
2.61		0.0319982		0.000790161
2.611		0.0319765		0.000789644
2.612		0.0319547		0.000789127
2.613		0.031933		0.00078861
2.614		0.0319113		0.000788094
2.615		0.0318896		0.000787578
2.616		0.031868		0.000787063
2.617		0.0318463		0.000786548
2.618		0.0318247		0.000786034
2.619		0.0318031		0.00078552
2.62		0.0317816		0.000785007
2.621		0.03176		0.000784494
2.622		0.0317385		0.000783981
2.623		0.031717		0.00078347
2.624		0.0316955		0.000782958
2.625		0.031674		0.000782447
2.626		0.0316526		0.000781937
2.627		0.0316312		0.000781427
2.628		0.0316098		0.000780918
2.629		0.0315884		0.000780409
2.63		0.031567		0.0007799
2.631		0.0315457		0.000779392
2.632		0.0315244		0.000778884
2.633		0.0315031		0.000778377
2.634		0.0314818		0.000777871
2.635		0.0314606		0.000777365
2.636		0.0314393		0.000776859
2.637		0.0314181		0.000776354
2.638		0.0313969		0.000775849
2.639		0.0313758		0.000775345
2.64		0.0313546		0.000774841
2.641		0.0313335		0.000774338
2.642		0.0313124		0.000773835
2.643		0.0312913		0.000773332
2.644		0.0312702		0.00077283
2.645		0.0312492		0.000772329
2.646		0.0312282		0.000771828
2.647		0.0312072		0.000771328
2.648		0.0311862		0.000770827
2.649		0.0311652		0.000770328
2.65		0.0311443		0.000769829
2.651		0.0311234		0.00076933
2.652		0.0311025		0.000768832
2.653		0.0310816		0.000768334
2.654		0.0310607		0.000767837
2.655		0.0310399		0.00076734
2.656		0.0310191		0.000766844
2.657		0.0309983		0.000766348
2.658		0.0309775		0.000765853
2.659		0.0309568		0.000765358
2.66		0.030936		0.000764863
2.661		0.0309153		0.000764369
2.662		0.0308946		0.000763875
2.663		0.0308739		0.000763382
2.664		0.0308533		0.00076289
2.665		0.0308326		0.000762397
2.666		0.030812		0.000761906
2.667		0.0307914		0.000761414
2.668		0.0307709		0.000760924
2.669		0.0307503		0.000760433
2.67		0.0307298		0.000759943
2.671		0.0307093		0.000759454
2.672		0.0306888		0.000758965
2.673		0.0306683		0.000758476
2.674		0.0306479		0.000757988
2.675		0.0306274		0.0007575
2.676		0.030607		0.000757013
2.677		0.0305866		0.000756526
2.678		0.0305662		0.00075604
2.679		0.0305459		0.000755554
2.68		0.0305256		0.000755069
2.681		0.0305052		0.000754584
2.682		0.0304849		0.000754099
2.683		0.0304647		0.000753615
2.684		0.0304444		0.000753132
2.685		0.0304242		0.000752648
2.686		0.030404		0.000752166
2.687		0.0303838		0.000751683
2.688		0.0303636		0.000751202
2.689		0.0303434		0.00075072
2.69		0.0303233		0.000750239
2.691		0.0303032		0.000749759
2.692		0.0302831		0.000749279
2.693		0.030263		0.000748799
2.694		0.030243		0.00074832
2.695		0.0302229		0.000747841
2.696		0.0302029		0.000747363
2.697		0.0301829		0.000746885
2.698		0.0301629		0.000746407
2.699		0.030143		0.00074593
2.7		0.030123		0.000745454
2.701		0.0301031		0.000744978
2.702		0.0300832		0.000744502
2.703		0.0300633		0.000744027
2.704		0.0300435		0.000743552
2.705		0.0300236		0.000743078
2.706		0.0300038		0.000742604
2.707		0.029984		0.00074213
2.708		0.0299642		0.000741657
2.709		0.0299444		0.000741185
2.71		0.0299247		0.000740712
2.711		0.0299049		0.000740241
2.712		0.0298852		0.000739769
2.713		0.0298655		0.000739298
2.714		0.0298459		0.000738828
2.715		0.0298262		0.000738358
2.716		0.0298066		0.000737888
2.717		0.029787		0.000737419
2.718		0.0297674		0.00073695
2.719		0.0297478		0.000736482
2.72		0.0297282		0.000736014
2.721		0.0297087		0.000735547
2.722		0.0296892		0.00073508
2.723		0.0296697		0.000734613
2.724		0.0296502		0.000734147
2.725		0.0296307		0.000733681
2.726		0.0296113		0.000733216
2.727		0.0295918		0.000732751
2.728		0.0295724		0.000732286
2.729		0.029553		0.000731822
2.73		0.0295337		0.000731359
2.731		0.0295143		0.000730895
2.732		0.029495		0.000730433
2.733		0.0294757		0.00072997
2.734		0.0294564		0.000729508
2.735		0.0294371		0.000729047
2.736		0.0294178		0.000728586
2.737		0.0293986		0.000728125
2.738		0.0293794		0.000727665
2.739		0.0293602		0.000727205
2.74		0.029341		0.000726746
2.741		0.0293218		0.000726287
2.742		0.0293027		0.000725828
2.743		0.0292835		0.00072537
2.744		0.0292644		0.000724912
2.745		0.0292453		0.000724455
2.746		0.0292262		0.000723998
2.747		0.0292072		0.000723541
2.748		0.0291881		0.000723085
2.749		0.0291691		0.000722629
2.75		0.0291501		0.000722174
2.751		0.0291311		0.000721719
2.752		0.0291122		0.000721265
2.753		0.0290932		0.000720811
2.754		0.0290743		0.000720357
2.755		0.0290554		0.000719904
2.756		0.0290365		0.000719451
2.757		0.0290176		0.000718999
2.758		0.0289987		0.000718547
2.759		0.0289799		0.000718095
2.76		0.0289611		0.000717644
2.761		0.0289423		0.000717193
2.762		0.0289235		0.000716743
2.763		0.0289047		0.000716293
2.764		0.028886		0.000715844
2.765		0.0288672		0.000715394
2.766		0.0288485		0.000714946
2.767		0.0288298		0.000714497
2.768		0.0288111		0.00071405
2.769		0.0287925		0.000713602
2.77		0.0287738		0.000713155
2.771		0.0287552		0.000712708
2.772		0.0287366		0.000712262
2.773		0.028718		0.000711816
2.774		0.0286994		0.000711371
2.775		0.0286809		0.000710926
2.776		0.0286623		0.000710481
2.777		0.0286438		0.000710037
2.778		0.0286253		0.000709593
2.779		0.0286068		0.000709149
2.78		0.0285883		0.000708706
2.781		0.0285699		0.000708263
2.782		0.0285515		0.000707821
2.783		0.028533		0.000707379
2.784		0.0285146		0.000706938
2.785		0.0284963		0.000706497
2.786		0.0284779		0.000706056
2.787		0.0284595		0.000705616
2.788		0.0284412		0.000705176
2.789		0.0284229		0.000704736
2.79		0.0284046		0.000704297
2.791		0.0283863		0.000703859
2.792		0.0283681		0.00070342
2.793		0.0283498		0.000702982
2.794		0.0283316		0.000702545
2.795		0.0283134		0.000702108
2.796		0.0282952		0.000701671
2.797		0.028277		0.000701235
2.798		0.0282589		0.000700799
2.799		0.0282407		0.000700363
2.8		0.0282226		0.000699928
2.801		0.0282045		0.000699493
2.802		0.0281864		0.000699059
2.803		0.0281683		0.000698625
2.804		0.0281503		0.000698191
2.805		0.0281322		0.000697758
2.806		0.0281142		0.000697325
2.807		0.0280962		0.000696893
2.808		0.0280782		0.00069646
2.809		0.0280603		0.000696029
2.81		0.0280423		0.000695597
2.811		0.0280244		0.000695167
2.812		0.0280065		0.000694736
2.813		0.0279886		0.000694306
2.814		0.0279707		0.000693876
2.815		0.0279528		0.000693447
2.816		0.0279349		0.000693018
2.817		0.0279171		0.000692589
2.818		0.0278993		0.000692161
2.819		0.0278815		0.000691733
2.82		0.0278637		0.000691306
2.821		0.0278459		0.000690879
2.822		0.0278282		0.000690452
2.823		0.0278105		0.000690026
2.824		0.0277927		0.0006896
2.825		0.027775		0.000689174
2.826		0.0277573		0.000688749
2.827		0.0277397		0.000688324
2.828		0.027722		0.0006879
2.829		0.0277044		0.000687476
2.83		0.0276868		0.000687052
2.831		0.0276692		0.000686629
2.832		0.0276516		0.000686206
2.833		0.027634		0.000685783
2.834		0.0276165		0.000685361
2.835		0.0275989		0.000684939
2.836		0.0275814		0.000684518
2.837		0.0275639		0.000684097
2.838		0.0275464		0.000683676
2.839		0.0275289		0.000683256
2.84		0.0275115		0.000682836
2.841		0.027494		0.000682416
2.842		0.0274766		0.000681997
2.843		0.0274592		0.000681579
2.844		0.0274418		0.00068116
2.845		0.0274244		0.000680742
2.846		0.0274071		0.000680324
2.847		0.0273897		0.000679907
2.848		0.0273724		0.00067949
2.849		0.0273551		0.000679074
2.85		0.0273378		0.000678657
2.851		0.0273205		0.000678242
2.852		0.0273033		0.000677826
2.853		0.027286		0.000677411
2.854		0.0272688		0.000676996
2.855		0.0272516		0.000676582
2.856		0.0272344		0.000676168
2.857		0.0272172		0.000675754
2.858		0.0272		0.000675341
2.859		0.0271829		0.000674928
2.86		0.0271657		0.000674516
2.861		0.0271486		0.000674103
2.862		0.0271315		0.000673692
2.863		0.0271144		0.00067328
2.864		0.0270974		0.000672869
2.865		0.0270803		0.000672458
2.866		0.0270633		0.000672048
2.867		0.0270462		0.000671638
2.868		0.0270292		0.000671228
2.869		0.0270122		0.000670819
2.87		0.0269953		0.00067041
2.871		0.0269783		0.000670002
2.872		0.0269613		0.000669593
2.873		0.0269444		0.000669186
2.874		0.0269275		0.000668778
2.875		0.0269106		0.000668371
2.876		0.0268937		0.000667964
2.877		0.0268769		0.000667558
2.878		0.02686		0.000667152
2.879		0.0268432		0.000666746
2.88		0.0268263		0.000666341
2.881		0.0268095		0.000665936
2.882		0.0267927		0.000665531
2.883		0.026776		0.000665127
2.884		0.0267592		0.000664723
2.885		0.0267425		0.00066432
2.886		0.0267257		0.000663916
2.887		0.026709		0.000663514
2.888		0.0266923		0.000663111
2.889		0.0266756		0.000662709
2.89		0.026659		0.000662307
2.891		0.0266423		0.000661906
2.892		0.0266257		0.000661505
2.893		0.0266091		0.000661104
2.894		0.0265925		0.000660704
2.895		0.0265759		0.000660304
2.896		0.0265593		0.000659904
2.897		0.0265427		0.000659505
2.898		0.0265262		0.000659106
2.899		0.0265097		0.000658707
2.9		0.0264932		0.000658309
2.901		0.0264767		0.000657911
2.902		0.0264602		0.000657513
2.903		0.0264437		0.000657116
2.904		0.0264272		0.000656719
2.905		0.0264108		0.000656323
2.906		0.0263944		0.000655926
2.907		0.026378		0.00065553
2.908		0.0263616		0.000655135
2.909		0.0263452		0.00065474
2.91		0.0263288		0.000654345
2.911		0.0263125		0.000653951
2.912		0.0262961		0.000653556
2.913		0.0262798		0.000653163
2.914		0.0262635		0.000652769
2.915		0.0262472		0.000652376
2.916		0.026231		0.000651983
2.917		0.0262147		0.000651591
2.918		0.0261985		0.000651199
2.919		0.0261822		0.000650807
2.92		0.026166		0.000650416
2.921		0.0261498		0.000650025
2.922		0.0261336		0.000649634
2.923		0.0261174		0.000649244
2.924		0.0261013		0.000648854
2.925		0.0260851		0.000648464
2.926		0.026069		0.000648075
2.927		0.0260529		0.000647686
2.928		0.0260368		0.000647297
2.929		0.0260207		0.000646909
2.93		0.0260047		0.000646521
2.931		0.0259886		0.000646133
2.932		0.0259726		0.000645746
2.933		0.0259565		0.000645359
2.934		0.0259405		0.000644972
2.935		0.0259245		0.000644586
2.936		0.0259086		0.0006442
2.937		0.0258926		0.000643814
2.938		0.0258766		0.000643429
2.939		0.0258607		0.000643044
2.94		0.0258448		0.000642659
2.941		0.0258289		0.000642275
2.942		0.025813		0.000641891
2.943		0.0257971		0.000641508
2.944		0.0257812		0.000641124
2.945		0.0257654		0.000640741
2.946		0.0257495		0.000640359
2.947		0.0257337		0.000639976
2.948		0.0257179		0.000639594
2.949		0.0257021		0.000639213
2.95		0.0256863		0.000638831
2.951		0.0256706		0.00063845
2.952		0.0256548		0.00063807
2.953		0.0256391		0.000637689
2.954		0.0256233		0.000637309
2.955		0.0256076		0.00063693
2.956		0.0255919		0.00063655
2.957		0.0255763		0.000636171
2.958		0.0255606		0.000635793
2.959		0.0255449		0.000635414
2.96		0.0255293		0.000635036
2.961		0.0255137		0.000634659
2.962		0.0254981		0.000634281
2.963		0.0254825		0.000633904
2.964		0.0254669		0.000633527
2.965		0.0254513		0.000633151
2.966		0.0254358		0.000632775
2.967		0.0254202		0.000632399
2.968		0.0254047		0.000632024
2.969		0.0253892		0.000631649
2.97		0.0253737		0.000631274
2.971		0.0253582		0.000630899
2.972		0.0253427		0.000630525
2.973		0.0253273		0.000630151
2.974		0.0253118		0.000629778
2.975		0.0252964		0.000629405
2.976		0.025281		0.000629032
2.977		0.0252656		0.000628659
2.978		0.0252502		0.000628287
2.979		0.0252348		0.000627915
2.98		0.0252195		0.000627544
2.981		0.0252041		0.000627172
2.982		0.0251888		0.000626801
2.983		0.0251735		0.000626431
2.984		0.0251582		0.00062606
2.985		0.0251429		0.00062569
2.986		0.0251276		0.000625321
2.987		0.0251123		0.000624951
2.988		0.0250971		0.000624582
2.989		0.0250818		0.000624214
2.99		0.0250666		0.000623845
2.991		0.0250514		0.000623477
2.992		0.0250362		0.000623109
2.993		0.025021		0.000622742
2.994		0.0250059		0.000622375
2.995		0.0249907		0.000622008
2.996		0.0249756		0.000621641
2.997		0.0249604		0.000621275
2.998		0.0249453		0.000620909
2.999		0.0249302		0.000620544
3		0.0249151		0.000620178
