0.005		0.0374214		0
0.01		0.0837258		0
0.015		0.103695		0
0.02		0.113308		0
0.025		0.11857		0
0.03		0.120914		0
0.035		0.120734		0
0.04		0.118554		0
0.045		0.115093		0
0.05		0.111071		0
0.055		0.107083		0
0.06		0.103547		0
0.065		0.100724		0
0.07		0.0987522		0
0.075		0.0976803		0
0.08		0.097501		0
0.085		0.0981723		0
0.09		0.0996328		0
0.095		0.101812		0
0.1		0.104636		0
0.105		0.108032		0
0.11		0.111931		0
0.115		0.116266		0
0.12		0.120974		0
0.125		0.125998		0
0.13		0.131284		0
0.135		0.136782		0
0.14		0.142445		0
0.145		0.148231		0
0.15		0.1541		0
0.155		0.160016		0
0.16		0.165946		0
0.165		0.171859		0
0.17		0.17773		0
0.175		0.183532		0
0.18		0.189245		0
0.185		0.194849		0
0.19		0.200327		0
0.195		0.205665		0
0.2		0.210849		0
0.205		0.21587		0
0.21		0.220719		0
0.215		0.225388		0
0.22		0.229872		0
0.225		0.234167		0
0.23		0.23827		0
0.235		0.242179		0
0.24		0.245894		0
0.245		0.249415		0
0.25		0.252743		0
0.255		0.255879		0
0.26		0.258827		0
0.265		0.261589		0
0.27		0.264169		0
0.275		0.26657		0
0.28		0.268797		0
0.285		0.270853		0
0.29		0.272745		0
0.295		0.274475		0
0.3		0.27605		0
0.305		0.277475		0
0.31		0.278754		0
0.315		0.279892		0
0.32		0.280895		0
0.325		0.281768		0
0.33		0.282516		0
0.335		0.283143		0
0.34		0.283655		0
0.345		0.284057		0
0.35		0.284352		0
0.355		0.284547		0
0.36		0.284645		0
0.365		0.284652		0
0.37		0.28457		0
0.375		0.284404		0
0.38		0.284159		0
0.385		0.283838		0
0.39		0.283445		0
0.395		0.282984		0
0.4		0.282458		0
0.405		0.281871		0
0.41		0.281226		0
0.415		0.280526		0
0.42		0.279775		0
0.425		0.278974		0
0.43		0.278128		0
0.435		0.277238		0
0.44		0.276307		0
0.445		0.275338		0
0.45		0.274334		0
0.455		0.273296		0
0.46		0.272226		0
0.465		0.271127		0
0.47		0.270001		0
0.475		0.26885		0
0.48		0.267675		0
0.485		0.266478		0
0.49		0.265262		0
0.495		0.264026		0
0.5		0.262774		0
0.505		0.261506		0
0.51		0.260224		0
0.515		0.25893		0
0.52		0.257623		0
0.525		0.256306		0
0.53		0.25498		0
0.535		0.253646		0
0.54		0.252304		0
0.545		0.250956		0
0.55		0.249603		0
0.555		0.248246		0
0.56		0.246884		0
0.565		0.24552		0
0.57		0.244154		0
0.575		0.242786		0
0.58		0.241418		0
0.585		0.240049		0
0.59		0.238681		0
0.595		0.237314		0
0.6		0.235948		0
0.605		0.234585		0
0.61		0.233224		0
0.615		0.231866		0
0.62		0.230511		0
0.625		0.22916		0
0.63		0.227813		0
0.635		0.22647		0
0.64		0.225132		0
0.645		0.2238		0
0.65		0.222472		0
0.655		0.22115		0
0.66		0.219834		0
0.665		0.218524		0
0.67		0.21722		0
0.675		0.215923		0
0.68		0.214632		0
0.685		0.213349		0
0.69		0.212072		0
0.695		0.210802		0
0.7		0.209539		0
0.705		0.208284		0
0.71		0.207036		0
0.715		0.205796		0
0.72		0.204563		0
0.725		0.203338		0
0.73		0.202121		0
0.735		0.200911		0
0.74		0.19971		0
0.745		0.198516		0
0.75		0.197331		0
0.755		0.196153		0
0.76		0.194983		0
0.765		0.193822		0
0.77		0.192668		0
0.775		0.191523		0
0.78		0.190386		0
0.785		0.189256		0
0.79		0.188135		0
0.795		0.187022		0
0.8		0.185917		0
0.805		0.18482		0
0.81		0.183731		0
0.815		0.18265		0
0.82		0.181577		0
0.825		0.180512		0
0.83		0.179455		0
0.835		0.178406		0
0.84		0.177364		0
0.845		0.176331		0
0.85		0.175305		0
0.855		0.174287		0
0.86		0.173277		0
0.865		0.172274		0
0.87		0.171279		0
0.875		0.170291		0
0.88		0.169312		0
0.885		0.168339		0
0.89		0.167374		0
0.895		0.166417		0
0.9		0.165466		0
0.905		0.164523		0
0.91		0.163588		0
0.915		0.162659		0
0.92		0.161738		0
0.925		0.160823		0
0.93		0.159916		0
0.935		0.159015		0
0.94		0.158122		0
0.945		0.157235		0
0.95		0.156356		0
0.955		0.155483		0
0.96		0.154616		0
0.965		0.153757		0
0.97		0.152903		0
0.975		0.152057		0
0.98		0.151217		0
0.985		0.150383		0
0.99		0.149556		0
0.995		0.148735		0
1		0.14792		0
1.005		0.147112		0
1.01		0.146309		0
1.015		0.145513		0
1.02		0.144723		0
1.025		0.143938		0
1.03		0.14316		0
1.035		0.142388		0
1.04		0.141621		0
1.045		0.14086		0
1.05		0.140105		0
1.055		0.139356		0
1.06		0.138612		0
1.065		0.137874		0
1.07		0.137141		0
1.075		0.136414		0
1.08		0.135692		0
1.085		0.134976		0
1.09		0.134265		0
1.095		0.133559		0
1.1		0.132859		0
1.105		0.132163		0
1.11		0.131473		0
1.115		0.130788		0
1.12		0.130108		0
1.125		0.129433		0
1.13		0.128763		0
1.135		0.128097		0
1.14		0.127437		0
1.145		0.126782		0
1.15		0.126131		0
1.155		0.125485		0
1.16		0.124843		0
1.165		0.124207		0
1.17		0.123575		0
1.175		0.122947		0
1.18		0.122324		0
1.185		0.121705		0
1.19		0.121091		0
1.195		0.120482		0
1.2		0.119876		0
1.205		0.119275		0
1.21		0.118678		0
1.215		0.118086		0
1.22		0.117497		0
1.225		0.116913		0
1.23		0.116333		0
1.235		0.115757		0
1.24		0.115185		0
1.245		0.114618		0
1.25		0.114054		0
1.255		0.113494		0
1.26		0.112938		0
1.265		0.112385		0
1.27		0.111837		0
1.275		0.111293		0
1.28		0.110752		0
1.285		0.110215		0
1.29		0.109681		0
1.295		0.109152		0
1.3		0.108626		0
1.305		0.108103		0
1.31		0.107584		0
1.315		0.107069		0
1.32		0.106557		0
1.325		0.106049		0
1.33		0.105544		0
1.335		0.105043		0
1.34		0.104545		0
1.345		0.10405		0
1.35		0.103559		0
1.355		0.103071		0
1.36		0.102586		0
1.365		0.102104		0
1.37		0.101626		0
1.375		0.101151		0
1.38		0.100679		0
1.385		0.10021		0
1.39		0.0997446		0
1.395		0.099282		0
1.4		0.0988224		0
1.405		0.0983659		0
1.41		0.0979124		0
1.415		0.0974618		0
1.42		0.0970142		0
1.425		0.0965696		0
1.43		0.0961278		0
1.435		0.0956889		0
1.44		0.0952529		0
1.445		0.0948197		0
1.45		0.0943893		0
1.455		0.0939617		0
1.46		0.0935369		0
1.465		0.0931148		0
1.47		0.0926954		0
1.475		0.0922787		0
1.48		0.0918647		0
1.485		0.0914533		0
1.49		0.0910446		0
1.495		0.0906385		0
1.5		0.0902349		0
1.505		0.0898339		0
1.51		0.0894355		0
1.515		0.0890395		0
1.52		0.0886461		0
1.525		0.0882552		0
1.53		0.0878667		0
1.535		0.0874806		0
1.54		0.087097		0
1.545		0.0867158		0
1.55		0.0863369		0
1.555		0.0859605		0
1.56		0.0855863		0
1.565		0.0852145		0
1.57		0.084845		0
1.575		0.0844778		0
1.58		0.0841128		0
1.585		0.0837501		0
1.59		0.0833896		0
1.595		0.0830314		0
1.6		0.0826753		0
1.605		0.0823215		0
1.61		0.0819697		0
1.615		0.0816202		0
1.62		0.0812727		0
1.625		0.0809274		0
1.63		0.0805842		0
1.635		0.080243		0
1.64		0.079904		0
1.645		0.0795669		0
1.65		0.0792319		0
1.655		0.0788989		0
1.66		0.0785679		0
1.665		0.0782389		0
1.67		0.0779119		0
1.675		0.0775868		0
1.68		0.0772637		0
1.685		0.0769425		0
1.69		0.0766232		0
1.695		0.0763058		0
1.7		0.0759902		0
1.705		0.0756766		0
1.71		0.0753647		0
1.715		0.0750548		0
1.72		0.0747466		0
1.725		0.0744403		0
1.73		0.0741357		0
1.735		0.073833		0
1.74		0.073532		0
1.745		0.0732327		0
1.75		0.0729353		0
1.755		0.0726395		0
1.76		0.0723454		0
1.765		0.0720531		0
1.77		0.0717625		0
1.775		0.0714735		0
1.78		0.0711862		0
1.785		0.0709005		0
1.79		0.0706165		0
1.795		0.0703341		0
1.8		0.0700534		0
1.805		0.0697742		0
1.81		0.0694967		0
1.815		0.0692207		0
1.82		0.0689463		0
1.825		0.0686734		0
1.83		0.0684021		0
1.835		0.0681324		0
1.84		0.0678641		0
1.845		0.0675974		0
1.85		0.0673322		0
1.855		0.0670685		0
1.86		0.0668062		0
1.865		0.0665454		0
1.87		0.0662861		0
1.875		0.0660283		0
1.88		0.0657718		0
1.885		0.0655168		0
1.89		0.0652632		0
1.895		0.0650111		0
1.9		0.0647603		0
1.905		0.0645109		0
1.91		0.0642629		0
1.915		0.0640163		0
1.92		0.063771		0
1.925		0.0635271		0
1.93		0.0632845		0
1.935		0.0630432		0
1.94		0.0628033		0
1.945		0.0625647		0
1.95		0.0623274		0
1.955		0.0620913		0
1.96		0.0618566		0
1.965		0.0616231		0
1.97		0.0613909		0
1.975		0.06116		0
1.98		0.0609303		0
1.985		0.0607018		0
1.99		0.0604746		0
1.995		0.0602486		0
2		0.0600238		0
2.005		0.0598002		0
2.01		0.0595779		0
2.015		0.0593567		0
2.02		0.0591367		0
2.025		0.0589178		0
2.03		0.0587002		0
2.035		0.0584837		0
2.04		0.0582683		0
2.045		0.0580541		0
2.05		0.057841		0
2.055		0.057629		0
2.06		0.0574182		0
2.065		0.0572084		0
2.07		0.0569998		0
2.075		0.0567923		0
2.08		0.0565858		0
2.085		0.0563805		0
2.09		0.0561762		0
2.095		0.055973		0
2.1		0.0557708		0
2.105		0.0555697		0
2.11		0.0553696		0
2.115		0.0551706		0
2.12		0.0549726		0
2.125		0.0547756		0
2.13		0.0545797		0
2.135		0.0543847		0
2.14		0.0541908		0
2.145		0.0539978		0
2.15		0.0538059		0
2.155		0.0536149		0
2.16		0.0534249		0
2.165		0.0532359		0
2.17		0.0530479		0
2.175		0.0528608		0
2.18		0.0526746		0
2.185		0.0524894		0
2.19		0.0523052		0
2.195		0.0521218		0
2.2		0.0519395		0
2.205		0.051758		0
2.21		0.0515774		0
2.215		0.0513978		0
2.22		0.051219		0
2.225		0.0510412		0
2.23		0.0508642		0
2.235		0.0506882		0
2.24		0.050513		0
2.245		0.0503387		0
2.25		0.0501652		0
2.255		0.0499926		0
2.26		0.0498209		0
2.265		0.0496501		0
2.27		0.04948		0
2.275		0.0493109		0
2.28		0.0491425		0
2.285		0.048975		0
2.29		0.0488083		0
2.295		0.0486425		0
2.3		0.0484774		0
2.305		0.0483132		0
2.31		0.0481497		0
2.315		0.0479871		0
2.32		0.0478253		0
2.325		0.0476642		0
2.33		0.0475039		0
2.335		0.0473445		0
2.34		0.0471858		0
2.345		0.0470278		0
2.35		0.0468706		0
2.355		0.0467142		0
2.36		0.0465586		0
2.365		0.0464037		0
2.37		0.0462495		0
2.375		0.0460961		0
2.38		0.0459434		0
2.385		0.0457915		0
2.39		0.0456402		0
2.395		0.0454897		0
2.4		0.04534		0
2.405		0.0451909		0
2.41		0.0450426		0
2.415		0.0448949		0
2.42		0.044748		0
2.425		0.0446017		0
2.43		0.0444562		0
2.435		0.0443113		0
2.44		0.0441671		0
2.445		0.0440236		0
2.45		0.0438808		0
2.455		0.0437387		0
2.46		0.0435972		0
2.465		0.0434564		0
2.47		0.0433162		0
2.475		0.0431767		0
2.48		0.0430378		0
2.485		0.0428996		0
2.49		0.0427621		0
2.495		0.0426252		0
2.5		0.0424889		0
2.505		0.0423532		0
2.51		0.0422182		0
2.515		0.0420838		0
2.52		0.04195		0
2.525		0.0418169		0
2.53		0.0416843		0
2.535		0.0415524		0
2.54		0.0414211		0
2.545		0.0412904		0
2.55		0.0411602		0
2.555		0.0410307		0
2.56		0.0409018		0
2.565		0.0407734		0
2.57		0.0406457		0
2.575		0.0405185		0
2.58		0.0403919		0
2.585		0.0402659		0
2.59		0.0401404		0
2.595		0.0400155		0
2.6		0.0398912		0
2.605		0.0397674		0
2.61		0.0396442		0
2.615		0.0395216		0
2.62		0.0393995		0
2.625		0.039278		0
2.63		0.039157		0
2.635		0.0390365		0
2.64		0.0389166		0
2.645		0.0387972		0
2.65		0.0386784		0
2.655		0.03856		0
2.66		0.0384423		0
2.665		0.038325		0
2.67		0.0382082		0
2.675		0.038092		0
2.68		0.0379763		0
2.685		0.0378611		0
2.69		0.0377464		0
2.695		0.0376322		0
2.7		0.0375185		0
2.705		0.0374053		0
2.71		0.0372927		0
2.715		0.0371805		0
2.72		0.0370688		0
2.725		0.0369576		0
2.73		0.0368468		0
2.735		0.0367366		0
2.74		0.0366268		0
2.745		0.0365175		0
2.75		0.0364087		0
2.755		0.0363004		0
2.76		0.0361925		0
2.765		0.0360851		0
2.77		0.0359782		0
2.775		0.0358717		0
2.78		0.0357657		0
2.785		0.0356602		0
2.79		0.0355551		0
2.795		0.0354504		0
2.8		0.0353462		0
2.805		0.0352425		0
2.81		0.0351392		0
2.815		0.0350363		0
2.82		0.0349339		0
2.825		0.0348319		0
2.83		0.0347303		0
2.835		0.0346292		0
2.84		0.0345285		0
2.845		0.0344282		0
2.85		0.0343284		0
2.855		0.034229		0
2.86		0.03413		0
2.865		0.0340314		0
2.87		0.0339332		0
2.875		0.0338355		0
2.88		0.0337381		0
2.885		0.0336412		0
2.89		0.0335447		0
2.895		0.0334485		0
2.9		0.0333528		0
2.905		0.0332575		0
2.91		0.0331626		0
2.915		0.0330681		0
2.92		0.0329739		0
2.925		0.0328802		0
2.93		0.0327868		0
2.935		0.0326939		0
2.94		0.0326013		0
2.945		0.0325091		0
2.95		0.0324173		0
2.955		0.0323259		0
2.96		0.0322348		0
2.965		0.0321441		0
2.97		0.0320538		0
2.975		0.0319639		0
2.98		0.0318743		0
2.985		0.0317851		0
2.99		0.0316963		0
2.995		0.0316078		0
3		0.0315197		0
