0.001		3.24185e-08		0
0.002		0.000148259		0
0.003		0.00304076		0
0.004		0.0125955		0
0.005		0.0282543		0
0.006		0.0473353		0
0.007		0.0676945		0
0.008		0.0881238		0
0.009		0.107975		0
0.01		0.126798		0
0.011		0.144173		0
0.012		0.159707		0
0.013		0.173086		0
0.014		0.184124		0
0.015		0.192778		0
0.016		0.199135		0
0.017		0.203384		0
0.018		0.205773		0
0.019		0.206579		0
0.02		0.206081		0
0.021		0.20454		0
0.022		0.20219		0
0.023		0.199233		0
0.024		0.195837		0
0.025		0.192141		0
0.026		0.188257		0
0.027		0.184272		0
0.028		0.180255		0
0.029		0.176257		0
0.03		0.172319		0
0.031		0.168469		0
0.032		0.164728		0
0.033		0.16111		0
0.034		0.157626		0
0.035		0.154281		0
0.036		0.151078		0
0.037		0.148019		0
0.038		0.145102		0
0.039		0.142328		0
0.04		0.139693		0
0.041		0.137194		0
0.042		0.134827		0
0.043		0.132591		0
0.044		0.130479		0
0.045		0.12849		0
0.046		0.126618		0
0.047		0.12486		0
0.048		0.123212		0
0.049		0.121671		0
0.05		0.120233		0
0.051		0.118894		0
0.052		0.11765		0
0.053		0.1165		0
0.054		0.115439		0
0.055		0.114464		0
0.056		0.113572		0
0.057		0.11276		0
0.058		0.112026		0
0.059		0.111366		0
0.06		0.110778		0
0.061		0.11026		0
0.062		0.109809		0
0.063		0.109422		0
0.064		0.109098		0
0.065		0.108834		0
0.066		0.108627		0
0.067		0.108477		0
0.068		0.10838		0
0.069		0.108336		0
0.07		0.108341		0
0.071		0.108395		0
0.072		0.108495		0
0.073		0.10864		0
0.074		0.108828		0
0.075		0.109058		0
0.076		0.109328		0
0.077		0.109637		0
0.078		0.109983		0
0.079		0.110365		0
0.08		0.110781		0
0.081		0.111231		0
0.082		0.111713		0
0.083		0.112225		0
0.084		0.112768		0
0.085		0.113339		0
0.086		0.113937		0
0.087		0.114562		0
0.088		0.115213		0
0.089		0.115888		0
0.09		0.116587		0
0.091		0.117308		0
0.092		0.118052		0
0.093		0.118816		0
0.094		0.1196		0
0.095		0.120404		0
0.096		0.121226		0
0.097		0.122067		0
0.098		0.122924		0
0.099		0.123798		0
0.1		0.124687		0
0.101		0.125591		0
0.102		0.12651		0
0.103		0.127443		0
0.104		0.128388		0
0.105		0.129347		0
0.106		0.130317		0
0.107		0.131299		0
0.108		0.132291		0
0.109		0.133294		0
0.11		0.134307		0
0.111		0.135329		0
0.112		0.13636		0
0.113		0.137399		0
0.114		0.138447		0
0.115		0.139501		0
0.116		0.140563		0
0.117		0.141632		0
0.118		0.142706		0
0.119		0.143787		0
0.12		0.144872		0
0.121		0.145963		0
0.122		0.147058		0
0.123		0.148158		0
0.124		0.149261		0
0.125		0.150368		0
0.126		0.151479		0
0.127		0.152592		0
0.128		0.153707		0
0.129		0.154825		0
0.13		0.155945		0
0.131		0.157066		0
0.132		0.158189		0
0.133		0.159313		0
0.134		0.160437		0
0.135		0.161562		0
0.136		0.162688		0
0.137		0.163813		0
0.138		0.164938		0
0.139		0.166062		0
0.14		0.167186		0
0.141		0.168309		0
0.142		0.16943		0
0.143		0.17055		0
0.144		0.171669		0
0.145		0.172785		0
0.146		0.1739		0
0.147		0.175012		0
0.148		0.176121		0
0.149		0.177229		0
0.15		0.178333		0
0.151		0.179434		0
0.152		0.180532		0
0.153		0.181627		0
0.154		0.182719		0
0.155		0.183806		0
0.156		0.18489		0
0.157		0.18597		0
0.158		0.187046		0
0.159		0.188118		0
0.16		0.189185		0
0.161		0.190248		0
0.162		0.191306		0
0.163		0.19236		0
0.164		0.193408		0
0.165		0.194452		0
0.166		0.195491		0
0.167		0.196524		0
0.168		0.197552		0
0.169		0.198575		0
0.17		0.199593		0
0.171		0.200605		0
0.172		0.201611		0
0.173		0.202611		0
0.174		0.203606		0
0.175		0.204595		0
0.176		0.205578		0
0.177		0.206555		0
0.178		0.207526		0
0.179		0.208491		0
0.18		0.209449		0
0.181		0.210401		0
0.182		0.211347		0
0.183		0.212287		0
0.184		0.21322		0
0.185		0.214147		0
0.186		0.215067		0
0.187		0.215981		0
0.188		0.216888		0
0.189		0.217788		0
0.19		0.218682		0
0.191		0.219569		0
0.192		0.220449		0
0.193		0.221323		0
0.194		0.222189		0
0.195		0.223049		0
0.196		0.223903		0
0.197		0.224749		0
0.198		0.225588		0
0.199		0.226421		0
0.2		0.227247		0
0.201		0.228065		0
0.202		0.228877		0
0.203		0.229682		0
0.204		0.23048		0
0.205		0.231271		0
0.206		0.232055		0
0.207		0.232832		0
0.208		0.233602		0
0.209		0.234365		0
0.21		0.235121		0
0.211		0.23587		0
0.212		0.236613		0
0.213		0.237348		0
0.214		0.238076		0
0.215		0.238798		0
0.216		0.239512		0
0.217		0.240219		0
0.218		0.24092		0
0.219		0.241614		0
0.22		0.242301		0
0.221		0.24298		0
0.222		0.243653		0
0.223		0.24432		0
0.224		0.244979		0
0.225		0.245631		0
0.226		0.246277		0
0.227		0.246916		0
0.228		0.247548		0
0.229		0.248173		0
0.23		0.248792		0
0.231		0.249404		0
0.232		0.250009		0
0.233		0.250608		0
0.234		0.2512		0
0.235		0.251785		0
0.236		0.252364		0
0.237		0.252936		0
0.238		0.253501		0
0.239		0.25406		0
0.24		0.254613		0
0.241		0.255159		0
0.242		0.255698		0
0.243		0.256231		0
0.244		0.256758		0
0.245		0.257278		0
0.246		0.257792		0
0.247		0.2583		0
0.248		0.258801		0
0.249		0.259297		0
0.25		0.259785		0
0.251		0.260268		0
0.252		0.260745		0
0.253		0.261215		0
0.254		0.261679		0
0.255		0.262138		0
0.256		0.26259		0
0.257		0.263036		0
0.258		0.263476		0
0.259		0.26391		0
0.26		0.264339		0
0.261		0.264761		0
0.262		0.265177		0
0.263		0.265588		0
0.264		0.265993		0
0.265		0.266392		0
0.266		0.266785		0
0.267		0.267173		0
0.268		0.267555		0
0.269		0.267932		0
0.27		0.268302		0
0.271		0.268668		0
0.272		0.269027		0
0.273		0.269381		0
0.274		0.26973		0
0.275		0.270073		0
0.276		0.270411		0
0.277		0.270744		0
0.278		0.271071		0
0.279		0.271393		0
0.28		0.271709		0
0.281		0.27202		0
0.282		0.272327		0
0.283		0.272628		0
0.284		0.272923		0
0.285		0.273214		0
0.286		0.2735		0
0.287		0.27378		0
0.288		0.274056		0
0.289		0.274326		0
0.29		0.274592		0
0.291		0.274853		0
0.292		0.275109		0
0.293		0.27536		0
0.294		0.275606		0
0.295		0.275847		0
0.296		0.276084		0
0.297		0.276316		0
0.298		0.276543		0
0.299		0.276766		0
0.3		0.276984		0
0.301		0.277197		0
0.302		0.277406		0
0.303		0.27761		0
0.304		0.27781		0
0.305		0.278006		0
0.306		0.278197		0
0.307		0.278383		0
0.308		0.278566		0
0.309		0.278744		0
0.31		0.278917		0
0.311		0.279086		0
0.312		0.279252		0
0.313		0.279412		0
0.314		0.279569		0
0.315		0.279722		0
0.316		0.27987		0
0.317		0.280015		0
0.318		0.280155		0
0.319		0.280291		0
0.32		0.280424		0
0.321		0.280552		0
0.322		0.280677		0
0.323		0.280797		0
0.324		0.280914		0
0.325		0.281027		0
0.326		0.281136		0
0.327		0.281241		0
0.328		0.281342		0
0.329		0.28144		0
0.33		0.281534		0
0.331		0.281625		0
0.332		0.281712		0
0.333		0.281795		0
0.334		0.281874		0
0.335		0.28195		0
0.336		0.282023		0
0.337		0.282092		0
0.338		0.282158		0
0.339		0.28222		0
0.34		0.282279		0
0.341		0.282334		0
0.342		0.282386		0
0.343		0.282435		0
0.344		0.28248		0
0.345		0.282522		0
0.346		0.282561		0
0.347		0.282597		0
0.348		0.282629		0
0.349		0.282658		0
0.35		0.282685		0
0.351		0.282708		0
0.352		0.282728		0
0.353		0.282745		0
0.354		0.282758		0
0.355		0.282769		0
0.356		0.282777		0
0.357		0.282782		0
0.358		0.282784		0
0.359		0.282783		0
0.36		0.282779		0
0.361		0.282773		0
0.362		0.282763		0
0.363		0.282751		0
0.364		0.282736		0
0.365		0.282718		0
0.366		0.282698		0
0.367		0.282674		0
0.368		0.282648		0
0.369		0.28262		0
0.37		0.282589		0
0.371		0.282555		0
0.372		0.282518		0
0.373		0.282479		0
0.374		0.282438		0
0.375		0.282394		0
0.376		0.282347		0
0.377		0.282298		0
0.378		0.282246		0
0.379		0.282192		0
0.38		0.282136		0
0.381		0.282077		0
0.382		0.282016		0
0.383		0.281953		0
0.384		0.281887		0
0.385		0.281819		0
0.386		0.281749		0
0.387		0.281676		0
0.388		0.281601		0
0.389		0.281524		0
0.39		0.281445		0
0.391		0.281363		0
0.392		0.28128		0
0.393		0.281194		0
0.394		0.281106		0
0.395		0.281016		0
0.396		0.280924		0
0.397		0.28083		0
0.398		0.280734		0
0.399		0.280636		0
0.4		0.280536		0
0.401		0.280434		0
0.402		0.28033		0
0.403		0.280224		0
0.404		0.280116		0
0.405		0.280006		0
0.406		0.279894		0
0.407		0.279781		0
0.408		0.279666		0
0.409		0.279548		0
0.41		0.279429		0
0.411		0.279309		0
0.412		0.279186		0
0.413		0.279062		0
0.414		0.278936		0
0.415		0.278808		0
0.416		0.278678		0
0.417		0.278547		0
0.418		0.278415		0
0.419		0.27828		0
0.42		0.278144		0
0.421		0.278006		0
0.422		0.277867		0
0.423		0.277726		0
0.424		0.277584		0
0.425		0.27744		0
0.426		0.277294		0
0.427		0.277147		0
0.428		0.276999		0
0.429		0.276849		0
0.43		0.276697		0
0.431		0.276544		0
0.432		0.27639		0
0.433		0.276234		0
0.434		0.276077		0
0.435		0.275919		0
0.436		0.275759		0
0.437		0.275597		0
0.438		0.275435		0
0.439		0.275271		0
0.44		0.275106		0
0.441		0.274939		0
0.442		0.274771		0
0.443		0.274602		0
0.444		0.274432		0
0.445		0.27426		0
0.446		0.274087		0
0.447		0.273913		0
0.448		0.273738		0
0.449		0.273561		0
0.45		0.273384		0
0.451		0.273205		0
0.452		0.273025		0
0.453		0.272844		0
0.454		0.272662		0
0.455		0.272478		0
0.456		0.272294		0
0.457		0.272108		0
0.458		0.271922		0
0.459		0.271734		0
0.46		0.271546		0
0.461		0.271356		0
0.462		0.271165		0
0.463		0.270973		0
0.464		0.270781		0
0.465		0.270587		0
0.466		0.270392		0
0.467		0.270197		0
0.468		0.27		0
0.469		0.269803		0
0.47		0.269604		0
0.471		0.269405		0
0.472		0.269205		0
0.473		0.269004		0
0.474		0.268802		0
0.475		0.268599		0
0.476		0.268395		0
0.477		0.268191		0
0.478		0.267985		0
0.479		0.267779		0
0.48		0.267572		0
0.481		0.267364		0
0.482		0.267156		0
0.483		0.266946		0
0.484		0.266736		0
0.485		0.266525		0
0.486		0.266313		0
0.487		0.266101		0
0.488		0.265888		0
0.489		0.265674		0
0.49		0.26546		0
0.491		0.265244		0
0.492		0.265028		0
0.493		0.264812		0
0.494		0.264594		0
0.495		0.264376		0
0.496		0.264158		0
0.497		0.263939		0
0.498		0.263719		0
0.499		0.263498		0
0.5		0.263277		0
0.501		0.263055		0
0.502		0.262833		0
0.503		0.26261		0
0.504		0.262386		0
0.505		0.262162		0
0.506		0.261938		0
0.507		0.261713		0
0.508		0.261487		0
0.509		0.261261		0
0.51		0.261034		0
0.511		0.260806		0
0.512		0.260579		0
0.513		0.26035		0
0.514		0.260121		0
0.515		0.259892		0
0.516		0.259662		0
0.517		0.259432		0
0.518		0.259201		0
0.519		0.25897		0
0.52		0.258738		0
0.521		0.258506		0
0.522		0.258274		0
0.523		0.258041		0
0.524		0.257807		0
0.525		0.257574		0
0.526		0.257339		0
0.527		0.257105		0
0.528		0.25687		0
0.529		0.256635		0
0.53		0.256399		0
0.531		0.256163		0
0.532		0.255926		0
0.533		0.255689		0
0.534		0.255452		0
0.535		0.255215		0
0.536		0.254977		0
0.537		0.254739		0
0.538		0.2545		0
0.539		0.254261		0
0.54		0.254022		0
0.541		0.253783		0
0.542		0.253543		0
0.543		0.253303		0
0.544		0.253062		0
0.545		0.252822		0
0.546		0.252581		0
0.547		0.25234		0
0.548		0.252098		0
0.549		0.251857		0
0.55		0.251615		0
0.551		0.251373		0
0.552		0.25113		0
0.553		0.250887		0
0.554		0.250645		0
0.555		0.250401		0
0.556		0.250158		0
0.557		0.249915		0
0.558		0.249671		0
0.559		0.249427		0
0.56		0.249183		0
0.561		0.248938		0
0.562		0.248694		0
0.563		0.248449		0
0.564		0.248204		0
0.565		0.247959		0
0.566		0.247714		0
0.567		0.247469		0
0.568		0.247223		0
0.569		0.246977		0
0.57		0.246732		0
0.571		0.246486		0
0.572		0.24624		0
0.573		0.245993		0
0.574		0.245747		0
0.575		0.245501		0
0.576		0.245254		0
0.577		0.245007		0
0.578		0.24476		0
0.579		0.244513		0
0.58		0.244266		0
0.581		0.244019		0
0.582		0.243772		0
0.583		0.243525		0
0.584		0.243277		0
0.585		0.24303		0
0.586		0.242782		0
0.587		0.242535		0
0.588		0.242287		0
0.589		0.242039		0
0.59		0.241791		0
0.591		0.241543		0
0.592		0.241296		0
0.593		0.241048		0
0.594		0.2408		0
0.595		0.240551		0
0.596		0.240303		0
0.597		0.240055		0
0.598		0.239807		0
0.599		0.239559		0
0.6		0.239311		0
0.601		0.239062		0
0.602		0.238814		0
0.603		0.238566		0
0.604		0.238318		0
0.605		0.238069		0
0.606		0.237821		0
0.607		0.237573		0
0.608		0.237324		0
0.609		0.237076		0
0.61		0.236828		0
0.611		0.23658		0
0.612		0.236331		0
0.613		0.236083		0
0.614		0.235835		0
0.615		0.235587		0
0.616		0.235339		0
0.617		0.235091		0
0.618		0.234843		0
0.619		0.234594		0
0.62		0.234347		0
0.621		0.234099		0
0.622		0.233851		0
0.623		0.233603		0
0.624		0.233355		0
0.625		0.233107		0
0.626		0.23286		0
0.627		0.232612		0
0.628		0.232364		0
0.629		0.232117		0
0.63		0.231869		0
0.631		0.231622		0
0.632		0.231375		0
0.633		0.231128		0
0.634		0.23088		0
0.635		0.230633		0
0.636		0.230386		0
0.637		0.230139		0
0.638		0.229893		0
0.639		0.229646		0
0.64		0.229399		0
0.641		0.229153		0
0.642		0.228906		0
0.643		0.22866		0
0.644		0.228414		0
0.645		0.228168		0
0.646		0.227922		0
0.647		0.227676		0
0.648		0.22743		0
0.649		0.227184		0
0.65		0.226939		0
0.651		0.226693		0
0.652		0.226448		0
0.653		0.226203		0
0.654		0.225957		0
0.655		0.225712		0
0.656		0.225468		0
0.657		0.225223		0
0.658		0.224978		0
0.659		0.224734		0
0.66		0.224489		0
0.661		0.224245		0
0.662		0.224001		0
0.663		0.223757		0
0.664		0.223513		0
0.665		0.22327		0
0.666		0.223026		0
0.667		0.222783		0
0.668		0.22254		0
0.669		0.222297		0
0.67		0.222054		0
0.671		0.221811		0
0.672		0.221568		0
0.673		0.221326		0
0.674		0.221084		0
0.675		0.220841		0
0.676		0.2206		0
0.677		0.220358		0
0.678		0.220116		0
0.679		0.219875		0
0.68		0.219633		0
0.681		0.219392		0
0.682		0.219151		0
0.683		0.21891		0
0.684		0.21867		0
0.685		0.218429		0
0.686		0.218189		0
0.687		0.217949		0
0.688		0.217709		0
0.689		0.217469		0
0.69		0.217229		0
0.691		0.21699		0
0.692		0.216751		0
0.693		0.216512		0
0.694		0.216273		0
0.695		0.216034		0
0.696		0.215796		0
0.697		0.215557		0
0.698		0.215319		0
0.699		0.215081		0
0.7		0.214844		0
0.701		0.214606		0
0.702		0.214369		0
0.703		0.214132		0
0.704		0.213895		0
0.705		0.213658		0
0.706		0.213421		0
0.707		0.213185		0
0.708		0.212949		0
0.709		0.212713		0
0.71		0.212477		0
0.711		0.212242		0
0.712		0.212006		0
0.713		0.211771		0
0.714		0.211536		0
0.715		0.211301		0
0.716		0.211067		0
0.717		0.210833		0
0.718		0.210598		0
0.719		0.210365		0
0.72		0.210131		0
0.721		0.209897		0
0.722		0.209664		0
0.723		0.209431		0
0.724		0.209198		0
0.725		0.208966		0
0.726		0.208733		0
0.727		0.208501		0
0.728		0.208269		0
0.729		0.208037		0
0.73		0.207806		0
0.731		0.207575		0
0.732		0.207343		0
0.733		0.207113		0
0.734		0.206882		0
0.735		0.206651		0
0.736		0.206421		0
0.737		0.206191		0
0.738		0.205962		0
0.739		0.205732		0
0.74		0.205503		0
0.741		0.205274		0
0.742		0.205045		0
0.743		0.204816		0
0.744		0.204588		0
0.745		0.20436		0
0.746		0.204132		0
0.747		0.203904		0
0.748		0.203676		0
0.749		0.203449		0
0.75		0.203222		0
0.751		0.202995		0
0.752		0.202769		0
0.753		0.202543		0
0.754		0.202316		0
0.755		0.202091		0
0.756		0.201865		0
0.757		0.20164		0
0.758		0.201414		0
0.759		0.20119		0
0.76		0.200965		0
0.761		0.20074		0
0.762		0.200516		0
0.763		0.200292		0
0.764		0.200069		0
0.765		0.199845		0
0.766		0.199622		0
0.767		0.199399		0
0.768		0.199176		0
0.769		0.198953		0
0.77		0.198731		0
0.771		0.198509		0
0.772		0.198287		0
0.773		0.198066		0
0.774		0.197844		0
0.775		0.197623		0
0.776		0.197403		0
0.777		0.197182		0
0.778		0.196962		0
0.779		0.196741		0
0.78		0.196522		0
0.781		0.196302		0
0.782		0.196083		0
0.783		0.195863		0
0.784		0.195645		0
0.785		0.195426		0
0.786		0.195208		0
0.787		0.194989		0
0.788		0.194771		0
0.789		0.194554		0
0.79		0.194336		0
0.791		0.194119		0
0.792		0.193902		0
0.793		0.193686		0
0.794		0.193469		0
0.795		0.193253		0
0.796		0.193037		0
0.797		0.192821		0
0.798		0.192606		0
0.799		0.192391		0
0.8		0.192176		0
0.801		0.191961		0
0.802		0.191747		0
0.803		0.191533		0
0.804		0.191319		0
0.805		0.191105		0
0.806		0.190891		0
0.807		0.190678		0
0.808		0.190465		0
0.809		0.190253		0
0.81		0.19004		0
0.811		0.189828		0
0.812		0.189616		0
0.813		0.189404		0
0.814		0.189193		0
0.815		0.188982		0
0.816		0.188771		0
0.817		0.18856		0
0.818		0.18835		0
0.819		0.188139		0
0.82		0.18793		0
0.821		0.18772		0
0.822		0.18751		0
0.823		0.187301		0
0.824		0.187092		0
0.825		0.186884		0
0.826		0.186675		0
0.827		0.186467		0
0.828		0.186259		0
0.829		0.186051		0
0.83		0.185844		0
0.831		0.185637		0
0.832		0.18543		0
0.833		0.185223		0
0.834		0.185017		0
0.835		0.184811		0
0.836		0.184605		0
0.837		0.184399		0
0.838		0.184194		0
0.839		0.183988		0
0.84		0.183783		0
0.841		0.183579		0
0.842		0.183374		0
0.843		0.18317		0
0.844		0.182966		0
0.845		0.182763		0
0.846		0.182559		0
0.847		0.182356		0
0.848		0.182153		0
0.849		0.181951		0
0.85		0.181748		0
0.851		0.181546		0
0.852		0.181344		0
0.853		0.181142		0
0.854		0.180941		0
0.855		0.18074		0
0.856		0.180539		0
0.857		0.180338		0
0.858		0.180138		0
0.859		0.179938		0
0.86		0.179738		0
0.861		0.179538		0
0.862		0.179339		0
0.863		0.17914		0
0.864		0.178941		0
0.865		0.178742		0
0.866		0.178544		0
0.867		0.178346		0
0.868		0.178148		0
0.869		0.17795		0
0.87		0.177753		0
0.871		0.177556		0
0.872		0.177359		0
0.873		0.177162		0
0.874		0.176966		0
0.875		0.17677		0
0.876		0.176574		0
0.877		0.176378		0
0.878		0.176183		0
0.879		0.175988		0
0.88		0.175793		0
0.881		0.175598		0
0.882		0.175404		0
0.883		0.175209		0
0.884		0.175016		0
0.885		0.174822		0
0.886		0.174629		0
0.887		0.174435		0
0.888		0.174242		0
0.889		0.17405		0
0.89		0.173857		0
0.891		0.173665		0
0.892		0.173473		0
0.893		0.173282		0
0.894		0.17309		0
0.895		0.172899		0
0.896		0.172708		0
0.897		0.172517		0
0.898		0.172327		0
0.899		0.172137		0
0.9		0.171947		0
0.901		0.171757		0
0.902		0.171568		0
0.903		0.171378		0
0.904		0.171189		0
0.905		0.171001		0
0.906		0.170812		0
0.907		0.170624		0
0.908		0.170436		0
0.909		0.170248		0
0.91		0.170061		0
0.911		0.169874		0
0.912		0.169687		0
0.913		0.1695		0
0.914		0.169313		0
0.915		0.169127		0
0.916		0.168941		0
0.917		0.168755		0
0.918		0.16857		0
0.919		0.168384		0
0.92		0.168199		0
0.921		0.168014		0
0.922		0.16783		0
0.923		0.167645		0
0.924		0.167461		0
0.925		0.167278		0
0.926		0.167094		0
0.927		0.166911		0
0.928		0.166727		0
0.929		0.166545		0
0.93		0.166362		0
0.931		0.166179		0
0.932		0.165997		0
0.933		0.165815		0
0.934		0.165634		0
0.935		0.165452		0
0.936		0.165271		0
0.937		0.16509		0
0.938		0.164909		0
0.939		0.164729		0
0.94		0.164548		0
0.941		0.164368		0
0.942		0.164189		0
0.943		0.164009		0
0.944		0.16383		0
0.945		0.163651		0
0.946		0.163472		0
0.947		0.163293		0
0.948		0.163115		0
0.949		0.162937		0
0.95		0.162759		0
0.951		0.162581		0
0.952		0.162404		0
0.953		0.162227		0
0.954		0.16205		0
0.955		0.161873		0
0.956		0.161696		0
0.957		0.16152		0
0.958		0.161344		0
0.959		0.161168		0
0.96		0.160993		0
0.961		0.160818		0
0.962		0.160643		0
0.963		0.160468		0
0.964		0.160293		0
0.965		0.160119		0
0.966		0.159945		0
0.967		0.159771		0
0.968		0.159597		0
0.969		0.159423		0
0.97		0.15925		0
0.971		0.159077		0
0.972		0.158904		0
0.973		0.158732		0
0.974		0.15856		0
0.975		0.158388		0
0.976		0.158216		0
0.977		0.158044		0
0.978		0.157873		0
0.979		0.157702		0
0.98		0.157531		0
0.981		0.15736		0
0.982		0.157189		0
0.983		0.157019		0
0.984		0.156849		0
0.985		0.156679		0
0.986		0.15651		0
0.987		0.156341		0
0.988		0.156171		0
0.989		0.156003		0
0.99		0.155834		0
0.991		0.155665		0
0.992		0.155497		0
0.993		0.155329		0
0.994		0.155162		0
0.995		0.154994		0
0.996		0.154827		0
0.997		0.15466		0
0.998		0.154493		0
0.999		0.154326		0
1		0.15416		0
1.001		0.153994		0
1.002		0.153828		0
1.003		0.153662		0
1.004		0.153496		0
1.005		0.153331		0
1.006		0.153166		0
1.007		0.153001		0
1.008		0.152837		0
1.009		0.152672		0
1.01		0.152508		0
1.011		0.152344		0
1.012		0.15218		0
1.013		0.152017		0
1.014		0.151853		0
1.015		0.15169		0
1.016		0.151527		0
1.017		0.151365		0
1.018		0.151202		0
1.019		0.15104		0
1.02		0.150878		0
1.021		0.150716		0
1.022		0.150555		0
1.023		0.150393		0
1.024		0.150232		0
1.025		0.150071		0
1.026		0.149911		0
1.027		0.14975		0
1.028		0.14959		0
1.029		0.14943		0
1.03		0.14927		0
1.031		0.149111		0
1.032		0.148951		0
1.033		0.148792		0
1.034		0.148633		0
1.035		0.148474		0
1.036		0.148316		0
1.037		0.148157		0
1.038		0.147999		0
1.039		0.147841		0
1.04		0.147684		0
1.041		0.147526		0
1.042		0.147369		0
1.043		0.147212		0
1.044		0.147055		0
1.045		0.146898		0
1.046		0.146742		0
1.047		0.146586		0
1.048		0.14643		0
1.049		0.146274		0
1.05		0.146118		0
1.051		0.145963		0
1.052		0.145808		0
1.053		0.145653		0
1.054		0.145498		0
1.055		0.145344		0
1.056		0.145189		0
1.057		0.145035		0
1.058		0.144881		0
1.059		0.144728		0
1.06		0.144574		0
1.061		0.144421		0
1.062		0.144268		0
1.063		0.144115		0
1.064		0.143962		0
1.065		0.14381		0
1.066		0.143658		0
1.067		0.143506		0
1.068		0.143354		0
1.069		0.143202		0
1.07		0.143051		0
1.071		0.1429		0
1.072		0.142749		0
1.073		0.142598		0
1.074		0.142447		0
1.075		0.142297		0
1.076		0.142146		0
1.077		0.141996		0
1.078		0.141847		0
1.079		0.141697		0
1.08		0.141548		0
1.081		0.141398		0
1.082		0.141249		0
1.083		0.141101		0
1.084		0.140952		0
1.085		0.140804		0
1.086		0.140656		0
1.087		0.140508		0
1.088		0.14036		0
1.089		0.140212		0
1.09		0.140065		0
1.091		0.139918		0
1.092		0.139771		0
1.093		0.139624		0
1.094		0.139477		0
1.095		0.139331		0
1.096		0.139185		0
1.097		0.139039		0
1.098		0.138893		0
1.099		0.138747		0
1.1		0.138602		0
1.101		0.138457		0
1.102		0.138311		0
1.103		0.138167		0
1.104		0.138022		0
1.105		0.137878		0
1.106		0.137733		0
1.107		0.137589		0
1.108		0.137445		0
1.109		0.137302		0
1.11		0.137158		0
1.111		0.137015		0
1.112		0.136872		0
1.113		0.136729		0
1.114		0.136586		0
1.115		0.136444		0
1.116		0.136302		0
1.117		0.136159		0
1.118		0.136018		0
1.119		0.135876		0
1.12		0.135734		0
1.121		0.135593		0
1.122		0.135452		0
1.123		0.135311		0
1.124		0.13517		0
1.125		0.135029		0
1.126		0.134889		0
1.127		0.134749		0
1.128		0.134609		0
1.129		0.134469		0
1.13		0.134329		0
1.131		0.13419		0
1.132		0.13405		0
1.133		0.133911		0
1.134		0.133773		0
1.135		0.133634		0
1.136		0.133495		0
1.137		0.133357		0
1.138		0.133219		0
1.139		0.133081		0
1.14		0.132943		0
1.141		0.132805		0
1.142		0.132668		0
1.143		0.132531		0
1.144		0.132394		0
1.145		0.132257		0
1.146		0.13212		0
1.147		0.131984		0
1.148		0.131847		0
1.149		0.131711		0
1.15		0.131575		0
1.151		0.13144		0
1.152		0.131304		0
1.153		0.131169		0
1.154		0.131033		0
1.155		0.130898		0
1.156		0.130764		0
1.157		0.130629		0
1.158		0.130494		0
1.159		0.13036		0
1.16		0.130226		0
1.161		0.130092		0
1.162		0.129958		0
1.163		0.129825		0
1.164		0.129691		0
1.165		0.129558		0
1.166		0.129425		0
1.167		0.129292		0
1.168		0.129159		0
1.169		0.129027		0
1.17		0.128895		0
1.171		0.128762		0
1.172		0.128631		0
1.173		0.128499		0
1.174		0.128367		0
1.175		0.128236		0
1.176		0.128104		0
1.177		0.127973		0
1.178		0.127842		0
1.179		0.127712		0
1.18		0.127581		0
1.181		0.127451		0
1.182		0.12732		0
1.183		0.12719		0
1.184		0.127061		0
1.185		0.126931		0
1.186		0.126801		0
1.187		0.126672		0
1.188		0.126543		0
1.189		0.126414		0
1.19		0.126285		0
1.191		0.126156		0
1.192		0.126028		0
1.193		0.125899		0
1.194		0.125771		0
1.195		0.125643		0
1.196		0.125516		0
1.197		0.125388		0
1.198		0.12526		0
1.199		0.125133		0
1.2		0.125006		0
1.201		0.124879		0
1.202		0.124752		0
1.203		0.124626		0
1.204		0.124499		0
1.205		0.124373		0
1.206		0.124247		0
1.207		0.124121		0
1.208		0.123995		0
1.209		0.12387		0
1.21		0.123744		0
1.211		0.123619		0
1.212		0.123494		0
1.213		0.123369		0
1.214		0.123244		0
1.215		0.12312		0
1.216		0.122995		0
1.217		0.122871		0
1.218		0.122747		0
1.219		0.122623		0
1.22		0.122499		0
1.221		0.122375		0
1.222		0.122252		0
1.223		0.122129		0
1.224		0.122006		0
1.225		0.121883		0
1.226		0.12176		0
1.227		0.121637		0
1.228		0.121515		0
1.229		0.121393		0
1.23		0.12127		0
1.231		0.121148		0
1.232		0.121027		0
1.233		0.120905		0
1.234		0.120784		0
1.235		0.120662		0
1.236		0.120541		0
1.237		0.12042		0
1.238		0.120299		0
1.239		0.120179		0
1.24		0.120058		0
1.241		0.119938		0
1.242		0.119818		0
1.243		0.119697		0
1.244		0.119578		0
1.245		0.119458		0
1.246		0.119338		0
1.247		0.119219		0
1.248		0.1191		0
1.249		0.118981		0
1.25		0.118862		0
1.251		0.118743		0
1.252		0.118624		0
1.253		0.118506		0
1.254		0.118388		0
1.255		0.118269		0
1.256		0.118151		0
1.257		0.118034		0
1.258		0.117916		0
1.259		0.117798		0
1.26		0.117681		0
1.261		0.117564		0
1.262		0.117447		0
1.263		0.11733		0
1.264		0.117213		0
1.265		0.117097		0
1.266		0.11698		0
1.267		0.116864		0
1.268		0.116748		0
1.269		0.116632		0
1.27		0.116516		0
1.271		0.1164		0
1.272		0.116285		0
1.273		0.11617		0
1.274		0.116054		0
1.275		0.115939		0
1.276		0.115824		0
1.277		0.11571		0
1.278		0.115595		0
1.279		0.115481		0
1.28		0.115366		0
1.281		0.115252		0
1.282		0.115138		0
1.283		0.115024		0
1.284		0.114911		0
1.285		0.114797		0
1.286		0.114684		0
1.287		0.114571		0
1.288		0.114457		0
1.289		0.114344		0
1.29		0.114232		0
1.291		0.114119		0
1.292		0.114007		0
1.293		0.113894		0
1.294		0.113782		0
1.295		0.11367		0
1.296		0.113558		0
1.297		0.113446		0
1.298		0.113335		0
1.299		0.113223		0
1.3		0.113112		0
1.301		0.113001		0
1.302		0.11289		0
1.303		0.112779		0
1.304		0.112668		0
1.305		0.112558		0
1.306		0.112447		0
1.307		0.112337		0
1.308		0.112227		0
1.309		0.112117		0
1.31		0.112007		0
1.311		0.111897		0
1.312		0.111787		0
1.313		0.111678		0
1.314		0.111569		0
1.315		0.11146		0
1.316		0.111351		0
1.317		0.111242		0
1.318		0.111133		0
1.319		0.111024		0
1.32		0.110916		0
1.321		0.110808		0
1.322		0.1107		0
1.323		0.110592		0
1.324		0.110484		0
1.325		0.110376		0
1.326		0.110268		0
1.327		0.110161		0
1.328		0.110054		0
1.329		0.109947		0
1.33		0.109839		0
1.331		0.109733		0
1.332		0.109626		0
1.333		0.109519		0
1.334		0.109413		0
1.335		0.109306		0
1.336		0.1092		0
1.337		0.109094		0
1.338		0.108988		0
1.339		0.108883		0
1.34		0.108777		0
1.341		0.108671		0
1.342		0.108566		0
1.343		0.108461		0
1.344		0.108356		0
1.345		0.108251		0
1.346		0.108146		0
1.347		0.108041		0
1.348		0.107937		0
1.349		0.107832		0
1.35		0.107728		0
1.351		0.107624		0
1.352		0.10752		0
1.353		0.107416		0
1.354		0.107312		0
1.355		0.107209		0
1.356		0.107105		0
1.357		0.107002		0
1.358		0.106899		0
1.359		0.106796		0
1.36		0.106693		0
1.361		0.10659		0
1.362		0.106488		0
1.363		0.106385		0
1.364		0.106283		0
1.365		0.10618		0
1.366		0.106078		0
1.367		0.105976		0
1.368		0.105874		0
1.369		0.105773		0
1.37		0.105671		0
1.371		0.10557		0
1.372		0.105468		0
1.373		0.105367		0
1.374		0.105266		0
1.375		0.105165		0
1.376		0.105064		0
1.377		0.104964		0
1.378		0.104863		0
1.379		0.104763		0
1.38		0.104663		0
1.381		0.104562		0
1.382		0.104462		0
1.383		0.104362		0
1.384		0.104263		0
1.385		0.104163		0
1.386		0.104064		0
1.387		0.103964		0
1.388		0.103865		0
1.389		0.103766		0
1.39		0.103667		0
1.391		0.103568		0
1.392		0.103469		0
1.393		0.103371		0
1.394		0.103272		0
1.395		0.103174		0
1.396		0.103076		0
1.397		0.102977		0
1.398		0.10288		0
1.399		0.102782		0
1.4		0.102684		0
1.401		0.102586		0
1.402		0.102489		0
1.403		0.102392		0
1.404		0.102294		0
1.405		0.102197		0
1.406		0.1021		0
1.407		0.102003		0
1.408		0.101907		0
1.409		0.10181		0
1.41		0.101714		0
1.411		0.101617		0
1.412		0.101521		0
1.413		0.101425		0
1.414		0.101329		0
1.415		0.101233		0
1.416		0.101137		0
1.417		0.101042		0
1.418		0.100946		0
1.419		0.100851		0
1.42		0.100756		0
1.421		0.100661		0
1.422		0.100566		0
1.423		0.100471		0
1.424		0.100376		0
1.425		0.100281		0
1.426		0.100187		0
1.427		0.100092		0
1.428		0.0999982		0
1.429		0.099904		0
1.43		0.09981		0
1.431		0.0997161		0
1.432		0.0996223		0
1.433		0.0995286		0
1.434		0.0994351		0
1.435		0.0993416		0
1.436		0.0992483		0
1.437		0.0991551		0
1.438		0.0990621		0
1.439		0.0989691		0
1.44		0.0988763		0
1.441		0.0987836		0
1.442		0.098691		0
1.443		0.0985985		0
1.444		0.0985061		0
1.445		0.0984139		0
1.446		0.0983218		0
1.447		0.0982298		0
1.448		0.0981379		0
1.449		0.0980461		0
1.45		0.0979545		0
1.451		0.0978629		0
1.452		0.0977715		0
1.453		0.0976802		0
1.454		0.097589		0
1.455		0.0974979		0
1.456		0.097407		0
1.457		0.0973161		0
1.458		0.0972254		0
1.459		0.0971348		0
1.46		0.0970443		0
1.461		0.0969539		0
1.462		0.0968636		0
1.463		0.0967735		0
1.464		0.0966834		0
1.465		0.0965935		0
1.466		0.0965037		0
1.467		0.096414		0
1.468		0.0963244		0
1.469		0.096235		0
1.47		0.0961456		0
1.471		0.0960564		0
1.472		0.0959672		0
1.473		0.0958782		0
1.474		0.0957893		0
1.475		0.0957005		0
1.476		0.0956119		0
1.477		0.0955233		0
1.478		0.0954348		0
1.479		0.0953465		0
1.48		0.0952583		0
1.481		0.0951701		0
1.482		0.0950821		0
1.483		0.0949942		0
1.484		0.0949065		0
1.485		0.0948188		0
1.486		0.0947312		0
1.487		0.0946438		0
1.488		0.0945564		0
1.489		0.0944692		0
1.49		0.0943821		0
1.491		0.0942951		0
1.492		0.0942081		0
1.493		0.0941214		0
1.494		0.0940347		0
1.495		0.0939481		0
1.496		0.0938616		0
1.497		0.0937753		0
1.498		0.093689		0
1.499		0.0936029		0
1.5		0.0935169		0
1.501		0.0934309		0
1.502		0.0933451		0
1.503		0.0932594		0
1.504		0.0931738		0
1.505		0.0930883		0
1.506		0.0930029		0
1.507		0.0929177		0
1.508		0.0928325		0
1.509		0.0927474		0
1.51		0.0926625		0
1.511		0.0925776		0
1.512		0.0924929		0
1.513		0.0924082		0
1.514		0.0923237		0
1.515		0.0922393		0
1.516		0.092155		0
1.517		0.0920708		0
1.518		0.0919866		0
1.519		0.0919026		0
1.52		0.0918187		0
1.521		0.091735		0
1.522		0.0916513		0
1.523		0.0915677		0
1.524		0.0914842		0
1.525		0.0914008		0
1.526		0.0913176		0
1.527		0.0912344		0
1.528		0.0911513		0
1.529		0.0910684		0
1.53		0.0909855		0
1.531		0.0909028		0
1.532		0.0908201		0
1.533		0.0907376		0
1.534		0.0906551		0
1.535		0.0905728		0
1.536		0.0904906		0
1.537		0.0904084		0
1.538		0.0903264		0
1.539		0.0902445		0
1.54		0.0901626		0
1.541		0.0900809		0
1.542		0.0899993		0
1.543		0.0899178		0
1.544		0.0898364		0
1.545		0.089755		0
1.546		0.0896738		0
1.547		0.0895927		0
1.548		0.0895117		0
1.549		0.0894308		0
1.55		0.08935		0
1.551		0.0892693		0
1.552		0.0891886		0
1.553		0.0891081		0
1.554		0.0890277		0
1.555		0.0889474		0
1.556		0.0888672		0
1.557		0.0887871		0
1.558		0.0887071		0
1.559		0.0886271		0
1.56		0.0885473		0
1.561		0.0884676		0
1.562		0.088388		0
1.563		0.0883085		0
1.564		0.0882291		0
1.565		0.0881497		0
1.566		0.0880705		0
1.567		0.0879914		0
1.568		0.0879124		0
1.569		0.0878334		0
1.57		0.0877546		0
1.571		0.0876759		0
1.572		0.0875972		0
1.573		0.0875187		0
1.574		0.0874402		0
1.575		0.0873619		0
1.576		0.0872836		0
1.577		0.0872055		0
1.578		0.0871274		0
1.579		0.0870495		0
1.58		0.0869716		0
1.581		0.0868938		0
1.582		0.0868161		0
1.583		0.0867386		0
1.584		0.0866611		0
1.585		0.0865837		0
1.586		0.0865064		0
1.587		0.0864292		0
1.588		0.0863521		0
1.589		0.0862751		0
1.59		0.0861982		0
1.591		0.0861214		0
1.592		0.0860447		0
1.593		0.085968		0
1.594		0.0858915		0
1.595		0.0858151		0
1.596		0.0857387		0
1.597		0.0856625		0
1.598		0.0855863		0
1.599		0.0855102		0
1.6		0.0854343		0
1.601		0.0853584		0
1.602		0.0852826		0
1.603		0.0852069		0
1.604		0.0851313		0
1.605		0.0850558		0
1.606		0.0849804		0
1.607		0.0849051		0
1.608		0.0848298		0
1.609		0.0847547		0
1.61		0.0846796		0
1.611		0.0846047		0
1.612		0.0845298		0
1.613		0.0844551		0
1.614		0.0843804		0
1.615		0.0843058		0
1.616		0.0842313		0
1.617		0.0841569		0
1.618		0.0840826		0
1.619		0.0840084		0
1.62		0.0839342		0
1.621		0.0838602		0
1.622		0.0837862		0
1.623		0.0837124		0
1.624		0.0836386		0
1.625		0.0835649		0
1.626		0.0834913		0
1.627		0.0834178		0
1.628		0.0833444		0
1.629		0.0832711		0
1.63		0.0831978		0
1.631		0.0831247		0
1.632		0.0830516		0
1.633		0.0829787		0
1.634		0.0829058		0
1.635		0.082833		0
1.636		0.0827603		0
1.637		0.0826877		0
1.638		0.0826152		0
1.639		0.0825427		0
1.64		0.0824704		0
1.641		0.0823981		0
1.642		0.0823259		0
1.643		0.0822539		0
1.644		0.0821819		0
1.645		0.0821099		0
1.646		0.0820381		0
1.647		0.0819664		0
1.648		0.0818947		0
1.649		0.0818232		0
1.65		0.0817517		0
1.651		0.0816803		0
1.652		0.081609		0
1.653		0.0815378		0
1.654		0.0814667		0
1.655		0.0813956		0
1.656		0.0813247		0
1.657		0.0812538		0
1.658		0.081183		0
1.659		0.0811123		0
1.66		0.0810417		0
1.661		0.0809711		0
1.662		0.0809007		0
1.663		0.0808303		0
1.664		0.0807601		0
1.665		0.0806899		0
1.666		0.0806198		0
1.667		0.0805497		0
1.668		0.0804798		0
1.669		0.08041		0
1.67		0.0803402		0
1.671		0.0802705		0
1.672		0.0802009		0
1.673		0.0801314		0
1.674		0.080062		0
1.675		0.0799926		0
1.676		0.0799233		0
1.677		0.0798542		0
1.678		0.0797851		0
1.679		0.079716		0
1.68		0.0796471		0
1.681		0.0795783		0
1.682		0.0795095		0
1.683		0.0794408		0
1.684		0.0793722		0
1.685		0.0793037		0
1.686		0.0792352		0
1.687		0.0791669		0
1.688		0.0790986		0
1.689		0.0790304		0
1.69		0.0789623		0
1.691		0.0788943		0
1.692		0.0788263		0
1.693		0.0787585		0
1.694		0.0786907		0
1.695		0.078623		0
1.696		0.0785553		0
1.697		0.0784878		0
1.698		0.0784203		0
1.699		0.078353		0
1.7		0.0782857		0
1.701		0.0782184		0
1.702		0.0781513		0
1.703		0.0780842		0
1.704		0.0780173		0
1.705		0.0779504		0
1.706		0.0778836		0
1.707		0.0778168		0
1.708		0.0777502		0
1.709		0.0776836		0
1.71		0.0776171		0
1.711		0.0775507		0
1.712		0.0774843		0
1.713		0.077418		0
1.714		0.0773519		0
1.715		0.0772858		0
1.716		0.0772197		0
1.717		0.0771538		0
1.718		0.0770879		0
1.719		0.0770221		0
1.72		0.0769564		0
1.721		0.0768908		0
1.722		0.0768252		0
1.723		0.0767597		0
1.724		0.0766943		0
1.725		0.076629		0
1.726		0.0765638		0
1.727		0.0764986		0
1.728		0.0764335		0
1.729		0.0763685		0
1.73		0.0763036		0
1.731		0.0762387		0
1.732		0.0761739		0
1.733		0.0761092		0
1.734		0.0760446		0
1.735		0.07598		0
1.736		0.0759155		0
1.737		0.0758511		0
1.738		0.0757868		0
1.739		0.0757226		0
1.74		0.0756584		0
1.741		0.0755943		0
1.742		0.0755303		0
1.743		0.0754663		0
1.744		0.0754025		0
1.745		0.0753387		0
1.746		0.075275		0
1.747		0.0752113		0
1.748		0.0751477		0
1.749		0.0750843		0
1.75		0.0750208		0
1.751		0.0749575		0
1.752		0.0748942		0
1.753		0.074831		0
1.754		0.0747679		0
1.755		0.0747049		0
1.756		0.0746419		0
1.757		0.074579		0
1.758		0.0745162		0
1.759		0.0744534		0
1.76		0.0743908		0
1.761		0.0743282		0
1.762		0.0742656		0
1.763		0.0742032		0
1.764		0.0741408		0
1.765		0.0740785		0
1.766		0.0740163		0
1.767		0.0739541		0
1.768		0.073892		0
1.769		0.07383		0
1.77		0.073768		0
1.771		0.0737062		0
1.772		0.0736444		0
1.773		0.0735827		0
1.774		0.073521		0
1.775		0.0734594		0
1.776		0.0733979		0
1.777		0.0733365		0
1.778		0.0732751		0
1.779		0.0732138		0
1.78		0.0731526		0
1.781		0.0730915		0
1.782		0.0730304		0
1.783		0.0729694		0
1.784		0.0729084		0
1.785		0.0728476		0
1.786		0.0727868		0
1.787		0.0727261		0
1.788		0.0726654		0
1.789		0.0726048		0
1.79		0.0725443		0
1.791		0.0724839		0
1.792		0.0724235		0
1.793		0.0723632		0
1.794		0.072303		0
1.795		0.0722428		0
1.796		0.0721827		0
1.797		0.0721227		0
1.798		0.0720628		0
1.799		0.0720029		0
1.8		0.0719431		0
1.801		0.0718834		0
1.802		0.0718237		0
1.803		0.0717641		0
1.804		0.0717046		0
1.805		0.0716451		0
1.806		0.0715857		0
1.807		0.0715264		0
1.808		0.0714671		0
1.809		0.0714079		0
1.81		0.0713488		0
1.811		0.0712898		0
1.812		0.0712308		0
1.813		0.0711719		0
1.814		0.0711131		0
1.815		0.0710543		0
1.816		0.0709956		0
1.817		0.0709369		0
1.818		0.0708784		0
1.819		0.0708199		0
1.82		0.0707614		0
1.821		0.0707031		0
1.822		0.0706448		0
1.823		0.0705865		0
1.824		0.0705284		0
1.825		0.0704703		0
1.826		0.0704122		0
1.827		0.0703543		0
1.828		0.0702964		0
1.829		0.0702386		0
1.83		0.0701808		0
1.831		0.0701231		0
1.832		0.0700655		0
1.833		0.0700079		0
1.834		0.0699504		0
1.835		0.069893		0
1.836		0.0698356		0
1.837		0.0697783		0
1.838		0.0697211		0
1.839		0.0696639		0
1.84		0.0696068		0
1.841		0.0695498		0
1.842		0.0694928		0
1.843		0.0694359		0
1.844		0.0693791		0
1.845		0.0693223		0
1.846		0.0692656		0
1.847		0.069209		0
1.848		0.0691524		0
1.849		0.0690959		0
1.85		0.0690394		0
1.851		0.068983		0
1.852		0.0689267		0
1.853		0.0688705		0
1.854		0.0688143		0
1.855		0.0687582		0
1.856		0.0687021		0
1.857		0.0686461		0
1.858		0.0685902		0
1.859		0.0685343		0
1.86		0.0684785		0
1.861		0.0684228		0
1.862		0.0683671		0
1.863		0.0683115		0
1.864		0.0682559		0
1.865		0.0682004		0
1.866		0.068145		0
1.867		0.0680897		0
1.868		0.0680344		0
1.869		0.0679791		0
1.87		0.067924		0
1.871		0.0678689		0
1.872		0.0678138		0
1.873		0.0677588		0
1.874		0.0677039		0
1.875		0.0676491		0
1.876		0.0675943		0
1.877		0.0675395		0
1.878		0.0674849		0
1.879		0.0674303		0
1.88		0.0673757		0
1.881		0.0673213		0
1.882		0.0672668		0
1.883		0.0672125		0
1.884		0.0671582		0
1.885		0.067104		0
1.886		0.0670498		0
1.887		0.0669957		0
1.888		0.0669416		0
1.889		0.0668876		0
1.89		0.0668337		0
1.891		0.0667798		0
1.892		0.066726		0
1.893		0.0666723		0
1.894		0.0666186		0
1.895		0.066565		0
1.896		0.0665114		0
1.897		0.0664579		0
1.898		0.0664045		0
1.899		0.0663511		0
1.9		0.0662978		0
1.901		0.0662446		0
1.902		0.0661914		0
1.903		0.0661382		0
1.904		0.0660851		0
1.905		0.0660321		0
1.906		0.0659792		0
1.907		0.0659263		0
1.908		0.0658734		0
1.909		0.0658207		0
1.91		0.0657679		0
1.911		0.0657153		0
1.912		0.0656627		0
1.913		0.0656102		0
1.914		0.0655577		0
1.915		0.0655053		0
1.916		0.0654529		0
1.917		0.0654006		0
1.918		0.0653483		0
1.919		0.0652962		0
1.92		0.065244		0
1.921		0.065192		0
1.922		0.06514		0
1.923		0.065088		0
1.924		0.0650361		0
1.925		0.0649843		0
1.926		0.0649325		0
1.927		0.0648808		0
1.928		0.0648291		0
1.929		0.0647775		0
1.93		0.064726		0
1.931		0.0646745		0
1.932		0.0646231		0
1.933		0.0645717		0
1.934		0.0645204		0
1.935		0.0644692		0
1.936		0.064418		0
1.937		0.0643668		0
1.938		0.0643157		0
1.939		0.0642647		0
1.94		0.0642137		0
1.941		0.0641628		0
1.942		0.064112		0
1.943		0.0640612		0
1.944		0.0640104		0
1.945		0.0639598		0
1.946		0.0639091		0
1.947		0.0638586		0
1.948		0.0638081		0
1.949		0.0637576		0
1.95		0.0637072		0
1.951		0.0636569		0
1.952		0.0636066		0
1.953		0.0635563		0
1.954		0.0635062		0
1.955		0.063456		0
1.956		0.063406		0
1.957		0.063356		0
1.958		0.063306		0
1.959		0.0632561		0
1.96		0.0632063		0
1.961		0.0631565		0
1.962		0.0631068		0
1.963		0.0630571		0
1.964		0.0630075		0
1.965		0.0629579		0
1.966		0.0629084		0
1.967		0.0628589		0
1.968		0.0628096		0
1.969		0.0627602		0
1.97		0.0627109		0
1.971		0.0626617		0
1.972		0.0626125		0
1.973		0.0625634		0
1.974		0.0625143		0
1.975		0.0624653		0
1.976		0.0624163		0
1.977		0.0623674		0
1.978		0.0623186		0
1.979		0.0622698		0
1.98		0.062221		0
1.981		0.0621723		0
1.982		0.0621237		0
1.983		0.0620751		0
1.984		0.0620266		0
1.985		0.0619781		0
1.986		0.0619297		0
1.987		0.0618813		0
1.988		0.061833		0
1.989		0.0617847		0
1.99		0.0617365		0
1.991		0.0616884		0
1.992		0.0616403		0
1.993		0.0615922		0
1.994		0.0615442		0
1.995		0.0614963		0
1.996		0.0614484		0
1.997		0.0614006		0
1.998		0.0613528		0
1.999		0.0613051		0
2		0.0612574		0
2.001		0.0612097		0
2.002		0.0611622		0
2.003		0.0611147		0
2.004		0.0610672		0
2.005		0.0610198		0
2.006		0.0609724		0
2.007		0.0609251		0
2.008		0.0608778		0
2.009		0.0608306		0
2.01		0.0607835		0
2.011		0.0607364		0
2.012		0.0606893		0
2.013		0.0606423		0
2.014		0.0605954		0
2.015		0.0605485		0
2.016		0.0605016		0
2.017		0.0604548		0
2.018		0.0604081		0
2.019		0.0603614		0
2.02		0.0603147		0
2.021		0.0602681		0
2.022		0.0602216		0
2.023		0.0601751		0
2.024		0.0601287		0
2.025		0.0600823		0
2.026		0.0600359		0
2.027		0.0599897		0
2.028		0.0599434		0
2.029		0.0598972		0
2.03		0.0598511		0
2.031		0.059805		0
2.032		0.059759		0
2.033		0.059713		0
2.034		0.0596671		0
2.035		0.0596212		0
2.036		0.0595754		0
2.037		0.0595296		0
2.038		0.0594838		0
2.039		0.0594382		0
2.04		0.0593925		0
2.041		0.0593469		0
2.042		0.0593014		0
2.043		0.0592559		0
2.044		0.0592105		0
2.045		0.0591651		0
2.046		0.0591198		0
2.047		0.0590745		0
2.048		0.0590292		0
2.049		0.0589841		0
2.05		0.0589389		0
2.051		0.0588938		0
2.052		0.0588488		0
2.053		0.0588038		0
2.054		0.0587588		0
2.055		0.058714		0
2.056		0.0586691		0
2.057		0.0586243		0
2.058		0.0585796		0
2.059		0.0585349		0
2.06		0.0584902		0
2.061		0.0584456		0
2.062		0.058401		0
2.063		0.0583565		0
2.064		0.0583121		0
2.065		0.0582677		0
2.066		0.0582233		0
2.067		0.058179		0
2.068		0.0581347		0
2.069		0.0580905		0
2.07		0.0580463		0
2.071		0.0580022		0
2.072		0.0579581		0
2.073		0.0579141		0
2.074		0.0578701		0
2.075		0.0578262		0
2.076		0.0577823		0
2.077		0.0577385		0
2.078		0.0576947		0
2.079		0.0576509		0
2.08		0.0576072		0
2.081		0.0575636		0
2.082		0.05752		0
2.083		0.0574764		0
2.084		0.0574329		0
2.085		0.0573895		0
2.086		0.057346		0
2.087		0.0573027		0
2.088		0.0572594		0
2.089		0.0572161		0
2.09		0.0571729		0
2.091		0.0571297		0
2.092		0.0570865		0
2.093		0.0570434		0
2.094		0.0570004		0
2.095		0.0569574		0
2.096		0.0569145		0
2.097		0.0568716		0
2.098		0.0568287		0
2.099		0.0567859		0
2.1		0.0567431		0
2.101		0.0567004		0
2.102		0.0566577		0
2.103		0.0566151		0
2.104		0.0565725		0
2.105		0.05653		0
2.106		0.0564875		0
2.107		0.056445		0
2.108		0.0564026		0
2.109		0.0563603		0
2.11		0.056318		0
2.111		0.0562757		0
2.112		0.0562335		0
2.113		0.0561913		0
2.114		0.0561492		0
2.115		0.0561071		0
2.116		0.056065		0
2.117		0.056023		0
2.118		0.0559811		0
2.119		0.0559392		0
2.12		0.0558973		0
2.121		0.0558555		0
2.122		0.0558137		0
2.123		0.055772		0
2.124		0.0557303		0
2.125		0.0556887		0
2.126		0.0556471		0
2.127		0.0556055		0
2.128		0.055564		0
2.129		0.0555226		0
2.13		0.0554811		0
2.131		0.0554398		0
2.132		0.0553984		0
2.133		0.0553572		0
2.134		0.0553159		0
2.135		0.0552747		0
2.136		0.0552336		0
2.137		0.0551924		0
2.138		0.0551514		0
2.139		0.0551103		0
2.14		0.0550694		0
2.141		0.0550284		0
2.142		0.0549875		0
2.143		0.0549467		0
2.144		0.0549059		0
2.145		0.0548651		0
2.146		0.0548244		0
2.147		0.0547837		0
2.148		0.0547431		0
2.149		0.0547025		0
2.15		0.0546619		0
2.151		0.0546214		0
2.152		0.054581		0
2.153		0.0545405		0
2.154		0.0545002		0
2.155		0.0544598		0
2.156		0.0544195		0
2.157		0.0543793		0
2.158		0.0543391		0
2.159		0.0542989		0
2.16		0.0542588		0
2.161		0.0542187		0
2.162		0.0541787		0
2.163		0.0541387		0
2.164		0.0540987		0
2.165		0.0540588		0
2.166		0.0540189		0
2.167		0.0539791		0
2.168		0.0539393		0
2.169		0.0538996		0
2.17		0.0538599		0
2.171		0.0538202		0
2.172		0.0537806		0
2.173		0.053741		0
2.174		0.0537015		0
2.175		0.053662		0
2.176		0.0536225		0
2.177		0.0535831		0
2.178		0.0535438		0
2.179		0.0535044		0
2.18		0.0534651		0
2.181		0.0534259		0
2.182		0.0533867		0
2.183		0.0533475		0
2.184		0.0533084		0
2.185		0.0532693		0
2.186		0.0532303		0
2.187		0.0531913		0
2.188		0.0531523		0
2.189		0.0531134		0
2.19		0.0530745		0
2.191		0.0530357		0
2.192		0.0529969		0
2.193		0.0529581		0
2.194		0.0529194		0
2.195		0.0528807		0
2.196		0.0528421		0
2.197		0.0528035		0
2.198		0.0527649		0
2.199		0.0527264		0
2.2		0.052688		0
2.201		0.0526495		0
2.202		0.0526111		0
2.203		0.0525728		0
2.204		0.0525345		0
2.205		0.0524962		0
2.206		0.0524579		0
2.207		0.0524197		0
2.208		0.0523816		0
2.209		0.0523435		0
2.21		0.0523054		0
2.211		0.0522674		0
2.212		0.0522294		0
2.213		0.0521914		0
2.214		0.0521535		0
2.215		0.0521156		0
2.216		0.0520778		0
2.217		0.05204		0
2.218		0.0520022		0
2.219		0.0519645		0
2.22		0.0519268		0
2.221		0.0518892		0
2.222		0.0518516		0
2.223		0.051814		0
2.224		0.0517765		0
2.225		0.051739		0
2.226		0.0517015		0
2.227		0.0516641		0
2.228		0.0516268		0
2.229		0.0515894		0
2.23		0.0515521		0
2.231		0.0515149		0
2.232		0.0514777		0
2.233		0.0514405		0
2.234		0.0514033		0
2.235		0.0513662		0
2.236		0.0513292		0
2.237		0.0512921		0
2.238		0.0512552		0
2.239		0.0512182		0
2.24		0.0511813		0
2.241		0.0511444		0
2.242		0.0511076		0
2.243		0.0510708		0
2.244		0.051034		0
2.245		0.0509973		0
2.246		0.0509606		0
2.247		0.050924		0
2.248		0.0508874		0
2.249		0.0508508		0
2.25		0.0508143		0
2.251		0.0507778		0
2.252		0.0507413		0
2.253		0.0507049		0
2.254		0.0506685		0
2.255		0.0506322		0
2.256		0.0505959		0
2.257		0.0505596		0
2.258		0.0505234		0
2.259		0.0504872		0
2.26		0.050451		0
2.261		0.0504149		0
2.262		0.0503788		0
2.263		0.0503428		0
2.264		0.0503068		0
2.265		0.0502708		0
2.266		0.0502348		0
2.267		0.0501989		0
2.268		0.0501631		0
2.269		0.0501273		0
2.27		0.0500915		0
2.271		0.0500557		0
2.272		0.05002		0
2.273		0.0499843		0
2.274		0.0499487		0
2.275		0.0499131		0
2.276		0.0498775		0
2.277		0.049842		0
2.278		0.0498065		0
2.279		0.049771		0
2.28		0.0497356		0
2.281		0.0497002		0
2.282		0.0496648		0
2.283		0.0496295		0
2.284		0.0495942		0
2.285		0.049559		0
2.286		0.0495238		0
2.287		0.0494886		0
2.288		0.0494535		0
2.289		0.0494183		0
2.29		0.0493833		0
2.291		0.0493482		0
2.292		0.0493133		0
2.293		0.0492783		0
2.294		0.0492434		0
2.295		0.0492085		0
2.296		0.0491736		0
2.297		0.0491388		0
2.298		0.049104		0
2.299		0.0490693		0
2.3		0.0490346		0
2.301		0.0489999		0
2.302		0.0489652		0
2.303		0.0489306		0
2.304		0.0488961		0
2.305		0.0488615		0
2.306		0.048827		0
2.307		0.0487926		0
2.308		0.0487581		0
2.309		0.0487237		0
2.31		0.0486894		0
2.311		0.048655		0
2.312		0.0486207		0
2.313		0.0485865		0
2.314		0.0485523		0
2.315		0.0485181		0
2.316		0.0484839		0
2.317		0.0484498		0
2.318		0.0484157		0
2.319		0.0483817		0
2.32		0.0483476		0
2.321		0.0483137		0
2.322		0.0482797		0
2.323		0.0482458		0
2.324		0.0482119		0
2.325		0.0481781		0
2.326		0.0481443		0
2.327		0.0481105		0
2.328		0.0480767		0
2.329		0.048043		0
2.33		0.0480094		0
2.331		0.0479757		0
2.332		0.0479421		0
2.333		0.0479085		0
2.334		0.047875		0
2.335		0.0478415		0
2.336		0.047808		0
2.337		0.0477746		0
2.338		0.0477412		0
2.339		0.0477078		0
2.34		0.0476745		0
2.341		0.0476412		0
2.342		0.0476079		0
2.343		0.0475746		0
2.344		0.0475414		0
2.345		0.0475083		0
2.346		0.0474751		0
2.347		0.047442		0
2.348		0.047409		0
2.349		0.0473759		0
2.35		0.0473429		0
2.351		0.0473099		0
2.352		0.047277		0
2.353		0.0472441		0
2.354		0.0472112		0
2.355		0.0471784		0
2.356		0.0471456		0
2.357		0.0471128		0
2.358		0.04708		0
2.359		0.0470473		0
2.36		0.0470147		0
2.361		0.046982		0
2.362		0.0469494		0
2.363		0.0469168		0
2.364		0.0468843		0
2.365		0.0468518		0
2.366		0.0468193		0
2.367		0.0467868		0
2.368		0.0467544		0
2.369		0.046722		0
2.37		0.0466897		0
2.371		0.0466573		0
2.372		0.0466251		0
2.373		0.0465928		0
2.374		0.0465606		0
2.375		0.0465284		0
2.376		0.0464962		0
2.377		0.0464641		0
2.378		0.046432		0
2.379		0.0463999		0
2.38		0.0463679		0
2.381		0.0463359		0
2.382		0.0463039		0
2.383		0.046272		0
2.384		0.0462401		0
2.385		0.0462082		0
2.386		0.0461764		0
2.387		0.0461445		0
2.388		0.0461128		0
2.389		0.046081		0
2.39		0.0460493		0
2.391		0.0460176		0
2.392		0.045986		0
2.393		0.0459543		0
2.394		0.0459227		0
2.395		0.0458912		0
2.396		0.0458597		0
2.397		0.0458282		0
2.398		0.0457967		0
2.399		0.0457653		0
2.4		0.0457338		0
2.401		0.0457025		0
2.402		0.0456711		0
2.403		0.0456398		0
2.404		0.0456085		0
2.405		0.0455773		0
2.406		0.0455461		0
2.407		0.0455149		0
2.408		0.0454837		0
2.409		0.0454526		0
2.41		0.0454215		0
2.411		0.0453904		0
2.412		0.0453594		0
2.413		0.0453284		0
2.414		0.0452974		0
2.415		0.0452665		0
2.416		0.0452356		0
2.417		0.0452047		0
2.418		0.0451738		0
2.419		0.045143		0
2.42		0.0451122		0
2.421		0.0450814		0
2.422		0.0450507		0
2.423		0.04502		0
2.424		0.0449893		0
2.425		0.0449587		0
2.426		0.0449281		0
2.427		0.0448975		0
2.428		0.0448669		0
2.429		0.0448364		0
2.43		0.0448059		0
2.431		0.0447755		0
2.432		0.044745		0
2.433		0.0447146		0
2.434		0.0446843		0
2.435		0.0446539		0
2.436		0.0446236		0
2.437		0.0445933		0
2.438		0.0445631		0
2.439		0.0445328		0
2.44		0.0445027		0
2.441		0.0444725		0
2.442		0.0444424		0
2.443		0.0444122		0
2.444		0.0443822		0
2.445		0.0443521		0
2.446		0.0443221		0
2.447		0.0442921		0
2.448		0.0442622		0
2.449		0.0442322		0
2.45		0.0442023		0
2.451		0.0441724		0
2.452		0.0441426		0
2.453		0.0441128		0
2.454		0.044083		0
2.455		0.0440532		0
2.456		0.0440235		0
2.457		0.0439938		0
2.458		0.0439642		0
2.459		0.0439345		0
2.46		0.0439049		0
2.461		0.0438753		0
2.462		0.0438458		0
2.463		0.0438162		0
2.464		0.0437867		0
2.465		0.0437573		0
2.466		0.0437278		0
2.467		0.0436984		0
2.468		0.043669		0
2.469		0.0436397		0
2.47		0.0436104		0
2.471		0.0435811		0
2.472		0.0435518		0
2.473		0.0435225		0
2.474		0.0434933		0
2.475		0.0434641		0
2.476		0.043435		0
2.477		0.0434059		0
2.478		0.0433768		0
2.479		0.0433477		0
2.48		0.0433186		0
2.481		0.0432896		0
2.482		0.0432606		0
2.483		0.0432317		0
2.484		0.0432028		0
2.485		0.0431739		0
2.486		0.043145		0
2.487		0.0431161		0
2.488		0.0430873		0
2.489		0.0430585		0
2.49		0.0430298		0
2.491		0.043001		0
2.492		0.0429723		0
2.493		0.0429436		0
2.494		0.042915		0
2.495		0.0428863		0
2.496		0.0428577		0
2.497		0.0428292		0
2.498		0.0428006		0
2.499		0.0427721		0
2.5		0.0427436		0
2.501		0.0427152		0
2.502		0.0426867		0
2.503		0.0426583		0
2.504		0.0426299		0
2.505		0.0426016		0
2.506		0.0425733		0
2.507		0.042545		0
2.508		0.0425167		0
2.509		0.0424885		0
2.51		0.0424602		0
2.511		0.042432		0
2.512		0.0424039		0
2.513		0.0423757		0
2.514		0.0423476		0
2.515		0.0423196		0
2.516		0.0422915		0
2.517		0.0422635		0
2.518		0.0422355		0
2.519		0.0422075		0
2.52		0.0421796		0
2.521		0.0421516		0
2.522		0.0421237		0
2.523		0.0420959		0
2.524		0.042068		0
2.525		0.0420402		0
2.526		0.0420124		0
2.527		0.0419847		0
2.528		0.0419569		0
2.529		0.0419292		0
2.53		0.0419015		0
2.531		0.0418739		0
2.532		0.0418463		0
2.533		0.0418186		0
2.534		0.0417911		0
2.535		0.0417635		0
2.536		0.041736		0
2.537		0.0417085		0
2.538		0.041681		0
2.539		0.0416536		0
2.54		0.0416262		0
2.541		0.0415988		0
2.542		0.0415714		0
2.543		0.0415441		0
2.544		0.0415167		0
2.545		0.0414895		0
2.546		0.0414622		0
2.547		0.041435		0
2.548		0.0414077		0
2.549		0.0413806		0
2.55		0.0413534		0
2.551		0.0413263		0
2.552		0.0412992		0
2.553		0.0412721		0
2.554		0.041245		0
2.555		0.041218		0
2.556		0.041191		0
2.557		0.041164		0
2.558		0.041137		0
2.559		0.0411101		0
2.56		0.0410832		0
2.561		0.0410563		0
2.562		0.0410295		0
2.563		0.0410026		0
2.564		0.0409758		0
2.565		0.0409491		0
2.566		0.0409223		0
2.567		0.0408956		0
2.568		0.0408689		0
2.569		0.0408422		0
2.57		0.0408156		0
2.571		0.0407889		0
2.572		0.0407623		0
2.573		0.0407358		0
2.574		0.0407092		0
2.575		0.0406827		0
2.576		0.0406562		0
2.577		0.0406297		0
2.578		0.0406032		0
2.579		0.0405768		0
2.58		0.0405504		0
2.581		0.040524		0
2.582		0.0404977		0
2.583		0.0404714		0
2.584		0.0404451		0
2.585		0.0404188		0
2.586		0.0403925		0
2.587		0.0403663		0
2.588		0.0403401		0
2.589		0.0403139		0
2.59		0.0402878		0
2.591		0.0402616		0
2.592		0.0402355		0
2.593		0.0402095		0
2.594		0.0401834		0
2.595		0.0401574		0
2.596		0.0401314		0
2.597		0.0401054		0
2.598		0.0400794		0
2.599		0.0400535		0
2.6		0.0400276		0
2.601		0.0400017		0
2.602		0.0399758		0
2.603		0.03995		0
2.604		0.0399242		0
2.605		0.0398984		0
2.606		0.0398726		0
2.607		0.0398469		0
2.608		0.0398212		0
2.609		0.0397955		0
2.61		0.0397698		0
2.611		0.0397442		0
2.612		0.0397185		0
2.613		0.0396929		0
2.614		0.0396674		0
2.615		0.0396418		0
2.616		0.0396163		0
2.617		0.0395908		0
2.618		0.0395653		0
2.619		0.0395399		0
2.62		0.0395144		0
2.621		0.039489		0
2.622		0.0394636		0
2.623		0.0394383		0
2.624		0.0394129		0
2.625		0.0393876		0
2.626		0.0393623		0
2.627		0.0393371		0
2.628		0.0393118		0
2.629		0.0392866		0
2.63		0.0392614		0
2.631		0.0392362		0
2.632		0.0392111		0
2.633		0.039186		0
2.634		0.0391609		0
2.635		0.0391358		0
2.636		0.0391107		0
2.637		0.0390857		0
2.638		0.0390607		0
2.639		0.0390357		0
2.64		0.0390107		0
2.641		0.0389858		0
2.642		0.0389609		0
2.643		0.038936		0
2.644		0.0389111		0
2.645		0.0388863		0
2.646		0.0388614		0
2.647		0.0388366		0
2.648		0.0388119		0
2.649		0.0387871		0
2.65		0.0387624		0
2.651		0.0387377		0
2.652		0.038713		0
2.653		0.0386883		0
2.654		0.0386637		0
2.655		0.0386391		0
2.656		0.0386145		0
2.657		0.0385899		0
2.658		0.0385653		0
2.659		0.0385408		0
2.66		0.0385163		0
2.661		0.0384918		0
2.662		0.0384674		0
2.663		0.0384429		0
2.664		0.0384185		0
2.665		0.0383941		0
2.666		0.0383697		0
2.667		0.0383454		0
2.668		0.0383211		0
2.669		0.0382968		0
2.67		0.0382725		0
2.671		0.0382482		0
2.672		0.038224		0
2.673		0.0381998		0
2.674		0.0381756		0
2.675		0.0381514		0
2.676		0.0381273		0
2.677		0.0381031		0
2.678		0.038079		0
2.679		0.038055		0
2.68		0.0380309		0
2.681		0.0380069		0
2.682		0.0379828		0
2.683		0.0379589		0
2.684		0.0379349		0
2.685		0.0379109		0
2.686		0.037887		0
2.687		0.0378631		0
2.688		0.0378392		0
2.689		0.0378154		0
2.69		0.0377915		0
2.691		0.0377677		0
2.692		0.0377439		0
2.693		0.0377201		0
2.694		0.0376964		0
2.695		0.0376726		0
2.696		0.0376489		0
2.697		0.0376252		0
2.698		0.0376016		0
2.699		0.0375779		0
2.7		0.0375543		0
2.701		0.0375307		0
2.702		0.0375071		0
2.703		0.0374836		0
2.704		0.03746		0
2.705		0.0374365		0
2.706		0.037413		0
2.707		0.0373896		0
2.708		0.0373661		0
2.709		0.0373427		0
2.71		0.0373193		0
2.711		0.0372959		0
2.712		0.0372725		0
2.713		0.0372492		0
2.714		0.0372258		0
2.715		0.0372025		0
2.716		0.0371793		0
2.717		0.037156		0
2.718		0.0371328		0
2.719		0.0371095		0
2.72		0.0370863		0
2.721		0.0370632		0
2.722		0.03704		0
2.723		0.0370169		0
2.724		0.0369938		0
2.725		0.0369707		0
2.726		0.0369476		0
2.727		0.0369245		0
2.728		0.0369015		0
2.729		0.0368785		0
2.73		0.0368555		0
2.731		0.0368326		0
2.732		0.0368096		0
2.733		0.0367867		0
2.734		0.0367638		0
2.735		0.0367409		0
2.736		0.036718		0
2.737		0.0366952		0
2.738		0.0366724		0
2.739		0.0366496		0
2.74		0.0366268		0
2.741		0.036604		0
2.742		0.0365813		0
2.743		0.0365586		0
2.744		0.0365359		0
2.745		0.0365132		0
2.746		0.0364905		0
2.747		0.0364679		0
2.748		0.0364453		0
2.749		0.0364227		0
2.75		0.0364001		0
2.751		0.0363775		0
2.752		0.036355		0
2.753		0.0363325		0
2.754		0.03631		0
2.755		0.0362875		0
2.756		0.0362651		0
2.757		0.0362426		0
2.758		0.0362202		0
2.759		0.0361978		0
2.76		0.0361754		0
2.761		0.0361531		0
2.762		0.0361307		0
2.763		0.0361084		0
2.764		0.0360861		0
2.765		0.0360639		0
2.766		0.0360416		0
2.767		0.0360194		0
2.768		0.0359972		0
2.769		0.035975		0
2.77		0.0359528		0
2.771		0.0359306		0
2.772		0.0359085		0
2.773		0.0358864		0
2.774		0.0358643		0
2.775		0.0358422		0
2.776		0.0358202		0
2.777		0.0357981		0
2.778		0.0357761		0
2.779		0.0357541		0
2.78		0.0357321		0
2.781		0.0357102		0
2.782		0.0356882		0
2.783		0.0356663		0
2.784		0.0356444		0
2.785		0.0356225		0
2.786		0.0356007		0
2.787		0.0355788		0
2.788		0.035557		0
2.789		0.0355352		0
2.79		0.0355134		0
2.791		0.0354917		0
2.792		0.0354699		0
2.793		0.0354482		0
2.794		0.0354265		0
2.795		0.0354048		0
2.796		0.0353831		0
2.797		0.0353615		0
2.798		0.0353399		0
2.799		0.0353183		0
2.8		0.0352967		0
2.801		0.0352751		0
2.802		0.0352536		0
2.803		0.035232		0
2.804		0.0352105		0
2.805		0.035189		0
2.806		0.0351675		0
2.807		0.0351461		0
2.808		0.0351246		0
2.809		0.0351032		0
2.81		0.0350818		0
2.811		0.0350605		0
2.812		0.0350391		0
2.813		0.0350178		0
2.814		0.0349964		0
2.815		0.0349751		0
2.816		0.0349538		0
2.817		0.0349326		0
2.818		0.0349113		0
2.819		0.0348901		0
2.82		0.0348689		0
2.821		0.0348477		0
2.822		0.0348265		0
2.823		0.0348054		0
2.824		0.0347842		0
2.825		0.0347631		0
2.826		0.034742		0
2.827		0.0347209		0
2.828		0.0346999		0
2.829		0.0346788		0
2.83		0.0346578		0
2.831		0.0346368		0
2.832		0.0346158		0
2.833		0.0345949		0
2.834		0.0345739		0
2.835		0.034553		0
2.836		0.0345321		0
2.837		0.0345112		0
2.838		0.0344903		0
2.839		0.0344694		0
2.84		0.0344486		0
2.841		0.0344278		0
2.842		0.034407		0
2.843		0.0343862		0
2.844		0.0343654		0
2.845		0.0343447		0
2.846		0.0343239		0
2.847		0.0343032		0
2.848		0.0342825		0
2.849		0.0342619		0
2.85		0.0342412		0
2.851		0.0342206		0
2.852		0.0342		0
2.853		0.0341793		0
2.854		0.0341588		0
2.855		0.0341382		0
2.856		0.0341176		0
2.857		0.0340971		0
2.858		0.0340766		0
2.859		0.0340561		0
2.86		0.0340356		0
2.861		0.0340152		0
2.862		0.0339947		0
2.863		0.0339743		0
2.864		0.0339539		0
2.865		0.0339335		0
2.866		0.0339132		0
2.867		0.0338928		0
2.868		0.0338725		0
2.869		0.0338522		0
2.87		0.0338319		0
2.871		0.0338116		0
2.872		0.0337913		0
2.873		0.0337711		0
2.874		0.0337508		0
2.875		0.0337306		0
2.876		0.0337104		0
2.877		0.0336903		0
2.878		0.0336701		0
2.879		0.03365		0
2.88		0.0336298		0
2.881		0.0336097		0
2.882		0.0335896		0
2.883		0.0335696		0
2.884		0.0335495		0
2.885		0.0335295		0
2.886		0.0335095		0
2.887		0.0334895		0
2.888		0.0334695		0
2.889		0.0334495		0
2.89		0.0334296		0
2.891		0.0334096		0
2.892		0.0333897		0
2.893		0.0333698		0
2.894		0.03335		0
2.895		0.0333301		0
2.896		0.0333103		0
2.897		0.0332904		0
2.898		0.0332706		0
2.899		0.0332508		0
2.9		0.033231		0
2.901		0.0332113		0
2.902		0.0331915		0
2.903		0.0331718		0
2.904		0.0331521		0
2.905		0.0331324		0
2.906		0.0331128		0
2.907		0.0330931		0
2.908		0.0330735		0
2.909		0.0330538		0
2.91		0.0330342		0
2.911		0.0330146		0
2.912		0.0329951		0
2.913		0.0329755		0
2.914		0.032956		0
2.915		0.0329365		0
2.916		0.032917		0
2.917		0.0328975		0
2.918		0.032878		0
2.919		0.0328585		0
2.92		0.0328391		0
2.921		0.0328197		0
2.922		0.0328003		0
2.923		0.0327809		0
2.924		0.0327615		0
2.925		0.0327422		0
2.926		0.0327228		0
2.927		0.0327035		0
2.928		0.0326842		0
2.929		0.0326649		0
2.93		0.0326457		0
2.931		0.0326264		0
2.932		0.0326072		0
2.933		0.0325879		0
2.934		0.0325687		0
2.935		0.0325496		0
2.936		0.0325304		0
2.937		0.0325112		0
2.938		0.0324921		0
2.939		0.032473		0
2.94		0.0324539		0
2.941		0.0324348		0
2.942		0.0324157		0
2.943		0.0323966		0
2.944		0.0323776		0
2.945		0.0323586		0
2.946		0.0323396		0
2.947		0.0323206		0
2.948		0.0323016		0
2.949		0.0322827		0
2.95		0.0322637		0
2.951		0.0322448		0
2.952		0.0322259		0
2.953		0.032207		0
2.954		0.0321881		0
2.955		0.0321692		0
2.956		0.0321504		0
2.957		0.0321316		0
2.958		0.0321128		0
2.959		0.032094		0
2.96		0.0320752		0
2.961		0.0320564		0
2.962		0.0320377		0
2.963		0.0320189		0
2.964		0.0320002		0
2.965		0.0319815		0
2.966		0.0319628		0
2.967		0.0319442		0
2.968		0.0319255		0
2.969		0.0319069		0
2.97		0.0318882		0
2.971		0.0318696		0
2.972		0.031851		0
2.973		0.0318325		0
2.974		0.0318139		0
2.975		0.0317954		0
2.976		0.0317768		0
2.977		0.0317583		0
2.978		0.0317398		0
2.979		0.0317214		0
2.98		0.0317029		0
2.981		0.0316844		0
2.982		0.031666		0
2.983		0.0316476		0
2.984		0.0316292		0
2.985		0.0316108		0
2.986		0.0315924		0
2.987		0.0315741		0
2.988		0.0315557		0
2.989		0.0315374		0
2.99		0.0315191		0
2.991		0.0315008		0
2.992		0.0314825		0
2.993		0.0314643		0
2.994		0.031446		0
2.995		0.0314278		0
2.996		0.0314096		0
2.997		0.0313914		0
2.998		0.0313732		0
2.999		0.031355		0
3		0.0313369		0
