0.005		0.0229671		0.0080187
0.01		0.0690429		0.0129332
0.015		0.111563		0.0149118
0.02		0.131672		0.0136308
0.025		0.137753		0.012324
0.03		0.136795		0.0111896
0.035		0.132251		0.010042
0.04		0.126033		0.0089049
0.045		0.119355		0.00786175
0.05		0.112991		0.00696934
0.055		0.107401		0.00624923
0.06		0.102818		0.00569878
0.065		0.0993335		0.00530082
0.07		0.0969477		0.00503081
0.075		0.0956117		0.0048629
0.08		0.0952497		0.00477509
0.085		0.0957747		0.00475232
0.09		0.0970963		0.00478714
0.095		0.0991261		0.00487826
0.1		0.10178		0.00502799
0.105		0.10498		0.00523945
0.11		0.108654		0.00551424
0.115		0.112736		0.00585119
0.12		0.117164		0.00624607
0.125		0.121883		0.00669213
0.13		0.126842		0.00718098
0.135		0.131996		0.00770342
0.14		0.137302		0.00825018
0.145		0.142721		0.00881235
0.15		0.148218		0.0093817
0.155		0.153761		0.00995076
0.16		0.15932		0.0105129
0.165		0.16487		0.0110625
0.17		0.170386		0.0115944
0.175		0.175847		0.0121046
0.18		0.181234		0.0125895
0.185		0.186529		0.0130462
0.19		0.191717		0.0134726
0.195		0.196786		0.0138668
0.2		0.201723		0.0142277
0.205		0.206519		0.0145544
0.21		0.211166		0.0148465
0.215		0.215656		0.015104
0.22		0.219985		0.015327
0.225		0.224147		0.015516
0.23		0.22814		0.0156718
0.235		0.231961		0.0157952
0.24		0.235609		0.0158873
0.245		0.239082		0.0159493
0.25		0.242383		0.0159826
0.255		0.24551		0.0159884
0.26		0.248466		0.0159683
0.265		0.251252		0.0159237
0.27		0.253871		0.0158562
0.275		0.256326		0.0157673
0.28		0.258619		0.0156584
0.285		0.260755		0.0155311
0.29		0.262735		0.0153869
0.295		0.264566		0.0152273
0.3		0.266249		0.0150536
0.305		0.26779		0.0148672
0.31		0.269193		0.0146694
0.315		0.270462		0.0144615
0.32		0.2716		0.0142447
0.325		0.272614		0.0140202
0.33		0.273506		0.013789
0.335		0.274282		0.0135522
0.34		0.274946		0.0133108
0.345		0.275501		0.0130657
0.35		0.275953		0.0128177
0.355		0.276305		0.0125676
0.36		0.276561		0.0123163
0.365		0.276726		0.0120644
0.37		0.276803		0.0118126
0.375		0.276796		0.0115614
0.38		0.27671		0.0113115
0.385		0.276547		0.0110634
0.39		0.276312		0.0108174
0.395		0.276007		0.0105741
0.4		0.275636		0.0103338
0.405		0.275203		0.010097
0.41		0.27471		0.00986379
0.415		0.274161		0.00963463
0.42		0.273558		0.00940973
0.425		0.272905		0.00918931
0.43		0.272204		0.00897359
0.435		0.271458		0.00876272
0.44		0.270669		0.00855687
0.445		0.26984		0.00835617
0.45		0.268973		0.00816071
0.455		0.26807		0.00797059
0.46		0.267134		0.00778588
0.465		0.266167		0.00760664
0.47		0.26517		0.00743288
0.475		0.264146		0.00726464
0.48		0.263097		0.00710191
0.485		0.262023		0.0069447
0.49		0.260928		0.00679298
0.495		0.259812		0.00664671
0.5		0.258677		0.00650585
0.505		0.257524		0.00637034
0.51		0.256355		0.00624012
0.515		0.255171		0.00611512
0.52		0.253974		0.00599525
0.525		0.252765		0.00588042
0.53		0.251544		0.00577052
0.535		0.250313		0.00566547
0.54		0.249073		0.00556513
0.545		0.247825		0.0054694
0.55		0.24657		0.00537815
0.555		0.245308		0.00529126
0.56		0.244042		0.00520859
0.565		0.24277		0.00513001
0.57		0.241495		0.00505538
0.575		0.240216		0.00498456
0.58		0.238935		0.00491741
0.585		0.237652		0.00485378
0.59		0.236368		0.00479354
0.595		0.235084		0.00473655
0.6		0.233799		0.00468265
0.605		0.232515		0.00463172
0.61		0.231231		0.0045836
0.615		0.229949		0.00453816
0.62		0.228669		0.00449527
0.625		0.227391		0.0044548
0.63		0.226115		0.00441661
0.635		0.224843		0.00438057
0.64		0.223574		0.00434657
0.645		0.222308		0.00431449
0.65		0.221046		0.00428421
0.655		0.219788		0.00425562
0.66		0.218535		0.00422861
0.665		0.217287		0.00420308
0.67		0.216043		0.00417894
0.675		0.214804		0.00415608
0.68		0.213571		0.00413443
0.685		0.212343		0.00411389
0.69		0.211121		0.00409438
0.695		0.209904		0.00407584
0.7		0.208694		0.00405817
0.705		0.207489		0.00404132
0.71		0.206291		0.00402523
0.715		0.205099		0.00400982
0.72		0.203913		0.00399505
0.725		0.202734		0.00398085
0.73		0.201561		0.00396719
0.735		0.200395		0.003954
0.74		0.199236		0.00394125
0.745		0.198084		0.0039289
0.75		0.196938		0.0039169
0.755		0.1958		0.00390523
0.76		0.194668		0.00389384
0.765		0.193543		0.00388271
0.77		0.192425		0.0038718
0.775		0.191314		0.0038611
0.78		0.190211		0.00385057
0.785		0.189114		0.0038402
0.79		0.188024		0.00382996
0.795		0.186942		0.00381983
0.8		0.185866		0.0038098
0.805		0.184798		0.00379985
0.81		0.183736		0.00378996
0.815		0.182682		0.00378012
0.82		0.181635		0.00377032
0.825		0.180595		0.00376055
0.83		0.179562		0.0037508
0.835		0.178536		0.00374105
0.84		0.177517		0.00373131
0.845		0.176505		0.00372155
0.85		0.175499		0.00371178
0.855		0.174501		0.00370199
0.86		0.17351		0.00369217
0.865		0.172526		0.00368232
0.87		0.171548		0.00367244
0.875		0.170577		0.00366252
0.88		0.169614		0.00365255
0.885		0.168656		0.00364254
0.89		0.167706		0.00363249
0.895		0.166762		0.00362238
0.9		0.165825		0.00361223
0.905		0.164895		0.00360202
0.91		0.163971		0.00359176
0.915		0.163054		0.00358145
0.92		0.162143		0.00357109
0.925		0.161239		0.00356067
0.93		0.160341		0.00355021
0.935		0.159449		0.00353968
0.94		0.158564		0.00352911
0.945		0.157685		0.00351848
0.95		0.156812		0.00350781
0.955		0.155946		0.00349708
0.96		0.155086		0.0034863
0.965		0.154231		0.00347548
0.97		0.153383		0.00346461
0.975		0.152541		0.0034537
0.98		0.151705		0.00344274
0.985		0.150875		0.00343173
0.99		0.150051		0.00342069
0.995		0.149233		0.00340961
1		0.14842		0.00339849
1.005		0.147614		0.00338733
1.01		0.146813		0.00337614
1.015		0.146018		0.00336491
1.02		0.145228		0.00335365
1.025		0.144444		0.00334236
1.03		0.143666		0.00333105
1.035		0.142893		0.0033197
1.04		0.142125		0.00330834
1.045		0.141363		0.00329695
1.05		0.140607		0.00328553
1.055		0.139856		0.0032741
1.06		0.13911		0.00326265
1.065		0.138369		0.00325118
1.07		0.137634		0.00323969
1.075		0.136904		0.00322819
1.08		0.136179		0.00321668
1.085		0.135459		0.00320516
1.09		0.134744		0.00319363
1.095		0.134034		0.0031821
1.1		0.133329		0.00317055
1.105		0.132629		0.003159
1.11		0.131934		0.00314745
1.115		0.131244		0.0031359
1.12		0.130559		0.00312434
1.125		0.129878		0.00311279
1.13		0.129202		0.00310124
1.135		0.128531		0.00308969
1.14		0.127865		0.00307814
1.145		0.127203		0.00306661
1.15		0.126546		0.00305507
1.155		0.125893		0.00304355
1.16		0.125245		0.00303204
1.165		0.124602		0.00302054
1.17		0.123963		0.00300904
1.175		0.123328		0.00299757
1.18		0.122697		0.0029861
1.185		0.122071		0.00297465
1.19		0.12145		0.00296322
1.195		0.120832		0.0029518
1.2		0.120219		0.0029404
1.205		0.11961		0.00292902
1.21		0.119005		0.00291766
1.215		0.118405		0.00290631
1.22		0.117808		0.00289499
1.225		0.117215		0.0028837
1.23		0.116627		0.00287242
1.235		0.116043		0.00286117
1.24		0.115462		0.00284994
1.245		0.114885		0.00283874
1.25		0.114313		0.00282756
1.255		0.113744		0.00281641
1.26		0.113179		0.00280528
1.265		0.112618		0.00279419
1.27		0.11206		0.00278312
1.275		0.111507		0.00277208
1.28		0.110957		0.00276107
1.285		0.110411		0.00275009
1.29		0.109868		0.00273914
1.295		0.109329		0.00272822
1.3		0.108794		0.00271733
1.305		0.108262		0.00270647
1.31		0.107734		0.00269565
1.315		0.107209		0.00268486
1.32		0.106688		0.0026741
1.325		0.106171		0.00266338
1.33		0.105656		0.00265269
1.335		0.105145		0.00264203
1.34		0.104638		0.00263141
1.345		0.104134		0.00262083
1.35		0.103633		0.00261028
1.355		0.103135		0.00259976
1.36		0.102641		0.00258928
1.365		0.10215		0.00257884
1.37		0.101662		0.00256844
1.375		0.101178		0.00255807
1.38		0.100696		0.00254774
1.385		0.100218		0.00253744
1.39		0.0997426		0.00252718
1.395		0.0992705		0.00251697
1.4		0.0988014		0.00250678
1.405		0.0983355		0.00249664
1.41		0.0978725		0.00248654
1.415		0.0974125		0.00247647
1.42		0.0969555		0.00246644
1.425		0.0965015		0.00245646
1.43		0.0960504		0.00244651
1.435		0.0956021		0.0024366
1.44		0.0951568		0.00242672
1.445		0.0947143		0.00241689
1.45		0.0942747		0.0024071
1.455		0.0938378		0.00239735
1.46		0.0934038		0.00238763
1.465		0.0929725		0.00237796
1.47		0.092544		0.00236832
1.475		0.0921182		0.00235873
1.48		0.0916951		0.00234918
1.485		0.0912747		0.00233966
1.49		0.0908569		0.00233019
1.495		0.0904418		0.00232075
1.5		0.0900294		0.00231136
1.505		0.0896195		0.002302
1.51		0.0892122		0.00229269
1.515		0.0888074		0.00228341
1.52		0.0884052		0.00227418
1.525		0.0880056		0.00226498
1.53		0.0876084		0.00225583
1.535		0.0872137		0.00224671
1.54		0.0868215		0.00223764
1.545		0.0864317		0.0022286
1.55		0.0860444		0.00221961
1.555		0.0856594		0.00221065
1.56		0.0852769		0.00220174
1.565		0.0848967		0.00219286
1.57		0.0845189		0.00218403
1.575		0.0841434		0.00217523
1.58		0.0837702		0.00216647
1.585		0.0833994		0.00215776
1.59		0.0830308		0.00214908
1.595		0.0826645		0.00214044
1.6		0.0823004		0.00213184
1.605		0.0819386		0.00212328
1.61		0.0815789		0.00211476
1.615		0.0812215		0.00210628
1.62		0.0808663		0.00209784
1.625		0.0805132		0.00208944
1.63		0.0801623		0.00208107
1.635		0.0798135		0.00207275
1.64		0.0794668		0.00206446
1.645		0.0791222		0.00205621
1.65		0.0787797		0.002048
1.655		0.0784393		0.00203983
1.66		0.0781009		0.0020317
1.665		0.0777646		0.0020236
1.67		0.0774303		0.00201555
1.675		0.077098		0.00200753
1.68		0.0767677		0.00199954
1.685		0.0764393		0.0019916
1.69		0.076113		0.00198369
1.695		0.0757885		0.00197583
1.7		0.0754661		0.00196799
1.705		0.0751455		0.0019602
1.71		0.0748268		0.00195244
1.715		0.0745101		0.00194472
1.72		0.0741952		0.00193704
1.725		0.0738822		0.00192939
1.73		0.073571		0.00192178
1.735		0.0732617		0.00191421
1.74		0.0729542		0.00190667
1.745		0.0726485		0.00189917
1.75		0.0723446		0.00189171
1.755		0.0720425		0.00188428
1.76		0.0717421		0.00187688
1.765		0.0714435		0.00186952
1.77		0.0711467		0.0018622
1.775		0.0708516		0.00185491
1.78		0.0705582		0.00184766
1.785		0.0702665		0.00184045
1.79		0.0699765		0.00183326
1.795		0.0696882		0.00182612
1.8		0.0694016		0.001819
1.805		0.0691166		0.00181192
1.81		0.0688333		0.00180488
1.815		0.0685516		0.00179787
1.82		0.0682716		0.00179089
1.825		0.0679931		0.00178395
1.83		0.0677163		0.00177704
1.835		0.067441		0.00177017
1.84		0.0671673		0.00176333
1.845		0.0668952		0.00175652
1.85		0.0666246		0.00174974
1.855		0.0663556		0.001743
1.86		0.0660881		0.00173629
1.865		0.0658221		0.00172962
1.87		0.0655577		0.00172297
1.875		0.0652947		0.00171636
1.88		0.0650332		0.00170978
1.885		0.0647732		0.00170324
1.89		0.0645147		0.00169672
1.895		0.0642577		0.00169024
1.9		0.064002		0.00168378
1.905		0.0637479		0.00167736
1.91		0.0634951		0.00167097
1.915		0.0632438		0.00166462
1.92		0.0629939		0.00165829
1.925		0.0627453		0.00165199
1.93		0.0624982		0.00164573
1.935		0.0622524		0.00163949
1.94		0.062008		0.00163329
1.945		0.061765		0.00162712
1.95		0.0615233		0.00162097
1.955		0.061283		0.00161486
1.96		0.0610439		0.00160877
1.965		0.0608063		0.00160272
1.97		0.0605699		0.0015967
1.975		0.0603348		0.0015907
1.98		0.060101		0.00158473
1.985		0.0598685		0.0015788
1.99		0.0596373		0.00157289
1.995		0.0594073		0.00156701
2		0.0591786		0.00156116
2.005		0.0589512		0.00155534
2.01		0.058725		0.00154954
2.015		0.0585		0.00154378
2.02		0.0582763		0.00153804
2.025		0.0580537		0.00153233
2.03		0.0578324		0.00152665
2.035		0.0576123		0.001521
2.04		0.0573934		0.00151537
2.045		0.0571756		0.00150977
2.05		0.056959		0.0015042
2.055		0.0567436		0.00149865
2.06		0.0565294		0.00149313
2.065		0.0563163		0.00148764
2.07		0.0561043		0.00148218
2.075		0.0558935		0.00147674
2.08		0.0556838		0.00147133
2.085		0.0554753		0.00146594
2.09		0.0552678		0.00146059
2.095		0.0550615		0.00145525
2.1		0.0548562		0.00144995
2.105		0.0546521		0.00144466
2.11		0.054449		0.00143941
2.115		0.054247		0.00143418
2.12		0.0540461		0.00142897
2.125		0.0538462		0.00142379
2.13		0.0536474		0.00141864
2.135		0.0534496		0.00141351
2.14		0.0532529		0.0014084
2.145		0.0530572		0.00140332
2.15		0.0528625		0.00139826
2.155		0.0526689		0.00139323
2.16		0.0524762		0.00138822
2.165		0.0522846		0.00138324
2.17		0.052094		0.00137828
2.175		0.0519044		0.00137334
2.18		0.0517157		0.00136843
2.185		0.051528		0.00136354
2.19		0.0513414		0.00135868
2.195		0.0511556		0.00135383
2.2		0.0509709		0.00134902
2.205		0.0507871		0.00134422
2.21		0.0506042		0.00133945
2.215		0.0504223		0.0013347
2.22		0.0502413		0.00132997
2.225		0.0500612		0.00132527
2.23		0.0498821		0.00132058
2.235		0.0497039		0.00131592
2.24		0.0495266		0.00131129
2.245		0.0493502		0.00130667
2.25		0.0491747		0.00130208
2.255		0.0490001		0.00129751
2.26		0.0488264		0.00129296
2.265		0.0486536		0.00128843
2.27		0.0484816		0.00128392
2.275		0.0483106		0.00127944
2.28		0.0481404		0.00127497
2.285		0.047971		0.00127053
2.29		0.0478025		0.00126611
2.295		0.0476349		0.00126171
2.3		0.0474681		0.00125733
2.305		0.0473021		0.00125297
2.31		0.047137		0.00124863
2.315		0.0469727		0.00124431
2.32		0.0468092		0.00124001
2.325		0.0466465		0.00123573
2.33		0.0464847		0.00123148
2.335		0.0463236		0.00122724
2.34		0.0461634		0.00122302
2.345		0.0460039		0.00121882
2.35		0.0458453		0.00121464
2.355		0.0456874		0.00121048
2.36		0.0455303		0.00120634
2.365		0.045374		0.00120222
2.37		0.0452185		0.00119812
2.375		0.0450637		0.00119404
2.38		0.0449097		0.00118998
2.385		0.0447564		0.00118594
2.39		0.0446039		0.00118191
2.395		0.0444522		0.00117791
2.4		0.0443012		0.00117392
2.405		0.0441509		0.00116995
2.41		0.0440013		0.001166
2.415		0.0438525		0.00116207
2.42		0.0437045		0.00115815
2.425		0.0435571		0.00115426
2.43		0.0434104		0.00115038
2.435		0.0432645		0.00114652
2.44		0.0431193		0.00114268
2.445		0.0429748		0.00113885
2.45		0.0428309		0.00113505
2.455		0.0426878		0.00113126
2.46		0.0425454		0.00112749
2.465		0.0424036		0.00112373
2.47		0.0422625		0.00112
2.475		0.0421221		0.00111628
2.48		0.0419824		0.00111257
2.485		0.0418433		0.00110889
2.49		0.0417049		0.00110522
2.495		0.0415672		0.00110157
2.5		0.0414301		0.00109793
2.505		0.0412937		0.00109431
2.51		0.0411579		0.00109071
2.515		0.0410228		0.00108713
2.52		0.0408883		0.00108356
2.525		0.0407544		0.00108
2.53		0.0406212		0.00107647
2.535		0.0404886		0.00107295
2.54		0.0403567		0.00106944
2.545		0.0402253		0.00106595
2.55		0.0400946		0.00106248
2.555		0.0399645		0.00105902
2.56		0.039835		0.00105558
2.565		0.0397061		0.00105215
2.57		0.0395778		0.00104874
2.575		0.0394501		0.00104535
2.58		0.039323		0.00104196
2.585		0.0391965		0.0010386
2.59		0.0390706		0.00103525
2.595		0.0389452		0.00103191
2.6		0.0388205		0.00102859
2.605		0.0386963		0.00102529
2.61		0.0385727		0.001022
2.615		0.0384497		0.00101872
2.62		0.0383272		0.00101546
2.625		0.0382053		0.00101222
2.63		0.038084		0.00100899
2.635		0.0379632		0.00100577
2.64		0.037843		0.00100256
2.645		0.0377233		0.000999376
2.65		0.0376042		0.000996201
2.655		0.0374856		0.00099304
2.66		0.0373676		0.000989894
2.665		0.0372501		0.000986761
2.67		0.0371332		0.000983642
2.675		0.0370167		0.000980537
2.68		0.0369008		0.000977446
2.685		0.0367855		0.000974368
2.69		0.0366706		0.000971304
2.695		0.0365563		0.000968254
2.7		0.0364425		0.000965217
2.705		0.0363292		0.000962193
2.71		0.0362164		0.000959182
2.715		0.0361041		0.000956185
2.72		0.0359923		0.000953201
2.725		0.0358811		0.00095023
2.73		0.0357703		0.000947272
2.735		0.03566		0.000944326
2.74		0.0355502		0.000941394
2.745		0.0354409		0.000938475
2.75		0.0353321		0.000935568
2.755		0.0352238		0.000932674
2.76		0.035116		0.000929792
2.765		0.0350086		0.000926923
2.77		0.0349017		0.000924066
2.775		0.0347953		0.000921222
2.78		0.0346894		0.00091839
2.785		0.0345839		0.000915571
2.79		0.0344789		0.000912763
2.795		0.0343744		0.000909968
2.8		0.0342703		0.000907184
2.805		0.0341667		0.000904413
2.81		0.0340635		0.000901654
2.815		0.0339608		0.000898906
2.82		0.0338585		0.00089617
2.825		0.0337567		0.000893446
2.83		0.0336553		0.000890734
2.835		0.0335544		0.000888033
2.84		0.0334539		0.000885344
2.845		0.0333539		0.000882667
2.85		0.0332543		0.000880001
2.855		0.0331551		0.000877346
2.86		0.0330563		0.000874702
2.865		0.032958		0.00087207
2.87		0.0328601		0.000869449
2.875		0.0327626		0.000866839
2.88		0.0326656		0.00086424
2.885		0.0325689		0.000861652
2.89		0.0324727		0.000859075
2.895		0.0323769		0.000856509
2.9		0.0322815		0.000853954
2.905		0.0321865		0.00085141
2.91		0.032092		0.000848876
2.915		0.0319978		0.000846353
2.92		0.031904		0.000843841
2.925		0.0318107		0.000841339
2.93		0.0317177		0.000838848
2.935		0.0316251		0.000836367
2.94		0.0315329		0.000833896
2.945		0.0314411		0.000831436
2.95		0.0313497		0.000828986
2.955		0.0312587		0.000826547
2.96		0.0311681		0.000824117
2.965		0.0310778		0.000821698
2.97		0.030988		0.000819289
2.975		0.0308985		0.00081689
2.98		0.0308094		0.000814501
2.985		0.0307206		0.000812121
2.99		0.0306323		0.000809752
2.995		0.0305443		0.000807392
3		0.0304567		0.000805043
