0.001		-nan(ind)		-nan(ind)
0.002		-nan(ind)		-nan(ind)
0.003		-nan(ind)		-nan(ind)
0.004		-nan(ind)		-nan(ind)
0.005		0.00163934		0.00185048
0.006		0.00209346		0.0020195
0.007		0.00255683		0.0021145
0.008		0.00301308		0.00216566
0.009		0.003457		0.00220226
0.01		0.00389543		0.00224263
0.011		0.00434609		0.00229428
0.012		0.00483389		0.00235792
0.013		0.00538604		0.0024319
0.014		0.00602743		0.00251513
0.015		0.00677718		0.00260843
0.016		0.00764695		0.00271472
0.017		0.00864048		0.00283833
0.018		0.0097543		0.00298383
0.019		0.0109789		0.00315488
0.02		0.0123002		0.0033533
0.021		0.0137012		0.00357867
0.022		0.0151631		0.0038284
0.023		0.0166667		0.00409826
0.024		0.0181928		0.00438295
0.025		0.0197236		0.0046767
0.026		0.0212427		0.00497381
0.027		0.0227352		0.0052689
0.028		0.0241885		0.0055572
0.029		0.0255918		0.00583461
0.03		0.0269362		0.00609773
0.031		0.0282149		0.00634388
0.032		0.0294224		0.00657106
0.033		0.0305553		0.00677785
0.034		0.0316111		0.00696339
0.035		0.032589		0.00712727
0.036		0.0334891		0.00726949
0.037		0.0343122		0.00739039
0.038		0.0350604		0.00749059
0.039		0.0357359		0.00757091
0.04		0.036342		0.00763235
0.041		0.0368818		0.00767603
0.042		0.0373594		0.00770316
0.043		0.0377786		0.00771502
0.044		0.0381436		0.00771291
0.045		0.0384589		0.00769812
0.046		0.0387288		0.00767195
0.047		0.0389576		0.00763568
0.048		0.0391498		0.00759053
0.049		0.0393097		0.00753772
0.05		0.0394416		0.00747838
0.051		0.0395496		0.00741361
0.052		0.0396378		0.00734446
0.053		0.03971		0.00727192
0.054		0.03977		0.00719693
0.055		0.0398214		0.0071204
0.056		0.0398677		0.00704318
0.057		0.0399121		0.00696606
0.058		0.0399578		0.00688983
0.059		0.0400076		0.00681522
0.06		0.0400643		0.00674292
0.061		0.0401306		0.00667362
0.062		0.0402087		0.00660795
0.063		0.0403011		0.00654654
0.064		0.0404097		0.00648997
0.065		0.0405365		0.00643882
0.066		0.0406833		0.00639363
0.067		0.0408516		0.00635492
0.068		0.041043		0.00632318
0.069		0.0412587		0.00629886
0.07		0.0415		0.0062824
0.071		0.0417679		0.00627417
0.072		0.0420633		0.00627453
0.073		0.042387		0.00628377
0.074		0.0427397		0.00630215
0.075		0.0431219		0.00632988
0.076		0.0435343		0.00636709
0.077		0.043977		0.0064139
0.078		0.0444504		0.00647035
0.079		0.0449547		0.00653642
0.08		0.04549		0.00661207
0.081		0.0460563		0.00669718
0.082		0.0466535		0.00679161
0.083		0.0472816		0.00689515
0.084		0.0479404		0.0070076
0.085		0.0486296		0.00712867
0.086		0.049349		0.0072581
0.087		0.0500982		0.00739558
0.088		0.0508768		0.00754077
0.089		0.0516845		0.00769334
0.09		0.0525208		0.00785294
0.091		0.0533851		0.00801923
0.092		0.054277		0.00819184
0.093		0.055196		0.00837042
0.094		0.0561413		0.00855461
0.095		0.0571126		0.00874407
0.096		0.0581091		0.00893846
0.097		0.0591302		0.00913743
0.098		0.0601754		0.00934066
0.099		0.0612439		0.00954783
0.1		0.0623351		0.00975863
0.101		0.0634484		0.00997276
0.102		0.0645831		0.0101899
0.103		0.0657386		0.0104099
0.104		0.0669141		0.0106323
0.105		0.068109		0.0108569
0.106		0.0693228		0.0110835
0.107		0.0705546		0.0113119
0.108		0.0718039		0.0115418
0.109		0.07307		0.0117729
0.11		0.0743522		0.0120051
0.111		0.0756501		0.0122382
0.112		0.0769628		0.012472
0.113		0.0782899		0.0127063
0.114		0.0796307		0.0129409
0.115		0.0809846		0.0131756
0.116		0.082351		0.0134103
0.117		0.0837295		0.0136448
0.118		0.0851193		0.013879
0.119		0.08652		0.0141127
0.12		0.0879311		0.0143458
0.121		0.0893519		0.0145782
0.122		0.0907821		0.0148098
0.123		0.092221		0.0150404
0.124		0.0936683		0.0152699
0.125		0.0951234		0.0154982
0.126		0.0965859		0.0157252
0.127		0.0980554		0.0159509
0.128		0.0995313		0.0161751
0.129		0.101013		0.0163977
0.13		0.102501		0.0166188
0.131		0.103994		0.0168381
0.132		0.105492		0.0170557
0.133		0.106994		0.0172714
0.134		0.1085		0.0174852
0.135		0.110011		0.017697
0.136		0.111524		0.0179069
0.137		0.113041		0.0181147
0.138		0.114561		0.0183203
0.139		0.116083		0.0185238
0.14		0.117607		0.0187251
0.141		0.119133		0.0189242
0.142		0.120661		0.019121
0.143		0.12219		0.0193155
0.144		0.12372		0.0195076
0.145		0.125251		0.0196974
0.146		0.126782		0.0198848
0.147		0.128314		0.0200699
0.148		0.129846		0.0202524
0.149		0.131378		0.0204326
0.15		0.13291		0.0206102
0.151		0.134441		0.0207854
0.152		0.135972		0.0209581
0.153		0.137501		0.0211284
0.154		0.13903		0.0212961
0.155		0.140557		0.0214613
0.156		0.142083		0.021624
0.157		0.143607		0.0217842
0.158		0.14513		0.0219418
0.159		0.14665		0.0220969
0.16		0.148169		0.0222496
0.161		0.149685		0.0223997
0.162		0.1512		0.0225473
0.163		0.152711		0.0226924
0.164		0.154221		0.0228349
0.165		0.155727		0.022975
0.166		0.157231		0.0231126
0.167		0.158732		0.0232478
0.168		0.16023		0.0233804
0.169		0.161725		0.0235106
0.17		0.163217		0.0236384
0.171		0.164706		0.0237637
0.172		0.166191		0.0238866
0.173		0.167673		0.0240071
0.174		0.169151		0.0241251
0.175		0.170625		0.0242408
0.176		0.172096		0.0243542
0.177		0.173563		0.0244651
0.178		0.175027		0.0245738
0.179		0.176486		0.0246801
0.18		0.177942		0.0247841
0.181		0.179393		0.0248859
0.182		0.18084		0.0249853
0.183		0.182284		0.0250825
0.184		0.183723		0.0251775
0.185		0.185157		0.0252703
0.186		0.186588		0.0253608
0.187		0.188014		0.0254492
0.188		0.189436		0.0255354
0.189		0.190853		0.0256195
0.19		0.192266		0.0257015
0.191		0.193674		0.0257813
0.192		0.195078		0.0258591
0.193		0.196477		0.0259348
0.194		0.197871		0.0260085
0.195		0.199261		0.0260801
0.196		0.200646		0.0261497
0.197		0.202026		0.0262174
0.198		0.203401		0.0262831
0.199		0.204772		0.0263468
0.2		0.206137		0.0264086
0.201		0.207498		0.0264685
0.202		0.208854		0.0265265
0.203		0.210205		0.0265827
0.204		0.211551		0.026637
0.205		0.212891		0.0266894
0.206		0.214227		0.0267401
0.207		0.215558		0.026789
0.208		0.216884		0.0268361
0.209		0.218204		0.0268815
0.21		0.21952		0.0269251
0.211		0.22083		0.0269671
0.212		0.222135		0.0270073
0.213		0.223435		0.0270459
0.214		0.224729		0.0270828
0.215		0.226019		0.0271181
0.216		0.227303		0.0271518
0.217		0.228581		0.0271838
0.218		0.229855		0.0272143
0.219		0.231123		0.0272433
0.22		0.232386		0.0272707
0.221		0.233643		0.0272966
0.222		0.234895		0.027321
0.223		0.236142		0.0273439
0.224		0.237383		0.0273654
0.225		0.238619		0.0273854
0.226		0.239849		0.027404
0.227		0.241074		0.0274211
0.228		0.242293		0.0274369
0.229		0.243507		0.0274513
0.23		0.244715		0.0274643
0.231		0.245918		0.027476
0.232		0.247115		0.0274864
0.233		0.248307		0.0274955
0.234		0.249493		0.0275033
0.235		0.250674		0.0275098
0.236		0.251849		0.027515
0.237		0.253018		0.027519
0.238		0.254181		0.0275218
0.239		0.25534		0.0275234
0.24		0.256492		0.0275238
0.241		0.257639		0.027523
0.242		0.25878		0.0275211
0.243		0.259915		0.027518
0.244		0.261045		0.0275138
0.245		0.262169		0.0275085
0.246		0.263287		0.027502
0.247		0.264399		0.0274945
0.248		0.265506		0.027486
0.249		0.266607		0.0274763
0.25		0.267702		0.0274657
0.251		0.268792		0.027454
0.252		0.269875		0.0274413
0.253		0.270953		0.0274276
0.254		0.272025		0.0274129
0.255		0.273092		0.0273973
0.256		0.274152		0.0273807
0.257		0.275207		0.0273632
0.258		0.276256		0.0273447
0.259		0.277299		0.0273254
0.26		0.278336		0.0273051
0.261		0.279367		0.027284
0.262		0.280392		0.027262
0.263		0.281412		0.0272391
0.264		0.282426		0.0272154
0.265		0.283434		0.0271909
0.266		0.284435		0.0271655
0.267		0.285431		0.0271394
0.268		0.286422		0.0271124
0.269		0.287406		0.0270847
0.27		0.288384		0.0270562
0.271		0.289356		0.0270269
0.272		0.290323		0.0269969
0.273		0.291283		0.0269661
0.274		0.292238		0.0269347
0.275		0.293187		0.0269025
0.276		0.294129		0.0268697
0.277		0.295066		0.0268361
0.278		0.295997		0.0268019
0.279		0.296922		0.026767
0.28		0.297841		0.0267315
0.281		0.298754		0.0266953
0.282		0.299661		0.0266585
0.283		0.300562		0.026621
0.284		0.301457		0.026583
0.285		0.302346		0.0265444
0.286		0.30323		0.0265052
0.287		0.304107		0.0264654
0.288		0.304978		0.026425
0.289		0.305844		0.0263841
0.29		0.306703		0.0263427
0.291		0.307556		0.0263007
0.292		0.308404		0.0262582
0.293		0.309245		0.0262151
0.294		0.310081		0.0261716
0.295		0.31091		0.0261276
0.296		0.311734		0.0260831
0.297		0.312551		0.0260381
0.298		0.313363		0.0259926
0.299		0.314169		0.0259467
0.3		0.314969		0.0259003
0.301		0.315762		0.0258535
0.302		0.31655		0.0258063
0.303		0.317332		0.0257587
0.304		0.318108		0.0257106
0.305		0.318878		0.0256621
0.306		0.319642		0.0256133
0.307		0.3204		0.025564
0.308		0.321152		0.0255144
0.309		0.321899		0.0254644
0.31		0.322639		0.0254141
0.311		0.323373		0.0253634
0.312		0.324102		0.0253123
0.313		0.324825		0.025261
0.314		0.325541		0.0252092
0.315		0.326252		0.0251572
0.316		0.326957		0.0251049
0.317		0.327656		0.0250522
0.318		0.328349		0.0249993
0.319		0.329037		0.0249461
0.32		0.329718		0.0248926
0.321		0.330394		0.0248388
0.322		0.331063		0.0247847
0.323		0.331727		0.0247304
0.324		0.332385		0.0246758
0.325		0.333037		0.024621
0.326		0.333684		0.024566
0.327		0.334324		0.0245107
0.328		0.334959		0.0244552
0.329		0.335588		0.0243995
0.33		0.336211		0.0243436
0.331		0.336829		0.0242874
0.332		0.337441		0.0242311
0.333		0.338046		0.0241746
0.334		0.338647		0.0241179
0.335		0.339241		0.024061
0.336		0.33983		0.0240039
0.337		0.340413		0.0239467
0.338		0.34099		0.0238893
0.339		0.341562		0.0238318
0.34		0.342127		0.0237741
0.341		0.342688		0.0237162
0.342		0.343242		0.0236583
0.343		0.343791		0.0236002
0.344		0.344335		0.0235419
0.345		0.344872		0.0234836
0.346		0.345404		0.0234251
0.347		0.345931		0.0233666
0.348		0.346452		0.0233079
0.349		0.346967		0.0232491
0.35		0.347477		0.0231903
0.351		0.347981		0.0231313
0.352		0.348479		0.0230723
0.353		0.348973		0.0230132
0.354		0.34946		0.022954
0.355		0.349942		0.0228947
0.356		0.350419		0.0228354
0.357		0.35089		0.022776
0.358		0.351356		0.0227166
0.359		0.351816		0.0226571
0.36		0.352271		0.0225976
0.361		0.352721		0.022538
0.362		0.353165		0.0224784
0.363		0.353603		0.0224188
0.364		0.354037		0.0223591
0.365		0.354465		0.0222995
0.366		0.354887		0.0222398
0.367		0.355305		0.02218
0.368		0.355717		0.0221203
0.369		0.356124		0.0220606
0.37		0.356525		0.0220008
0.371		0.356921		0.0219411
0.372		0.357312		0.0218813
0.373		0.357698		0.0218216
0.374		0.358079		0.0217619
0.375		0.358454		0.0217022
0.376		0.358824		0.0216425
0.377		0.35919		0.0215828
0.378		0.35955		0.0215232
0.379		0.359904		0.0214636
0.38		0.360254		0.021404
0.381		0.360599		0.0213444
0.382		0.360938		0.0212849
0.383		0.361273		0.0212254
0.384		0.361603		0.021166
0.385		0.361927		0.0211066
0.386		0.362247		0.0210473
0.387		0.362561		0.020988
0.388		0.362871		0.0209288
0.389		0.363176		0.0208697
0.39		0.363475		0.0208106
0.391		0.36377		0.0207515
0.392		0.36406		0.0206926
0.393		0.364345		0.0206337
0.394		0.364626		0.0205748
0.395		0.364901		0.0205161
0.396		0.365172		0.0204574
0.397		0.365438		0.0203988
0.398		0.365699		0.0203403
0.399		0.365955		0.0202818
0.4		0.366207		0.0202235
0.401		0.366454		0.0201652
0.402		0.366696		0.0201071
0.403		0.366933		0.020049
0.404		0.367166		0.019991
0.405		0.367395		0.0199331
0.406		0.367618		0.0198753
0.407		0.367837		0.0198177
0.408		0.368052		0.0197601
0.409		0.368262		0.0197026
0.41		0.368467		0.0196452
0.411		0.368668		0.019588
0.412		0.368865		0.0195308
0.413		0.369057		0.0194737
0.414		0.369244		0.0194168
0.415		0.369427		0.01936
0.416		0.369606		0.0193033
0.417		0.36978		0.0192467
0.418		0.36995		0.0191903
0.419		0.370116		0.0191339
0.42		0.370277		0.0190777
0.421		0.370434		0.0190216
0.422		0.370586		0.0189656
0.423		0.370735		0.0189098
0.424		0.370879		0.0188541
0.425		0.371019		0.0187985
0.426		0.371154		0.018743
0.427		0.371286		0.0186877
0.428		0.371413		0.0186325
0.429		0.371537		0.0185774
0.43		0.371656		0.0185225
0.431		0.371771		0.0184677
0.432		0.371881		0.0184131
0.433		0.371988		0.0183586
0.434		0.372091		0.0183042
0.435		0.37219		0.01825
0.436		0.372285		0.0181959
0.437		0.372375		0.0181419
0.438		0.372462		0.0180881
0.439		0.372545		0.0180344
0.44		0.372624		0.0179809
0.441		0.372699		0.0179276
0.442		0.37277		0.0178743
0.443		0.372838		0.0178213
0.444		0.372901		0.0177683
0.445		0.372961		0.0177155
0.446		0.373017		0.0176629
0.447		0.373069		0.0176104
0.448		0.373118		0.0175581
0.449		0.373162		0.0175059
0.45		0.373203		0.0174539
0.451		0.37324		0.017402
0.452		0.373274		0.0173503
0.453		0.373304		0.0172987
0.454		0.37333		0.0172473
0.455		0.373353		0.0171961
0.456		0.373372		0.017145
0.457		0.373388		0.017094
0.458		0.3734		0.0170432
0.459		0.373409		0.0169926
0.46		0.373414		0.0169421
0.461		0.373415		0.0168918
0.462		0.373413		0.0168416
0.463		0.373408		0.0167916
0.464		0.373399		0.0167418
0.465		0.373387		0.0166921
0.466		0.373371		0.0166425
0.467		0.373353		0.0165932
0.468		0.37333		0.016544
0.469		0.373305		0.0164949
0.47		0.373276		0.016446
0.471		0.373244		0.0163973
0.472		0.373209		0.0163487
0.473		0.37317		0.0163003
0.474		0.373128		0.0162521
0.475		0.373083		0.016204
0.476		0.373035		0.0161561
0.477		0.372984		0.0161083
0.478		0.372929		0.0160607
0.479		0.372872		0.0160133
0.48		0.372811		0.015966
0.481		0.372747		0.0159189
0.482		0.37268		0.0158719
0.483		0.372611		0.0158251
0.484		0.372538		0.0157785
0.485		0.372462		0.0157321
0.486		0.372383		0.0156857
0.487		0.372301		0.0156396
0.488		0.372217		0.0155936
0.489		0.372129		0.0155478
0.49		0.372039		0.0155022
0.491		0.371945		0.0154567
0.492		0.371849		0.0154113
0.493		0.37175		0.0153662
0.494		0.371648		0.0153212
0.495		0.371543		0.0152763
0.496		0.371436		0.0152316
0.497		0.371326		0.0151871
0.498		0.371213		0.0151428
0.499		0.371097		0.0150986
0.5		0.370979		0.0150545
0.501		0.370858		0.0150106
0.502		0.370734		0.0149669
0.503		0.370607		0.0149234
0.504		0.370478		0.01488
0.505		0.370347		0.0148368
0.506		0.370213		0.0147937
0.507		0.370076		0.0147508
0.508		0.369937		0.014708
0.509		0.369795		0.0146654
0.51		0.36965		0.014623
0.511		0.369503		0.0145808
0.512		0.369354		0.0145386
0.513		0.369202		0.0144967
0.514		0.369048		0.0144549
0.515		0.368891		0.0144133
0.516		0.368732		0.0143718
0.517		0.368571		0.0143305
0.518		0.368407		0.0142893
0.519		0.368241		0.0142483
0.52		0.368072		0.0142075
0.521		0.367902		0.0141668
0.522		0.367728		0.0141263
0.523		0.367553		0.0140859
0.524		0.367375		0.0140457
0.525		0.367195		0.0140056
0.526		0.367013		0.0139657
0.527		0.366829		0.013926
0.528		0.366642		0.0138864
0.529		0.366454		0.013847
0.53		0.366263		0.0138077
0.531		0.36607		0.0137686
0.532		0.365875		0.0137296
0.533		0.365677		0.0136908
0.534		0.365478		0.0136521
0.535		0.365277		0.0136136
0.536		0.365073		0.0135753
0.537		0.364868		0.013537
0.538		0.36466		0.013499
0.539		0.364451		0.0134611
0.54		0.364239		0.0134233
0.541		0.364026		0.0133857
0.542		0.36381		0.0133483
0.543		0.363593		0.013311
0.544		0.363374		0.0132739
0.545		0.363152		0.0132369
0.546		0.362929		0.0132
0.547		0.362704		0.0131633
0.548		0.362478		0.0131268
0.549		0.362249		0.0130903
0.55		0.362018		0.0130541
0.551		0.361786		0.013018
0.552		0.361552		0.012982
0.553		0.361316		0.0129462
0.554		0.361078		0.0129105
0.555		0.360839		0.012875
0.556		0.360598		0.0128396
0.557		0.360355		0.0128044
0.558		0.36011		0.0127693
0.559		0.359864		0.0127344
0.56		0.359616		0.0126996
0.561		0.359367		0.0126649
0.562		0.359115		0.0126304
0.563		0.358863		0.012596
0.564		0.358608		0.0125618
0.565		0.358352		0.0125277
0.566		0.358094		0.0124937
0.567		0.357835		0.0124599
0.568		0.357574		0.0124263
0.569		0.357312		0.0123927
0.57		0.357048		0.0123593
0.571		0.356783		0.0123261
0.572		0.356516		0.012293
0.573		0.356248		0.01226
0.574		0.355978		0.0122272
0.575		0.355707		0.0121945
0.576		0.355434		0.0121619
0.577		0.35516		0.0121295
0.578		0.354885		0.0120972
0.579		0.354608		0.012065
0.58		0.354329		0.012033
0.581		0.35405		0.0120011
0.582		0.353769		0.0119694
0.583		0.353486		0.0119377
0.584		0.353203		0.0119062
0.585		0.352918		0.0118749
0.586		0.352631		0.0118437
0.587		0.352344		0.0118126
0.588		0.352055		0.0117816
0.589		0.351765		0.0117508
0.59		0.351473		0.0117201
0.591		0.351181		0.0116895
0.592		0.350887		0.0116591
0.593		0.350592		0.0116287
0.594		0.350295		0.0115986
0.595		0.349998		0.0115685
0.596		0.349699		0.0115386
0.597		0.349399		0.0115088
0.598		0.349099		0.0114791
0.599		0.348796		0.0114495
0.6		0.348493		0.0114201
0.601		0.348189		0.0113908
0.602		0.347883		0.0113616
0.603		0.347577		0.0113326
0.604		0.347269		0.0113036
0.605		0.346961		0.0112748
0.606		0.346651		0.0112461
0.607		0.34634		0.0112176
0.608		0.346028		0.0111891
0.609		0.345716		0.0111608
0.61		0.345402		0.0111326
0.611		0.345087		0.0111045
0.612		0.344771		0.0110766
0.613		0.344455		0.0110487
0.614		0.344137		0.011021
0.615		0.343818		0.0109934
0.616		0.343499		0.0109659
0.617		0.343178		0.0109385
0.618		0.342857		0.0109113
0.619		0.342534		0.0108841
0.62		0.342211		0.0108571
0.621		0.341887		0.0108302
0.622		0.341562		0.0108034
0.623		0.341236		0.0107767
0.624		0.340909		0.0107502
0.625		0.340582		0.0107237
0.626		0.340254		0.0106974
0.627		0.339924		0.0106712
0.628		0.339594		0.010645
0.629		0.339264		0.010619
0.63		0.338932		0.0105931
0.631		0.3386		0.0105674
0.632		0.338266		0.0105417
0.633		0.337933		0.0105161
0.634		0.337598		0.0104907
0.635		0.337263		0.0104653
0.636		0.336927		0.0104401
0.637		0.33659		0.0104149
0.638		0.336252		0.0103899
0.639		0.335914		0.010365
0.64		0.335575		0.0103402
0.641		0.335236		0.0103155
0.642		0.334895		0.0102909
0.643		0.334554		0.0102664
0.644		0.334213		0.010242
0.645		0.333871		0.0102177
0.646		0.333528		0.0101935
0.647		0.333184		0.0101694
0.648		0.33284		0.0101454
0.649		0.332496		0.0101215
0.65		0.33215		0.0100978
0.651		0.331805		0.0100741
0.652		0.331458		0.0100505
0.653		0.331111		0.010027
0.654		0.330764		0.0100036
0.655		0.330416		0.00998035
0.656		0.330067		0.00995717
0.657		0.329718		0.00993408
0.658		0.329368		0.00991109
0.659		0.329018		0.0098882
0.66		0.328667		0.00986541
0.661		0.328316		0.00984271
0.662		0.327964		0.0098201
0.663		0.327612		0.00979759
0.664		0.327259		0.00977518
0.665		0.326906		0.00975286
0.666		0.326553		0.00973063
0.667		0.326199		0.0097085
0.668		0.325844		0.00968646
0.669		0.325489		0.00966451
0.67		0.325134		0.00964266
0.671		0.324778		0.00962089
0.672		0.324422		0.00959922
0.673		0.324066		0.00957763
0.674		0.323709		0.00955614
0.675		0.323351		0.00953474
0.676		0.322994		0.00951342
0.677		0.322636		0.0094922
0.678		0.322277		0.00947106
0.679		0.321918		0.00945001
0.68		0.321559		0.00942905
0.681		0.3212		0.00940817
0.682		0.32084		0.00938738
0.683		0.32048		0.00936668
0.684		0.320119		0.00934606
0.685		0.319758		0.00932553
0.686		0.319397		0.00930508
0.687		0.319036		0.00928472
0.688		0.318674		0.00926444
0.689		0.318312		0.00924424
0.69		0.31795		0.00922413
0.691		0.317588		0.0092041
0.692		0.317225		0.00918415
0.693		0.316862		0.00916429
0.694		0.316498		0.0091445
0.695		0.316135		0.0091248
0.696		0.315771		0.00910518
0.697		0.315407		0.00908563
0.698		0.315043		0.00906617
0.699		0.314678		0.00904678
0.7		0.314314		0.00902748
0.701		0.313949		0.00900825
0.702		0.313584		0.0089891
0.703		0.313219		0.00897003
0.704		0.312853		0.00895103
0.705		0.312487		0.00893212
0.706		0.312122		0.00891328
0.707		0.311756		0.00889451
0.708		0.31139		0.00887582
0.709		0.311023		0.0088572
0.71		0.310657		0.00883866
0.711		0.31029		0.0088202
0.712		0.309924		0.00880181
0.713		0.309557		0.00878349
0.714		0.30919		0.00876524
0.715		0.308823		0.00874707
0.716		0.308455		0.00872897
0.717		0.308088		0.00871094
0.718		0.307721		0.00869299
0.719		0.307353		0.0086751
0.72		0.306985		0.00865729
0.721		0.306618		0.00863954
0.722		0.30625		0.00862187
0.723		0.305882		0.00860426
0.724		0.305514		0.00858673
0.725		0.305146		0.00856926
0.726		0.304778		0.00855186
0.727		0.30441		0.00853453
0.728		0.304042		0.00851727
0.729		0.303673		0.00850008
0.73		0.303305		0.00848295
0.731		0.302937		0.00846589
0.732		0.302568		0.00844889
0.733		0.3022		0.00843197
0.734		0.301831		0.0084151
0.735		0.301463		0.00839831
0.736		0.301095		0.00838157
0.737		0.300726		0.00836491
0.738		0.300358		0.0083483
0.739		0.299989		0.00833176
0.74		0.299621		0.00831528
0.741		0.299252		0.00829887
0.742		0.298884		0.00828252
0.743		0.298516		0.00826623
0.744		0.298147		0.00825
0.745		0.297779		0.00823384
0.746		0.297411		0.00821774
0.747		0.297042		0.00820169
0.748		0.296674		0.00818571
0.749		0.296306		0.00816979
0.75		0.295938		0.00815393
0.751		0.29557		0.00813813
0.752		0.295202		0.00812239
0.753		0.294834		0.0081067
0.754		0.294466		0.00809108
0.755		0.294098		0.00807551
0.756		0.29373		0.00806
0.757		0.293363		0.00804455
0.758		0.292995		0.00802916
0.759		0.292627		0.00801382
0.76		0.29226		0.00799855
0.761		0.291893		0.00798332
0.762		0.291526		0.00796816
0.763		0.291158		0.00795305
0.764		0.290791		0.00793799
0.765		0.290425		0.00792299
0.766		0.290058		0.00790804
0.767		0.289691		0.00789315
0.768		0.289325		0.00787832
0.769		0.288958		0.00786354
0.77		0.288592		0.00784881
0.771		0.288226		0.00783413
0.772		0.28786		0.00781951
0.773		0.287494		0.00780494
0.774		0.287128		0.00779042
0.775		0.286763		0.00777596
0.776		0.286397		0.00776154
0.777		0.286032		0.00774718
0.778		0.285667		0.00773287
0.779		0.285302		0.00771861
0.78		0.284937		0.0077044
0.781		0.284572		0.00769024
0.782		0.284208		0.00767614
0.783		0.283844		0.00766208
0.784		0.283479		0.00764807
0.785		0.283115		0.00763411
0.786		0.282752		0.0076202
0.787		0.282388		0.00760634
0.788		0.282025		0.00759253
0.789		0.281662		0.00757876
0.79		0.281299		0.00756504
0.791		0.280936		0.00755137
0.792		0.280573		0.00753775
0.793		0.280211		0.00752418
0.794		0.279849		0.00751065
0.795		0.279487		0.00749717
0.796		0.279125		0.00748373
0.797		0.278763		0.00747034
0.798		0.278402		0.007457
0.799		0.278041		0.0074437
0.8		0.27768		0.00743045
0.801		0.277319		0.00741724
0.802		0.276959		0.00740408
0.803		0.276599		0.00739096
0.804		0.276239		0.00737789
0.805		0.275879		0.00736486
0.806		0.275519		0.00735188
0.807		0.27516		0.00733893
0.808		0.274801		0.00732603
0.809		0.274442		0.00731318
0.81		0.274084		0.00730037
0.811		0.273725		0.0072876
0.812		0.273367		0.00727487
0.813		0.27301		0.00726218
0.814		0.272652		0.00724954
0.815		0.272295		0.00723693
0.816		0.271938		0.00722437
0.817		0.271581		0.00721185
0.818		0.271225		0.00719938
0.819		0.270869		0.00718694
0.82		0.270513		0.00717454
0.821		0.270157		0.00716218
0.822		0.269802		0.00714987
0.823		0.269447		0.00713759
0.824		0.269092		0.00712535
0.825		0.268737		0.00711315
0.826		0.268383		0.00710099
0.827		0.268029		0.00708887
0.828		0.267675		0.00707679
0.829		0.267322		0.00706475
0.83		0.266969		0.00705274
0.831		0.266616		0.00704078
0.832		0.266264		0.00702885
0.833		0.265911		0.00701696
0.834		0.26556		0.0070051
0.835		0.265208		0.00699329
0.836		0.264857		0.00698151
0.837		0.264506		0.00696977
0.838		0.264155		0.00695806
0.839		0.263805		0.00694639
0.84		0.263455		0.00693476
0.841		0.263105		0.00692316
0.842		0.262755		0.0069116
0.843		0.262406		0.00690007
0.844		0.262058		0.00688858
0.845		0.261709		0.00687713
0.846		0.261361		0.00686571
0.847		0.261013		0.00685433
0.848		0.260666		0.00684298
0.849		0.260318		0.00683166
0.85		0.259972		0.00682038
0.851		0.259625		0.00680913
0.852		0.259279		0.00679792
0.853		0.258933		0.00678674
0.854		0.258588		0.0067756
0.855		0.258242		0.00676448
0.856		0.257897		0.0067534
0.857		0.257553		0.00674236
0.858		0.257209		0.00673135
0.859		0.256865		0.00672037
0.86		0.256522		0.00670942
0.861		0.256178		0.0066985
0.862		0.255836		0.00668762
0.863		0.255493		0.00667677
0.864		0.255151		0.00666595
0.865		0.254809		0.00665516
0.866		0.254468		0.00664441
0.867		0.254127		0.00663368
0.868		0.253786		0.00662299
0.869		0.253446		0.00661233
0.87		0.253106		0.00660169
0.871		0.252766		0.00659109
0.872		0.252427		0.00658052
0.873		0.252088		0.00656998
0.874		0.25175		0.00655947
0.875		0.251411		0.00654899
0.876		0.251074		0.00653854
0.877		0.250736		0.00652812
0.878		0.250399		0.00651773
0.879		0.250062		0.00650737
0.88		0.249726		0.00649704
0.881		0.24939		0.00648674
0.882		0.249054		0.00647646
0.883		0.248719		0.00646622
0.884		0.248384		0.006456
0.885		0.24805		0.00644581
0.886		0.247716		0.00643565
0.887		0.247382		0.00642552
0.888		0.247049		0.00641542
0.889		0.246716		0.00640534
0.89		0.246383		0.0063953
0.891		0.246051		0.00638528
0.892		0.245719		0.00637529
0.893		0.245387		0.00636532
0.894		0.245056		0.00635538
0.895		0.244726		0.00634547
0.896		0.244395		0.00633559
0.897		0.244065		0.00632573
0.898		0.243736		0.0063159
0.899		0.243407		0.0063061
0.9		0.243078		0.00629632
0.901		0.24275		0.00628657
0.902		0.242422		0.00627685
0.903		0.242094		0.00626715
0.904		0.241767		0.00625748
0.905		0.24144		0.00624783
0.906		0.241113		0.00623821
0.907		0.240787		0.00622861
0.908		0.240462		0.00621904
0.909		0.240136		0.0062095
0.91		0.239812		0.00619998
0.911		0.239487		0.00619048
0.912		0.239163		0.00618101
0.913		0.238839		0.00617157
0.914		0.238516		0.00616215
0.915		0.238193		0.00615275
0.916		0.237871		0.00614338
0.917		0.237549		0.00613403
0.918		0.237227		0.00612471
0.919		0.236906		0.00611541
0.92		0.236585		0.00610613
0.921		0.236264		0.00609688
0.922		0.235944		0.00608766
0.923		0.235624		0.00607845
0.924		0.235305		0.00606927
0.925		0.234986		0.00606011
0.926		0.234668		0.00605098
0.927		0.23435		0.00604187
0.928		0.234032		0.00603278
0.929		0.233715		0.00602372
0.93		0.233398		0.00601468
0.931		0.233081		0.00600566
0.932		0.232765		0.00599666
0.933		0.23245		0.00598769
0.934		0.232135		0.00597873
0.935		0.23182		0.0059698
0.936		0.231505		0.0059609
0.937		0.231191		0.00595201
0.938		0.230878		0.00594315
0.939		0.230565		0.00593431
0.94		0.230252		0.00592549
0.941		0.229939		0.00591669
0.942		0.229627		0.00590791
0.943		0.229316		0.00589916
0.944		0.229005		0.00589043
0.945		0.228694		0.00588171
0.946		0.228384		0.00587302
0.947		0.228074		0.00586435
0.948		0.227764		0.0058557
0.949		0.227455		0.00584708
0.95		0.227147		0.00583847
0.951		0.226838		0.00582988
0.952		0.226531		0.00582132
0.953		0.226223		0.00581277
0.954		0.225916		0.00580425
0.955		0.225609		0.00579574
0.956		0.225303		0.00578726
0.957		0.224998		0.00577879
0.958		0.224692		0.00577035
0.959		0.224387		0.00576193
0.96		0.224083		0.00575352
0.961		0.223779		0.00574514
0.962		0.223475		0.00573677
0.963		0.223172		0.00572843
0.964		0.222869		0.0057201
0.965		0.222566		0.0057118
0.966		0.222264		0.00570351
0.967		0.221963		0.00569524
0.968		0.221662		0.00568699
0.969		0.221361		0.00567877
0.97		0.22106		0.00567056
0.971		0.22076		0.00566236
0.972		0.220461		0.00565419
0.973		0.220162		0.00564604
0.974		0.219863		0.0056379
0.975		0.219565		0.00562979
0.976		0.219267		0.00562169
0.977		0.21897		0.00561361
0.978		0.218673		0.00560555
0.979		0.218376		0.00559751
0.98		0.21808		0.00558949
0.981		0.217784		0.00558148
0.982		0.217489		0.00557349
0.983		0.217194		0.00556552
0.984		0.216899		0.00555757
0.985		0.216605		0.00554964
0.986		0.216311		0.00554172
0.987		0.216018		0.00553382
0.988		0.215725		0.00552594
0.989		0.215433		0.00551808
0.99		0.215141		0.00551024
0.991		0.214849		0.00550241
0.992		0.214558		0.0054946
0.993		0.214267		0.0054868
0.994		0.213977		0.00547903
0.995		0.213687		0.00547127
0.996		0.213398		0.00546353
0.997		0.213109		0.0054558
0.998		0.21282		0.00544809
0.999		0.212532		0.0054404
1		0.212244		0.00543273
1.001		0.211957		0.00542507
1.002		0.21167		0.00541743
1.003		0.211383		0.00540981
1.004		0.211097		0.0054022
1.005		0.210811		0.00539461
1.006		0.210526		0.00538703
1.007		0.210241		0.00537947
1.008		0.209956		0.00537193
1.009		0.209672		0.00536441
1.01		0.209389		0.0053569
1.011		0.209105		0.0053494
1.012		0.208823		0.00534193
1.013		0.20854		0.00533446
1.014		0.208258		0.00532702
1.015		0.207977		0.00531959
1.016		0.207695		0.00531217
1.017		0.207415		0.00530478
1.018		0.207134		0.00529739
1.019		0.206854		0.00529003
1.02		0.206575		0.00528268
1.021		0.206296		0.00527534
1.022		0.206017		0.00526802
1.023		0.205739		0.00526071
1.024		0.205461		0.00525342
1.025		0.205184		0.00524615
1.026		0.204907		0.00523889
1.027		0.20463		0.00523165
1.028		0.204354		0.00522442
1.029		0.204078		0.0052172
1.03		0.203803		0.00521001
1.031		0.203528		0.00520282
1.032		0.203253		0.00519565
1.033		0.202979		0.0051885
1.034		0.202706		0.00518136
1.035		0.202432		0.00517423
1.036		0.202159		0.00516712
1.037		0.201887		0.00516003
1.038		0.201615		0.00515295
1.039		0.201343		0.00514588
1.04		0.201072		0.00513883
1.041		0.200801		0.00513179
1.042		0.200531		0.00512477
1.043		0.200261		0.00511776
1.044		0.199991		0.00511076
1.045		0.199722		0.00510378
1.046		0.199453		0.00509682
1.047		0.199185		0.00508987
1.048		0.198917		0.00508293
1.049		0.198649		0.005076
1.05		0.198382		0.00506909
1.051		0.198115		0.0050622
1.052		0.197849		0.00505531
1.053		0.197583		0.00504845
1.054		0.197318		0.00504159
1.055		0.197053		0.00503475
1.056		0.196788		0.00502792
1.057		0.196524		0.00502111
1.058		0.19626		0.00501431
1.059		0.195996		0.00500752
1.06		0.195733		0.00500075
1.061		0.19547		0.00499399
1.062		0.195208		0.00498724
1.063		0.194946		0.00498051
1.064		0.194685		0.00497379
1.065		0.194424		0.00496708
1.066		0.194163		0.00496039
1.067		0.193903		0.00495371
1.068		0.193643		0.00494704
1.069		0.193384		0.00494039
1.07		0.193125		0.00493375
1.071		0.192866		0.00492712
1.072		0.192608		0.00492051
1.073		0.19235		0.0049139
1.074		0.192093		0.00490731
1.075		0.191835		0.00490074
1.076		0.191579		0.00489417
1.077		0.191323		0.00488762
1.078		0.191067		0.00488109
1.079		0.190811		0.00487456
1.08		0.190556		0.00486805
1.081		0.190302		0.00486155
1.082		0.190047		0.00485506
1.083		0.189794		0.00484858
1.084		0.18954		0.00484212
1.085		0.189287		0.00483567
1.086		0.189034		0.00482923
1.087		0.188782		0.00482281
1.088		0.18853		0.00481639
1.089		0.188279		0.00480999
1.09		0.188028		0.00480361
1.091		0.187777		0.00479723
1.092		0.187527		0.00479086
1.093		0.187277		0.00478451
1.094		0.187027		0.00477817
1.095		0.186778		0.00477184
1.096		0.18653		0.00476553
1.097		0.186281		0.00475922
1.098		0.186033		0.00475293
1.099		0.185786		0.00474665
1.1		0.185539		0.00474038
1.101		0.185292		0.00473413
1.102		0.185045		0.00472788
1.103		0.184799		0.00472165
1.104		0.184554		0.00471543
1.105		0.184309		0.00470922
1.106		0.184064		0.00470302
1.107		0.183819		0.00469683
1.108		0.183575		0.00469066
1.109		0.183332		0.00468449
1.11		0.183088		0.00467834
1.111		0.182846		0.0046722
1.112		0.182603		0.00466607
1.113		0.182361		0.00465995
1.114		0.182119		0.00465385
1.115		0.181878		0.00464775
1.116		0.181637		0.00464167
1.117		0.181396		0.0046356
1.118		0.181156		0.00462954
1.119		0.180916		0.00462349
1.12		0.180677		0.00461745
1.121		0.180438		0.00461142
1.122		0.180199		0.0046054
1.123		0.179961		0.0045994
1.124		0.179723		0.0045934
1.125		0.179485		0.00458742
1.126		0.179248		0.00458145
1.127		0.179011		0.00457549
1.128		0.178775		0.00456954
1.129		0.178539		0.0045636
1.13		0.178303		0.00455767
1.131		0.178068		0.00455175
1.132		0.177833		0.00454584
1.133		0.177599		0.00453995
1.134		0.177365		0.00453406
1.135		0.177131		0.00452819
1.136		0.176897		0.00452232
1.137		0.176664		0.00451647
1.138		0.176432		0.00451063
1.139		0.176199		0.00450479
1.14		0.175968		0.00449897
1.141		0.175736		0.00449316
1.142		0.175505		0.00448736
1.143		0.175274		0.00448157
1.144		0.175044		0.00447579
1.145		0.174814		0.00447002
1.146		0.174584		0.00446426
1.147		0.174355		0.00445851
1.148		0.174126		0.00445277
1.149		0.173897		0.00444705
1.15		0.173669		0.00444133
1.151		0.173441		0.00443562
1.152		0.173214		0.00442992
1.153		0.172987		0.00442424
1.154		0.17276		0.00441856
1.155		0.172533		0.00441289
1.156		0.172307		0.00440724
1.157		0.172082		0.00440159
1.158		0.171857		0.00439595
1.159		0.171632		0.00439033
1.16		0.171407		0.00438471
1.161		0.171183		0.0043791
1.162		0.170959		0.00437351
1.163		0.170736		0.00436792
1.164		0.170513		0.00436234
1.165		0.17029		0.00435678
1.166		0.170067		0.00435122
1.167		0.169845		0.00434567
1.168		0.169624		0.00434013
1.169		0.169402		0.00433461
1.17		0.169181		0.00432909
1.171		0.168961		0.00432358
1.172		0.168741		0.00431808
1.173		0.168521		0.00431259
1.174		0.168301		0.00430711
1.175		0.168082		0.00430164
1.176		0.167863		0.00429618
1.177		0.167645		0.00429073
1.178		0.167427		0.00428529
1.179		0.167209		0.00427986
1.18		0.166992		0.00427444
1.181		0.166775		0.00426903
1.182		0.166558		0.00426362
1.183		0.166342		0.00425823
1.184		0.166126		0.00425285
1.185		0.16591		0.00424747
1.186		0.165695		0.00424211
1.187		0.16548		0.00423675
1.188		0.165265		0.0042314
1.189		0.165051		0.00422607
1.19		0.164837		0.00422074
1.191		0.164623		0.00421542
1.192		0.16441		0.00421011
1.193		0.164197		0.00420481
1.194		0.163985		0.00419952
1.195		0.163773		0.00419423
1.196		0.163561		0.00418896
1.197		0.163349		0.0041837
1.198		0.163138		0.00417844
1.199		0.162928		0.0041732
1.2		0.162717		0.00416796
1.201		0.162507		0.00416273
1.202		0.162297		0.00415751
1.203		0.162088		0.0041523
1.204		0.161879		0.0041471
1.205		0.16167		0.00414191
1.206		0.161462		0.00413673
1.207		0.161254		0.00413155
1.208		0.161046		0.00412639
1.209		0.160838		0.00412123
1.21		0.160631		0.00411608
1.211		0.160425		0.00411094
1.212		0.160218		0.00410581
1.213		0.160012		0.00410069
1.214		0.159807		0.00409558
1.215		0.159601		0.00409048
1.216		0.159396		0.00408538
1.217		0.159191		0.00408029
1.218		0.158987		0.00407522
1.219		0.158783		0.00407015
1.22		0.158579		0.00406509
1.221		0.158376		0.00406003
1.222		0.158173		0.00405499
1.223		0.15797		0.00404996
1.224		0.157768		0.00404493
1.225		0.157566		0.00403991
1.226		0.157364		0.0040349
1.227		0.157163		0.0040299
1.228		0.156962		0.00402491
1.229		0.156761		0.00401993
1.23		0.156561		0.00401495
1.231		0.156361		0.00400998
1.232		0.156161		0.00400502
1.233		0.155961		0.00400007
1.234		0.155762		0.00399513
1.235		0.155564		0.0039902
1.236		0.155365		0.00398527
1.237		0.155167		0.00398035
1.238		0.154969		0.00397545
1.239		0.154772		0.00397054
1.24		0.154575		0.00396565
1.241		0.154378		0.00396077
1.242		0.154181		0.00395589
1.243		0.153985		0.00395102
1.244		0.153789		0.00394616
1.245		0.153594		0.00394131
1.246		0.153398		0.00393647
1.247		0.153203		0.00393163
1.248		0.153009		0.00392681
1.249		0.152815		0.00392199
1.25		0.152621		0.00391718
1.251		0.152427		0.00391237
1.252		0.152234		0.00390758
1.253		0.152041		0.00390279
1.254		0.151848		0.00389801
1.255		0.151656		0.00389324
1.256		0.151464		0.00388848
1.257		0.151272		0.00388372
1.258		0.15108		0.00387897
1.259		0.150889		0.00387423
1.26		0.150698		0.0038695
1.261		0.150508		0.00386478
1.262		0.150318		0.00386006
1.263		0.150128		0.00385535
1.264		0.149938		0.00385065
1.265		0.149749		0.00384596
1.266		0.14956		0.00384127
1.267		0.149371		0.0038366
1.268		0.149183		0.00383193
1.269		0.148995		0.00382727
1.27		0.148807		0.00382261
1.271		0.14862		0.00381797
1.272		0.148433		0.00381333
1.273		0.148246		0.0038087
1.274		0.14806		0.00380407
1.275		0.147873		0.00379946
1.276		0.147687		0.00379485
1.277		0.147502		0.00379025
1.278		0.147317		0.00378565
1.279		0.147132		0.00378107
1.28		0.146947		0.00377649
1.281		0.146763		0.00377192
1.282		0.146578		0.00376736
1.283		0.146395		0.0037628
1.284		0.146211		0.00375825
1.285		0.146028		0.00375371
1.286		0.145845		0.00374918
1.287		0.145663		0.00374465
1.288		0.14548		0.00374013
1.289		0.145298		0.00373562
1.29		0.145117		0.00373112
1.291		0.144935		0.00372662
1.292		0.144754		0.00372213
1.293		0.144573		0.00371765
1.294		0.144393		0.00371318
1.295		0.144213		0.00370871
1.296		0.144033		0.00370425
1.297		0.143853		0.0036998
1.298		0.143674		0.00369535
1.299		0.143495		0.00369092
1.3		0.143316		0.00368648
1.301		0.143137		0.00368206
1.302		0.142959		0.00367764
1.303		0.142781		0.00367323
1.304		0.142604		0.00366883
1.305		0.142427		0.00366444
1.306		0.14225		0.00366005
1.307		0.142073		0.00365567
1.308		0.141896		0.0036513
1.309		0.14172		0.00364693
1.31		0.141544		0.00364257
1.311		0.141369		0.00363822
1.312		0.141194		0.00363387
1.313		0.141019		0.00362953
1.314		0.140844		0.0036252
1.315		0.140669		0.00362088
1.316		0.140495		0.00361656
1.317		0.140321		0.00361225
1.318		0.140148		0.00360795
1.319		0.139975		0.00360365
1.32		0.139802		0.00359936
1.321		0.139629		0.00359508
1.322		0.139456		0.0035908
1.323		0.139284		0.00358653
1.324		0.139112		0.00358227
1.325		0.138941		0.00357801
1.326		0.138769		0.00357377
1.327		0.138598		0.00356952
1.328		0.138427		0.00356529
1.329		0.138257		0.00356106
1.33		0.138087		0.00355684
1.331		0.137917		0.00355263
1.332		0.137747		0.00354842
1.333		0.137578		0.00354422
1.334		0.137409		0.00354002
1.335		0.13724		0.00353584
1.336		0.137071		0.00353165
1.337		0.136903		0.00352748
1.338		0.136735		0.00352331
1.339		0.136567		0.00351915
1.34		0.1364		0.003515
1.341		0.136233		0.00351085
1.342		0.136066		0.00350671
1.343		0.135899		0.00350257
1.344		0.135733		0.00349845
1.345		0.135566		0.00349433
1.346		0.135401		0.00349021
1.347		0.135235		0.0034861
1.348		0.13507		0.003482
1.349		0.134905		0.00347791
1.35		0.13474		0.00347382
1.351		0.134575		0.00346974
1.352		0.134411		0.00346566
1.353		0.134247		0.00346159
1.354		0.134083		0.00345753
1.355		0.13392		0.00345347
1.356		0.133757		0.00344942
1.357		0.133594		0.00344538
1.358		0.133431		0.00344134
1.359		0.133269		0.00343731
1.36		0.133107		0.00343329
1.361		0.132945		0.00342927
1.362		0.132783		0.00342526
1.363		0.132622		0.00342126
1.364		0.132461		0.00341726
1.365		0.1323		0.00341326
1.366		0.132139		0.00340928
1.367		0.131979		0.0034053
1.368		0.131819		0.00340133
1.369		0.131659		0.00339736
1.37		0.1315		0.0033934
1.371		0.131341		0.00338944
1.372		0.131182		0.00338549
1.373		0.131023		0.00338155
1.374		0.130864		0.00337762
1.375		0.130706		0.00337369
1.376		0.130548		0.00336976
1.377		0.13039		0.00336585
1.378		0.130233		0.00336193
1.379		0.130076		0.00335803
1.38		0.129919		0.00335413
1.381		0.129762		0.00335024
1.382		0.129606		0.00334635
1.383		0.129449		0.00334247
1.384		0.129293		0.0033386
1.385		0.129138		0.00333473
1.386		0.128982		0.00333087
1.387		0.128827		0.00332701
1.388		0.128672		0.00332316
1.389		0.128517		0.00331931
1.39		0.128363		0.00331548
1.391		0.128209		0.00331164
1.392		0.128055		0.00330782
1.393		0.127901		0.003304
1.394		0.127748		0.00330018
1.395		0.127594		0.00329637
1.396		0.127442		0.00329257
1.397		0.127289		0.00328878
1.398		0.127136		0.00328499
1.399		0.126984		0.0032812
1.4		0.126832		0.00327742
1.401		0.12668		0.00327365
1.402		0.126529		0.00326988
1.403		0.126378		0.00326612
1.404		0.126227		0.00326237
1.405		0.126076		0.00325862
1.406		0.125925		0.00325487
1.407		0.125775		0.00325114
1.408		0.125625		0.0032474
1.409		0.125475		0.00324368
1.41		0.125326		0.00323996
1.411		0.125176		0.00323624
1.412		0.125027		0.00323254
1.413		0.124879		0.00322883
1.414		0.12473		0.00322514
1.415		0.124582		0.00322144
1.416		0.124433		0.00321776
1.417		0.124286		0.00321408
1.418		0.124138		0.0032104
1.419		0.12399		0.00320674
1.42		0.123843		0.00320307
1.421		0.123696		0.00319942
1.422		0.12355		0.00319576
1.423		0.123403		0.00319212
1.424		0.123257		0.00318848
1.425		0.123111		0.00318484
1.426		0.122965		0.00318121
1.427		0.12282		0.00317759
1.428		0.122674		0.00317397
1.429		0.122529		0.00317036
1.43		0.122384		0.00316675
1.431		0.12224		0.00316315
1.432		0.122096		0.00315956
1.433		0.121951		0.00315597
1.434		0.121807		0.00315238
1.435		0.121664		0.0031488
1.436		0.12152		0.00314523
1.437		0.121377		0.00314166
1.438		0.121234		0.0031381
1.439		0.121091		0.00313454
1.44		0.120949		0.00313099
1.441		0.120807		0.00312745
1.442		0.120664		0.00312391
1.443		0.120523		0.00312037
1.444		0.120381		0.00311684
1.445		0.12024		0.00311332
1.446		0.120098		0.0031098
1.447		0.119957		0.00310628
1.448		0.119817		0.00310278
1.449		0.119676		0.00309927
1.45		0.119536		0.00309578
1.451		0.119396		0.00309228
1.452		0.119256		0.0030888
1.453		0.119116		0.00308532
1.454		0.118977		0.00308184
1.455		0.118838		0.00307837
1.456		0.118699		0.0030749
1.457		0.11856		0.00307144
1.458		0.118422		0.00306799
1.459		0.118283		0.00306454
1.46		0.118145		0.0030611
1.461		0.118007		0.00305766
1.462		0.11787		0.00305422
1.463		0.117732		0.0030508
1.464		0.117595		0.00304737
1.465		0.117458		0.00304395
1.466		0.117321		0.00304054
1.467		0.117185		0.00303713
1.468		0.117049		0.00303373
1.469		0.116913		0.00303034
1.47		0.116777		0.00302694
1.471		0.116641		0.00302356
1.472		0.116505		0.00302017
1.473		0.11637		0.0030168
1.474		0.116235		0.00301343
1.475		0.1161		0.00301006
1.476		0.115966		0.0030067
1.477		0.115831		0.00300334
1.478		0.115697		0.00299999
1.479		0.115563		0.00299665
1.48		0.115429		0.00299331
1.481		0.115296		0.00298997
1.482		0.115163		0.00298664
1.483		0.115029		0.00298331
1.484		0.114897		0.00297999
1.485		0.114764		0.00297668
1.486		0.114631		0.00297337
1.487		0.114499		0.00297006
1.488		0.114367		0.00296676
1.489		0.114235		0.00296347
1.49		0.114103		0.00296018
1.491		0.113972		0.00295689
1.492		0.113841		0.00295361
1.493		0.11371		0.00295033
1.494		0.113579		0.00294706
1.495		0.113448		0.0029438
1.496		0.113318		0.00294054
1.497		0.113188		0.00293728
1.498		0.113058		0.00293403
1.499		0.112928		0.00293078
1.5		0.112798		0.00292754
1.501		0.112669		0.00292431
1.502		0.11254		0.00292108
1.503		0.112411		0.00291785
1.504		0.112282		0.00291463
1.505		0.112153		0.00291141
1.506		0.112025		0.0029082
1.507		0.111897		0.00290499
1.508		0.111769		0.00290179
1.509		0.111641		0.00289859
1.51		0.111513		0.0028954
1.511		0.111386		0.00289221
1.512		0.111259		0.00288903
1.513		0.111132		0.00288585
1.514		0.111005		0.00288268
1.515		0.110878		0.00287951
1.516		0.110752		0.00287634
1.517		0.110626		0.00287319
1.518		0.1105		0.00287003
1.519		0.110374		0.00286688
1.52		0.110248		0.00286374
1.521		0.110123		0.0028606
1.522		0.109998		0.00285746
1.523		0.109873		0.00285433
1.524		0.109748		0.0028512
1.525		0.109623		0.00284808
1.526		0.109499		0.00284497
1.527		0.109375		0.00284185
1.528		0.109251		0.00283875
1.529		0.109127		0.00283564
1.53		0.109003		0.00283254
1.531		0.10888		0.00282945
1.532		0.108757		0.00282636
1.533		0.108633		0.00282328
1.534		0.108511		0.0028202
1.535		0.108388		0.00281712
1.536		0.108265		0.00281405
1.537		0.108143		0.00281099
1.538		0.108021		0.00280792
1.539		0.107899		0.00280487
1.54		0.107777		0.00280181
1.541		0.107656		0.00279877
1.542		0.107534		0.00279572
1.543		0.107413		0.00279268
1.544		0.107292		0.00278965
1.545		0.107171		0.00278662
1.546		0.107051		0.0027836
1.547		0.10693		0.00278057
1.548		0.10681		0.00277756
1.549		0.10669		0.00277455
1.55		0.10657		0.00277154
1.551		0.106451		0.00276854
1.552		0.106331		0.00276554
1.553		0.106212		0.00276254
1.554		0.106093		0.00275955
1.555		0.105974		0.00275657
1.556		0.105855		0.00275359
1.557		0.105736		0.00275061
1.558		0.105618		0.00274764
1.559		0.1055		0.00274467
1.56		0.105382		0.00274171
1.561		0.105264		0.00273875
1.562		0.105146		0.0027358
1.563		0.105029		0.00273285
1.564		0.104912		0.0027299
1.565		0.104795		0.00272696
1.566		0.104678		0.00272402
1.567		0.104561		0.00272109
1.568		0.104444		0.00271816
1.569		0.104328		0.00271524
1.57		0.104212		0.00271232
1.571		0.104096		0.0027094
1.572		0.10398		0.00270649
1.573		0.103864		0.00270359
1.574		0.103749		0.00270068
1.575		0.103633		0.00269779
1.576		0.103518		0.00269489
1.577		0.103403		0.002692
1.578		0.103288		0.00268912
1.579		0.103174		0.00268624
1.58		0.103059		0.00268336
1.581		0.102945		0.00268049
1.582		0.102831		0.00267762
1.583		0.102717		0.00267475
1.584		0.102603		0.00267189
1.585		0.10249		0.00266904
1.586		0.102377		0.00266619
1.587		0.102263		0.00266334
1.588		0.10215		0.0026605
1.589		0.102037		0.00265766
1.59		0.101925		0.00265482
1.591		0.101812		0.00265199
1.592		0.1017		0.00264917
1.593		0.101588		0.00264634
1.594		0.101476		0.00264352
1.595		0.101364		0.00264071
1.596		0.101252		0.0026379
1.597		0.101141		0.00263509
1.598		0.10103		0.00263229
1.599		0.100918		0.00262949
1.6		0.100807		0.0026267
1.601		0.100697		0.00262391
1.602		0.100586		0.00262113
1.603		0.100476		0.00261834
1.604		0.100365		0.00261557
1.605		0.100255		0.00261279
1.606		0.100145		0.00261002
1.607		0.100035		0.00260726
1.608		0.0999257		0.0026045
1.609		0.0998163		0.00260174
1.61		0.099707		0.00259899
1.611		0.0995979		0.00259624
1.612		0.0994889		0.00259349
1.613		0.0993801		0.00259075
1.614		0.0992715		0.00258802
1.615		0.0991631		0.00258528
1.616		0.0990548		0.00258255
1.617		0.0989466		0.00257983
1.618		0.0988387		0.00257711
1.619		0.0987309		0.00257439
1.62		0.0986232		0.00257168
1.621		0.0985158		0.00256897
1.622		0.0984084		0.00256626
1.623		0.0983013		0.00256356
1.624		0.0981943		0.00256086
1.625		0.0980875		0.00255817
1.626		0.0979808		0.00255548
1.627		0.0978743		0.00255279
1.628		0.097768		0.00255011
1.629		0.0976618		0.00254743
1.63		0.0975558		0.00254476
1.631		0.09745		0.00254209
1.632		0.0973443		0.00253942
1.633		0.0972387		0.00253676
1.634		0.0971334		0.0025341
1.635		0.0970281		0.00253144
1.636		0.0969231		0.00252879
1.637		0.0968182		0.00252615
1.638		0.0967135		0.0025235
1.639		0.0966089		0.00252086
1.64		0.0965044		0.00251823
1.641		0.0964002		0.00251559
1.642		0.0962961		0.00251297
1.643		0.0961921		0.00251034
1.644		0.0960883		0.00250772
1.645		0.0959847		0.0025051
1.646		0.0958812		0.00250249
1.647		0.0957779		0.00249988
1.648		0.0956747		0.00249728
1.649		0.0955717		0.00249467
1.65		0.0954688		0.00249208
1.651		0.0953661		0.00248948
1.652		0.0952636		0.00248689
1.653		0.0951612		0.0024843
1.654		0.095059		0.00248172
1.655		0.0949569		0.00247914
1.656		0.0948549		0.00247657
1.657		0.0947532		0.00247399
1.658		0.0946515		0.00247142
1.659		0.09455		0.00246886
1.66		0.0944487		0.0024663
1.661		0.0943476		0.00246374
1.662		0.0942465		0.00246119
1.663		0.0941457		0.00245864
1.664		0.0940449		0.00245609
1.665		0.0939444		0.00245355
1.666		0.093844		0.00245101
1.667		0.0937437		0.00244847
1.668		0.0936436		0.00244594
1.669		0.0935436		0.00244341
1.67		0.0934438		0.00244089
1.671		0.0933441		0.00243837
1.672		0.0932446		0.00243585
1.673		0.0931452		0.00243334
1.674		0.093046		0.00243083
1.675		0.0929469		0.00242832
1.676		0.092848		0.00242582
1.677		0.0927492		0.00242332
1.678		0.0926506		0.00242082
1.679		0.0925521		0.00241833
1.68		0.0924538		0.00241584
1.681		0.0923556		0.00241336
1.682		0.0922576		0.00241087
1.683		0.0921597		0.0024084
1.684		0.0920619		0.00240592
1.685		0.0919643		0.00240345
1.686		0.0918668		0.00240098
1.687		0.0917695		0.00239852
1.688		0.0916724		0.00239606
1.689		0.0915753		0.0023936
1.69		0.0914784		0.00239115
1.691		0.0913817		0.0023887
1.692		0.0912851		0.00238625
1.693		0.0911887		0.00238381
1.694		0.0910924		0.00238137
1.695		0.0909962		0.00237893
1.696		0.0909002		0.0023765
1.697		0.0908043		0.00237407
1.698		0.0907085		0.00237164
1.699		0.0906129		0.00236922
1.7		0.0905175		0.0023668
1.701		0.0904222		0.00236439
1.702		0.090327		0.00236198
1.703		0.090232		0.00235957
1.704		0.0901371		0.00235716
1.705		0.0900423		0.00235476
1.706		0.0899477		0.00235236
1.707		0.0898532		0.00234997
1.708		0.0897589		0.00234757
1.709		0.0896647		0.00234519
1.71		0.0895707		0.0023428
1.711		0.0894768		0.00234042
1.712		0.089383		0.00233804
1.713		0.0892893		0.00233567
1.714		0.0891958		0.00233329
1.715		0.0891025		0.00233093
1.716		0.0890093		0.00232856
1.717		0.0889162		0.0023262
1.718		0.0888232		0.00232384
1.719		0.0887304		0.00232149
1.72		0.0886377		0.00231914
1.721		0.0885452		0.00231679
1.722		0.0884528		0.00231444
1.723		0.0883605		0.0023121
1.724		0.0882684		0.00230976
1.725		0.0881764		0.00230743
1.726		0.0880845		0.0023051
1.727		0.0879928		0.00230277
1.728		0.0879012		0.00230044
1.729		0.0878097		0.00229812
1.73		0.0877184		0.0022958
1.731		0.0876272		0.00229349
1.732		0.0875362		0.00229117
1.733		0.0874452		0.00228886
1.734		0.0873544		0.00228656
1.735		0.0872638		0.00228426
1.736		0.0871733		0.00228196
1.737		0.0870829		0.00227966
1.738		0.0869926		0.00227737
1.739		0.0869025		0.00227508
1.74		0.0868125		0.00227279
1.741		0.0867226		0.00227051
1.742		0.0866329		0.00226823
1.743		0.0865433		0.00226595
1.744		0.0864538		0.00226368
1.745		0.0863645		0.00226141
1.746		0.0862752		0.00225914
1.747		0.0861862		0.00225688
1.748		0.0860972		0.00225462
1.749		0.0860084		0.00225236
1.75		0.0859197		0.0022501
1.751		0.0858311		0.00224785
1.752		0.0857427		0.0022456
1.753		0.0856544		0.00224336
1.754		0.0855662		0.00224112
1.755		0.0854782		0.00223888
1.756		0.0853902		0.00223664
1.757		0.0853024		0.00223441
1.758		0.0852148		0.00223218
1.759		0.0851272		0.00222995
1.76		0.0850398		0.00222773
1.761		0.0849525		0.00222551
1.762		0.0848654		0.00222329
1.763		0.0847784		0.00222108
1.764		0.0846914		0.00221887
1.765		0.0846047		0.00221666
1.766		0.084518		0.00221445
1.767		0.0844315		0.00221225
1.768		0.0843451		0.00221005
1.769		0.0842588		0.00220786
1.77		0.0841727		0.00220566
1.771		0.0840866		0.00220347
1.772		0.0840007		0.00220129
1.773		0.0839149		0.0021991
1.774		0.0838293		0.00219692
1.775		0.0837437		0.00219475
1.776		0.0836583		0.00219257
1.777		0.083573		0.0021904
1.778		0.0834879		0.00218823
1.779		0.0834028		0.00218607
1.78		0.0833179		0.0021839
1.781		0.0832331		0.00218174
1.782		0.0831485		0.00217959
1.783		0.0830639		0.00217743
1.784		0.0829795		0.00217528
1.785		0.0828952		0.00217313
1.786		0.082811		0.00217099
1.787		0.0827269		0.00216885
1.788		0.082643		0.00216671
1.789		0.0825591		0.00216457
1.79		0.0824754		0.00216244
1.791		0.0823919		0.00216031
1.792		0.0823084		0.00215818
1.793		0.0822251		0.00215606
1.794		0.0821418		0.00215394
1.795		0.0820587		0.00215182
1.796		0.0819757		0.0021497
1.797		0.0818929		0.00214759
1.798		0.0818101		0.00214548
1.799		0.0817275		0.00214338
1.8		0.081645		0.00214127
1.801		0.0815626		0.00213917
1.802		0.0814803		0.00213707
1.803		0.0813982		0.00213498
1.804		0.0813161		0.00213289
1.805		0.0812342		0.0021308
1.806		0.0811524		0.00212871
1.807		0.0810707		0.00212663
1.808		0.0809891		0.00212455
1.809		0.0809077		0.00212247
1.81		0.0808263		0.00212039
1.811		0.0807451		0.00211832
1.812		0.080664		0.00211625
1.813		0.080583		0.00211418
1.814		0.0805021		0.00211212
1.815		0.0804214		0.00211006
1.816		0.0803407		0.002108
1.817		0.0802602		0.00210595
1.818		0.0801798		0.00210389
1.819		0.0800995		0.00210184
1.82		0.0800193		0.0020998
1.821		0.0799392		0.00209775
1.822		0.0798592		0.00209571
1.823		0.0797794		0.00209367
1.824		0.0796997		0.00209164
1.825		0.07962		0.0020896
1.826		0.0795405		0.00208757
1.827		0.0794611		0.00208555
1.828		0.0793819		0.00208352
1.829		0.0793027		0.0020815
1.83		0.0792236		0.00207948
1.831		0.0791447		0.00207746
1.832		0.0790659		0.00207545
1.833		0.0789871		0.00207344
1.834		0.0789085		0.00207143
1.835		0.07883		0.00206943
1.836		0.0787516		0.00206742
1.837		0.0786734		0.00206542
1.838		0.0785952		0.00206343
1.839		0.0785171		0.00206143
1.84		0.0784392		0.00205944
1.841		0.0783613		0.00205745
1.842		0.0782836		0.00205546
1.843		0.078206		0.00205348
1.844		0.0781285		0.0020515
1.845		0.0780511		0.00204952
1.846		0.0779738		0.00204754
1.847		0.0778966		0.00204557
1.848		0.0778196		0.0020436
1.849		0.0777426		0.00204163
1.85		0.0776657		0.00203967
1.851		0.077589		0.0020377
1.852		0.0775124		0.00203575
1.853		0.0774358		0.00203379
1.854		0.0773594		0.00203183
1.855		0.0772831		0.00202988
1.856		0.0772069		0.00202793
1.857		0.0771308		0.00202599
1.858		0.0770548		0.00202404
1.859		0.0769789		0.0020221
1.86		0.0769031		0.00202016
1.861		0.0768274		0.00201823
1.862		0.0767519		0.00201629
1.863		0.0766764		0.00201436
1.864		0.076601		0.00201243
1.865		0.0765258		0.00201051
1.866		0.0764506		0.00200858
1.867		0.0763756		0.00200666
1.868		0.0763007		0.00200475
1.869		0.0762258		0.00200283
1.87		0.0761511		0.00200092
1.871		0.0760765		0.00199901
1.872		0.076002		0.0019971
1.873		0.0759275		0.00199519
1.874		0.0758532		0.00199329
1.875		0.075779		0.00199139
1.876		0.0757049		0.00198949
1.877		0.0756309		0.0019876
1.878		0.075557		0.00198571
1.879		0.0754832		0.00198382
1.88		0.0754095		0.00198193
1.881		0.0753359		0.00198004
1.882		0.0752625		0.00197816
1.883		0.0751891		0.00197628
1.884		0.0751158		0.00197441
1.885		0.0750426		0.00197253
1.886		0.0749695		0.00197066
1.887		0.0748965		0.00196879
1.888		0.0748237		0.00196692
1.889		0.0747509		0.00196506
1.89		0.0746782		0.00196319
1.891		0.0746056		0.00196134
1.892		0.0745332		0.00195948
1.893		0.0744608		0.00195762
1.894		0.0743885		0.00195577
1.895		0.0743164		0.00195392
1.896		0.0742443		0.00195207
1.897		0.0741723		0.00195023
1.898		0.0741004		0.00194839
1.899		0.0740287		0.00194655
1.9		0.073957		0.00194471
1.901		0.0738854		0.00194287
1.902		0.0738139		0.00194104
1.903		0.0737426		0.00193921
1.904		0.0736713		0.00193738
1.905		0.0736001		0.00193556
1.906		0.073529		0.00193373
1.907		0.073458		0.00193191
1.908		0.0733871		0.0019301
1.909		0.0733164		0.00192828
1.91		0.0732457		0.00192647
1.911		0.0731751		0.00192466
1.912		0.0731046		0.00192285
1.913		0.0730342		0.00192104
1.914		0.0729639		0.00191924
1.915		0.0728937		0.00191744
1.916		0.0728236		0.00191564
1.917		0.0727535		0.00191384
1.918		0.0726836		0.00191205
1.919		0.0726138		0.00191026
1.92		0.0725441		0.00190847
1.921		0.0724745		0.00190668
1.922		0.0724049		0.00190489
1.923		0.0723355		0.00190311
1.924		0.0722661		0.00190133
1.925		0.0721969		0.00189955
1.926		0.0721277		0.00189778
1.927		0.0720587		0.00189601
1.928		0.0719897		0.00189424
1.929		0.0719209		0.00189247
1.93		0.0718521		0.0018907
1.931		0.0717834		0.00188894
1.932		0.0717148		0.00188718
1.933		0.0716463		0.00188542
1.934		0.0715779		0.00188366
1.935		0.0715096		0.00188191
1.936		0.0714414		0.00188015
1.937		0.0713733		0.0018784
1.938		0.0713052		0.00187666
1.939		0.0712373		0.00187491
1.94		0.0711695		0.00187317
1.941		0.0711017		0.00187143
1.942		0.0710341		0.00186969
1.943		0.0709665		0.00186795
1.944		0.070899		0.00186622
1.945		0.0708316		0.00186449
1.946		0.0707644		0.00186276
1.947		0.0706972		0.00186103
1.948		0.0706301		0.00185931
1.949		0.070563		0.00185759
1.95		0.0704961		0.00185587
1.951		0.0704293		0.00185415
1.952		0.0703625		0.00185243
1.953		0.0702959		0.00185072
1.954		0.0702293		0.00184901
1.955		0.0701629		0.0018473
1.956		0.0700965		0.00184559
1.957		0.0700302		0.00184389
1.958		0.069964		0.00184219
1.959		0.0698979		0.00184049
1.96		0.0698319		0.00183879
1.961		0.0697659		0.00183709
1.962		0.0697001		0.0018354
1.963		0.0696343		0.00183371
1.964		0.0695687		0.00183202
1.965		0.0695031		0.00183033
1.966		0.0694376		0.00182865
1.967		0.0693722		0.00182697
1.968		0.0693069		0.00182529
1.969		0.0692417		0.00182361
1.97		0.0691765		0.00182193
1.971		0.0691115		0.00182026
1.972		0.0690465		0.00181859
1.973		0.0689816		0.00181692
1.974		0.0689169		0.00181525
1.975		0.0688522		0.00181359
1.976		0.0687876		0.00181192
1.977		0.068723		0.00181026
1.978		0.0686586		0.00180861
1.979		0.0685942		0.00180695
1.98		0.06853		0.00180529
1.981		0.0684658		0.00180364
1.982		0.0684017		0.00180199
1.983		0.0683377		0.00180035
1.984		0.0682738		0.0017987
1.985		0.06821		0.00179706
1.986		0.0681462		0.00179542
1.987		0.0680825		0.00179378
1.988		0.068019		0.00179214
1.989		0.0679555		0.0017905
1.99		0.0678921		0.00178887
1.991		0.0678288		0.00178724
1.992		0.0677655		0.00178561
1.993		0.0677024		0.00178399
1.994		0.0676393		0.00178236
1.995		0.0675763		0.00178074
1.996		0.0675134		0.00177912
1.997		0.0674506		0.0017775
1.998		0.0673879		0.00177588
1.999		0.0673252		0.00177427
2		0.0672627		0.00177266
2.001		0.0672002		0.00177105
2.002		0.0671378		0.00176944
2.003		0.0670755		0.00176784
2.004		0.0670132		0.00176623
2.005		0.0669511		0.00176463
2.006		0.066889		0.00176303
2.007		0.066827		0.00176143
2.008		0.0667651		0.00175984
2.009		0.0667033		0.00175825
2.01		0.0666416		0.00175665
2.011		0.0665799		0.00175507
2.012		0.0665184		0.00175348
2.013		0.0664569		0.00175189
2.014		0.0663955		0.00175031
2.015		0.0663341		0.00174873
2.016		0.0662729		0.00174715
2.017		0.0662117		0.00174557
2.018		0.0661507		0.001744
2.019		0.0660897		0.00174243
2.02		0.0660287		0.00174085
2.021		0.0659679		0.00173929
2.022		0.0659071		0.00173772
2.023		0.0658465		0.00173615
2.024		0.0657859		0.00173459
2.025		0.0657253		0.00173303
2.026		0.0656649		0.00173147
2.027		0.0656045		0.00172991
2.028		0.0655443		0.00172836
2.029		0.0654841		0.00172681
2.03		0.065424		0.00172526
2.031		0.0653639		0.00172371
2.032		0.065304		0.00172216
2.033		0.0652441		0.00172061
2.034		0.0651843		0.00171907
2.035		0.0651245		0.00171753
2.036		0.0650649		0.00171599
2.037		0.0650053		0.00171445
2.038		0.0649458		0.00171292
2.039		0.0648864		0.00171139
2.04		0.0648271		0.00170985
2.041		0.0647679		0.00170833
2.042		0.0647087		0.0017068
2.043		0.0646496		0.00170527
2.044		0.0645906		0.00170375
2.045		0.0645316		0.00170223
2.046		0.0644728		0.00170071
2.047		0.064414		0.00169919
2.048		0.0643553		0.00169767
2.049		0.0642966		0.00169616
2.05		0.0642381		0.00169465
2.051		0.0641796		0.00169314
2.052		0.0641212		0.00169163
2.053		0.0640629		0.00169012
2.054		0.0640046		0.00168862
2.055		0.0639464		0.00168712
2.056		0.0638883		0.00168562
2.057		0.0638303		0.00168412
2.058		0.0637724		0.00168262
2.059		0.0637145		0.00168113
2.06		0.0636567		0.00167963
2.061		0.063599		0.00167814
2.062		0.0635413		0.00167665
2.063		0.0634838		0.00167517
2.064		0.0634263		0.00167368
2.065		0.0633689		0.0016722
2.066		0.0633115		0.00167072
2.067		0.0632543		0.00166924
2.068		0.0631971		0.00166776
2.069		0.0631399		0.00166628
2.07		0.0630829		0.00166481
2.071		0.0630259		0.00166334
2.072		0.062969		0.00166187
2.073		0.0629122		0.0016604
2.074		0.0628555		0.00165893
2.075		0.0627988		0.00165747
2.076		0.0627422		0.001656
2.077		0.0626857		0.00165454
2.078		0.0626292		0.00165308
2.079		0.0625728		0.00165162
2.08		0.0625165		0.00165017
2.081		0.0624603		0.00164872
2.082		0.0624041		0.00164726
2.083		0.062348		0.00164581
2.084		0.062292		0.00164436
2.085		0.0622361		0.00164292
2.086		0.0621802		0.00164147
2.087		0.0621244		0.00164003
2.088		0.0620687		0.00163859
2.089		0.062013		0.00163715
2.09		0.0619574		0.00163571
2.091		0.0619019		0.00163428
2.092		0.0618465		0.00163284
2.093		0.0617911		0.00163141
2.094		0.0617358		0.00162998
2.095		0.0616806		0.00162855
2.096		0.0616254		0.00162712
2.097		0.0615704		0.0016257
2.098		0.0615154		0.00162428
2.099		0.0614604		0.00162285
2.1		0.0614055		0.00162144
2.101		0.0613507		0.00162002
2.102		0.061296		0.0016186
2.103		0.0612414		0.00161719
2.104		0.0611868		0.00161577
2.105		0.0611323		0.00161436
2.106		0.0610778		0.00161295
2.107		0.0610234		0.00161155
2.108		0.0609691		0.00161014
2.109		0.0609149		0.00160874
2.11		0.0608607		0.00160734
2.111		0.0608066		0.00160594
2.112		0.0607526		0.00160454
2.113		0.0606986		0.00160314
2.114		0.0606447		0.00160174
2.115		0.0605909		0.00160035
2.116		0.0605372		0.00159896
2.117		0.0604835		0.00159757
2.118		0.0604299		0.00159618
2.119		0.0603763		0.0015948
2.12		0.0603228		0.00159341
2.121		0.0602694		0.00159203
2.122		0.0602161		0.00159065
2.123		0.0601628		0.00158927
2.124		0.0601096		0.00158789
2.125		0.0600565		0.00158651
2.126		0.0600034		0.00158514
2.127		0.0599504		0.00158377
2.128		0.0598975		0.00158239
2.129		0.0598446		0.00158102
2.13		0.0597918		0.00157966
2.131		0.0597391		0.00157829
2.132		0.0596864		0.00157693
2.133		0.0596338		0.00157556
2.134		0.0595813		0.0015742
2.135		0.0595288		0.00157284
2.136		0.0594764		0.00157149
2.137		0.0594241		0.00157013
2.138		0.0593718		0.00156878
2.139		0.0593197		0.00156742
2.14		0.0592675		0.00156607
2.141		0.0592155		0.00156472
2.142		0.0591635		0.00156338
2.143		0.0591115		0.00156203
2.144		0.0590597		0.00156069
2.145		0.0590079		0.00155934
2.146		0.0589561		0.001558
2.147		0.0589045		0.00155666
2.148		0.0588529		0.00155533
2.149		0.0588013		0.00155399
2.15		0.0587498		0.00155265
2.151		0.0586984		0.00155132
2.152		0.0586471		0.00154999
2.153		0.0585958		0.00154866
2.154		0.0585446		0.00154733
2.155		0.0584935		0.00154601
2.156		0.0584424		0.00154468
2.157		0.0583914		0.00154336
2.158		0.0583404		0.00154204
2.159		0.0582895		0.00154072
2.16		0.0582387		0.0015394
2.161		0.0581879		0.00153808
2.162		0.0581372		0.00153677
2.163		0.0580866		0.00153546
2.164		0.058036		0.00153414
2.165		0.0579855		0.00153283
2.166		0.0579351		0.00153153
2.167		0.0578847		0.00153022
2.168		0.0578344		0.00152891
2.169		0.0577841		0.00152761
2.17		0.0577339		0.00152631
2.171		0.0576838		0.00152501
2.172		0.0576337		0.00152371
2.173		0.0575837		0.00152241
2.174		0.0575338		0.00152112
2.175		0.0574839		0.00151982
2.176		0.0574341		0.00151853
2.177		0.0573844		0.00151724
2.178		0.0573347		0.00151595
2.179		0.0572851		0.00151466
2.18		0.0572355		0.00151337
2.181		0.057186		0.00151209
2.182		0.0571365		0.00151081
2.183		0.0570872		0.00150953
2.184		0.0570379		0.00150825
2.185		0.0569886		0.00150697
2.186		0.0569394		0.00150569
2.187		0.0568903		0.00150441
2.188		0.0568412		0.00150314
2.189		0.0567922		0.00150187
2.19		0.0567433		0.0015006
2.191		0.0566944		0.00149933
2.192		0.0566455		0.00149806
2.193		0.0565968		0.00149679
2.194		0.0565481		0.00149553
2.195		0.0564994		0.00149427
2.196		0.0564509		0.00149301
2.197		0.0564023		0.00149175
2.198		0.0563539		0.00149049
2.199		0.0563055		0.00148923
2.2		0.0562571		0.00148797
2.201		0.0562088		0.00148672
2.202		0.0561606		0.00148547
2.203		0.0561125		0.00148422
2.204		0.0560644		0.00148297
2.205		0.0560163		0.00148172
2.206		0.0559683		0.00148047
2.207		0.0559204		0.00147923
2.208		0.0558726		0.00147799
2.209		0.0558248		0.00147674
2.21		0.055777		0.0014755
2.211		0.0557293		0.00147426
2.212		0.0556817		0.00147303
2.213		0.0556341		0.00147179
2.214		0.0555866		0.00147056
2.215		0.0555392		0.00146932
2.216		0.0554918		0.00146809
2.217		0.0554445		0.00146686
2.218		0.0553972		0.00146563
2.219		0.05535		0.00146441
2.22		0.0553028		0.00146318
2.221		0.0552557		0.00146196
2.222		0.0552087		0.00146073
2.223		0.0551617		0.00145951
2.224		0.0551148		0.00145829
2.225		0.0550679		0.00145708
2.226		0.0550211		0.00145586
2.227		0.0549744		0.00145464
2.228		0.0549277		0.00145343
2.229		0.054881		0.00145222
2.23		0.0548345		0.00145101
2.231		0.0547879		0.0014498
2.232		0.0547415		0.00144859
2.233		0.0546951		0.00144738
2.234		0.0546487		0.00144618
2.235		0.0546024		0.00144497
2.236		0.0545562		0.00144377
2.237		0.05451		0.00144257
2.238		0.0544639		0.00144137
2.239		0.0544178		0.00144017
2.24		0.0543718		0.00143898
2.241		0.0543259		0.00143778
2.242		0.05428		0.00143659
2.243		0.0542341		0.0014354
2.244		0.0541884		0.00143421
2.245		0.0541426		0.00143302
2.246		0.054097		0.00143183
2.247		0.0540513		0.00143064
2.248		0.0540058		0.00142946
2.249		0.0539603		0.00142827
2.25		0.0539148		0.00142709
2.251		0.0538694		0.00142591
2.252		0.0538241		0.00142473
2.253		0.0537788		0.00142355
2.254		0.0537336		0.00142238
2.255		0.0536884		0.0014212
2.256		0.0536433		0.00142003
2.257		0.0535982		0.00141885
2.258		0.0535532		0.00141768
2.259		0.0535083		0.00141651
2.26		0.0534634		0.00141534
2.261		0.0534185		0.00141418
2.262		0.0533738		0.00141301
2.263		0.053329		0.00141185
2.264		0.0532844		0.00141068
2.265		0.0532397		0.00140952
2.266		0.0531952		0.00140836
2.267		0.0531506		0.0014072
2.268		0.0531062		0.00140605
2.269		0.0530618		0.00140489
2.27		0.0530174		0.00140374
2.271		0.0529731		0.00140258
2.272		0.0529289		0.00140143
2.273		0.0528847		0.00140028
2.274		0.0528405		0.00139913
2.275		0.0527965		0.00139798
2.276		0.0527524		0.00139684
2.277		0.0527085		0.00139569
2.278		0.0526645		0.00139455
2.279		0.0526207		0.00139341
2.28		0.0525768		0.00139227
2.281		0.0525331		0.00139113
2.282		0.0524894		0.00138999
2.283		0.0524457		0.00138885
2.284		0.0524021		0.00138771
2.285		0.0523585		0.00138658
2.286		0.052315		0.00138545
2.287		0.0522716		0.00138432
2.288		0.0522282		0.00138319
2.289		0.0521848		0.00138206
2.29		0.0521416		0.00138093
2.291		0.0520983		0.0013798
2.292		0.0520551		0.00137868
2.293		0.052012		0.00137755
2.294		0.0519689		0.00137643
2.295		0.0519259		0.00137531
2.296		0.0518829		0.00137419
2.297		0.05184		0.00137307
2.298		0.0517971		0.00137196
2.299		0.0517543		0.00137084
2.3		0.0517115		0.00136972
2.301		0.0516688		0.00136861
2.302		0.0516261		0.0013675
2.303		0.0515835		0.00136639
2.304		0.0515409		0.00136528
2.305		0.0514984		0.00136417
2.306		0.0514559		0.00136306
2.307		0.0514135		0.00136196
2.308		0.0513711		0.00136086
2.309		0.0513288		0.00135975
2.31		0.0512866		0.00135865
2.311		0.0512444		0.00135755
2.312		0.0512022		0.00135645
2.313		0.0511601		0.00135535
2.314		0.051118		0.00135426
2.315		0.051076		0.00135316
2.316		0.0510341		0.00135207
2.317		0.0509921		0.00135098
2.318		0.0509503		0.00134988
2.319		0.0509085		0.00134879
2.32		0.0508667		0.00134771
2.321		0.050825		0.00134662
2.322		0.0507833		0.00134553
2.323		0.0507417		0.00134445
2.324		0.0507002		0.00134336
2.325		0.0506587		0.00134228
2.326		0.0506172		0.0013412
2.327		0.0505758		0.00134012
2.328		0.0505344		0.00133904
2.329		0.0504931		0.00133796
2.33		0.0504518		0.00133689
2.331		0.0504106		0.00133581
2.332		0.0503694		0.00133474
2.333		0.0503283		0.00133367
2.334		0.0502873		0.0013326
2.335		0.0502462		0.00133153
2.336		0.0502053		0.00133046
2.337		0.0501643		0.00132939
2.338		0.0501235		0.00132832
2.339		0.0500826		0.00132726
2.34		0.0500419		0.00132619
2.341		0.0500011		0.00132513
2.342		0.0499604		0.00132407
2.343		0.0499198		0.00132301
2.344		0.0498792		0.00132195
2.345		0.0498387		0.00132089
2.346		0.0497982		0.00131984
2.347		0.0497578		0.00131878
2.348		0.0497174		0.00131773
2.349		0.049677		0.00131667
2.35		0.0496367		0.00131562
2.351		0.0495965		0.00131457
2.352		0.0495563		0.00131352
2.353		0.0495161		0.00131248
2.354		0.049476		0.00131143
2.355		0.0494359		0.00131038
2.356		0.0493959		0.00130934
2.357		0.049356		0.0013083
2.358		0.049316		0.00130725
2.359		0.0492762		0.00130621
2.36		0.0492363		0.00130517
2.361		0.0491966		0.00130414
2.362		0.0491568		0.0013031
2.363		0.0491171		0.00130206
2.364		0.0490775		0.00130103
2.365		0.0490379		0.00129999
2.366		0.0489984		0.00129896
2.367		0.0489589		0.00129793
2.368		0.0489194		0.0012969
2.369		0.04888		0.00129587
2.37		0.0488406		0.00129484
2.371		0.0488013		0.00129382
2.372		0.0487621		0.00129279
2.373		0.0487228		0.00129177
2.374		0.0486837		0.00129074
2.375		0.0486445		0.00128972
2.376		0.0486054		0.0012887
2.377		0.0485664		0.00128768
2.378		0.0485274		0.00128666
2.379		0.0484885		0.00128565
2.38		0.0484496		0.00128463
2.381		0.0484107		0.00128362
2.382		0.0483719		0.0012826
2.383		0.0483331		0.00128159
2.384		0.0482944		0.00128058
2.385		0.0482557		0.00127957
2.386		0.0482171		0.00127856
2.387		0.0481785		0.00127755
2.388		0.04814		0.00127655
2.389		0.0481015		0.00127554
2.39		0.048063		0.00127454
2.391		0.0480246		0.00127353
2.392		0.0479863		0.00127253
2.393		0.047948		0.00127153
2.394		0.0479097		0.00127053
2.395		0.0478715		0.00126953
2.396		0.0478333		0.00126853
2.397		0.0477951		0.00126754
2.398		0.047757		0.00126654
2.399		0.047719		0.00126555
2.4		0.047681		0.00126455
2.401		0.047643		0.00126356
2.402		0.0476051		0.00126257
2.403		0.0475672		0.00126158
2.404		0.0475294		0.00126059
2.405		0.0474916		0.0012596
2.406		0.0474539		0.00125862
2.407		0.0474162		0.00125763
2.408		0.0473785		0.00125665
2.409		0.0473409		0.00125567
2.41		0.0473034		0.00125468
2.411		0.0472658		0.0012537
2.412		0.0472284		0.00125272
2.413		0.0471909		0.00125174
2.414		0.0471535		0.00125077
2.415		0.0471162		0.00124979
2.416		0.0470789		0.00124882
2.417		0.0470416		0.00124784
2.418		0.0470044		0.00124687
2.419		0.0469672		0.0012459
2.42		0.0469301		0.00124493
2.421		0.046893		0.00124396
2.422		0.0468559		0.00124299
2.423		0.0468189		0.00124202
2.424		0.046782		0.00124105
2.425		0.046745		0.00124009
2.426		0.0467082		0.00123912
2.427		0.0466713		0.00123816
2.428		0.0466345		0.0012372
2.429		0.0465978		0.00123624
2.43		0.0465611		0.00123528
2.431		0.0465244		0.00123432
2.432		0.0464878		0.00123336
2.433		0.0464512		0.0012324
2.434		0.0464147		0.00123145
2.435		0.0463782		0.00123049
2.436		0.0463417		0.00122954
2.437		0.0463053		0.00122859
2.438		0.0462689		0.00122764
2.439		0.0462326		0.00122669
2.44		0.0461963		0.00122574
2.441		0.04616		0.00122479
2.442		0.0461238		0.00122384
2.443		0.0460877		0.00122289
2.444		0.0460515		0.00122195
2.445		0.0460155		0.00122101
2.446		0.0459794		0.00122006
2.447		0.0459434		0.00121912
2.448		0.0459075		0.00121818
2.449		0.0458715		0.00121724
2.45		0.0458357		0.0012163
2.451		0.0457998		0.00121536
2.452		0.045764		0.00121443
2.453		0.0457283		0.00121349
2.454		0.0456926		0.00121256
2.455		0.0456569		0.00121162
2.456		0.0456213		0.00121069
2.457		0.0455857		0.00120976
2.458		0.0455501		0.00120883
2.459		0.0455146		0.0012079
2.46		0.0454791		0.00120697
2.461		0.0454437		0.00120604
2.462		0.0454083		0.00120512
2.463		0.045373		0.00120419
2.464		0.0453377		0.00120327
2.465		0.0453024		0.00120235
2.466		0.0452672		0.00120142
2.467		0.045232		0.0012005
2.468		0.0451968		0.00119958
2.469		0.0451617		0.00119866
2.47		0.0451266		0.00119775
2.471		0.0450916		0.00119683
2.472		0.0450566		0.00119591
2.473		0.0450217		0.001195
2.474		0.0449868		0.00119408
2.475		0.0449519		0.00119317
2.476		0.0449171		0.00119226
2.477		0.0448823		0.00119135
2.478		0.0448475		0.00119044
2.479		0.0448128		0.00118953
2.48		0.0447781		0.00118862
2.481		0.0447435		0.00118771
2.482		0.0447089		0.00118681
2.483		0.0446743		0.0011859
2.484		0.0446398		0.001185
2.485		0.0446053		0.0011841
2.486		0.0445709		0.00118319
2.487		0.0445365		0.00118229
2.488		0.0445021		0.00118139
2.489		0.0444678		0.00118049
2.49		0.0444335		0.0011796
2.491		0.0443993		0.0011787
2.492		0.0443651		0.0011778
2.493		0.0443309		0.00117691
2.494		0.0442968		0.00117601
2.495		0.0442627		0.00117512
2.496		0.0442286		0.00117423
2.497		0.0441946		0.00117334
2.498		0.0441606		0.00117245
2.499		0.0441267		0.00117156
2.5		0.0440928		0.00117067
2.501		0.0440589		0.00116978
2.502		0.0440251		0.0011689
2.503		0.0439913		0.00116801
2.504		0.0439576		0.00116713
2.505		0.0439239		0.00116625
2.506		0.0438902		0.00116536
2.507		0.0438566		0.00116448
2.508		0.043823		0.0011636
2.509		0.0437894		0.00116272
2.51		0.0437559		0.00116184
2.511		0.0437224		0.00116097
2.512		0.0436889		0.00116009
2.513		0.0436555		0.00115921
2.514		0.0436222		0.00115834
2.515		0.0435888		0.00115747
2.516		0.0435555		0.00115659
2.517		0.0435223		0.00115572
2.518		0.043489		0.00115485
2.519		0.0434558		0.00115398
2.52		0.0434227		0.00115311
2.521		0.0433896		0.00115225
2.522		0.0433565		0.00115138
2.523		0.0433235		0.00115051
2.524		0.0432905		0.00114965
2.525		0.0432575		0.00114878
2.526		0.0432246		0.00114792
2.527		0.0431917		0.00114706
2.528		0.0431588		0.0011462
2.529		0.043126		0.00114534
2.53		0.0430932		0.00114448
2.531		0.0430605		0.00114362
2.532		0.0430278		0.00114276
2.533		0.0429951		0.0011419
2.534		0.0429625		0.00114105
2.535		0.0429299		0.00114019
2.536		0.0428973		0.00113934
2.537		0.0428648		0.00113849
2.538		0.0428323		0.00113764
2.539		0.0427998		0.00113678
2.54		0.0427674		0.00113593
2.541		0.042735		0.00113509
2.542		0.0427027		0.00113424
2.543		0.0426703		0.00113339
2.544		0.0426381		0.00113254
2.545		0.0426058		0.0011317
2.546		0.0425736		0.00113085
2.547		0.0425415		0.00113001
2.548		0.0425093		0.00112917
2.549		0.0424772		0.00112832
2.55		0.0424452		0.00112748
2.551		0.0424131		0.00112664
2.552		0.0423811		0.0011258
2.553		0.0423492		0.00112497
2.554		0.0423173		0.00112413
2.555		0.0422854		0.00112329
2.556		0.0422535		0.00112246
2.557		0.0422217		0.00112162
2.558		0.0421899		0.00112079
2.559		0.0421582		0.00111996
2.56		0.0421265		0.00111912
2.561		0.0420948		0.00111829
2.562		0.0420631		0.00111746
2.563		0.0420315		0.00111663
2.564		0.042		0.00111581
2.565		0.0419684		0.00111498
2.566		0.0419369		0.00111415
2.567		0.0419055		0.00111333
2.568		0.041874		0.0011125
2.569		0.0418426		0.00111168
2.57		0.0418113		0.00111086
2.571		0.0417799		0.00111003
2.572		0.0417486		0.00110921
2.573		0.0417174		0.00110839
2.574		0.0416861		0.00110757
2.575		0.0416549		0.00110675
2.576		0.0416238		0.00110594
2.577		0.0415927		0.00110512
2.578		0.0415616		0.0011043
2.579		0.0415305		0.00110349
2.58		0.0414995		0.00110267
2.581		0.0414685		0.00110186
2.582		0.0414375		0.00110105
2.583		0.0414066		0.00110024
2.584		0.0413757		0.00109943
2.585		0.0413449		0.00109862
2.586		0.0413141		0.00109781
2.587		0.0412833		0.001097
2.588		0.0412525		0.00109619
2.589		0.0412218		0.00109539
2.59		0.0411911		0.00109458
2.591		0.0411605		0.00109378
2.592		0.0411298		0.00109297
2.593		0.0410993		0.00109217
2.594		0.0410687		0.00109137
2.595		0.0410382		0.00109057
2.596		0.0410077		0.00108977
2.597		0.0409773		0.00108897
2.598		0.0409468		0.00108817
2.599		0.0409164		0.00108737
2.6		0.0408861		0.00108657
2.601		0.0408558		0.00108578
2.602		0.0408255		0.00108498
2.603		0.0407952		0.00108419
2.604		0.040765		0.00108339
2.605		0.0407348		0.0010826
2.606		0.0407047		0.00108181
2.607		0.0406745		0.00108102
2.608		0.0406445		0.00108023
2.609		0.0406144		0.00107944
2.61		0.0405844		0.00107865
2.611		0.0405544		0.00107786
2.612		0.0405244		0.00107708
2.613		0.0404945		0.00107629
2.614		0.0404646		0.00107551
2.615		0.0404347		0.00107472
2.616		0.0404049		0.00107394
2.617		0.0403751		0.00107316
2.618		0.0403453		0.00107237
2.619		0.0403156		0.00107159
2.62		0.0402859		0.00107081
2.621		0.0402562		0.00107003
2.622		0.0402266		0.00106925
2.623		0.040197		0.00106848
2.624		0.0401674		0.0010677
2.625		0.0401379		0.00106692
2.626		0.0401084		0.00106615
2.627		0.0400789		0.00106537
2.628		0.0400494		0.0010646
2.629		0.04002		0.00106383
2.63		0.0399906		0.00106306
2.631		0.0399613		0.00106229
2.632		0.039932		0.00106151
2.633		0.0399027		0.00106075
2.634		0.0398734		0.00105998
2.635		0.0398442		0.00105921
2.636		0.039815		0.00105844
2.637		0.0397858		0.00105768
2.638		0.0397567		0.00105691
2.639		0.0397276		0.00105615
2.64		0.0396985		0.00105538
2.641		0.0396695		0.00105462
2.642		0.0396405		0.00105386
2.643		0.0396115		0.0010531
2.644		0.0395826		0.00105233
2.645		0.0395536		0.00105157
2.646		0.0395248		0.00105082
2.647		0.0394959		0.00105006
2.648		0.0394671		0.0010493
2.649		0.0394383		0.00104854
2.65		0.0394095		0.00104779
2.651		0.0393808		0.00104703
2.652		0.0393521		0.00104628
2.653		0.0393234		0.00104553
2.654		0.0392948		0.00104477
2.655		0.0392662		0.00104402
2.656		0.0392376		0.00104327
2.657		0.0392091		0.00104252
2.658		0.0391806		0.00104177
2.659		0.0391521		0.00104102
2.66		0.0391236		0.00104027
2.661		0.0390952		0.00103953
2.662		0.0390668		0.00103878
2.663		0.0390385		0.00103803
2.664		0.0390101		0.00103729
2.665		0.0389818		0.00103655
2.666		0.0389535		0.0010358
2.667		0.0389253		0.00103506
2.668		0.0388971		0.00103432
2.669		0.0388689		0.00103358
2.67		0.0388408		0.00103284
2.671		0.0388126		0.0010321
2.672		0.0387845		0.00103136
2.673		0.0387565		0.00103062
2.674		0.0387284		0.00102988
2.675		0.0387004		0.00102915
2.676		0.0386725		0.00102841
2.677		0.0386445		0.00102768
2.678		0.0386166		0.00102694
2.679		0.0385887		0.00102621
2.68		0.0385609		0.00102548
2.681		0.038533		0.00102475
2.682		0.0385052		0.00102402
2.683		0.0384775		0.00102328
2.684		0.0384497		0.00102256
2.685		0.038422		0.00102183
2.686		0.0383944		0.0010211
2.687		0.0383667		0.00102037
2.688		0.0383391		0.00101965
2.689		0.0383115		0.00101892
2.69		0.0382839		0.00101819
2.691		0.0382564		0.00101747
2.692		0.0382289		0.00101675
2.693		0.0382014		0.00101602
2.694		0.038174		0.0010153
2.695		0.0381466		0.00101458
2.696		0.0381192		0.00101386
2.697		0.0380918		0.00101314
2.698		0.0380645		0.00101242
2.699		0.0380372		0.0010117
2.7		0.0380099		0.00101099
2.701		0.0379827		0.00101027
2.702		0.0379554		0.00100955
2.703		0.0379283		0.00100884
2.704		0.0379011		0.00100812
2.705		0.037874		0.00100741
2.706		0.0378469		0.0010067
2.707		0.0378198		0.00100599
2.708		0.0377928		0.00100527
2.709		0.0377657		0.00100456
2.71		0.0377387		0.00100385
2.711		0.0377118		0.00100314
2.712		0.0376849		0.00100244
2.713		0.037658		0.00100173
2.714		0.0376311		0.00100102
2.715		0.0376042		0.00100031
2.716		0.0375774		0.000999609
2.717		0.0375506		0.000998904
2.718		0.0375239		0.000998199
2.719		0.0374971		0.000997496
2.72		0.0374704		0.000996793
2.721		0.0374437		0.000996091
2.722		0.0374171		0.00099539
2.723		0.0373905		0.000994689
2.724		0.0373639		0.000993989
2.725		0.0373373		0.00099329
2.726		0.0373108		0.000992592
2.727		0.0372843		0.000991894
2.728		0.0372578		0.000991197
2.729		0.0372313		0.000990501
2.73		0.0372049		0.000989805
2.731		0.0371785		0.00098911
2.732		0.0371521		0.000988416
2.733		0.0371258		0.000987723
2.734		0.0370994		0.00098703
2.735		0.0370732		0.000986338
2.736		0.0370469		0.000985647
2.737		0.0370207		0.000984956
2.738		0.0369944		0.000984266
2.739		0.0369683		0.000983577
2.74		0.0369421		0.000982888
2.741		0.036916		0.0009822
2.742		0.0368899		0.000981513
2.743		0.0368638		0.000980827
2.744		0.0368378		0.000980141
2.745		0.0368117		0.000979456
2.746		0.0367858		0.000978772
2.747		0.0367598		0.000978088
2.748		0.0367338		0.000977406
2.749		0.0367079		0.000976723
2.75		0.0366821		0.000976042
2.751		0.0366562		0.000975361
2.752		0.0366304		0.000974681
2.753		0.0366046		0.000974002
2.754		0.0365788		0.000973323
2.755		0.036553		0.000972645
2.756		0.0365273		0.000971967
2.757		0.0365016		0.000971291
2.758		0.0364759		0.000970615
2.759		0.0364503		0.000969939
2.76		0.0364247		0.000969265
2.761		0.0363991		0.000968591
2.762		0.0363735		0.000967918
2.763		0.036348		0.000967245
2.764		0.0363225		0.000966573
2.765		0.036297		0.000965902
2.766		0.0362715		0.000965232
2.767		0.0362461		0.000964562
2.768		0.0362207		0.000963893
2.769		0.0361953		0.000963224
2.77		0.0361699		0.000962556
2.771		0.0361446		0.000961889
2.772		0.0361193		0.000961223
2.773		0.036094		0.000960557
2.774		0.0360688		0.000959892
2.775		0.0360436		0.000959228
2.776		0.0360184		0.000958564
2.777		0.0359932		0.000957901
2.778		0.035968		0.000957238
2.779		0.0359429		0.000956577
2.78		0.0359178		0.000955916
2.781		0.0358927		0.000955255
2.782		0.0358677		0.000954595
2.783		0.0358427		0.000953936
2.784		0.0358177		0.000953278
2.785		0.0357927		0.00095262
2.786		0.0357678		0.000951963
2.787		0.0357429		0.000951307
2.788		0.035718		0.000950651
2.789		0.0356931		0.000949996
2.79		0.0356683		0.000949341
2.791		0.0356435		0.000948688
2.792		0.0356187		0.000948035
2.793		0.0355939		0.000947382
2.794		0.0355692		0.00094673
2.795		0.0355444		0.000946079
2.796		0.0355198		0.000945429
2.797		0.0354951		0.000944779
2.798		0.0354705		0.00094413
2.799		0.0354458		0.000943481
2.8		0.0354213		0.000942833
2.801		0.0353967		0.000942186
2.802		0.0353722		0.000941539
2.803		0.0353476		0.000940893
2.804		0.0353232		0.000940248
2.805		0.0352987		0.000939604
2.806		0.0352743		0.00093896
2.807		0.0352498		0.000938316
2.808		0.0352255		0.000937673
2.809		0.0352011		0.000937031
2.81		0.0351768		0.00093639
2.811		0.0351524		0.000935749
2.812		0.0351282		0.000935109
2.813		0.0351039		0.00093447
2.814		0.0350797		0.000933831
2.815		0.0350554		0.000933193
2.816		0.0350312		0.000932555
2.817		0.0350071		0.000931918
2.818		0.0349829		0.000931282
2.819		0.0349588		0.000930646
2.82		0.0349347		0.000930011
2.821		0.0349107		0.000929377
2.822		0.0348866		0.000928743
2.823		0.0348626		0.00092811
2.824		0.0348386		0.000927477
2.825		0.0348146		0.000926845
2.826		0.0347907		0.000926214
2.827		0.0347668		0.000925583
2.828		0.0347429		0.000924953
2.829		0.034719		0.000924324
2.83		0.0346952		0.000923695
2.831		0.0346713		0.000923067
2.832		0.0346475		0.00092244
2.833		0.0346237		0.000921813
2.834		0.0346		0.000921187
2.835		0.0345763		0.000920561
2.836		0.0345526		0.000919936
2.837		0.0345289		0.000919312
2.838		0.0345052		0.000918688
2.839		0.0344816		0.000918065
2.84		0.034458		0.000917442
2.841		0.0344344		0.00091682
2.842		0.0344108		0.000916199
2.843		0.0343873		0.000915578
2.844		0.0343638		0.000914958
2.845		0.0343403		0.000914339
2.846		0.0343168		0.00091372
2.847		0.0342934		0.000913102
2.848		0.03427		0.000912484
2.849		0.0342466		0.000911867
2.85		0.0342232		0.000911251
2.851		0.0341998		0.000910635
2.852		0.0341765		0.00091002
2.853		0.0341532		0.000909405
2.854		0.0341299		0.000908792
2.855		0.0341067		0.000908178
2.856		0.0340834		0.000907565
2.857		0.0340602		0.000906953
2.858		0.034037		0.000906342
2.859		0.0340139		0.000905731
2.86		0.0339907		0.000905121
2.861		0.0339676		0.000904511
2.862		0.0339445		0.000903902
2.863		0.0339215		0.000903293
2.864		0.0338984		0.000902685
2.865		0.0338754		0.000902078
2.866		0.0338524		0.000901471
2.867		0.0338294		0.000900865
2.868		0.0338064		0.00090026
2.869		0.0337835		0.000899655
2.87		0.0337606		0.00089905
2.871		0.0337377		0.000898447
2.872		0.0337148		0.000897844
2.873		0.033692		0.000897241
2.874		0.0336692		0.000896639
2.875		0.0336464		0.000896038
2.876		0.0336236		0.000895437
2.877		0.0336009		0.000894837
2.878		0.0335781		0.000894237
2.879		0.0335554		0.000893638
2.88		0.0335328		0.00089304
2.881		0.0335101		0.000892442
2.882		0.0334875		0.000891845
2.883		0.0334648		0.000891248
2.884		0.0334423		0.000890652
2.885		0.0334197		0.000890056
2.886		0.0333971		0.000889461
2.887		0.0333746		0.000888867
2.888		0.0333521		0.000888273
2.889		0.0333296		0.00088768
2.89		0.0333072		0.000887088
2.891		0.0332847		0.000886496
2.892		0.0332623		0.000885904
2.893		0.0332399		0.000885313
2.894		0.0332176		0.000884723
2.895		0.0331952		0.000884133
2.896		0.0331729		0.000883544
2.897		0.0331506		0.000882956
2.898		0.0331283		0.000882368
2.899		0.033106		0.00088178
2.9		0.0330838		0.000881193
2.901		0.0330616		0.000880607
2.902		0.0330394		0.000880021
2.903		0.0330172		0.000879436
2.904		0.0329951		0.000878852
2.905		0.032973		0.000878268
2.906		0.0329508		0.000877684
2.907		0.0329288		0.000877102
2.908		0.0329067		0.000876519
2.909		0.0328847		0.000875938
2.91		0.0328626		0.000875356
2.911		0.0328406		0.000874776
2.912		0.0328187		0.000874196
2.913		0.0327967		0.000873616
2.914		0.0327748		0.000873038
2.915		0.0327529		0.000872459
2.916		0.032731		0.000871881
2.917		0.0327091		0.000871304
2.918		0.0326873		0.000870728
2.919		0.0326655		0.000870152
2.92		0.0326437		0.000869576
2.921		0.0326219		0.000869001
2.922		0.0326001		0.000868427
2.923		0.0325784		0.000867853
2.924		0.0325567		0.000867279
2.925		0.032535		0.000866707
2.926		0.0325133		0.000866135
2.927		0.0324916		0.000865563
2.928		0.03247		0.000864992
2.929		0.0324484		0.000864421
2.93		0.0324268		0.000863851
2.931		0.0324052		0.000863282
2.932		0.0323837		0.000862713
2.933		0.0323622		0.000862145
2.934		0.0323407		0.000861577
2.935		0.0323192		0.00086101
2.936		0.0322977		0.000860443
2.937		0.0322763		0.000859877
2.938		0.0322549		0.000859311
2.939		0.0322335		0.000858746
2.94		0.0322121		0.000858182
2.941		0.0321907		0.000857618
2.942		0.0321694		0.000857054
2.943		0.0321481		0.000856491
2.944		0.0321268		0.000855929
2.945		0.0321055		0.000855367
2.946		0.0320842		0.000854806
2.947		0.032063		0.000854245
2.948		0.0320418		0.000853685
2.949		0.0320206		0.000853126
2.95		0.0319994		0.000852566
2.951		0.0319783		0.000852008
2.952		0.0319572		0.00085145
2.953		0.031936		0.000850892
2.954		0.031915		0.000850335
2.955		0.0318939		0.000849779
2.956		0.0318728		0.000849223
2.957		0.0318518		0.000848668
2.958		0.0318308		0.000848113
2.959		0.0318098		0.000847559
2.96		0.0317889		0.000847005
2.961		0.0317679		0.000846452
2.962		0.031747		0.000845899
2.963		0.0317261		0.000845347
2.964		0.0317052		0.000844795
2.965		0.0316843		0.000844244
2.966		0.0316635		0.000843694
2.967		0.0316427		0.000843143
2.968		0.0316219		0.000842594
2.969		0.0316011		0.000842045
2.97		0.0315803		0.000841496
2.971		0.0315596		0.000840949
2.972		0.0315388		0.000840401
2.973		0.0315181		0.000839854
2.974		0.0314975		0.000839308
2.975		0.0314768		0.000838762
2.976		0.0314561		0.000838217
2.977		0.0314355		0.000837672
2.978		0.0314149		0.000837127
2.979		0.0313943		0.000836584
2.98		0.0313738		0.00083604
2.981		0.0313532		0.000835498
2.982		0.0313327		0.000834955
2.983		0.0313122		0.000834414
2.984		0.0312917		0.000833873
2.985		0.0312713		0.000833332
2.986		0.0312508		0.000832792
2.987		0.0312304		0.000832252
2.988		0.03121		0.000831713
2.989		0.0311896		0.000831174
2.99		0.0311692		0.000830636
2.991		0.0311489		0.000830098
2.992		0.0311286		0.000829561
2.993		0.0311082		0.000829025
2.994		0.031088		0.000828489
2.995		0.0310677		0.000827953
2.996		0.0310474		0.000827418
2.997		0.0310272		0.000826884
2.998		0.031007		0.000826349
2.999		0.0309868		0.000825816
3		0.0309666		0.000825283
