   0.0210
   0.0655
   0.1076
   0.1292
   0.1369
   0.1373
   0.1336
   0.1279
   0.1215
   0.1153
   0.1097
   0.1051
   0.1015
   0.0991
   0.0976
   0.0971
   0.0976
   0.0988
   0.1007
   0.1033
   0.1064
   0.1099
   0.1139
   0.1183
   0.1229
   0.1278
   0.1329
   0.1382
   0.1436
   0.1490
   0.1546
   0.1601
   0.1656
   0.1711
   0.1766
   0.1820
   0.1873
   0.1925
   0.1975
   0.2025
   0.2073
   0.2120
   0.2165
   0.2208
   0.2250
   0.2290
   0.2329
   0.2365
   0.2400
   0.2434
   0.2465
   0.2495
   0.2523
   0.2550
   0.2575
   0.2598
   0.2619
   0.2639
   0.2658
   0.2675
   0.2691
   0.2705
   0.2718
   0.2729
   0.2740
   0.2749
   0.2756
   0.2763
   0.2769
   0.2773
   0.2777
   0.2780
   0.2781
   0.2782
   0.2782
   0.2781
   0.2780
   0.2777
   0.2774
   0.2770
   0.2766
   0.2761
   0.2755
   0.2749
   0.2743
   0.2736
   0.2728
   0.2720
   0.2712
   0.2703
   0.2694
   0.2684
   0.2675
   0.2665
   0.2654
   0.2644
   0.2633
   0.2622
   0.2610
   0.2599
   0.2587
   0.2576
   0.2564
   0.2551
   0.2539
   0.2527
   0.2514
   0.2502
   0.2489
   0.2477
   0.2464
   0.2451
   0.2438
   0.2425
   0.2413
   0.2400
   0.2387
   0.2374
   0.2361
   0.2348
   0.2335
   0.2322
   0.2309
   0.2296
   0.2283
   0.2270
   0.2258
   0.2245
   0.2232
   0.2219
   0.2207
   0.2194
   0.2181
   0.2169
   0.2156
   0.2144
   0.2132
   0.2119
   0.2107
   0.2095
   0.2083
   0.2071
   0.2059
   0.2047
   0.2035
   0.2023
   0.2011
   0.2000
   0.1988
   0.1977
   0.1965
   0.1954
   0.1943
   0.1931
   0.1920
   0.1909
   0.1898
   0.1887
   0.1876
   0.1865
   0.1855
   0.1844
   0.1833
   0.1823
   0.1812
   0.1802
   0.1792
   0.1781
   0.1771
   0.1761
   0.1751
   0.1741
   0.1731
   0.1721
   0.1712
   0.1702
   0.1692
   0.1683
   0.1673
   0.1664
   0.1655
   0.1645
   0.1636
   0.1627
   0.1618
   0.1609
   0.1600
   0.1591
   0.1582
   0.1573
   0.1565
   0.1556
   0.1547
   0.1539
   0.1531
   0.1522
   0.1514
   0.1506
   0.1497
   0.1489
   0.1481
   0.1473
   0.1465
   0.1457
   0.1449
   0.1441
   0.1434
   0.1426
   0.1418
   0.1411
   0.1403
   0.1396
   0.1388
   0.1381
   0.1374
   0.1366
   0.1359
   0.1352
   0.1345
   0.1338
   0.1331
   0.1324
   0.1317
   0.1310
   0.1303
   0.1296
   0.1290
   0.1283
   0.1276
   0.1270
   0.1263
   0.1257
   0.1250
   0.1244
   0.1237
   0.1231
   0.1225
   0.1218
   0.1212
   0.1206
   0.1200
   0.1194
   0.1188
   0.1182
   0.1176
   0.1170
   0.1164
   0.1158
   0.1153
   0.1147
   0.1141
   0.1135
   0.1130
   0.1124
   0.1119
   0.1113
   0.1108
   0.1102
   0.1097
   0.1092
   0.1086
   0.1081
   0.1076
   0.1070
   0.1065
   0.1060
   0.1055
   0.1050
   0.1045
   0.1040
   0.1035
   0.1030
   0.1025
   0.1020
   0.1015
   0.1010
   0.1005
   0.1001
   0.0996
   0.0991
   0.0987
   0.0982
   0.0977
   0.0973
   0.0968
   0.0964
   0.0959
   0.0955
   0.0950
   0.0946
   0.0941
   0.0937
   0.0933
   0.0928
   0.0924
   0.0920
   0.0916
   0.0912
   0.0907
   0.0903
   0.0899
   0.0895
   0.0891
   0.0887
   0.0883
   0.0879
   0.0875
   0.0871
   0.0867
   0.0863
   0.0859
   0.0856
   0.0852
   0.0848
   0.0844
   0.0840
   0.0837
   0.0833
   0.0829
   0.0826
   0.0822
   0.0819
   0.0815
   0.0811
   0.0808
   0.0804
   0.0801
   0.0797
   0.0794
   0.0790
   0.0787
   0.0784
   0.0780
   0.0777
   0.0774
   0.0770
   0.0767
   0.0764
   0.0760
   0.0757
   0.0754
   0.0751
   0.0748
   0.0744
   0.0741
   0.0738
   0.0735
   0.0732
   0.0729
   0.0726
   0.0723
   0.0720
   0.0717
   0.0714
   0.0711
   0.0708
   0.0705
   0.0702
   0.0699
   0.0696
   0.0694
   0.0691
   0.0688
   0.0685
   0.0682
   0.0679
   0.0677
   0.0674
   0.0671
   0.0669
   0.0666
   0.0663
   0.0660
   0.0658
   0.0655
   0.0653
   0.0650
   0.0647
   0.0645
   0.0642
   0.0640
   0.0637
   0.0635
   0.0632
   0.0630
   0.0627
   0.0625
   0.0622
   0.0620
   0.0617
   0.0615
   0.0613
   0.0610
   0.0608
   0.0605
   0.0603
   0.0601
   0.0598
   0.0596
   0.0594
   0.0592
   0.0589
   0.0587
   0.0585
   0.0583
   0.0580
   0.0578
   0.0576
   0.0574
   0.0572
   0.0569
   0.0567
   0.0565
   0.0563
   0.0561
   0.0559
   0.0557
   0.0555
   0.0553
   0.0550
   0.0548
   0.0546
   0.0544
   0.0542
   0.0540
   0.0538
   0.0536
   0.0534
   0.0532
   0.0530
   0.0529
   0.0527
   0.0525
   0.0523
   0.0521
   0.0519
   0.0517
   0.0515
   0.0513
   0.0512
   0.0510
   0.0508
   0.0506
   0.0504
   0.0502
   0.0501
   0.0499
   0.0497
   0.0495
   0.0493
   0.0492
   0.0490
   0.0488
   0.0487
   0.0485
   0.0483
   0.0481
   0.0480
   0.0478
   0.0476
   0.0475
   0.0473
   0.0471
   0.0470
   0.0468
   0.0467
   0.0465
   0.0463
   0.0462
   0.0460
   0.0459
   0.0457
   0.0455
   0.0454
   0.0452
   0.0451
   0.0449
   0.0448
   0.0446
   0.0445
   0.0443
   0.0442
   0.0440
   0.0439
   0.0437
   0.0436
   0.0434
   0.0433
   0.0431
   0.0430
   0.0428
   0.0427
   0.0426
   0.0424
   0.0423
   0.0421
   0.0420
   0.0419
   0.0417
   0.0416
   0.0414
   0.0413
   0.0412
   0.0410
   0.0409
   0.0408
   0.0406
   0.0405
   0.0404
   0.0402
   0.0401
   0.0400
   0.0399
   0.0397
   0.0396
   0.0395
   0.0393
   0.0392
   0.0391
   0.0390
   0.0388
   0.0387
   0.0386
   0.0385
   0.0383
   0.0382
   0.0381
   0.0380
   0.0379
   0.0377
   0.0376
   0.0375
   0.0374
   0.0373
   0.0372
   0.0370
   0.0369
   0.0368
   0.0367
   0.0366
   0.0365
   0.0364
   0.0362
   0.0361
   0.0360
   0.0359
   0.0358
   0.0357
   0.0356
   0.0355
   0.0354
   0.0352
   0.0351
   0.0350
   0.0349
   0.0348
   0.0347
   0.0346
   0.0345
   0.0344
   0.0343
   0.0342
   0.0341
   0.0340
   0.0339
   0.0338
   0.0337
   0.0336
   0.0335
   0.0334
   0.0333
   0.0332
   0.0331
   0.0330
   0.0329
   0.0328
   0.0327
   0.0326
   0.0325
   0.0324
   0.0323
   0.0322
   0.0321
   0.0320
   0.0319
   0.0318
   0.0317
   0.0317
   0.0316
   0.0315
   0.0314
   0.0313
   0.0312
   0.0311
   0.0310
   0.0309
   0.0308
   0.0307
   0.0307
   0.0306
