   0.0210
   0.0655
   0.1079
   0.1297
   0.1375
   0.1379
   0.1342
   0.1285
   0.1220
   0.1157
   0.1101
   0.1054
   0.1018
   0.0993
   0.0979
   0.0974
   0.0978
   0.0990
   0.1009
   0.1034
   0.1065
   0.1101
   0.1141
   0.1184
   0.1230
   0.1279
   0.1330
   0.1382
   0.1436
   0.1490
   0.1545
   0.1600
   0.1655
   0.1710
   0.1765
   0.1818
   0.1871
   0.1923
   0.1973
   0.2023
   0.2071
   0.2117
   0.2162
   0.2205
   0.2247
   0.2287
   0.2325
   0.2362
   0.2397
   0.2430
   0.2462
   0.2492
   0.2520
   0.2546
   0.2571
   0.2594
   0.2616
   0.2636
   0.2654
   0.2671
   0.2687
   0.2701
   0.2714
   0.2726
   0.2736
   0.2745
   0.2753
   0.2760
   0.2766
   0.2770
   0.2774
   0.2777
   0.2778
   0.2779
   0.2779
   0.2779
   0.2777
   0.2775
   0.2772
   0.2768
   0.2764
   0.2759
   0.2754
   0.2748
   0.2741
   0.2734
   0.2727
   0.2719
   0.2711
   0.2702
   0.2693
   0.2683
   0.2674
   0.2664
   0.2654
   0.2643
   0.2632
   0.2621
   0.2610
   0.2599
   0.2587
   0.2575
   0.2564
   0.2552
   0.2539
   0.2527
   0.2515
   0.2502
   0.2490
   0.2477
   0.2465
   0.2452
   0.2439
   0.2426
   0.2413
   0.2401
   0.2388
   0.2375
   0.2362
   0.2349
   0.2336
   0.2323
   0.2310
   0.2297
   0.2285
   0.2272
   0.2259
   0.2246
   0.2234
   0.2221
   0.2208
   0.2196
   0.2183
   0.2171
   0.2158
   0.2146
   0.2133
   0.2121
   0.2109
   0.2097
   0.2085
   0.2073
   0.2061
   0.2049
   0.2037
   0.2025
   0.2014
   0.2002
   0.1990
   0.1979
   0.1967
   0.1956
   0.1945
   0.1933
   0.1922
   0.1911
   0.1900
   0.1889
   0.1878
   0.1868
   0.1857
   0.1846
   0.1836
   0.1825
   0.1815
   0.1804
   0.1794
   0.1784
   0.1774
   0.1763
   0.1753
   0.1744
   0.1734
   0.1724
   0.1714
   0.1704
   0.1695
   0.1685
   0.1676
   0.1666
   0.1657
   0.1648
   0.1639
   0.1629
   0.1620
   0.1611
   0.1602
   0.1593
   0.1585
   0.1576
   0.1567
   0.1559
   0.1550
   0.1541
   0.1533
   0.1525
   0.1516
   0.1508
   0.1500
   0.1492
   0.1483
   0.1475
   0.1467
   0.1460
   0.1452
   0.1444
   0.1436
   0.1428
   0.1421
   0.1413
   0.1406
   0.1398
   0.1391
   0.1383
   0.1376
   0.1369
   0.1361
   0.1354
   0.1347
   0.1340
   0.1333
   0.1326
   0.1319
   0.1312
   0.1305
   0.1299
   0.1292
   0.1285
   0.1279
   0.1272
   0.1265
   0.1259
   0.1252
   0.1246
   0.1240
   0.1233
   0.1227
   0.1221
   0.1215
   0.1208
   0.1202
   0.1196
   0.1190
   0.1184
   0.1178
   0.1172
   0.1166
   0.1161
   0.1155
   0.1149
   0.1143
   0.1138
   0.1132
   0.1126
   0.1121
   0.1115
   0.1110
   0.1104
   0.1099
   0.1094
   0.1088
   0.1083
   0.1078
   0.1072
   0.1067
   0.1062
   0.1057
   0.1052
   0.1047
   0.1042
   0.1037
   0.1032
   0.1027
   0.1022
   0.1017
   0.1012
   0.1007
   0.1003
   0.0998
   0.0993
   0.0989
   0.0984
   0.0979
   0.0975
   0.0970
   0.0966
   0.0961
   0.0957
   0.0952
   0.0948
   0.0943
   0.0939
   0.0935
   0.0930
   0.0926
   0.0922
   0.0918
   0.0913
   0.0909
   0.0905
   0.0901
   0.0897
   0.0893
   0.0889
   0.0885
   0.0881
   0.0877
   0.0873
   0.0869
   0.0865
   0.0861
   0.0857
   0.0854
   0.0850
   0.0846
   0.0842
   0.0839
   0.0835
   0.0831
   0.0827
   0.0824
   0.0820
   0.0817
   0.0813
   0.0810
   0.0806
   0.0802
   0.0799
   0.0796
   0.0792
   0.0789
   0.0785
   0.0782
   0.0779
   0.0775
   0.0772
   0.0769
   0.0765
   0.0762
   0.0759
   0.0756
   0.0752
   0.0749
   0.0746
   0.0743
   0.0740
   0.0737
   0.0734
   0.0731
   0.0727
   0.0724
   0.0721
   0.0718
   0.0715
   0.0712
   0.0709
   0.0707
   0.0704
   0.0701
   0.0698
   0.0695
   0.0692
   0.0689
   0.0687
   0.0684
   0.0681
   0.0678
   0.0675
   0.0673
   0.0670
   0.0667
   0.0665
   0.0662
   0.0659
   0.0657
   0.0654
   0.0651
   0.0649
   0.0646
   0.0644
   0.0641
   0.0639
   0.0636
   0.0633
   0.0631
   0.0629
   0.0626
   0.0624
   0.0621
   0.0619
   0.0616
   0.0614
   0.0611
   0.0609
   0.0607
   0.0604
   0.0602
   0.0600
   0.0597
   0.0595
   0.0593
   0.0591
   0.0588
   0.0586
   0.0584
   0.0582
   0.0579
   0.0577
   0.0575
   0.0573
   0.0571
   0.0569
   0.0566
   0.0564
   0.0562
   0.0560
   0.0558
   0.0556
   0.0554
   0.0552
   0.0550
   0.0548
   0.0546
   0.0544
   0.0542
   0.0540
   0.0538
   0.0536
   0.0534
   0.0532
   0.0530
   0.0528
   0.0526
   0.0524
   0.0522
   0.0520
   0.0518
   0.0516
   0.0514
   0.0513
   0.0511
   0.0509
   0.0507
   0.0505
   0.0503
   0.0502
   0.0500
   0.0498
   0.0496
   0.0495
   0.0493
   0.0491
   0.0489
   0.0488
   0.0486
   0.0484
   0.0482
   0.0481
   0.0479
   0.0477
   0.0476
   0.0474
   0.0472
   0.0471
   0.0469
   0.0468
   0.0466
   0.0464
   0.0463
   0.0461
   0.0460
   0.0458
   0.0456
   0.0455
   0.0453
   0.0452
   0.0450
   0.0449
   0.0447
   0.0446
   0.0444
   0.0443
   0.0441
   0.0440
   0.0438
   0.0437
   0.0435
   0.0434
   0.0432
   0.0431
   0.0429
   0.0428
   0.0427
   0.0425
   0.0424
   0.0422
   0.0421
   0.0419
   0.0418
   0.0417
   0.0415
   0.0414
   0.0413
   0.0411
   0.0410
   0.0409
   0.0407
   0.0406
   0.0405
   0.0403
   0.0402
   0.0401
   0.0399
   0.0398
   0.0397
   0.0396
   0.0394
   0.0393
   0.0392
   0.0390
   0.0389
   0.0388
   0.0387
   0.0386
   0.0384
   0.0383
   0.0382
   0.0381
   0.0379
   0.0378
   0.0377
   0.0376
   0.0375
   0.0374
   0.0372
   0.0371
   0.0370
   0.0369
   0.0368
   0.0367
   0.0365
   0.0364
   0.0363
   0.0362
   0.0361
   0.0360
   0.0359
   0.0358
   0.0357
   0.0355
   0.0354
   0.0353
   0.0352
   0.0351
   0.0350
   0.0349
   0.0348
   0.0347
   0.0346
   0.0345
   0.0344
   0.0343
   0.0342
   0.0341
   0.0340
   0.0339
   0.0338
   0.0337
   0.0336
   0.0335
   0.0334
   0.0333
   0.0332
   0.0331
   0.0330
   0.0329
   0.0328
   0.0327
   0.0326
   0.0325
   0.0324
   0.0323
   0.0322
   0.0321
   0.0320
   0.0319
   0.0318
   0.0317
   0.0316
   0.0315
   0.0314
   0.0314
   0.0313
   0.0312
   0.0311
   0.0310
   0.0309
   0.0308
   0.0307
   0.0306
