   0.0210
   0.0655
   0.1085
   0.1309
   0.1391
   0.1397
   0.1362
   0.1305
   0.1241
   0.1177
   0.1121
   0.1074
   0.1037
   0.1012
   0.0997
   0.0992
   0.0996
   0.1008
   0.1028
   0.1054
   0.1086
   0.1122
   0.1163
   0.1207
   0.1254
   0.1304
   0.1356
   0.1409
   0.1464
   0.1519
   0.1575
   0.1631
   0.1687
   0.1743
   0.1798
   0.1852
   0.1906
   0.1958
   0.2009
   0.2059
   0.2108
   0.2155
   0.2200
   0.2244
   0.2286
   0.2326
   0.2365
   0.2402
   0.2437
   0.2470
   0.2502
   0.2532
   0.2560
   0.2586
   0.2611
   0.2634
   0.2655
   0.2675
   0.2693
   0.2710
   0.2725
   0.2739
   0.2752
   0.2763
   0.2773
   0.2782
   0.2789
   0.2796
   0.2801
   0.2805
   0.2808
   0.2811
   0.2812
   0.2812
   0.2812
   0.2811
   0.2809
   0.2806
   0.2803
   0.2798
   0.2794
   0.2788
   0.2782
   0.2776
   0.2769
   0.2762
   0.2754
   0.2745
   0.2737
   0.2728
   0.2718
   0.2708
   0.2698
   0.2688
   0.2677
   0.2667
   0.2655
   0.2644
   0.2632
   0.2621
   0.2609
   0.2597
   0.2585
   0.2572
   0.2560
   0.2547
   0.2535
   0.2522
   0.2509
   0.2496
   0.2483
   0.2470
   0.2457
   0.2444
   0.2431
   0.2418
   0.2405
   0.2392
   0.2379
   0.2366
   0.2352
   0.2339
   0.2326
   0.2313
   0.2300
   0.2287
   0.2274
   0.2261
   0.2249
   0.2236
   0.2223
   0.2210
   0.2197
   0.2185
   0.2172
   0.2160
   0.2147
   0.2135
   0.2122
   0.2110
   0.2098
   0.2086
   0.2074
   0.2062
   0.2050
   0.2038
   0.2026
   0.2014
   0.2003
   0.1991
   0.1979
   0.1968
   0.1957
   0.1945
   0.1934
   0.1923
   0.1912
   0.1901
   0.1890
   0.1879
   0.1868
   0.1857
   0.1847
   0.1836
   0.1826
   0.1815
   0.1805
   0.1794
   0.1784
   0.1774
   0.1764
   0.1754
   0.1744
   0.1734
   0.1724
   0.1714
   0.1705
   0.1695
   0.1686
   0.1676
   0.1667
   0.1657
   0.1648
   0.1639
   0.1630
   0.1621
   0.1612
   0.1603
   0.1594
   0.1585
   0.1576
   0.1568
   0.1559
   0.1551
   0.1542
   0.1534
   0.1525
   0.1517
   0.1509
   0.1500
   0.1492
   0.1484
   0.1476
   0.1468
   0.1460
   0.1452
   0.1445
   0.1437
   0.1429
   0.1422
   0.1414
   0.1406
   0.1399
   0.1392
   0.1384
   0.1377
   0.1370
   0.1362
   0.1355
   0.1348
   0.1341
   0.1334
   0.1327
   0.1320
   0.1313
   0.1306
   0.1300
   0.1293
   0.1286
   0.1280
   0.1273
   0.1266
   0.1260
   0.1254
   0.1247
   0.1241
   0.1234
   0.1228
   0.1222
   0.1216
   0.1210
   0.1203
   0.1197
   0.1191
   0.1185
   0.1179
   0.1174
   0.1168
   0.1162
   0.1156
   0.1150
   0.1145
   0.1139
   0.1133
   0.1128
   0.1122
   0.1117
   0.1111
   0.1106
   0.1100
   0.1095
   0.1090
   0.1084
   0.1079
   0.1074
   0.1069
   0.1064
   0.1058
   0.1053
   0.1048
   0.1043
   0.1038
   0.1033
   0.1028
   0.1023
   0.1019
   0.1014
   0.1009
   0.1004
   0.0999
   0.0995
   0.0990
   0.0985
   0.0981
   0.0976
   0.0972
   0.0967
   0.0963
   0.0958
   0.0954
   0.0949
   0.0945
   0.0941
   0.0936
   0.0932
   0.0928
   0.0923
   0.0919
   0.0915
   0.0911
   0.0907
   0.0903
   0.0899
   0.0894
   0.0890
   0.0886
   0.0882
   0.0878
   0.0875
   0.0871
   0.0867
   0.0863
   0.0859
   0.0855
   0.0851
   0.0848
   0.0844
   0.0840
   0.0836
   0.0833
   0.0829
   0.0826
   0.0822
   0.0818
   0.0815
   0.0811
   0.0808
   0.0804
   0.0801
   0.0797
   0.0794
   0.0790
   0.0787
   0.0784
   0.0780
   0.0777
   0.0774
   0.0770
   0.0767
   0.0764
   0.0761
   0.0757
   0.0754
   0.0751
   0.0748
   0.0745
   0.0741
   0.0738
   0.0735
   0.0732
   0.0729
   0.0726
   0.0723
   0.0720
   0.0717
   0.0714
   0.0711
   0.0708
   0.0705
   0.0702
   0.0700
   0.0697
   0.0694
   0.0691
   0.0688
   0.0685
   0.0683
   0.0680
   0.0677
   0.0674
   0.0672
   0.0669
   0.0666
   0.0664
   0.0661
   0.0658
   0.0656
   0.0653
   0.0650
   0.0648
   0.0645
   0.0643
   0.0640
   0.0638
   0.0635
   0.0633
   0.0630
   0.0628
   0.0625
   0.0623
   0.0620
   0.0618
   0.0616
   0.0613
   0.0611
   0.0608
   0.0606
   0.0604
   0.0601
   0.0599
   0.0597
   0.0595
   0.0592
   0.0590
   0.0588
   0.0586
   0.0583
   0.0581
   0.0579
   0.0577
   0.0575
   0.0572
   0.0570
   0.0568
   0.0566
   0.0564
   0.0562
   0.0560
   0.0558
   0.0555
   0.0553
   0.0551
   0.0549
   0.0547
   0.0545
   0.0543
   0.0541
   0.0539
   0.0537
   0.0535
   0.0533
   0.0531
   0.0529
   0.0527
   0.0526
   0.0524
   0.0522
   0.0520
   0.0518
   0.0516
   0.0514
   0.0512
   0.0511
   0.0509
   0.0507
   0.0505
   0.0503
   0.0502
   0.0500
   0.0498
   0.0496
   0.0494
   0.0493
   0.0491
   0.0489
   0.0488
   0.0486
   0.0484
   0.0482
   0.0481
   0.0479
   0.0477
   0.0476
   0.0474
   0.0472
   0.0471
   0.0469
   0.0468
   0.0466
   0.0464
   0.0463
   0.0461
   0.0460
   0.0458
   0.0456
   0.0455
   0.0453
   0.0452
   0.0450
   0.0449
   0.0447
   0.0446
   0.0444
   0.0443
   0.0441
   0.0440
   0.0438
   0.0437
   0.0435
   0.0434
   0.0432
   0.0431
   0.0429
   0.0428
   0.0427
   0.0425
   0.0424
   0.0422
   0.0421
   0.0420
   0.0418
   0.0417
   0.0416
   0.0414
   0.0413
   0.0411
   0.0410
   0.0409
   0.0407
   0.0406
   0.0405
   0.0403
   0.0402
   0.0401
   0.0400
   0.0398
   0.0397
   0.0396
   0.0394
   0.0393
   0.0392
   0.0391
   0.0389
   0.0388
   0.0387
   0.0386
   0.0385
   0.0383
   0.0382
   0.0381
   0.0380
   0.0379
   0.0377
   0.0376
   0.0375
   0.0374
   0.0373
   0.0371
   0.0370
   0.0369
   0.0368
   0.0367
   0.0366
   0.0365
   0.0363
   0.0362
   0.0361
   0.0360
   0.0359
   0.0358
   0.0357
   0.0356
   0.0355
   0.0354
   0.0352
   0.0351
   0.0350
   0.0349
   0.0348
   0.0347
   0.0346
   0.0345
   0.0344
   0.0343
   0.0342
   0.0341
   0.0340
   0.0339
   0.0338
   0.0337
   0.0336
   0.0335
   0.0334
   0.0333
   0.0332
   0.0331
   0.0330
   0.0329
   0.0328
   0.0327
   0.0326
   0.0325
   0.0324
   0.0323
   0.0322
   0.0321
   0.0320
   0.0319
   0.0319
   0.0318
   0.0317
   0.0316
   0.0315
   0.0314
   0.0313
   0.0312
   0.0311
   0.0310
   0.0309
   0.0309
