   0.0211
   0.0651
   0.1076
   0.1298
   0.1381
   0.1388
   0.1353
   0.1298
   0.1234
   0.1172
   0.1116
   0.1069
   0.1033
   0.1008
   0.0993
   0.0988
   0.0992
   0.1004
   0.1024
   0.1050
   0.1081
   0.1117
   0.1158
   0.1201
   0.1248
   0.1298
   0.1349
   0.1402
   0.1457
   0.1512
   0.1567
   0.1623
   0.1679
   0.1734
   0.1789
   0.1843
   0.1897
   0.1949
   0.2000
   0.2049
   0.2098
   0.2145
   0.2190
   0.2233
   0.2275
   0.2316
   0.2354
   0.2391
   0.2426
   0.2459
   0.2491
   0.2521
   0.2549
   0.2575
   0.2600
   0.2623
   0.2644
   0.2664
   0.2682
   0.2699
   0.2715
   0.2729
   0.2742
   0.2753
   0.2763
   0.2772
   0.2779
   0.2786
   0.2791
   0.2796
   0.2799
   0.2802
   0.2803
   0.2804
   0.2803
   0.2802
   0.2800
   0.2798
   0.2795
   0.2791
   0.2786
   0.2781
   0.2775
   0.2769
   0.2762
   0.2755
   0.2747
   0.2739
   0.2730
   0.2721
   0.2712
   0.2702
   0.2692
   0.2682
   0.2672
   0.2661
   0.2650
   0.2639
   0.2627
   0.2616
   0.2604
   0.2592
   0.2580
   0.2568
   0.2555
   0.2543
   0.2530
   0.2518
   0.2505
   0.2492
   0.2479
   0.2467
   0.2454
   0.2441
   0.2428
   0.2415
   0.2402
   0.2389
   0.2375
   0.2362
   0.2349
   0.2336
   0.2323
   0.2310
   0.2297
   0.2284
   0.2272
   0.2259
   0.2246
   0.2233
   0.2220
   0.2208
   0.2195
   0.2182
   0.2170
   0.2157
   0.2145
   0.2133
   0.2120
   0.2108
   0.2096
   0.2084
   0.2072
   0.2060
   0.2048
   0.2036
   0.2024
   0.2012
   0.2001
   0.1989
   0.1978
   0.1966
   0.1955
   0.1944
   0.1932
   0.1921
   0.1910
   0.1899
   0.1888
   0.1877
   0.1867
   0.1856
   0.1845
   0.1835
   0.1824
   0.1814
   0.1803
   0.1793
   0.1783
   0.1773
   0.1763
   0.1753
   0.1743
   0.1733
   0.1723
   0.1713
   0.1704
   0.1694
   0.1685
   0.1675
   0.1666
   0.1656
   0.1647
   0.1638
   0.1629
   0.1620
   0.1611
   0.1602
   0.1593
   0.1584
   0.1575
   0.1567
   0.1558
   0.1550
   0.1541
   0.1533
   0.1524
   0.1516
   0.1508
   0.1499
   0.1491
   0.1483
   0.1475
   0.1467
   0.1459
   0.1451
   0.1444
   0.1436
   0.1428
   0.1421
   0.1413
   0.1406
   0.1398
   0.1391
   0.1383
   0.1376
   0.1369
   0.1361
   0.1354
   0.1347
   0.1340
   0.1333
   0.1326
   0.1319
   0.1312
   0.1306
   0.1299
   0.1292
   0.1285
   0.1279
   0.1272
   0.1266
   0.1259
   0.1253
   0.1246
   0.1240
   0.1234
   0.1227
   0.1221
   0.1215
   0.1209
   0.1203
   0.1197
   0.1191
   0.1185
   0.1179
   0.1173
   0.1167
   0.1161
   0.1155
   0.1150
   0.1144
   0.1138
   0.1133
   0.1127
   0.1121
   0.1116
   0.1110
   0.1105
   0.1100
   0.1094
   0.1089
   0.1084
   0.1078
   0.1073
   0.1068
   0.1063
   0.1058
   0.1053
   0.1048
   0.1043
   0.1038
   0.1033
   0.1028
   0.1023
   0.1018
   0.1013
   0.1008
   0.1004
   0.0999
   0.0994
   0.0989
   0.0985
   0.0980
   0.0976
   0.0971
   0.0966
   0.0962
   0.0958
   0.0953
   0.0949
   0.0944
   0.0940
   0.0936
   0.0931
   0.0927
   0.0923
   0.0919
   0.0914
   0.0910
   0.0906
   0.0902
   0.0898
   0.0894
   0.0890
   0.0886
   0.0882
   0.0878
   0.0874
   0.0870
   0.0866
   0.0862
   0.0858
   0.0855
   0.0851
   0.0847
   0.0843
   0.0840
   0.0836
   0.0832
   0.0829
   0.0825
   0.0821
   0.0818
   0.0814
   0.0811
   0.0807
   0.0804
   0.0800
   0.0797
   0.0793
   0.0790
   0.0786
   0.0783
   0.0780
   0.0776
   0.0773
   0.0770
   0.0766
   0.0763
   0.0760
   0.0757
   0.0754
   0.0750
   0.0747
   0.0744
   0.0741
   0.0738
   0.0735
   0.0732
   0.0729
   0.0726
   0.0723
   0.0720
   0.0717
   0.0714
   0.0711
   0.0708
   0.0705
   0.0702
   0.0699
   0.0696
   0.0693
   0.0690
   0.0688
   0.0685
   0.0682
   0.0679
   0.0677
   0.0674
   0.0671
   0.0668
   0.0666
   0.0663
   0.0660
   0.0658
   0.0655
   0.0653
   0.0650
   0.0647
   0.0645
   0.0642
   0.0640
   0.0637
   0.0635
   0.0632
   0.0630
   0.0627
   0.0625
   0.0622
   0.0620
   0.0617
   0.0615
   0.0613
   0.0610
   0.0608
   0.0606
   0.0603
   0.0601
   0.0599
   0.0596
   0.0594
   0.0592
   0.0589
   0.0587
   0.0585
   0.0583
   0.0581
   0.0578
   0.0576
   0.0574
   0.0572
   0.0570
   0.0568
   0.0565
   0.0563
   0.0561
   0.0559
   0.0557
   0.0555
   0.0553
   0.0551
   0.0549
   0.0547
   0.0545
   0.0543
   0.0541
   0.0539
   0.0537
   0.0535
   0.0533
   0.0531
   0.0529
   0.0527
   0.0525
   0.0523
   0.0521
   0.0519
   0.0518
   0.0516
   0.0514
   0.0512
   0.0510
   0.0508
   0.0506
   0.0505
   0.0503
   0.0501
   0.0499
   0.0498
   0.0496
   0.0494
   0.0492
   0.0490
   0.0489
   0.0487
   0.0485
   0.0484
   0.0482
   0.0480
   0.0479
   0.0477
   0.0475
   0.0474
   0.0472
   0.0470
   0.0469
   0.0467
   0.0465
   0.0464
   0.0462
   0.0461
   0.0459
   0.0458
   0.0456
   0.0454
   0.0453
   0.0451
   0.0450
   0.0448
   0.0447
   0.0445
   0.0444
   0.0442
   0.0441
   0.0439
   0.0438
   0.0436
   0.0435
   0.0433
   0.0432
   0.0430
   0.0429
   0.0428
   0.0426
   0.0425
   0.0423
   0.0422
   0.0421
   0.0419
   0.0418
   0.0416
   0.0415
   0.0414
   0.0412
   0.0411
   0.0410
   0.0408
   0.0407
   0.0406
   0.0404
   0.0403
   0.0402
   0.0400
   0.0399
   0.0398
   0.0397
   0.0395
   0.0394
   0.0393
   0.0392
   0.0390
   0.0389
   0.0388
   0.0387
   0.0385
   0.0384
   0.0383
   0.0382
   0.0381
   0.0379
   0.0378
   0.0377
   0.0376
   0.0375
   0.0373
   0.0372
   0.0371
   0.0370
   0.0369
   0.0368
   0.0366
   0.0365
   0.0364
   0.0363
   0.0362
   0.0361
   0.0360
   0.0359
   0.0358
   0.0356
   0.0355
   0.0354
   0.0353
   0.0352
   0.0351
   0.0350
   0.0349
   0.0348
   0.0347
   0.0346
   0.0345
   0.0344
   0.0343
   0.0342
   0.0341
   0.0340
   0.0339
   0.0338
   0.0337
   0.0336
   0.0335
   0.0334
   0.0333
   0.0332
   0.0331
   0.0330
   0.0329
   0.0328
   0.0327
   0.0326
   0.0325
   0.0324
   0.0323
   0.0322
   0.0321
   0.0320
   0.0319
   0.0318
   0.0317
   0.0316
   0.0315
   0.0315
   0.0314
   0.0313
   0.0312
   0.0311
   0.0310
   0.0309
   0.0308
