   0.0210
   0.0655
   0.1087
   0.1314
   0.1400
   0.1408
   0.1373
   0.1316
   0.1251
   0.1187
   0.1130
   0.1082
   0.1044
   0.1018
   0.1002
   0.0997
   0.1000
   0.1012
   0.1031
   0.1056
   0.1087
   0.1123
   0.1163
   0.1207
   0.1254
   0.1303
   0.1355
   0.1408
   0.1462
   0.1518
   0.1574
   0.1630
   0.1686
   0.1741
   0.1796
   0.1851
   0.1905
   0.1957
   0.2009
   0.2059
   0.2107
   0.2155
   0.2200
   0.2244
   0.2287
   0.2327
   0.2366
   0.2404
   0.2439
   0.2473
   0.2505
   0.2535
   0.2563
   0.2590
   0.2615
   0.2639
   0.2661
   0.2681
   0.2700
   0.2717
   0.2733
   0.2748
   0.2761
   0.2772
   0.2783
   0.2792
   0.2800
   0.2807
   0.2813
   0.2818
   0.2821
   0.2824
   0.2826
   0.2827
   0.2827
   0.2826
   0.2824
   0.2822
   0.2819
   0.2815
   0.2811
   0.2806
   0.2800
   0.2794
   0.2788
   0.2780
   0.2773
   0.2765
   0.2756
   0.2748
   0.2738
   0.2729
   0.2719
   0.2709
   0.2698
   0.2688
   0.2677
   0.2666
   0.2654
   0.2643
   0.2631
   0.2619
   0.2607
   0.2595
   0.2582
   0.2570
   0.2557
   0.2545
   0.2532
   0.2519
   0.2506
   0.2493
   0.2480
   0.2467
   0.2454
   0.2441
   0.2428
   0.2415
   0.2402
   0.2389
   0.2376
   0.2362
   0.2349
   0.2336
   0.2323
   0.2310
   0.2297
   0.2284
   0.2271
   0.2258
   0.2246
   0.2233
   0.2220
   0.2207
   0.2195
   0.2182
   0.2170
   0.2157
   0.2145
   0.2132
   0.2120
   0.2108
   0.2096
   0.2083
   0.2071
   0.2059
   0.2048
   0.2036
   0.2024
   0.2012
   0.2001
   0.1989
   0.1978
   0.1966
   0.1955
   0.1944
   0.1932
   0.1921
   0.1910
   0.1899
   0.1888
   0.1877
   0.1867
   0.1856
   0.1845
   0.1835
   0.1824
   0.1814
   0.1804
   0.1793
   0.1783
   0.1773
   0.1763
   0.1753
   0.1743
   0.1733
   0.1723
   0.1714
   0.1704
   0.1695
   0.1685
   0.1676
   0.1666
   0.1657
   0.1648
   0.1639
   0.1629
   0.1620
   0.1611
   0.1602
   0.1594
   0.1585
   0.1576
   0.1567
   0.1559
   0.1550
   0.1542
   0.1533
   0.1525
   0.1517
   0.1509
   0.1500
   0.1492
   0.1484
   0.1476
   0.1468
   0.1460
   0.1452
   0.1445
   0.1437
   0.1429
   0.1422
   0.1414
   0.1407
   0.1399
   0.1392
   0.1384
   0.1377
   0.1370
   0.1363
   0.1356
   0.1348
   0.1341
   0.1334
   0.1327
   0.1321
   0.1314
   0.1307
   0.1300
   0.1293
   0.1287
   0.1280
   0.1274
   0.1267
   0.1260
   0.1254
   0.1248
   0.1241
   0.1235
   0.1229
   0.1223
   0.1216
   0.1210
   0.1204
   0.1198
   0.1192
   0.1186
   0.1180
   0.1174
   0.1168
   0.1163
   0.1157
   0.1151
   0.1145
   0.1140
   0.1134
   0.1129
   0.1123
   0.1118
   0.1112
   0.1107
   0.1101
   0.1096
   0.1091
   0.1085
   0.1080
   0.1075
   0.1070
   0.1064
   0.1059
   0.1054
   0.1049
   0.1044
   0.1039
   0.1034
   0.1029
   0.1024
   0.1020
   0.1015
   0.1010
   0.1005
   0.1000
   0.0996
   0.0991
   0.0986
   0.0982
   0.0977
   0.0973
   0.0968
   0.0964
   0.0959
   0.0955
   0.0950
   0.0946
   0.0942
   0.0937
   0.0933
   0.0929
   0.0925
   0.0920
   0.0916
   0.0912
   0.0908
   0.0904
   0.0900
   0.0896
   0.0892
   0.0888
   0.0884
   0.0880
   0.0876
   0.0872
   0.0868
   0.0864
   0.0860
   0.0856
   0.0853
   0.0849
   0.0845
   0.0841
   0.0838
   0.0834
   0.0830
   0.0827
   0.0823
   0.0820
   0.0816
   0.0812
   0.0809
   0.0805
   0.0802
   0.0798
   0.0795
   0.0792
   0.0788
   0.0785
   0.0781
   0.0778
   0.0775
   0.0772
   0.0768
   0.0765
   0.0762
   0.0759
   0.0755
   0.0752
   0.0749
   0.0746
   0.0743
   0.0740
   0.0737
   0.0733
   0.0730
   0.0727
   0.0724
   0.0721
   0.0718
   0.0715
   0.0712
   0.0710
   0.0707
   0.0704
   0.0701
   0.0698
   0.0695
   0.0692
   0.0690
   0.0687
   0.0684
   0.0681
   0.0678
   0.0676
   0.0673
   0.0670
   0.0668
   0.0665
   0.0662
   0.0660
   0.0657
   0.0654
   0.0652
   0.0649
   0.0647
   0.0644
   0.0642
   0.0639
   0.0636
   0.0634
   0.0632
   0.0629
   0.0627
   0.0624
   0.0622
   0.0619
   0.0617
   0.0614
   0.0612
   0.0610
   0.0607
   0.0605
   0.0603
   0.0600
   0.0598
   0.0596
   0.0594
   0.0591
   0.0589
   0.0587
   0.0585
   0.0582
   0.0580
   0.0578
   0.0576
   0.0574
   0.0571
   0.0569
   0.0567
   0.0565
   0.0563
   0.0561
   0.0559
   0.0557
   0.0555
   0.0553
   0.0551
   0.0549
   0.0547
   0.0544
   0.0542
   0.0541
   0.0539
   0.0537
   0.0535
   0.0533
   0.0531
   0.0529
   0.0527
   0.0525
   0.0523
   0.0521
   0.0519
   0.0517
   0.0516
   0.0514
   0.0512
   0.0510
   0.0508
   0.0506
   0.0505
   0.0503
   0.0501
   0.0499
   0.0497
   0.0496
   0.0494
   0.0492
   0.0491
   0.0489
   0.0487
   0.0485
   0.0484
   0.0482
   0.0480
   0.0479
   0.0477
   0.0475
   0.0474
   0.0472
   0.0470
   0.0469
   0.0467
   0.0466
   0.0464
   0.0462
   0.0461
   0.0459
   0.0458
   0.0456
   0.0455
   0.0453
   0.0451
   0.0450
   0.0448
   0.0447
   0.0445
   0.0444
   0.0442
   0.0441
   0.0439
   0.0438
   0.0437
   0.0435
   0.0434
   0.0432
   0.0431
   0.0429
   0.0428
   0.0426
   0.0425
   0.0424
   0.0422
   0.0421
   0.0419
   0.0418
   0.0417
   0.0415
   0.0414
   0.0413
   0.0411
   0.0410
   0.0409
   0.0407
   0.0406
   0.0405
   0.0403
   0.0402
   0.0401
   0.0400
   0.0398
   0.0397
   0.0396
   0.0394
   0.0393
   0.0392
   0.0391
   0.0389
   0.0388
   0.0387
   0.0386
   0.0385
   0.0383
   0.0382
   0.0381
   0.0380
   0.0379
   0.0377
   0.0376
   0.0375
   0.0374
   0.0373
   0.0372
   0.0370
   0.0369
   0.0368
   0.0367
   0.0366
   0.0365
   0.0364
   0.0362
   0.0361
   0.0360
   0.0359
   0.0358
   0.0357
   0.0356
   0.0355
   0.0354
   0.0353
   0.0352
   0.0350
   0.0349
   0.0348
   0.0347
   0.0346
   0.0345
   0.0344
   0.0343
   0.0342
   0.0341
   0.0340
   0.0339
   0.0338
   0.0337
   0.0336
   0.0335
   0.0334
   0.0333
   0.0332
   0.0331
   0.0330
   0.0329
   0.0328
   0.0327
   0.0326
   0.0325
   0.0324
   0.0323
   0.0322
   0.0322
   0.0321
   0.0320
   0.0319
   0.0318
   0.0317
   0.0316
   0.0315
   0.0314
   0.0313
   0.0312
   0.0311
