   0.0218
   0.0710
   0.1149
   0.1380
   0.1474
   0.1491
   0.1464
   0.1412
   0.1348
   0.1284
   0.1225
   0.1175
   0.1136
   0.1108
   0.1090
   0.1083
   0.1086
   0.1097
   0.1115
   0.1141
   0.1172
   0.1208
   0.1249
   0.1294
   0.1342
   0.1392
   0.1445
   0.1499
   0.1555
   0.1612
   0.1670
   0.1728
   0.1785
   0.1843
   0.1901
   0.1957
   0.2013
   0.2068
   0.2122
   0.2174
   0.2225
   0.2275
   0.2323
   0.2370
   0.2414
   0.2457
   0.2499
   0.2538
   0.2576
   0.2612
   0.2646
   0.2679
   0.2709
   0.2738
   0.2765
   0.2791
   0.2815
   0.2837
   0.2857
   0.2876
   0.2894
   0.2909
   0.2924
   0.2937
   0.2949
   0.2959
   0.2968
   0.2976
   0.2983
   0.2989
   0.2993
   0.2997
   0.2999
   0.3001
   0.3001
   0.3001
   0.3000
   0.2998
   0.2995
   0.2992
   0.2988
   0.2983
   0.2978
   0.2972
   0.2965
   0.2958
   0.2950
   0.2942
   0.2934
   0.2925
   0.2915
   0.2906
   0.2896
   0.2885
   0.2874
   0.2863
   0.2852
   0.2841
   0.2829
   0.2817
   0.2805
   0.2792
   0.2780
   0.2767
   0.2754
   0.2741
   0.2728
   0.2715
   0.2701
   0.2688
   0.2674
   0.2661
   0.2647
   0.2634
   0.2620
   0.2606
   0.2592
   0.2579
   0.2565
   0.2551
   0.2537
   0.2523
   0.2510
   0.2496
   0.2482
   0.2468
   0.2455
   0.2441
   0.2427
   0.2414
   0.2400
   0.2387
   0.2373
   0.2360
   0.2346
   0.2333
   0.2320
   0.2307
   0.2293
   0.2280
   0.2267
   0.2254
   0.2241
   0.2229
   0.2216
   0.2203
   0.2191
   0.2178
   0.2165
   0.2153
   0.2141
   0.2128
   0.2116
   0.2104
   0.2092
   0.2080
   0.2068
   0.2056
   0.2045
   0.2033
   0.2021
   0.2010
   0.1998
   0.1987
   0.1976
   0.1965
   0.1953
   0.1942
   0.1931
   0.1920
   0.1910
   0.1899
   0.1888
   0.1878
   0.1867
   0.1857
   0.1846
   0.1836
   0.1826
   0.1815
   0.1805
   0.1795
   0.1785
   0.1775
   0.1765
   0.1756
   0.1746
   0.1736
   0.1727
   0.1717
   0.1708
   0.1699
   0.1689
   0.1680
   0.1671
   0.1662
   0.1653
   0.1644
   0.1635
   0.1626
   0.1617
   0.1608
   0.1600
   0.1591
   0.1583
   0.1574
   0.1566
   0.1557
   0.1549
   0.1541
   0.1533
   0.1524
   0.1516
   0.1508
   0.1500
   0.1493
   0.1485
   0.1477
   0.1469
   0.1461
   0.1454
   0.1446
   0.1439
   0.1431
   0.1424
   0.1416
   0.1409
   0.1402
   0.1395
   0.1387
   0.1380
   0.1373
   0.1366
   0.1359
   0.1352
   0.1345
   0.1339
   0.1332
   0.1325
   0.1318
   0.1312
   0.1305
   0.1299
   0.1292
   0.1286
   0.1279
   0.1273
   0.1267
   0.1260
   0.1254
   0.1248
   0.1242
   0.1235
   0.1229
   0.1223
   0.1217
   0.1211
   0.1205
   0.1200
   0.1194
   0.1188
   0.1182
   0.1176
   0.1171
   0.1165
   0.1159
   0.1154
   0.1148
   0.1143
   0.1137
   0.1132
   0.1126
   0.1121
   0.1116
   0.1110
   0.1105
   0.1100
   0.1095
   0.1090
   0.1084
   0.1079
   0.1074
   0.1069
   0.1064
   0.1059
   0.1054
   0.1049
   0.1045
   0.1040
   0.1035
   0.1030
   0.1025
   0.1021
   0.1016
   0.1011
   0.1007
   0.1002
   0.0998
   0.0993
   0.0988
   0.0984
   0.0980
   0.0975
   0.0971
   0.0966
   0.0962
   0.0958
   0.0953
   0.0949
   0.0945
   0.0941
   0.0936
   0.0932
   0.0928
   0.0924
   0.0920
   0.0916
   0.0912
   0.0908
   0.0904
   0.0900
   0.0896
   0.0892
   0.0888
   0.0884
   0.0880
   0.0877
   0.0873
   0.0869
   0.0865
   0.0862
   0.0858
   0.0854
   0.0851
   0.0847
   0.0843
   0.0840
   0.0836
   0.0833
   0.0829
   0.0826
   0.0822
   0.0819
   0.0815
   0.0812
   0.0808
   0.0805
   0.0802
   0.0798
   0.0795
   0.0792
   0.0788
   0.0785
   0.0782
   0.0779
   0.0775
   0.0772
   0.0769
   0.0766
   0.0763
   0.0760
   0.0756
   0.0753
   0.0750
   0.0747
   0.0744
   0.0741
   0.0738
   0.0735
   0.0732
   0.0729
   0.0726
   0.0723
   0.0720
   0.0718
   0.0715
   0.0712
   0.0709
   0.0706
   0.0703
   0.0701
   0.0698
   0.0695
   0.0692
   0.0690
   0.0687
   0.0684
   0.0682
   0.0679
   0.0676
   0.0674
   0.0671
   0.0668
   0.0666
   0.0663
   0.0661
   0.0658
   0.0656
   0.0653
   0.0651
   0.0648
   0.0646
   0.0643
   0.0641
   0.0638
   0.0636
   0.0633
   0.0631
   0.0629
   0.0626
   0.0624
   0.0622
   0.0619
   0.0617
   0.0615
   0.0612
   0.0610
   0.0608
   0.0605
   0.0603
   0.0601
   0.0599
   0.0596
   0.0594
   0.0592
   0.0590
   0.0588
   0.0586
   0.0583
   0.0581
   0.0579
   0.0577
   0.0575
   0.0573
   0.0571
   0.0569
   0.0567
   0.0565
   0.0563
   0.0561
   0.0558
   0.0556
   0.0554
   0.0553
   0.0551
   0.0549
   0.0547
   0.0545
   0.0543
   0.0541
   0.0539
   0.0537
   0.0535
   0.0533
   0.0531
   0.0529
   0.0528
   0.0526
   0.0524
   0.0522
   0.0520
   0.0518
   0.0517
   0.0515
   0.0513
   0.0511
   0.0510
   0.0508
   0.0506
   0.0504
   0.0503
   0.0501
   0.0499
   0.0497
   0.0496
   0.0494
   0.0492
   0.0491
   0.0489
   0.0487
   0.0486
   0.0484
   0.0482
   0.0481
   0.0479
   0.0478
   0.0476
   0.0474
   0.0473
   0.0471
   0.0470
   0.0468
   0.0466
   0.0465
   0.0463
   0.0462
   0.0460
   0.0459
   0.0457
   0.0456
   0.0454
   0.0453
   0.0451
   0.0450
   0.0448
   0.0447
   0.0445
   0.0444
   0.0443
   0.0441
   0.0440
   0.0438
   0.0437
   0.0435
   0.0434
   0.0433
   0.0431
   0.0430
   0.0428
   0.0427
   0.0426
   0.0424
   0.0423
   0.0422
   0.0420
   0.0419
   0.0418
   0.0416
   0.0415
   0.0414
   0.0412
   0.0411
   0.0410
   0.0409
   0.0407
   0.0406
   0.0405
   0.0404
   0.0402
   0.0401
   0.0400
   0.0399
   0.0397
   0.0396
   0.0395
   0.0394
   0.0392
   0.0391
   0.0390
   0.0389
   0.0388
   0.0386
   0.0385
   0.0384
   0.0383
   0.0382
   0.0381
   0.0379
   0.0378
   0.0377
   0.0376
   0.0375
   0.0374
   0.0373
   0.0371
   0.0370
   0.0369
   0.0368
   0.0367
   0.0366
   0.0365
   0.0364
   0.0363
   0.0362
   0.0361
   0.0359
   0.0358
   0.0357
   0.0356
   0.0355
   0.0354
   0.0353
   0.0352
   0.0351
   0.0350
   0.0349
   0.0348
   0.0347
   0.0346
   0.0345
   0.0344
   0.0343
   0.0342
   0.0341
   0.0340
   0.0339
   0.0338
   0.0337
   0.0336
   0.0335
