   0.0210
   0.0661
   0.1090
   0.1312
   0.1393
   0.1398
   0.1362
   0.1306
   0.1241
   0.1177
   0.1121
   0.1073
   0.1036
   0.1011
   0.0995
   0.0990
   0.0994
   0.1006
   0.1025
   0.1050
   0.1081
   0.1117
   0.1157
   0.1201
   0.1248
   0.1297
   0.1349
   0.1402
   0.1456
   0.1511
   0.1566
   0.1622
   0.1678
   0.1733
   0.1788
   0.1843
   0.1896
   0.1948
   0.1999
   0.2049
   0.2098
   0.2145
   0.2190
   0.2234
   0.2276
   0.2317
   0.2356
   0.2393
   0.2428
   0.2461
   0.2493
   0.2523
   0.2552
   0.2578
   0.2603
   0.2627
   0.2648
   0.2669
   0.2687
   0.2704
   0.2720
   0.2735
   0.2747
   0.2759
   0.2769
   0.2779
   0.2787
   0.2793
   0.2799
   0.2804
   0.2807
   0.2810
   0.2812
   0.2812
   0.2812
   0.2812
   0.2810
   0.2807
   0.2804
   0.2801
   0.2796
   0.2791
   0.2786
   0.2780
   0.2773
   0.2766
   0.2758
   0.2750
   0.2742
   0.2733
   0.2724
   0.2714
   0.2704
   0.2694
   0.2684
   0.2673
   0.2662
   0.2651
   0.2640
   0.2628
   0.2616
   0.2605
   0.2593
   0.2580
   0.2568
   0.2556
   0.2543
   0.2531
   0.2518
   0.2505
   0.2492
   0.2479
   0.2466
   0.2454
   0.2441
   0.2428
   0.2414
   0.2401
   0.2388
   0.2375
   0.2362
   0.2349
   0.2336
   0.2323
   0.2310
   0.2297
   0.2284
   0.2272
   0.2259
   0.2246
   0.2233
   0.2220
   0.2208
   0.2195
   0.2183
   0.2170
   0.2158
   0.2145
   0.2133
   0.2121
   0.2108
   0.2096
   0.2084
   0.2072
   0.2060
   0.2048
   0.2036
   0.2025
   0.2013
   0.2001
   0.1990
   0.1978
   0.1967
   0.1955
   0.1944
   0.1933
   0.1922
   0.1911
   0.1900
   0.1889
   0.1878
   0.1867
   0.1857
   0.1846
   0.1835
   0.1825
   0.1815
   0.1804
   0.1794
   0.1784
   0.1774
   0.1764
   0.1754
   0.1744
   0.1734
   0.1724
   0.1714
   0.1705
   0.1695
   0.1686
   0.1676
   0.1667
   0.1658
   0.1648
   0.1639
   0.1630
   0.1621
   0.1612
   0.1603
   0.1594
   0.1585
   0.1577
   0.1568
   0.1559
   0.1551
   0.1542
   0.1534
   0.1526
   0.1517
   0.1509
   0.1501
   0.1493
   0.1485
   0.1477
   0.1469
   0.1461
   0.1453
   0.1445
   0.1437
   0.1430
   0.1422
   0.1415
   0.1407
   0.1400
   0.1392
   0.1385
   0.1378
   0.1370
   0.1363
   0.1356
   0.1349
   0.1342
   0.1335
   0.1328
   0.1321
   0.1314
   0.1307
   0.1300
   0.1294
   0.1287
   0.1280
   0.1274
   0.1267
   0.1261
   0.1254
   0.1248
   0.1242
   0.1235
   0.1229
   0.1223
   0.1217
   0.1211
   0.1204
   0.1198
   0.1192
   0.1186
   0.1180
   0.1175
   0.1169
   0.1163
   0.1157
   0.1151
   0.1146
   0.1140
   0.1134
   0.1129
   0.1123
   0.1118
   0.1112
   0.1107
   0.1101
   0.1096
   0.1091
   0.1085
   0.1080
   0.1075
   0.1070
   0.1065
   0.1059
   0.1054
   0.1049
   0.1044
   0.1039
   0.1034
   0.1029
   0.1025
   0.1020
   0.1015
   0.1010
   0.1005
   0.1001
   0.0996
   0.0991
   0.0987
   0.0982
   0.0977
   0.0973
   0.0968
   0.0964
   0.0959
   0.0955
   0.0950
   0.0946
   0.0942
   0.0937
   0.0933
   0.0929
   0.0925
   0.0920
   0.0916
   0.0912
   0.0908
   0.0904
   0.0900
   0.0896
   0.0892
   0.0888
   0.0884
   0.0880
   0.0876
   0.0872
   0.0868
   0.0864
   0.0860
   0.0856
   0.0853
   0.0849
   0.0845
   0.0841
   0.0838
   0.0834
   0.0830
   0.0827
   0.0823
   0.0819
   0.0816
   0.0812
   0.0809
   0.0805
   0.0802
   0.0798
   0.0795
   0.0791
   0.0788
   0.0785
   0.0781
   0.0778
   0.0775
   0.0771
   0.0768
   0.0765
   0.0762
   0.0758
   0.0755
   0.0752
   0.0749
   0.0746
   0.0743
   0.0739
   0.0736
   0.0733
   0.0730
   0.0727
   0.0724
   0.0721
   0.0718
   0.0715
   0.0712
   0.0709
   0.0706
   0.0704
   0.0701
   0.0698
   0.0695
   0.0692
   0.0689
   0.0687
   0.0684
   0.0681
   0.0678
   0.0675
   0.0673
   0.0670
   0.0667
   0.0665
   0.0662
   0.0659
   0.0657
   0.0654
   0.0652
   0.0649
   0.0646
   0.0644
   0.0641
   0.0639
   0.0636
   0.0634
   0.0631
   0.0629
   0.0626
   0.0624
   0.0621
   0.0619
   0.0617
   0.0614
   0.0612
   0.0609
   0.0607
   0.0605
   0.0602
   0.0600
   0.0598
   0.0596
   0.0593
   0.0591
   0.0589
   0.0587
   0.0584
   0.0582
   0.0580
   0.0578
   0.0576
   0.0573
   0.0571
   0.0569
   0.0567
   0.0565
   0.0563
   0.0561
   0.0558
   0.0556
   0.0554
   0.0552
   0.0550
   0.0548
   0.0546
   0.0544
   0.0542
   0.0540
   0.0538
   0.0536
   0.0534
   0.0532
   0.0530
   0.0528
   0.0527
   0.0525
   0.0523
   0.0521
   0.0519
   0.0517
   0.0515
   0.0513
   0.0512
   0.0510
   0.0508
   0.0506
   0.0504
   0.0502
   0.0501
   0.0499
   0.0497
   0.0495
   0.0494
   0.0492
   0.0490
   0.0488
   0.0487
   0.0485
   0.0483
   0.0482
   0.0480
   0.0478
   0.0477
   0.0475
   0.0473
   0.0472
   0.0470
   0.0468
   0.0467
   0.0465
   0.0464
   0.0462
   0.0460
   0.0459
   0.0457
   0.0456
   0.0454
   0.0453
   0.0451
   0.0450
   0.0448
   0.0447
   0.0445
   0.0444
   0.0442
   0.0441
   0.0439
   0.0438
   0.0436
   0.0435
   0.0433
   0.0432
   0.0430
   0.0429
   0.0427
   0.0426
   0.0425
   0.0423
   0.0422
   0.0420
   0.0419
   0.0418
   0.0416
   0.0415
   0.0414
   0.0412
   0.0411
   0.0410
   0.0408
   0.0407
   0.0406
   0.0404
   0.0403
   0.0402
   0.0400
   0.0399
   0.0398
   0.0397
   0.0395
   0.0394
   0.0393
   0.0392
   0.0390
   0.0389
   0.0388
   0.0387
   0.0385
   0.0384
   0.0383
   0.0382
   0.0381
   0.0379
   0.0378
   0.0377
   0.0376
   0.0375
   0.0373
   0.0372
   0.0371
   0.0370
   0.0369
   0.0368
   0.0367
   0.0365
   0.0364
   0.0363
   0.0362
   0.0361
   0.0360
   0.0359
   0.0358
   0.0357
   0.0355
   0.0354
   0.0353
   0.0352
   0.0351
   0.0350
   0.0349
   0.0348
   0.0347
   0.0346
   0.0345
   0.0344
   0.0343
   0.0342
   0.0341
   0.0340
   0.0339
   0.0338
   0.0337
   0.0336
   0.0335
   0.0334
   0.0333
   0.0332
   0.0331
   0.0330
   0.0329
   0.0328
   0.0327
   0.0326
   0.0325
   0.0324
   0.0323
   0.0322
   0.0321
   0.0320
   0.0319
   0.0318
   0.0317
   0.0317
   0.0316
   0.0315
   0.0314
   0.0313
   0.0312
   0.0311
   0.0310
