   0.0210
   0.0759
   0.1253
   0.1515
   0.1623
   0.1643
   0.1611
   0.1550
   0.1478
   0.1404
   0.1337
   0.1281
   0.1237
   0.1206
   0.1186
   0.1179
   0.1182
   0.1194
   0.1214
   0.1242
   0.1277
   0.1316
   0.1361
   0.1410
   0.1462
   0.1517
   0.1574
   0.1634
   0.1694
   0.1756
   0.1818
   0.1881
   0.1944
   0.2006
   0.2068
   0.2130
   0.2190
   0.2250
   0.2308
   0.2365
   0.2421
   0.2474
   0.2527
   0.2577
   0.2626
   0.2673
   0.2718
   0.2761
   0.2803
   0.2842
   0.2879
   0.2915
   0.2949
   0.2980
   0.3010
   0.3038
   0.3065
   0.3089
   0.3112
   0.3133
   0.3153
   0.3170
   0.3187
   0.3201
   0.3215
   0.3227
   0.3237
   0.3246
   0.3254
   0.3261
   0.3266
   0.3271
   0.3274
   0.3276
   0.3277
   0.3278
   0.3277
   0.3275
   0.3273
   0.3270
   0.3266
   0.3261
   0.3256
   0.3249
   0.3243
   0.3235
   0.3228
   0.3219
   0.3210
   0.3201
   0.3191
   0.3181
   0.3170
   0.3159
   0.3148
   0.3136
   0.3124
   0.3112
   0.3100
   0.3087
   0.3074
   0.3061
   0.3047
   0.3034
   0.3020
   0.3006
   0.2992
   0.2978
   0.2963
   0.2949
   0.2934
   0.2920
   0.2905
   0.2891
   0.2876
   0.2861
   0.2846
   0.2831
   0.2816
   0.2802
   0.2787
   0.2772
   0.2757
   0.2742
   0.2727
   0.2712
   0.2697
   0.2683
   0.2668
   0.2653
   0.2638
   0.2624
   0.2609
   0.2595
   0.2580
   0.2566
   0.2551
   0.2537
   0.2523
   0.2508
   0.2494
   0.2480
   0.2466
   0.2452
   0.2438
   0.2424
   0.2411
   0.2397
   0.2383
   0.2370
   0.2356
   0.2343
   0.2330
   0.2317
   0.2303
   0.2290
   0.2277
   0.2265
   0.2252
   0.2239
   0.2226
   0.2214
   0.2201
   0.2189
   0.2177
   0.2164
   0.2152
   0.2140
   0.2128
   0.2116
   0.2104
   0.2093
   0.2081
   0.2069
   0.2058
   0.2046
   0.2035
   0.2024
   0.2012
   0.2001
   0.1990
   0.1979
   0.1968
   0.1957
   0.1947
   0.1936
   0.1925
   0.1915
   0.1904
   0.1894
   0.1884
   0.1873
   0.1863
   0.1853
   0.1843
   0.1833
   0.1823
   0.1813
   0.1803
   0.1794
   0.1784
   0.1774
   0.1765
   0.1756
   0.1746
   0.1737
   0.1728
   0.1718
   0.1709
   0.1700
   0.1691
   0.1682
   0.1673
   0.1665
   0.1656
   0.1647
   0.1639
   0.1630
   0.1622
   0.1613
   0.1605
   0.1596
   0.1588
   0.1580
   0.1572
   0.1564
   0.1556
   0.1548
   0.1540
   0.1532
   0.1524
   0.1516
   0.1508
   0.1501
   0.1493
   0.1486
   0.1478
   0.1471
   0.1463
   0.1456
   0.1449
   0.1441
   0.1434
   0.1427
   0.1420
   0.1413
   0.1406
   0.1399
   0.1392
   0.1385
   0.1378
   0.1371
   0.1364
   0.1358
   0.1351
   0.1345
   0.1338
   0.1331
   0.1325
   0.1318
   0.1312
   0.1306
   0.1299
   0.1293
   0.1287
   0.1281
   0.1275
   0.1268
   0.1262
   0.1256
   0.1250
   0.1244
   0.1238
   0.1233
   0.1227
   0.1221
   0.1215
   0.1209
   0.1204
   0.1198
   0.1193
   0.1187
   0.1181
   0.1176
   0.1170
   0.1165
   0.1160
   0.1154
   0.1149
   0.1144
   0.1138
   0.1133
   0.1128
   0.1123
   0.1118
   0.1112
   0.1107
   0.1102
   0.1097
   0.1092
   0.1087
   0.1082
   0.1078
   0.1073
   0.1068
   0.1063
   0.1058
   0.1054
   0.1049
   0.1044
   0.1040
   0.1035
   0.1030
   0.1026
   0.1021
   0.1017
   0.1012
   0.1008
   0.1003
   0.0999
   0.0995
   0.0990
   0.0986
   0.0982
   0.0977
   0.0973
   0.0969
   0.0965
   0.0961
   0.0956
   0.0952
   0.0948
   0.0944
   0.0940
   0.0936
   0.0932
   0.0928
   0.0924
   0.0920
   0.0916
   0.0912
   0.0909
   0.0905
   0.0901
   0.0897
   0.0893
   0.0890
   0.0886
   0.0882
   0.0879
   0.0875
   0.0871
   0.0868
   0.0864
   0.0860
   0.0857
   0.0853
   0.0850
   0.0846
   0.0843
   0.0839
   0.0836
   0.0833
   0.0829
   0.0826
   0.0823
   0.0819
   0.0816
   0.0813
   0.0809
   0.0806
   0.0803
   0.0800
   0.0796
   0.0793
   0.0790
   0.0787
   0.0784
   0.0781
   0.0778
   0.0774
   0.0771
   0.0768
   0.0765
   0.0762
   0.0759
   0.0756
   0.0753
   0.0750
   0.0748
   0.0745
   0.0742
   0.0739
   0.0736
   0.0733
   0.0730
   0.0727
   0.0725
   0.0722
   0.0719
   0.0716
   0.0714
   0.0711
   0.0708
   0.0705
   0.0703
   0.0700
   0.0697
   0.0695
   0.0692
   0.0690
   0.0687
   0.0684
   0.0682
   0.0679
   0.0677
   0.0674
   0.0672
   0.0669
   0.0667
   0.0664
   0.0662
   0.0659
   0.0657
   0.0654
   0.0652
   0.0650
   0.0647
   0.0645
   0.0643
   0.0640
   0.0638
   0.0636
   0.0633
   0.0631
   0.0629
   0.0626
   0.0624
   0.0622
   0.0620
   0.0617
   0.0615
   0.0613
   0.0611
   0.0609
   0.0606
   0.0604
   0.0602
   0.0600
   0.0598
   0.0596
   0.0594
   0.0591
   0.0589
   0.0587
   0.0585
   0.0583
   0.0581
   0.0579
   0.0577
   0.0575
   0.0573
   0.0571
   0.0569
   0.0567
   0.0565
   0.0563
   0.0561
   0.0559
   0.0557
   0.0555
   0.0554
   0.0552
   0.0550
   0.0548
   0.0546
   0.0544
   0.0542
   0.0540
   0.0539
   0.0537
   0.0535
   0.0533
   0.0531
   0.0530
   0.0528
   0.0526
   0.0524
   0.0523
   0.0521
   0.0519
   0.0517
   0.0516
   0.0514
   0.0512
   0.0510
   0.0509
   0.0507
   0.0505
   0.0504
   0.0502
   0.0500
   0.0499
   0.0497
   0.0496
   0.0494
   0.0492
   0.0491
   0.0489
   0.0488
   0.0486
   0.0484
   0.0483
   0.0481
   0.0480
   0.0478
   0.0477
   0.0475
   0.0474
   0.0472
   0.0471
   0.0469
   0.0468
   0.0466
   0.0465
   0.0463
   0.0462
   0.0460
   0.0459
   0.0457
   0.0456
   0.0454
   0.0453
   0.0452
   0.0450
   0.0449
   0.0447
   0.0446
   0.0445
   0.0443
   0.0442
   0.0440
   0.0439
   0.0438
   0.0436
   0.0435
   0.0434
   0.0432
   0.0431
   0.0430
   0.0428
   0.0427
   0.0426
   0.0424
   0.0423
   0.0422
   0.0421
   0.0419
   0.0418
   0.0417
   0.0416
   0.0414
   0.0413
   0.0412
   0.0411
   0.0409
   0.0408
   0.0407
   0.0406
   0.0404
   0.0403
   0.0402
   0.0401
   0.0400
   0.0398
   0.0397
   0.0396
   0.0395
   0.0394
   0.0393
   0.0391
   0.0390
   0.0389
   0.0388
   0.0387
   0.0386
   0.0385
   0.0384
   0.0382
   0.0381
   0.0380
   0.0379
   0.0378
   0.0377
   0.0376
   0.0375
   0.0374
   0.0373
   0.0372
   0.0370
