   0.0219
   0.0669
   0.1094
   0.1321
   0.1411
   0.1424
   0.1394
   0.1341
   0.1279
   0.1217
   0.1160
   0.1112
   0.1075
   0.1049
   0.1033
   0.1028
   0.1031
   0.1043
   0.1062
   0.1087
   0.1118
   0.1154
   0.1195
   0.1238
   0.1286
   0.1335
   0.1387
   0.1440
   0.1495
   0.1550
   0.1606
   0.1663
   0.1719
   0.1775
   0.1831
   0.1886
   0.1940
   0.1993
   0.2045
   0.2096
   0.2145
   0.2193
   0.2239
   0.2284
   0.2327
   0.2369
   0.2409
   0.2447
   0.2483
   0.2518
   0.2550
   0.2582
   0.2611
   0.2639
   0.2665
   0.2689
   0.2712
   0.2733
   0.2752
   0.2770
   0.2787
   0.2802
   0.2816
   0.2828
   0.2839
   0.2849
   0.2858
   0.2865
   0.2872
   0.2877
   0.2881
   0.2884
   0.2886
   0.2888
   0.2888
   0.2888
   0.2886
   0.2884
   0.2882
   0.2878
   0.2874
   0.2869
   0.2864
   0.2858
   0.2851
   0.2844
   0.2837
   0.2829
   0.2821
   0.2812
   0.2803
   0.2793
   0.2783
   0.2773
   0.2763
   0.2752
   0.2741
   0.2730
   0.2718
   0.2706
   0.2694
   0.2682
   0.2670
   0.2658
   0.2645
   0.2633
   0.2620
   0.2607
   0.2594
   0.2581
   0.2568
   0.2555
   0.2542
   0.2528
   0.2515
   0.2502
   0.2488
   0.2475
   0.2462
   0.2448
   0.2435
   0.2422
   0.2408
   0.2395
   0.2382
   0.2368
   0.2355
   0.2342
   0.2329
   0.2315
   0.2302
   0.2289
   0.2276
   0.2263
   0.2250
   0.2237
   0.2225
   0.2212
   0.2199
   0.2186
   0.2174
   0.2161
   0.2149
   0.2136
   0.2124
   0.2112
   0.2100
   0.2088
   0.2075
   0.2064
   0.2052
   0.2040
   0.2028
   0.2016
   0.2005
   0.1993
   0.1982
   0.1970
   0.1959
   0.1948
   0.1936
   0.1925
   0.1914
   0.1903
   0.1892
   0.1882
   0.1871
   0.1860
   0.1850
   0.1839
   0.1829
   0.1818
   0.1808
   0.1798
   0.1788
   0.1778
   0.1767
   0.1758
   0.1748
   0.1738
   0.1728
   0.1718
   0.1709
   0.1699
   0.1690
   0.1680
   0.1671
   0.1662
   0.1653
   0.1643
   0.1634
   0.1625
   0.1616
   0.1608
   0.1599
   0.1590
   0.1581
   0.1573
   0.1564
   0.1556
   0.1547
   0.1539
   0.1530
   0.1522
   0.1514
   0.1506
   0.1498
   0.1490
   0.1482
   0.1474
   0.1466
   0.1458
   0.1450
   0.1443
   0.1435
   0.1427
   0.1420
   0.1412
   0.1405
   0.1397
   0.1390
   0.1383
   0.1376
   0.1368
   0.1361
   0.1354
   0.1347
   0.1340
   0.1333
   0.1326
   0.1320
   0.1313
   0.1306
   0.1299
   0.1293
   0.1286
   0.1279
   0.1273
   0.1266
   0.1260
   0.1254
   0.1247
   0.1241
   0.1235
   0.1229
   0.1222
   0.1216
   0.1210
   0.1204
   0.1198
   0.1192
   0.1186
   0.1180
   0.1175
   0.1169
   0.1163
   0.1157
   0.1152
   0.1146
   0.1140
   0.1135
   0.1129
   0.1124
   0.1118
   0.1113
   0.1107
   0.1102
   0.1097
   0.1092
   0.1086
   0.1081
   0.1076
   0.1071
   0.1066
   0.1061
   0.1055
   0.1050
   0.1045
   0.1041
   0.1036
   0.1031
   0.1026
   0.1021
   0.1016
   0.1012
   0.1007
   0.1002
   0.0997
   0.0993
   0.0988
   0.0984
   0.0979
   0.0975
   0.0970
   0.0966
   0.0961
   0.0957
   0.0952
   0.0948
   0.0944
   0.0939
   0.0935
   0.0931
   0.0927
   0.0922
   0.0918
   0.0914
   0.0910
   0.0906
   0.0902
   0.0898
   0.0894
   0.0890
   0.0886
   0.0882
   0.0878
   0.0874
   0.0870
   0.0867
   0.0863
   0.0859
   0.0855
   0.0851
   0.0848
   0.0844
   0.0840
   0.0837
   0.0833
   0.0829
   0.0826
   0.0822
   0.0819
   0.0815
   0.0812
   0.0808
   0.0805
   0.0801
   0.0798
   0.0794
   0.0791
   0.0788
   0.0784
   0.0781
   0.0778
   0.0774
   0.0771
   0.0768
   0.0765
   0.0762
   0.0758
   0.0755
   0.0752
   0.0749
   0.0746
   0.0743
   0.0740
   0.0737
   0.0734
   0.0731
   0.0728
   0.0725
   0.0722
   0.0719
   0.0716
   0.0713
   0.0710
   0.0707
   0.0704
   0.0701
   0.0698
   0.0696
   0.0693
   0.0690
   0.0687
   0.0684
   0.0682
   0.0679
   0.0676
   0.0674
   0.0671
   0.0668
   0.0666
   0.0663
   0.0660
   0.0658
   0.0655
   0.0653
   0.0650
   0.0647
   0.0645
   0.0642
   0.0640
   0.0637
   0.0635
   0.0633
   0.0630
   0.0628
   0.0625
   0.0623
   0.0620
   0.0618
   0.0616
   0.0613
   0.0611
   0.0609
   0.0606
   0.0604
   0.0602
   0.0599
   0.0597
   0.0595
   0.0593
   0.0590
   0.0588
   0.0586
   0.0584
   0.0582
   0.0579
   0.0577
   0.0575
   0.0573
   0.0571
   0.0569
   0.0567
   0.0564
   0.0562
   0.0560
   0.0558
   0.0556
   0.0554
   0.0552
   0.0550
   0.0548
   0.0546
   0.0544
   0.0542
   0.0540
   0.0538
   0.0536
   0.0534
   0.0532
   0.0531
   0.0529
   0.0527
   0.0525
   0.0523
   0.0521
   0.0519
   0.0517
   0.0516
   0.0514
   0.0512
   0.0510
   0.0508
   0.0506
   0.0505
   0.0503
   0.0501
   0.0499
   0.0498
   0.0496
   0.0494
   0.0492
   0.0491
   0.0489
   0.0487
   0.0486
   0.0484
   0.0482
   0.0481
   0.0479
   0.0477
   0.0476
   0.0474
   0.0472
   0.0471
   0.0469
   0.0468
   0.0466
   0.0464
   0.0463
   0.0461
   0.0460
   0.0458
   0.0457
   0.0455
   0.0454
   0.0452
   0.0451
   0.0449
   0.0448
   0.0446
   0.0445
   0.0443
   0.0442
   0.0440
   0.0439
   0.0437
   0.0436
   0.0434
   0.0433
   0.0432
   0.0430
   0.0429
   0.0427
   0.0426
   0.0424
   0.0423
   0.0422
   0.0420
   0.0419
   0.0418
   0.0416
   0.0415
   0.0414
   0.0412
   0.0411
   0.0410
   0.0408
   0.0407
   0.0406
   0.0404
   0.0403
   0.0402
   0.0401
   0.0399
   0.0398
   0.0397
   0.0396
   0.0394
   0.0393
   0.0392
   0.0391
   0.0389
   0.0388
   0.0387
   0.0386
   0.0384
   0.0383
   0.0382
   0.0381
   0.0380
   0.0379
   0.0377
   0.0376
   0.0375
   0.0374
   0.0373
   0.0372
   0.0370
   0.0369
   0.0368
   0.0367
   0.0366
   0.0365
   0.0364
   0.0363
   0.0361
   0.0360
   0.0359
   0.0358
   0.0357
   0.0356
   0.0355
   0.0354
   0.0353
   0.0352
   0.0351
   0.0350
   0.0349
   0.0348
   0.0347
   0.0346
   0.0345
   0.0344
   0.0342
   0.0341
   0.0340
   0.0339
   0.0338
   0.0337
   0.0336
   0.0335
   0.0335
   0.0334
   0.0333
   0.0332
   0.0331
   0.0330
   0.0329
   0.0328
   0.0327
   0.0326
   0.0325
   0.0324
   0.0323
   0.0322
   0.0321
   0.0320
   0.0319
