   0.0210
   0.0658
   0.1082
   0.1299
   0.1376
   0.1378
   0.1341
   0.1283
   0.1218
   0.1155
   0.1099
   0.1052
   0.1016
   0.0991
   0.0976
   0.0971
   0.0975
   0.0987
   0.1006
   0.1031
   0.1062
   0.1098
   0.1138
   0.1181
   0.1227
   0.1276
   0.1327
   0.1379
   0.1433
   0.1487
   0.1542
   0.1597
   0.1652
   0.1707
   0.1761
   0.1815
   0.1868
   0.1920
   0.1970
   0.2020
   0.2068
   0.2114
   0.2159
   0.2202
   0.2244
   0.2284
   0.2323
   0.2359
   0.2394
   0.2428
   0.2459
   0.2489
   0.2517
   0.2544
   0.2569
   0.2592
   0.2614
   0.2634
   0.2652
   0.2669
   0.2685
   0.2699
   0.2712
   0.2724
   0.2734
   0.2744
   0.2752
   0.2759
   0.2764
   0.2769
   0.2773
   0.2775
   0.2777
   0.2778
   0.2778
   0.2778
   0.2776
   0.2774
   0.2771
   0.2767
   0.2763
   0.2758
   0.2753
   0.2747
   0.2740
   0.2733
   0.2726
   0.2718
   0.2710
   0.2701
   0.2692
   0.2683
   0.2673
   0.2663
   0.2653
   0.2642
   0.2632
   0.2621
   0.2610
   0.2598
   0.2587
   0.2575
   0.2563
   0.2551
   0.2539
   0.2527
   0.2514
   0.2502
   0.2489
   0.2477
   0.2464
   0.2451
   0.2439
   0.2426
   0.2413
   0.2400
   0.2387
   0.2374
   0.2361
   0.2349
   0.2336
   0.2323
   0.2310
   0.2297
   0.2284
   0.2271
   0.2259
   0.2246
   0.2233
   0.2220
   0.2208
   0.2195
   0.2183
   0.2170
   0.2158
   0.2145
   0.2133
   0.2121
   0.2109
   0.2096
   0.2084
   0.2072
   0.2060
   0.2048
   0.2037
   0.2025
   0.2013
   0.2001
   0.1990
   0.1978
   0.1967
   0.1956
   0.1944
   0.1933
   0.1922
   0.1911
   0.1900
   0.1889
   0.1878
   0.1867
   0.1856
   0.1846
   0.1835
   0.1825
   0.1814
   0.1804
   0.1794
   0.1783
   0.1773
   0.1763
   0.1753
   0.1743
   0.1733
   0.1723
   0.1714
   0.1704
   0.1694
   0.1685
   0.1675
   0.1666
   0.1657
   0.1647
   0.1638
   0.1629
   0.1620
   0.1611
   0.1602
   0.1593
   0.1584
   0.1575
   0.1567
   0.1558
   0.1549
   0.1541
   0.1532
   0.1524
   0.1516
   0.1507
   0.1499
   0.1491
   0.1483
   0.1475
   0.1467
   0.1459
   0.1451
   0.1443
   0.1436
   0.1428
   0.1420
   0.1413
   0.1405
   0.1398
   0.1390
   0.1383
   0.1375
   0.1368
   0.1361
   0.1354
   0.1347
   0.1340
   0.1333
   0.1326
   0.1319
   0.1312
   0.1305
   0.1298
   0.1291
   0.1285
   0.1278
   0.1271
   0.1265
   0.1258
   0.1252
   0.1245
   0.1239
   0.1233
   0.1227
   0.1220
   0.1214
   0.1208
   0.1202
   0.1196
   0.1190
   0.1184
   0.1178
   0.1172
   0.1166
   0.1160
   0.1154
   0.1149
   0.1143
   0.1137
   0.1132
   0.1126
   0.1120
   0.1115
   0.1109
   0.1104
   0.1099
   0.1093
   0.1088
   0.1083
   0.1077
   0.1072
   0.1067
   0.1062
   0.1057
   0.1051
   0.1046
   0.1041
   0.1036
   0.1031
   0.1026
   0.1022
   0.1017
   0.1012
   0.1007
   0.1002
   0.0998
   0.0993
   0.0988
   0.0984
   0.0979
   0.0974
   0.0970
   0.0965
   0.0961
   0.0956
   0.0952
   0.0947
   0.0943
   0.0939
   0.0934
   0.0930
   0.0926
   0.0921
   0.0917
   0.0913
   0.0909
   0.0905
   0.0901
   0.0897
   0.0892
   0.0888
   0.0884
   0.0880
   0.0876
   0.0873
   0.0869
   0.0865
   0.0861
   0.0857
   0.0853
   0.0849
   0.0846
   0.0842
   0.0838
   0.0834
   0.0831
   0.0827
   0.0823
   0.0820
   0.0816
   0.0813
   0.0809
   0.0806
   0.0802
   0.0799
   0.0795
   0.0792
   0.0788
   0.0785
   0.0782
   0.0778
   0.0775
   0.0772
   0.0768
   0.0765
   0.0762
   0.0758
   0.0755
   0.0752
   0.0749
   0.0746
   0.0743
   0.0739
   0.0736
   0.0733
   0.0730
   0.0727
   0.0724
   0.0721
   0.0718
   0.0715
   0.0712
   0.0709
   0.0706
   0.0703
   0.0700
   0.0698
   0.0695
   0.0692
   0.0689
   0.0686
   0.0683
   0.0681
   0.0678
   0.0675
   0.0672
   0.0670
   0.0667
   0.0664
   0.0662
   0.0659
   0.0656
   0.0654
   0.0651
   0.0648
   0.0646
   0.0643
   0.0641
   0.0638
   0.0636
   0.0633
   0.0631
   0.0628
   0.0626
   0.0623
   0.0621
   0.0618
   0.0616
   0.0614
   0.0611
   0.0609
   0.0606
   0.0604
   0.0602
   0.0599
   0.0597
   0.0595
   0.0593
   0.0590
   0.0588
   0.0586
   0.0584
   0.0581
   0.0579
   0.0577
   0.0575
   0.0573
   0.0570
   0.0568
   0.0566
   0.0564
   0.0562
   0.0560
   0.0558
   0.0556
   0.0553
   0.0551
   0.0549
   0.0547
   0.0545
   0.0543
   0.0541
   0.0539
   0.0537
   0.0535
   0.0533
   0.0531
   0.0529
   0.0528
   0.0526
   0.0524
   0.0522
   0.0520
   0.0518
   0.0516
   0.0514
   0.0512
   0.0511
   0.0509
   0.0507
   0.0505
   0.0503
   0.0501
   0.0500
   0.0498
   0.0496
   0.0494
   0.0493
   0.0491
   0.0489
   0.0487
   0.0486
   0.0484
   0.0482
   0.0481
   0.0479
   0.0477
   0.0476
   0.0474
   0.0472
   0.0471
   0.0469
   0.0467
   0.0466
   0.0464
   0.0462
   0.0461
   0.0459
   0.0458
   0.0456
   0.0455
   0.0453
   0.0451
   0.0450
   0.0448
   0.0447
   0.0445
   0.0444
   0.0442
   0.0441
   0.0439
   0.0438
   0.0436
   0.0435
   0.0433
   0.0432
   0.0431
   0.0429
   0.0428
   0.0426
   0.0425
   0.0423
   0.0422
   0.0421
   0.0419
   0.0418
   0.0417
   0.0415
   0.0414
   0.0412
   0.0411
   0.0410
   0.0408
   0.0407
   0.0406
   0.0404
   0.0403
   0.0402
   0.0400
   0.0399
   0.0398
   0.0397
   0.0395
   0.0394
   0.0393
   0.0392
   0.0390
   0.0389
   0.0388
   0.0387
   0.0385
   0.0384
   0.0383
   0.0382
   0.0380
   0.0379
   0.0378
   0.0377
   0.0376
   0.0375
   0.0373
   0.0372
   0.0371
   0.0370
   0.0369
   0.0368
   0.0366
   0.0365
   0.0364
   0.0363
   0.0362
   0.0361
   0.0360
   0.0359
   0.0357
   0.0356
   0.0355
   0.0354
   0.0353
   0.0352
   0.0351
   0.0350
   0.0349
   0.0348
   0.0347
   0.0346
   0.0345
   0.0344
   0.0342
   0.0341
   0.0340
   0.0339
   0.0338
   0.0337
   0.0336
   0.0335
   0.0334
   0.0333
   0.0332
   0.0331
   0.0330
   0.0329
   0.0328
   0.0327
   0.0327
   0.0326
   0.0325
   0.0324
   0.0323
   0.0322
   0.0321
   0.0320
   0.0319
   0.0318
   0.0317
   0.0316
   0.0315
   0.0314
   0.0313
   0.0312
   0.0312
   0.0311
   0.0310
   0.0309
   0.0308
   0.0307
   0.0306
