   0.0211
   0.0655
   0.1081
   0.1301
   0.1380
   0.1385
   0.1349
   0.1291
   0.1227
   0.1163
   0.1106
   0.1059
   0.1022
   0.0997
   0.0982
   0.0976
   0.0980
   0.0992
   0.1011
   0.1036
   0.1067
   0.1103
   0.1142
   0.1186
   0.1232
   0.1281
   0.1332
   0.1385
   0.1438
   0.1493
   0.1548
   0.1603
   0.1658
   0.1713
   0.1768
   0.1821
   0.1874
   0.1926
   0.1977
   0.2026
   0.2074
   0.2120
   0.2165
   0.2209
   0.2251
   0.2291
   0.2329
   0.2366
   0.2401
   0.2434
   0.2466
   0.2495
   0.2523
   0.2550
   0.2575
   0.2598
   0.2620
   0.2640
   0.2658
   0.2675
   0.2691
   0.2705
   0.2718
   0.2730
   0.2740
   0.2749
   0.2757
   0.2764
   0.2769
   0.2774
   0.2778
   0.2780
   0.2782
   0.2783
   0.2783
   0.2782
   0.2781
   0.2778
   0.2775
   0.2772
   0.2767
   0.2762
   0.2757
   0.2751
   0.2744
   0.2737
   0.2730
   0.2722
   0.2714
   0.2705
   0.2696
   0.2687
   0.2677
   0.2667
   0.2657
   0.2646
   0.2635
   0.2624
   0.2613
   0.2602
   0.2590
   0.2578
   0.2566
   0.2554
   0.2542
   0.2530
   0.2517
   0.2505
   0.2492
   0.2480
   0.2467
   0.2454
   0.2442
   0.2429
   0.2416
   0.2403
   0.2390
   0.2377
   0.2364
   0.2351
   0.2338
   0.2326
   0.2313
   0.2300
   0.2287
   0.2274
   0.2261
   0.2249
   0.2236
   0.2223
   0.2211
   0.2198
   0.2185
   0.2173
   0.2160
   0.2148
   0.2136
   0.2123
   0.2111
   0.2099
   0.2087
   0.2075
   0.2063
   0.2051
   0.2039
   0.2027
   0.2016
   0.2004
   0.1992
   0.1981
   0.1969
   0.1958
   0.1947
   0.1935
   0.1924
   0.1913
   0.1902
   0.1891
   0.1880
   0.1870
   0.1859
   0.1848
   0.1838
   0.1827
   0.1817
   0.1806
   0.1796
   0.1786
   0.1775
   0.1765
   0.1755
   0.1745
   0.1736
   0.1726
   0.1716
   0.1706
   0.1697
   0.1687
   0.1678
   0.1668
   0.1659
   0.1650
   0.1640
   0.1631
   0.1622
   0.1613
   0.1604
   0.1595
   0.1586
   0.1578
   0.1569
   0.1560
   0.1552
   0.1543
   0.1535
   0.1526
   0.1518
   0.1510
   0.1501
   0.1493
   0.1485
   0.1477
   0.1469
   0.1461
   0.1453
   0.1446
   0.1438
   0.1430
   0.1422
   0.1415
   0.1407
   0.1400
   0.1392
   0.1385
   0.1378
   0.1370
   0.1363
   0.1356
   0.1349
   0.1342
   0.1335
   0.1328
   0.1321
   0.1314
   0.1307
   0.1300
   0.1293
   0.1287
   0.1280
   0.1274
   0.1267
   0.1260
   0.1254
   0.1248
   0.1241
   0.1235
   0.1229
   0.1222
   0.1216
   0.1210
   0.1204
   0.1198
   0.1192
   0.1186
   0.1180
   0.1174
   0.1168
   0.1162
   0.1156
   0.1151
   0.1145
   0.1139
   0.1134
   0.1128
   0.1122
   0.1117
   0.1111
   0.1106
   0.1100
   0.1095
   0.1090
   0.1084
   0.1079
   0.1074
   0.1069
   0.1064
   0.1058
   0.1053
   0.1048
   0.1043
   0.1038
   0.1033
   0.1028
   0.1023
   0.1019
   0.1014
   0.1009
   0.1004
   0.0999
   0.0995
   0.0990
   0.0985
   0.0981
   0.0976
   0.0971
   0.0967
   0.0962
   0.0958
   0.0954
   0.0949
   0.0945
   0.0940
   0.0936
   0.0932
   0.0927
   0.0923
   0.0919
   0.0915
   0.0911
   0.0906
   0.0902
   0.0898
   0.0894
   0.0890
   0.0886
   0.0882
   0.0878
   0.0874
   0.0870
   0.0866
   0.0862
   0.0859
   0.0855
   0.0851
   0.0847
   0.0843
   0.0840
   0.0836
   0.0832
   0.0829
   0.0825
   0.0821
   0.0818
   0.0814
   0.0811
   0.0807
   0.0804
   0.0800
   0.0797
   0.0793
   0.0790
   0.0786
   0.0783
   0.0780
   0.0776
   0.0773
   0.0770
   0.0766
   0.0763
   0.0760
   0.0757
   0.0754
   0.0750
   0.0747
   0.0744
   0.0741
   0.0738
   0.0735
   0.0732
   0.0729
   0.0726
   0.0722
   0.0719
   0.0716
   0.0714
   0.0711
   0.0708
   0.0705
   0.0702
   0.0699
   0.0696
   0.0693
   0.0690
   0.0688
   0.0685
   0.0682
   0.0679
   0.0676
   0.0674
   0.0671
   0.0668
   0.0666
   0.0663
   0.0660
   0.0658
   0.0655
   0.0652
   0.0650
   0.0647
   0.0645
   0.0642
   0.0640
   0.0637
   0.0634
   0.0632
   0.0629
   0.0627
   0.0625
   0.0622
   0.0620
   0.0617
   0.0615
   0.0612
   0.0610
   0.0608
   0.0605
   0.0603
   0.0601
   0.0598
   0.0596
   0.0594
   0.0592
   0.0589
   0.0587
   0.0585
   0.0583
   0.0580
   0.0578
   0.0576
   0.0574
   0.0572
   0.0569
   0.0567
   0.0565
   0.0563
   0.0561
   0.0559
   0.0557
   0.0555
   0.0553
   0.0551
   0.0548
   0.0546
   0.0544
   0.0542
   0.0540
   0.0538
   0.0536
   0.0534
   0.0533
   0.0531
   0.0529
   0.0527
   0.0525
   0.0523
   0.0521
   0.0519
   0.0517
   0.0515
   0.0513
   0.0512
   0.0510
   0.0508
   0.0506
   0.0504
   0.0503
   0.0501
   0.0499
   0.0497
   0.0495
   0.0494
   0.0492
   0.0490
   0.0488
   0.0487
   0.0485
   0.0483
   0.0482
   0.0480
   0.0478
   0.0477
   0.0475
   0.0473
   0.0472
   0.0470
   0.0468
   0.0467
   0.0465
   0.0463
   0.0462
   0.0460
   0.0459
   0.0457
   0.0456
   0.0454
   0.0452
   0.0451
   0.0449
   0.0448
   0.0446
   0.0445
   0.0443
   0.0442
   0.0440
   0.0439
   0.0437
   0.0436
   0.0434
   0.0433
   0.0432
   0.0430
   0.0429
   0.0427
   0.0426
   0.0424
   0.0423
   0.0422
   0.0420
   0.0419
   0.0417
   0.0416
   0.0415
   0.0413
   0.0412
   0.0411
   0.0409
   0.0408
   0.0407
   0.0405
   0.0404
   0.0403
   0.0401
   0.0400
   0.0399
   0.0397
   0.0396
   0.0395
   0.0394
   0.0392
   0.0391
   0.0390
   0.0389
   0.0387
   0.0386
   0.0385
   0.0384
   0.0383
   0.0381
   0.0380
   0.0379
   0.0378
   0.0377
   0.0375
   0.0374
   0.0373
   0.0372
   0.0371
   0.0369
   0.0368
   0.0367
   0.0366
   0.0365
   0.0364
   0.0363
   0.0362
   0.0360
   0.0359
   0.0358
   0.0357
   0.0356
   0.0355
   0.0354
   0.0353
   0.0352
   0.0351
   0.0350
   0.0348
   0.0347
   0.0346
   0.0345
   0.0344
   0.0343
   0.0342
   0.0341
   0.0340
   0.0339
   0.0338
   0.0337
   0.0336
   0.0335
   0.0334
   0.0333
   0.0332
   0.0331
   0.0330
   0.0329
   0.0328
   0.0327
   0.0326
   0.0325
   0.0324
   0.0323
   0.0322
   0.0321
   0.0321
   0.0320
   0.0319
   0.0318
   0.0317
   0.0316
   0.0315
   0.0314
   0.0313
   0.0312
   0.0311
   0.0310
   0.0310
   0.0309
   0.0308
   0.0307
