   0.0210
   0.0651
   0.1075
   0.1295
   0.1376
   0.1381
   0.1345
   0.1289
   0.1224
   0.1161
   0.1105
   0.1058
   0.1021
   0.0996
   0.0981
   0.0976
   0.0980
   0.0992
   0.1011
   0.1036
   0.1067
   0.1103
   0.1142
   0.1186
   0.1232
   0.1281
   0.1332
   0.1384
   0.1438
   0.1492
   0.1547
   0.1602
   0.1657
   0.1712
   0.1767
   0.1820
   0.1873
   0.1925
   0.1975
   0.2025
   0.2073
   0.2119
   0.2164
   0.2208
   0.2250
   0.2290
   0.2328
   0.2365
   0.2400
   0.2433
   0.2465
   0.2495
   0.2523
   0.2549
   0.2574
   0.2597
   0.2619
   0.2639
   0.2658
   0.2675
   0.2690
   0.2705
   0.2718
   0.2729
   0.2740
   0.2749
   0.2757
   0.2764
   0.2769
   0.2774
   0.2778
   0.2780
   0.2782
   0.2783
   0.2783
   0.2782
   0.2781
   0.2779
   0.2776
   0.2772
   0.2768
   0.2763
   0.2757
   0.2751
   0.2745
   0.2738
   0.2730
   0.2723
   0.2714
   0.2706
   0.2696
   0.2687
   0.2677
   0.2667
   0.2657
   0.2647
   0.2636
   0.2625
   0.2614
   0.2602
   0.2591
   0.2579
   0.2567
   0.2555
   0.2543
   0.2530
   0.2518
   0.2506
   0.2493
   0.2480
   0.2468
   0.2455
   0.2442
   0.2429
   0.2416
   0.2404
   0.2391
   0.2378
   0.2365
   0.2352
   0.2339
   0.2326
   0.2313
   0.2300
   0.2287
   0.2275
   0.2262
   0.2249
   0.2236
   0.2223
   0.2211
   0.2198
   0.2186
   0.2173
   0.2161
   0.2148
   0.2136
   0.2124
   0.2111
   0.2099
   0.2087
   0.2075
   0.2063
   0.2051
   0.2039
   0.2027
   0.2016
   0.2004
   0.1992
   0.1981
   0.1969
   0.1958
   0.1947
   0.1936
   0.1924
   0.1913
   0.1902
   0.1891
   0.1880
   0.1870
   0.1859
   0.1848
   0.1838
   0.1827
   0.1817
   0.1806
   0.1796
   0.1786
   0.1775
   0.1765
   0.1755
   0.1745
   0.1735
   0.1726
   0.1716
   0.1706
   0.1696
   0.1687
   0.1677
   0.1668
   0.1659
   0.1649
   0.1640
   0.1631
   0.1622
   0.1613
   0.1604
   0.1595
   0.1586
   0.1577
   0.1569
   0.1560
   0.1551
   0.1543
   0.1534
   0.1526
   0.1518
   0.1509
   0.1501
   0.1493
   0.1485
   0.1477
   0.1469
   0.1461
   0.1453
   0.1445
   0.1437
   0.1430
   0.1422
   0.1414
   0.1407
   0.1399
   0.1392
   0.1385
   0.1377
   0.1370
   0.1363
   0.1355
   0.1348
   0.1341
   0.1334
   0.1327
   0.1320
   0.1313
   0.1307
   0.1300
   0.1293
   0.1286
   0.1280
   0.1273
   0.1267
   0.1260
   0.1254
   0.1247
   0.1241
   0.1234
   0.1228
   0.1222
   0.1216
   0.1209
   0.1203
   0.1197
   0.1191
   0.1185
   0.1179
   0.1173
   0.1167
   0.1162
   0.1156
   0.1150
   0.1144
   0.1139
   0.1133
   0.1127
   0.1122
   0.1116
   0.1111
   0.1105
   0.1100
   0.1095
   0.1089
   0.1084
   0.1079
   0.1073
   0.1068
   0.1063
   0.1058
   0.1053
   0.1048
   0.1043
   0.1038
   0.1033
   0.1028
   0.1023
   0.1018
   0.1013
   0.1008
   0.1004
   0.0999
   0.0994
   0.0989
   0.0985
   0.0980
   0.0976
   0.0971
   0.0966
   0.0962
   0.0957
   0.0953
   0.0949
   0.0944
   0.0940
   0.0935
   0.0931
   0.0927
   0.0923
   0.0918
   0.0914
   0.0910
   0.0906
   0.0902
   0.0898
   0.0894
   0.0890
   0.0886
   0.0882
   0.0878
   0.0874
   0.0870
   0.0866
   0.0862
   0.0858
   0.0854
   0.0850
   0.0847
   0.0843
   0.0839
   0.0836
   0.0832
   0.0828
   0.0825
   0.0821
   0.0817
   0.0814
   0.0810
   0.0807
   0.0803
   0.0800
   0.0796
   0.0793
   0.0789
   0.0786
   0.0783
   0.0779
   0.0776
   0.0773
   0.0769
   0.0766
   0.0763
   0.0759
   0.0756
   0.0753
   0.0750
   0.0747
   0.0743
   0.0740
   0.0737
   0.0734
   0.0731
   0.0728
   0.0725
   0.0722
   0.0719
   0.0716
   0.0713
   0.0710
   0.0707
   0.0704
   0.0701
   0.0698
   0.0696
   0.0693
   0.0690
   0.0687
   0.0684
   0.0681
   0.0679
   0.0676
   0.0673
   0.0670
   0.0668
   0.0665
   0.0662
   0.0660
   0.0657
   0.0654
   0.0652
   0.0649
   0.0647
   0.0644
   0.0642
   0.0639
   0.0636
   0.0634
   0.0631
   0.0629
   0.0627
   0.0624
   0.0622
   0.0619
   0.0617
   0.0614
   0.0612
   0.0610
   0.0607
   0.0605
   0.0603
   0.0600
   0.0598
   0.0596
   0.0593
   0.0591
   0.0589
   0.0587
   0.0584
   0.0582
   0.0580
   0.0578
   0.0575
   0.0573
   0.0571
   0.0569
   0.0567
   0.0565
   0.0563
   0.0560
   0.0558
   0.0556
   0.0554
   0.0552
   0.0550
   0.0548
   0.0546
   0.0544
   0.0542
   0.0540
   0.0538
   0.0536
   0.0534
   0.0532
   0.0530
   0.0528
   0.0526
   0.0524
   0.0522
   0.0521
   0.0519
   0.0517
   0.0515
   0.0513
   0.0511
   0.0509
   0.0508
   0.0506
   0.0504
   0.0502
   0.0500
   0.0499
   0.0497
   0.0495
   0.0493
   0.0491
   0.0490
   0.0488
   0.0486
   0.0485
   0.0483
   0.0481
   0.0479
   0.0478
   0.0476
   0.0474
   0.0473
   0.0471
   0.0470
   0.0468
   0.0466
   0.0465
   0.0463
   0.0461
   0.0460
   0.0458
   0.0457
   0.0455
   0.0454
   0.0452
   0.0451
   0.0449
   0.0447
   0.0446
   0.0444
   0.0443
   0.0441
   0.0440
   0.0438
   0.0437
   0.0436
   0.0434
   0.0433
   0.0431
   0.0430
   0.0428
   0.0427
   0.0425
   0.0424
   0.0423
   0.0421
   0.0420
   0.0418
   0.0417
   0.0416
   0.0414
   0.0413
   0.0412
   0.0410
   0.0409
   0.0408
   0.0406
   0.0405
   0.0404
   0.0402
   0.0401
   0.0400
   0.0398
   0.0397
   0.0396
   0.0395
   0.0393
   0.0392
   0.0391
   0.0390
   0.0388
   0.0387
   0.0386
   0.0385
   0.0383
   0.0382
   0.0381
   0.0380
   0.0379
   0.0377
   0.0376
   0.0375
   0.0374
   0.0373
   0.0371
   0.0370
   0.0369
   0.0368
   0.0367
   0.0366
   0.0365
   0.0363
   0.0362
   0.0361
   0.0360
   0.0359
   0.0358
   0.0357
   0.0356
   0.0355
   0.0354
   0.0352
   0.0351
   0.0350
   0.0349
   0.0348
   0.0347
   0.0346
   0.0345
   0.0344
   0.0343
   0.0342
   0.0341
   0.0340
   0.0339
   0.0338
   0.0337
   0.0336
   0.0335
   0.0334
   0.0333
   0.0332
   0.0331
   0.0330
   0.0329
   0.0328
   0.0327
   0.0326
   0.0325
   0.0324
   0.0323
   0.0322
   0.0321
   0.0320
   0.0319
   0.0318
   0.0317
   0.0317
   0.0316
   0.0315
   0.0314
   0.0313
   0.0312
   0.0311
   0.0310
   0.0309
   0.0308
   0.0308
   0.0307
