   0.0207
   0.0655
   0.1078
   0.1293
   0.1369
   0.1371
   0.1334
   0.1277
   0.1213
   0.1151
   0.1095
   0.1049
   0.1014
   0.0989
   0.0975
   0.0971
   0.0975
   0.0987
   0.1006
   0.1032
   0.1063
   0.1099
   0.1139
   0.1182
   0.1229
   0.1277
   0.1328
   0.1381
   0.1434
   0.1489
   0.1544
   0.1599
   0.1654
   0.1709
   0.1763
   0.1817
   0.1870
   0.1922
   0.1972
   0.2022
   0.2070
   0.2116
   0.2161
   0.2205
   0.2246
   0.2287
   0.2325
   0.2362
   0.2397
   0.2430
   0.2461
   0.2491
   0.2519
   0.2546
   0.2571
   0.2594
   0.2615
   0.2635
   0.2654
   0.2671
   0.2686
   0.2701
   0.2714
   0.2725
   0.2735
   0.2744
   0.2752
   0.2759
   0.2765
   0.2769
   0.2773
   0.2776
   0.2777
   0.2778
   0.2778
   0.2777
   0.2776
   0.2773
   0.2770
   0.2767
   0.2762
   0.2757
   0.2752
   0.2746
   0.2739
   0.2732
   0.2725
   0.2717
   0.2708
   0.2699
   0.2690
   0.2681
   0.2671
   0.2661
   0.2651
   0.2640
   0.2629
   0.2618
   0.2607
   0.2596
   0.2584
   0.2572
   0.2560
   0.2548
   0.2536
   0.2524
   0.2512
   0.2499
   0.2486
   0.2474
   0.2461
   0.2448
   0.2436
   0.2423
   0.2410
   0.2397
   0.2384
   0.2371
   0.2358
   0.2345
   0.2332
   0.2319
   0.2307
   0.2294
   0.2281
   0.2268
   0.2255
   0.2242
   0.2230
   0.2217
   0.2204
   0.2192
   0.2179
   0.2167
   0.2154
   0.2142
   0.2130
   0.2117
   0.2105
   0.2093
   0.2081
   0.2069
   0.2057
   0.2045
   0.2033
   0.2021
   0.2010
   0.1998
   0.1986
   0.1975
   0.1963
   0.1952
   0.1941
   0.1930
   0.1918
   0.1907
   0.1896
   0.1885
   0.1875
   0.1864
   0.1853
   0.1842
   0.1832
   0.1821
   0.1811
   0.1801
   0.1790
   0.1780
   0.1770
   0.1760
   0.1750
   0.1740
   0.1730
   0.1720
   0.1710
   0.1701
   0.1691
   0.1682
   0.1672
   0.1663
   0.1653
   0.1644
   0.1635
   0.1626
   0.1617
   0.1608
   0.1599
   0.1590
   0.1581
   0.1572
   0.1564
   0.1555
   0.1547
   0.1538
   0.1530
   0.1521
   0.1513
   0.1505
   0.1496
   0.1488
   0.1480
   0.1472
   0.1464
   0.1456
   0.1448
   0.1441
   0.1433
   0.1425
   0.1418
   0.1410
   0.1402
   0.1395
   0.1388
   0.1380
   0.1373
   0.1366
   0.1358
   0.1351
   0.1344
   0.1337
   0.1330
   0.1323
   0.1316
   0.1309
   0.1302
   0.1296
   0.1289
   0.1282
   0.1276
   0.1269
   0.1263
   0.1256
   0.1250
   0.1243
   0.1237
   0.1231
   0.1224
   0.1218
   0.1212
   0.1206
   0.1200
   0.1194
   0.1188
   0.1182
   0.1176
   0.1170
   0.1164
   0.1158
   0.1152
   0.1147
   0.1141
   0.1135
   0.1130
   0.1124
   0.1118
   0.1113
   0.1107
   0.1102
   0.1097
   0.1091
   0.1086
   0.1081
   0.1075
   0.1070
   0.1065
   0.1060
   0.1055
   0.1050
   0.1044
   0.1039
   0.1034
   0.1030
   0.1025
   0.1020
   0.1015
   0.1010
   0.1005
   0.1000
   0.0996
   0.0991
   0.0986
   0.0982
   0.0977
   0.0973
   0.0968
   0.0963
   0.0959
   0.0955
   0.0950
   0.0946
   0.0941
   0.0937
   0.0933
   0.0928
   0.0924
   0.0920
   0.0916
   0.0911
   0.0907
   0.0903
   0.0899
   0.0895
   0.0891
   0.0887
   0.0883
   0.0879
   0.0875
   0.0871
   0.0867
   0.0863
   0.0859
   0.0856
   0.0852
   0.0848
   0.0844
   0.0840
   0.0837
   0.0833
   0.0829
   0.0826
   0.0822
   0.0818
   0.0815
   0.0811
   0.0808
   0.0804
   0.0801
   0.0797
   0.0794
   0.0790
   0.0787
   0.0784
   0.0780
   0.0777
   0.0774
   0.0770
   0.0767
   0.0764
   0.0760
   0.0757
   0.0754
   0.0751
   0.0748
   0.0744
   0.0741
   0.0738
   0.0735
   0.0732
   0.0729
   0.0726
   0.0723
   0.0720
   0.0717
   0.0714
   0.0711
   0.0708
   0.0705
   0.0702
   0.0699
   0.0696
   0.0694
   0.0691
   0.0688
   0.0685
   0.0682
   0.0679
   0.0677
   0.0674
   0.0671
   0.0669
   0.0666
   0.0663
   0.0660
   0.0658
   0.0655
   0.0653
   0.0650
   0.0647
   0.0645
   0.0642
   0.0640
   0.0637
   0.0635
   0.0632
   0.0630
   0.0627
   0.0625
   0.0622
   0.0620
   0.0617
   0.0615
   0.0613
   0.0610
   0.0608
   0.0605
   0.0603
   0.0601
   0.0598
   0.0596
   0.0594
   0.0592
   0.0589
   0.0587
   0.0585
   0.0583
   0.0580
   0.0578
   0.0576
   0.0574
   0.0572
   0.0569
   0.0567
   0.0565
   0.0563
   0.0561
   0.0559
   0.0557
   0.0555
   0.0553
   0.0551
   0.0548
   0.0546
   0.0544
   0.0542
   0.0540
   0.0538
   0.0536
   0.0534
   0.0532
   0.0531
   0.0529
   0.0527
   0.0525
   0.0523
   0.0521
   0.0519
   0.0517
   0.0515
   0.0513
   0.0512
   0.0510
   0.0508
   0.0506
   0.0504
   0.0502
   0.0501
   0.0499
   0.0497
   0.0495
   0.0494
   0.0492
   0.0490
   0.0488
   0.0487
   0.0485
   0.0483
   0.0481
   0.0480
   0.0478
   0.0476
   0.0475
   0.0473
   0.0471
   0.0470
   0.0468
   0.0467
   0.0465
   0.0463
   0.0462
   0.0460
   0.0459
   0.0457
   0.0455
   0.0454
   0.0452
   0.0451
   0.0449
   0.0448
   0.0446
   0.0445
   0.0443
   0.0442
   0.0440
   0.0439
   0.0437
   0.0436
   0.0434
   0.0433
   0.0431
   0.0430
   0.0428
   0.0427
   0.0426
   0.0424
   0.0423
   0.0421
   0.0420
   0.0419
   0.0417
   0.0416
   0.0415
   0.0413
   0.0412
   0.0410
   0.0409
   0.0408
   0.0406
   0.0405
   0.0404
   0.0402
   0.0401
   0.0400
   0.0399
   0.0397
   0.0396
   0.0395
   0.0393
   0.0392
   0.0391
   0.0390
   0.0388
   0.0387
   0.0386
   0.0385
   0.0384
   0.0382
   0.0381
   0.0380
   0.0379
   0.0377
   0.0376
   0.0375
   0.0374
   0.0373
   0.0372
   0.0370
   0.0369
   0.0368
   0.0367
   0.0366
   0.0365
   0.0364
   0.0362
   0.0361
   0.0360
   0.0359
   0.0358
   0.0357
   0.0356
   0.0355
   0.0354
   0.0353
   0.0351
   0.0350
   0.0349
   0.0348
   0.0347
   0.0346
   0.0345
   0.0344
   0.0343
   0.0342
   0.0341
   0.0340
   0.0339
   0.0338
   0.0337
   0.0336
   0.0335
   0.0334
   0.0333
   0.0332
   0.0331
   0.0330
   0.0329
   0.0328
   0.0327
   0.0326
   0.0325
   0.0324
   0.0323
   0.0322
   0.0321
   0.0320
   0.0319
   0.0318
   0.0318
   0.0317
   0.0316
   0.0315
   0.0314
   0.0313
   0.0312
   0.0311
   0.0310
   0.0309
   0.0308
   0.0308
   0.0307
   0.0306
