   0.0210
   0.0658
   0.1081
   0.1296
   0.1373
   0.1375
   0.1338
   0.1281
   0.1217
   0.1154
   0.1098
   0.1051
   0.1016
   0.0991
   0.0976
   0.0971
   0.0975
   0.0988
   0.1007
   0.1032
   0.1063
   0.1099
   0.1139
   0.1182
   0.1228
   0.1277
   0.1328
   0.1380
   0.1434
   0.1488
   0.1543
   0.1599
   0.1654
   0.1709
   0.1763
   0.1817
   0.1869
   0.1921
   0.1972
   0.2021
   0.2069
   0.2116
   0.2161
   0.2204
   0.2246
   0.2286
   0.2325
   0.2362
   0.2397
   0.2430
   0.2461
   0.2491
   0.2519
   0.2546
   0.2571
   0.2594
   0.2616
   0.2636
   0.2654
   0.2672
   0.2687
   0.2702
   0.2715
   0.2726
   0.2737
   0.2746
   0.2754
   0.2761
   0.2766
   0.2771
   0.2775
   0.2777
   0.2779
   0.2780
   0.2780
   0.2779
   0.2778
   0.2776
   0.2773
   0.2769
   0.2765
   0.2760
   0.2754
   0.2748
   0.2742
   0.2735
   0.2727
   0.2719
   0.2711
   0.2702
   0.2693
   0.2684
   0.2674
   0.2664
   0.2654
   0.2644
   0.2633
   0.2622
   0.2611
   0.2599
   0.2588
   0.2576
   0.2564
   0.2552
   0.2540
   0.2527
   0.2515
   0.2503
   0.2490
   0.2477
   0.2465
   0.2452
   0.2439
   0.2426
   0.2414
   0.2401
   0.2388
   0.2375
   0.2362
   0.2349
   0.2336
   0.2323
   0.2310
   0.2297
   0.2284
   0.2272
   0.2259
   0.2246
   0.2233
   0.2221
   0.2208
   0.2195
   0.2183
   0.2170
   0.2158
   0.2145
   0.2133
   0.2121
   0.2109
   0.2096
   0.2084
   0.2072
   0.2060
   0.2048
   0.2037
   0.2025
   0.2013
   0.2001
   0.1990
   0.1978
   0.1967
   0.1955
   0.1944
   0.1933
   0.1922
   0.1911
   0.1900
   0.1889
   0.1878
   0.1867
   0.1856
   0.1846
   0.1835
   0.1824
   0.1814
   0.1804
   0.1793
   0.1783
   0.1773
   0.1763
   0.1753
   0.1743
   0.1733
   0.1723
   0.1713
   0.1704
   0.1694
   0.1684
   0.1675
   0.1666
   0.1656
   0.1647
   0.1638
   0.1629
   0.1619
   0.1610
   0.1602
   0.1593
   0.1584
   0.1575
   0.1566
   0.1558
   0.1549
   0.1541
   0.1532
   0.1524
   0.1515
   0.1507
   0.1499
   0.1491
   0.1483
   0.1475
   0.1467
   0.1459
   0.1451
   0.1443
   0.1435
   0.1428
   0.1420
   0.1412
   0.1405
   0.1397
   0.1390
   0.1382
   0.1375
   0.1368
   0.1361
   0.1353
   0.1346
   0.1339
   0.1332
   0.1325
   0.1318
   0.1311
   0.1305
   0.1298
   0.1291
   0.1284
   0.1278
   0.1271
   0.1264
   0.1258
   0.1252
   0.1245
   0.1239
   0.1232
   0.1226
   0.1220
   0.1214
   0.1208
   0.1201
   0.1195
   0.1189
   0.1183
   0.1177
   0.1171
   0.1166
   0.1160
   0.1154
   0.1148
   0.1142
   0.1137
   0.1131
   0.1126
   0.1120
   0.1115
   0.1109
   0.1104
   0.1098
   0.1093
   0.1087
   0.1082
   0.1077
   0.1072
   0.1066
   0.1061
   0.1056
   0.1051
   0.1046
   0.1041
   0.1036
   0.1031
   0.1026
   0.1021
   0.1016
   0.1011
   0.1007
   0.1002
   0.0997
   0.0992
   0.0988
   0.0983
   0.0979
   0.0974
   0.0969
   0.0965
   0.0960
   0.0956
   0.0951
   0.0947
   0.0943
   0.0938
   0.0934
   0.0930
   0.0925
   0.0921
   0.0917
   0.0913
   0.0909
   0.0904
   0.0900
   0.0896
   0.0892
   0.0888
   0.0884
   0.0880
   0.0876
   0.0872
   0.0868
   0.0864
   0.0861
   0.0857
   0.0853
   0.0849
   0.0845
   0.0842
   0.0838
   0.0834
   0.0830
   0.0827
   0.0823
   0.0820
   0.0816
   0.0812
   0.0809
   0.0805
   0.0802
   0.0798
   0.0795
   0.0791
   0.0788
   0.0785
   0.0781
   0.0778
   0.0775
   0.0771
   0.0768
   0.0765
   0.0761
   0.0758
   0.0755
   0.0752
   0.0749
   0.0745
   0.0742
   0.0739
   0.0736
   0.0733
   0.0730
   0.0727
   0.0724
   0.0721
   0.0718
   0.0715
   0.0712
   0.0709
   0.0706
   0.0703
   0.0700
   0.0697
   0.0694
   0.0692
   0.0689
   0.0686
   0.0683
   0.0680
   0.0678
   0.0675
   0.0672
   0.0669
   0.0667
   0.0664
   0.0661
   0.0659
   0.0656
   0.0653
   0.0651
   0.0648
   0.0646
   0.0643
   0.0640
   0.0638
   0.0635
   0.0633
   0.0630
   0.0628
   0.0625
   0.0623
   0.0621
   0.0618
   0.0616
   0.0613
   0.0611
   0.0609
   0.0606
   0.0604
   0.0602
   0.0599
   0.0597
   0.0595
   0.0592
   0.0590
   0.0588
   0.0586
   0.0583
   0.0581
   0.0579
   0.0577
   0.0574
   0.0572
   0.0570
   0.0568
   0.0566
   0.0564
   0.0562
   0.0560
   0.0557
   0.0555
   0.0553
   0.0551
   0.0549
   0.0547
   0.0545
   0.0543
   0.0541
   0.0539
   0.0537
   0.0535
   0.0533
   0.0531
   0.0529
   0.0527
   0.0525
   0.0523
   0.0522
   0.0520
   0.0518
   0.0516
   0.0514
   0.0512
   0.0510
   0.0508
   0.0507
   0.0505
   0.0503
   0.0501
   0.0499
   0.0498
   0.0496
   0.0494
   0.0492
   0.0491
   0.0489
   0.0487
   0.0485
   0.0484
   0.0482
   0.0480
   0.0479
   0.0477
   0.0475
   0.0474
   0.0472
   0.0470
   0.0469
   0.0467
   0.0466
   0.0464
   0.0462
   0.0461
   0.0459
   0.0458
   0.0456
   0.0454
   0.0453
   0.0451
   0.0450
   0.0448
   0.0447
   0.0445
   0.0444
   0.0442
   0.0441
   0.0439
   0.0438
   0.0436
   0.0435
   0.0433
   0.0432
   0.0430
   0.0429
   0.0428
   0.0426
   0.0425
   0.0423
   0.0422
   0.0420
   0.0419
   0.0418
   0.0416
   0.0415
   0.0414
   0.0412
   0.0411
   0.0410
   0.0408
   0.0407
   0.0406
   0.0404
   0.0403
   0.0402
   0.0400
   0.0399
   0.0398
   0.0396
   0.0395
   0.0394
   0.0393
   0.0391
   0.0390
   0.0389
   0.0388
   0.0386
   0.0385
   0.0384
   0.0383
   0.0382
   0.0380
   0.0379
   0.0378
   0.0377
   0.0376
   0.0374
   0.0373
   0.0372
   0.0371
   0.0370
   0.0369
   0.0367
   0.0366
   0.0365
   0.0364
   0.0363
   0.0362
   0.0361
   0.0359
   0.0358
   0.0357
   0.0356
   0.0355
   0.0354
   0.0353
   0.0352
   0.0351
   0.0350
   0.0349
   0.0348
   0.0347
   0.0345
   0.0344
   0.0343
   0.0342
   0.0341
   0.0340
   0.0339
   0.0338
   0.0337
   0.0336
   0.0335
   0.0334
   0.0333
   0.0332
   0.0331
   0.0330
   0.0329
   0.0328
   0.0327
   0.0326
   0.0325
   0.0324
   0.0323
   0.0323
   0.0322
   0.0321
   0.0320
   0.0319
   0.0318
   0.0317
   0.0316
   0.0315
   0.0314
   0.0313
   0.0312
   0.0311
   0.0311
   0.0310
   0.0309
   0.0308
   0.0307
   0.0306
