   0.0209
   0.0654
   0.1079
   0.1300
   0.1381
   0.1387
   0.1351
   0.1294
   0.1230
   0.1167
   0.1110
   0.1063
   0.1027
   0.1002
   0.0987
   0.0982
   0.0986
   0.0998
   0.1017
   0.1043
   0.1074
   0.1110
   0.1150
   0.1194
   0.1241
   0.1290
   0.1341
   0.1394
   0.1448
   0.1503
   0.1558
   0.1614
   0.1669
   0.1724
   0.1779
   0.1833
   0.1886
   0.1938
   0.1989
   0.2039
   0.2087
   0.2134
   0.2179
   0.2222
   0.2264
   0.2304
   0.2343
   0.2379
   0.2414
   0.2447
   0.2479
   0.2509
   0.2537
   0.2563
   0.2588
   0.2611
   0.2632
   0.2652
   0.2671
   0.2687
   0.2703
   0.2717
   0.2730
   0.2741
   0.2751
   0.2760
   0.2768
   0.2774
   0.2780
   0.2784
   0.2788
   0.2790
   0.2792
   0.2792
   0.2792
   0.2791
   0.2789
   0.2787
   0.2784
   0.2780
   0.2775
   0.2770
   0.2764
   0.2758
   0.2752
   0.2744
   0.2737
   0.2729
   0.2720
   0.2711
   0.2702
   0.2692
   0.2683
   0.2672
   0.2662
   0.2651
   0.2640
   0.2629
   0.2618
   0.2606
   0.2595
   0.2583
   0.2571
   0.2559
   0.2546
   0.2534
   0.2521
   0.2509
   0.2496
   0.2483
   0.2471
   0.2458
   0.2445
   0.2432
   0.2419
   0.2406
   0.2393
   0.2380
   0.2367
   0.2354
   0.2341
   0.2328
   0.2315
   0.2302
   0.2289
   0.2277
   0.2264
   0.2251
   0.2238
   0.2225
   0.2213
   0.2200
   0.2187
   0.2175
   0.2162
   0.2150
   0.2138
   0.2125
   0.2113
   0.2101
   0.2089
   0.2077
   0.2065
   0.2053
   0.2041
   0.2029
   0.2017
   0.2006
   0.1994
   0.1982
   0.1971
   0.1959
   0.1948
   0.1937
   0.1926
   0.1915
   0.1904
   0.1893
   0.1882
   0.1871
   0.1860
   0.1849
   0.1839
   0.1828
   0.1818
   0.1807
   0.1797
   0.1787
   0.1777
   0.1767
   0.1757
   0.1747
   0.1737
   0.1727
   0.1717
   0.1707
   0.1698
   0.1688
   0.1679
   0.1669
   0.1660
   0.1651
   0.1641
   0.1632
   0.1623
   0.1614
   0.1605
   0.1596
   0.1587
   0.1579
   0.1570
   0.1561
   0.1553
   0.1544
   0.1536
   0.1527
   0.1519
   0.1511
   0.1502
   0.1494
   0.1486
   0.1478
   0.1470
   0.1462
   0.1454
   0.1446
   0.1439
   0.1431
   0.1423
   0.1416
   0.1408
   0.1401
   0.1393
   0.1386
   0.1378
   0.1371
   0.1364
   0.1357
   0.1350
   0.1342
   0.1335
   0.1328
   0.1321
   0.1315
   0.1308
   0.1301
   0.1294
   0.1287
   0.1281
   0.1274
   0.1268
   0.1261
   0.1255
   0.1248
   0.1242
   0.1236
   0.1229
   0.1223
   0.1217
   0.1211
   0.1204
   0.1198
   0.1192
   0.1186
   0.1180
   0.1174
   0.1169
   0.1163
   0.1157
   0.1151
   0.1145
   0.1140
   0.1134
   0.1129
   0.1123
   0.1117
   0.1112
   0.1107
   0.1101
   0.1096
   0.1090
   0.1085
   0.1080
   0.1075
   0.1069
   0.1064
   0.1059
   0.1054
   0.1049
   0.1044
   0.1039
   0.1034
   0.1029
   0.1024
   0.1019
   0.1014
   0.1009
   0.1005
   0.1000
   0.0995
   0.0991
   0.0986
   0.0981
   0.0977
   0.0972
   0.0968
   0.0963
   0.0959
   0.0954
   0.0950
   0.0945
   0.0941
   0.0937
   0.0932
   0.0928
   0.0924
   0.0919
   0.0915
   0.0911
   0.0907
   0.0903
   0.0899
   0.0895
   0.0891
   0.0887
   0.0883
   0.0879
   0.0875
   0.0871
   0.0867
   0.0863
   0.0859
   0.0855
   0.0852
   0.0848
   0.0844
   0.0840
   0.0837
   0.0833
   0.0829
   0.0826
   0.0822
   0.0818
   0.0815
   0.0811
   0.0808
   0.0804
   0.0801
   0.0797
   0.0794
   0.0790
   0.0787
   0.0784
   0.0780
   0.0777
   0.0774
   0.0770
   0.0767
   0.0764
   0.0760
   0.0757
   0.0754
   0.0751
   0.0748
   0.0744
   0.0741
   0.0738
   0.0735
   0.0732
   0.0729
   0.0726
   0.0723
   0.0720
   0.0717
   0.0714
   0.0711
   0.0708
   0.0705
   0.0702
   0.0699
   0.0696
   0.0694
   0.0691
   0.0688
   0.0685
   0.0682
   0.0680
   0.0677
   0.0674
   0.0671
   0.0669
   0.0666
   0.0663
   0.0661
   0.0658
   0.0655
   0.0653
   0.0650
   0.0648
   0.0645
   0.0642
   0.0640
   0.0637
   0.0635
   0.0632
   0.0630
   0.0627
   0.0625
   0.0622
   0.0620
   0.0618
   0.0615
   0.0613
   0.0610
   0.0608
   0.0606
   0.0603
   0.0601
   0.0599
   0.0596
   0.0594
   0.0592
   0.0590
   0.0587
   0.0585
   0.0583
   0.0581
   0.0578
   0.0576
   0.0574
   0.0572
   0.0570
   0.0568
   0.0565
   0.0563
   0.0561
   0.0559
   0.0557
   0.0555
   0.0553
   0.0551
   0.0549
   0.0547
   0.0545
   0.0543
   0.0541
   0.0539
   0.0537
   0.0535
   0.0533
   0.0531
   0.0529
   0.0527
   0.0525
   0.0523
   0.0521
   0.0519
   0.0518
   0.0516
   0.0514
   0.0512
   0.0510
   0.0508
   0.0506
   0.0505
   0.0503
   0.0501
   0.0499
   0.0497
   0.0496
   0.0494
   0.0492
   0.0490
   0.0489
   0.0487
   0.0485
   0.0484
   0.0482
   0.0480
   0.0479
   0.0477
   0.0475
   0.0474
   0.0472
   0.0470
   0.0469
   0.0467
   0.0465
   0.0464
   0.0462
   0.0461
   0.0459
   0.0457
   0.0456
   0.0454
   0.0453
   0.0451
   0.0450
   0.0448
   0.0447
   0.0445
   0.0444
   0.0442
   0.0441
   0.0439
   0.0438
   0.0436
   0.0435
   0.0433
   0.0432
   0.0430
   0.0429
   0.0427
   0.0426
   0.0425
   0.0423
   0.0422
   0.0420
   0.0419
   0.0418
   0.0416
   0.0415
   0.0414
   0.0412
   0.0411
   0.0410
   0.0408
   0.0407
   0.0406
   0.0404
   0.0403
   0.0402
   0.0400
   0.0399
   0.0398
   0.0396
   0.0395
   0.0394
   0.0393
   0.0391
   0.0390
   0.0389
   0.0388
   0.0386
   0.0385
   0.0384
   0.0383
   0.0382
   0.0380
   0.0379
   0.0378
   0.0377
   0.0376
   0.0374
   0.0373
   0.0372
   0.0371
   0.0370
   0.0369
   0.0367
   0.0366
   0.0365
   0.0364
   0.0363
   0.0362
   0.0361
   0.0360
   0.0358
   0.0357
   0.0356
   0.0355
   0.0354
   0.0353
   0.0352
   0.0351
   0.0350
   0.0349
   0.0348
   0.0347
   0.0346
   0.0345
   0.0343
   0.0342
   0.0341
   0.0340
   0.0339
   0.0338
   0.0337
   0.0336
   0.0335
   0.0334
   0.0333
   0.0332
   0.0331
   0.0330
   0.0329
   0.0328
   0.0327
   0.0326
   0.0326
   0.0325
   0.0324
   0.0323
   0.0322
   0.0321
   0.0320
   0.0319
   0.0318
   0.0317
   0.0316
   0.0315
   0.0314
   0.0313
   0.0312
   0.0312
   0.0311
   0.0310
   0.0309
   0.0308
   0.0307
