   0.0209
   0.0655
   0.1076
   0.1291
   0.1369
   0.1372
   0.1336
   0.1280
   0.1216
   0.1154
   0.1098
   0.1052
   0.1016
   0.0991
   0.0977
   0.0972
   0.0976
   0.0988
   0.1007
   0.1033
   0.1064
   0.1099
   0.1139
   0.1183
   0.1229
   0.1278
   0.1329
   0.1381
   0.1435
   0.1490
   0.1545
   0.1600
   0.1655
   0.1710
   0.1765
   0.1818
   0.1871
   0.1923
   0.1974
   0.2023
   0.2072
   0.2118
   0.2163
   0.2207
   0.2249
   0.2289
   0.2327
   0.2364
   0.2399
   0.2432
   0.2464
   0.2494
   0.2522
   0.2548
   0.2573
   0.2596
   0.2618
   0.2638
   0.2657
   0.2674
   0.2689
   0.2704
   0.2717
   0.2728
   0.2738
   0.2747
   0.2755
   0.2762
   0.2768
   0.2772
   0.2776
   0.2779
   0.2780
   0.2781
   0.2781
   0.2780
   0.2779
   0.2776
   0.2773
   0.2769
   0.2765
   0.2760
   0.2755
   0.2748
   0.2742
   0.2735
   0.2727
   0.2719
   0.2711
   0.2702
   0.2693
   0.2684
   0.2674
   0.2664
   0.2653
   0.2643
   0.2632
   0.2621
   0.2610
   0.2598
   0.2587
   0.2575
   0.2563
   0.2551
   0.2539
   0.2526
   0.2514
   0.2501
   0.2489
   0.2476
   0.2463
   0.2451
   0.2438
   0.2425
   0.2412
   0.2399
   0.2386
   0.2373
   0.2360
   0.2347
   0.2334
   0.2322
   0.2309
   0.2296
   0.2283
   0.2270
   0.2257
   0.2244
   0.2232
   0.2219
   0.2206
   0.2194
   0.2181
   0.2169
   0.2156
   0.2144
   0.2131
   0.2119
   0.2107
   0.2095
   0.2083
   0.2070
   0.2058
   0.2047
   0.2035
   0.2023
   0.2011
   0.2000
   0.1988
   0.1976
   0.1965
   0.1954
   0.1942
   0.1931
   0.1920
   0.1909
   0.1898
   0.1887
   0.1876
   0.1865
   0.1854
   0.1844
   0.1833
   0.1823
   0.1812
   0.1802
   0.1792
   0.1781
   0.1771
   0.1761
   0.1751
   0.1741
   0.1731
   0.1721
   0.1712
   0.1702
   0.1692
   0.1683
   0.1673
   0.1664
   0.1655
   0.1645
   0.1636
   0.1627
   0.1618
   0.1609
   0.1600
   0.1591
   0.1582
   0.1573
   0.1565
   0.1556
   0.1547
   0.1539
   0.1531
   0.1522
   0.1514
   0.1506
   0.1497
   0.1489
   0.1481
   0.1473
   0.1465
   0.1457
   0.1449
   0.1441
   0.1434
   0.1426
   0.1418
   0.1411
   0.1403
   0.1396
   0.1388
   0.1381
   0.1374
   0.1366
   0.1359
   0.1352
   0.1345
   0.1338
   0.1331
   0.1324
   0.1317
   0.1310
   0.1303
   0.1296
   0.1290
   0.1283
   0.1276
   0.1270
   0.1263
   0.1257
   0.1250
   0.1244
   0.1237
   0.1231
   0.1225
   0.1219
   0.1212
   0.1206
   0.1200
   0.1194
   0.1188
   0.1182
   0.1176
   0.1170
   0.1164
   0.1159
   0.1153
   0.1147
   0.1141
   0.1136
   0.1130
   0.1124
   0.1119
   0.1113
   0.1108
   0.1102
   0.1097
   0.1092
   0.1086
   0.1081
   0.1076
   0.1071
   0.1065
   0.1060
   0.1055
   0.1050
   0.1045
   0.1040
   0.1035
   0.1030
   0.1025
   0.1020
   0.1015
   0.1010
   0.1006
   0.1001
   0.0996
   0.0991
   0.0987
   0.0982
   0.0978
   0.0973
   0.0968
   0.0964
   0.0959
   0.0955
   0.0950
   0.0946
   0.0942
   0.0937
   0.0933
   0.0929
   0.0924
   0.0920
   0.0916
   0.0912
   0.0908
   0.0903
   0.0899
   0.0895
   0.0891
   0.0887
   0.0883
   0.0879
   0.0875
   0.0871
   0.0867
   0.0863
   0.0860
   0.0856
   0.0852
   0.0848
   0.0844
   0.0841
   0.0837
   0.0833
   0.0830
   0.0826
   0.0822
   0.0819
   0.0815
   0.0812
   0.0808
   0.0804
   0.0801
   0.0798
   0.0794
   0.0791
   0.0787
   0.0784
   0.0780
   0.0777
   0.0774
   0.0770
   0.0767
   0.0764
   0.0761
   0.0757
   0.0754
   0.0751
   0.0748
   0.0745
   0.0742
   0.0738
   0.0735
   0.0732
   0.0729
   0.0726
   0.0723
   0.0720
   0.0717
   0.0714
   0.0711
   0.0708
   0.0705
   0.0702
   0.0699
   0.0697
   0.0694
   0.0691
   0.0688
   0.0685
   0.0682
   0.0680
   0.0677
   0.0674
   0.0671
   0.0669
   0.0666
   0.0663
   0.0661
   0.0658
   0.0655
   0.0653
   0.0650
   0.0648
   0.0645
   0.0642
   0.0640
   0.0637
   0.0635
   0.0632
   0.0630
   0.0627
   0.0625
   0.0622
   0.0620
   0.0618
   0.0615
   0.0613
   0.0610
   0.0608
   0.0606
   0.0603
   0.0601
   0.0599
   0.0596
   0.0594
   0.0592
   0.0589
   0.0587
   0.0585
   0.0583
   0.0581
   0.0578
   0.0576
   0.0574
   0.0572
   0.0570
   0.0567
   0.0565
   0.0563
   0.0561
   0.0559
   0.0557
   0.0555
   0.0553
   0.0551
   0.0549
   0.0547
   0.0545
   0.0543
   0.0541
   0.0539
   0.0537
   0.0535
   0.0533
   0.0531
   0.0529
   0.0527
   0.0525
   0.0523
   0.0521
   0.0519
   0.0517
   0.0515
   0.0514
   0.0512
   0.0510
   0.0508
   0.0506
   0.0504
   0.0503
   0.0501
   0.0499
   0.0497
   0.0495
   0.0494
   0.0492
   0.0490
   0.0488
   0.0487
   0.0485
   0.0483
   0.0482
   0.0480
   0.0478
   0.0477
   0.0475
   0.0473
   0.0472
   0.0470
   0.0468
   0.0467
   0.0465
   0.0463
   0.0462
   0.0460
   0.0459
   0.0457
   0.0456
   0.0454
   0.0452
   0.0451
   0.0449
   0.0448
   0.0446
   0.0445
   0.0443
   0.0442
   0.0440
   0.0439
   0.0437
   0.0436
   0.0434
   0.0433
   0.0431
   0.0430
   0.0429
   0.0427
   0.0426
   0.0424
   0.0423
   0.0421
   0.0420
   0.0419
   0.0417
   0.0416
   0.0415
   0.0413
   0.0412
   0.0411
   0.0409
   0.0408
   0.0407
   0.0405
   0.0404
   0.0403
   0.0401
   0.0400
   0.0399
   0.0397
   0.0396
   0.0395
   0.0394
   0.0392
   0.0391
   0.0390
   0.0389
   0.0387
   0.0386
   0.0385
   0.0384
   0.0382
   0.0381
   0.0380
   0.0379
   0.0378
   0.0376
   0.0375
   0.0374
   0.0373
   0.0372
   0.0370
   0.0369
   0.0368
   0.0367
   0.0366
   0.0365
   0.0364
   0.0363
   0.0361
   0.0360
   0.0359
   0.0358
   0.0357
   0.0356
   0.0355
   0.0354
   0.0353
   0.0352
   0.0350
   0.0349
   0.0348
   0.0347
   0.0346
   0.0345
   0.0344
   0.0343
   0.0342
   0.0341
   0.0340
   0.0339
   0.0338
   0.0337
   0.0336
   0.0335
   0.0334
   0.0333
   0.0332
   0.0331
   0.0330
   0.0329
   0.0328
   0.0327
   0.0326
   0.0325
   0.0324
   0.0323
   0.0322
   0.0321
   0.0320
   0.0319
   0.0318
   0.0318
   0.0317
   0.0316
   0.0315
   0.0314
   0.0313
   0.0312
   0.0311
   0.0310
   0.0309
   0.0308
   0.0308
   0.0307
   0.0306
