   0.0215
   0.0669
   0.1099
   0.1323
   0.1407
   0.1415
   0.1381
   0.1325
   0.1261
   0.1198
   0.1140
   0.1093
   0.1056
   0.1029
   0.1014
   0.1008
   0.1012
   0.1023
   0.1042
   0.1068
   0.1099
   0.1135
   0.1175
   0.1219
   0.1266
   0.1316
   0.1367
   0.1421
   0.1475
   0.1531
   0.1586
   0.1642
   0.1698
   0.1754
   0.1810
   0.1864
   0.1918
   0.1970
   0.2022
   0.2072
   0.2121
   0.2168
   0.2214
   0.2258
   0.2300
   0.2341
   0.2380
   0.2418
   0.2453
   0.2487
   0.2519
   0.2549
   0.2578
   0.2605
   0.2630
   0.2654
   0.2676
   0.2697
   0.2716
   0.2733
   0.2749
   0.2764
   0.2777
   0.2789
   0.2800
   0.2809
   0.2817
   0.2824
   0.2830
   0.2835
   0.2839
   0.2842
   0.2844
   0.2845
   0.2845
   0.2844
   0.2843
   0.2841
   0.2838
   0.2834
   0.2830
   0.2825
   0.2820
   0.2814
   0.2807
   0.2800
   0.2793
   0.2785
   0.2777
   0.2768
   0.2759
   0.2749
   0.2740
   0.2730
   0.2719
   0.2709
   0.2698
   0.2687
   0.2675
   0.2664
   0.2652
   0.2640
   0.2628
   0.2616
   0.2604
   0.2591
   0.2579
   0.2566
   0.2553
   0.2540
   0.2527
   0.2515
   0.2502
   0.2489
   0.2475
   0.2462
   0.2449
   0.2436
   0.2423
   0.2410
   0.2397
   0.2384
   0.2370
   0.2357
   0.2344
   0.2331
   0.2318
   0.2305
   0.2292
   0.2279
   0.2266
   0.2254
   0.2241
   0.2228
   0.2215
   0.2203
   0.2190
   0.2178
   0.2165
   0.2153
   0.2140
   0.2128
   0.2116
   0.2104
   0.2091
   0.2079
   0.2067
   0.2056
   0.2044
   0.2032
   0.2020
   0.2009
   0.1997
   0.1986
   0.1974
   0.1963
   0.1952
   0.1940
   0.1929
   0.1918
   0.1907
   0.1896
   0.1885
   0.1875
   0.1864
   0.1853
   0.1843
   0.1832
   0.1822
   0.1812
   0.1801
   0.1791
   0.1781
   0.1771
   0.1761
   0.1751
   0.1741
   0.1731
   0.1722
   0.1712
   0.1702
   0.1693
   0.1683
   0.1674
   0.1665
   0.1655
   0.1646
   0.1637
   0.1628
   0.1619
   0.1610
   0.1601
   0.1593
   0.1584
   0.1575
   0.1567
   0.1558
   0.1549
   0.1541
   0.1533
   0.1524
   0.1516
   0.1508
   0.1500
   0.1492
   0.1484
   0.1476
   0.1468
   0.1460
   0.1452
   0.1444
   0.1437
   0.1429
   0.1421
   0.1414
   0.1406
   0.1399
   0.1392
   0.1384
   0.1377
   0.1370
   0.1363
   0.1356
   0.1349
   0.1342
   0.1335
   0.1328
   0.1321
   0.1314
   0.1307
   0.1300
   0.1294
   0.1287
   0.1280
   0.1274
   0.1267
   0.1261
   0.1255
   0.1248
   0.1242
   0.1236
   0.1229
   0.1223
   0.1217
   0.1211
   0.1205
   0.1199
   0.1193
   0.1187
   0.1181
   0.1175
   0.1169
   0.1163
   0.1158
   0.1152
   0.1146
   0.1141
   0.1135
   0.1129
   0.1124
   0.1118
   0.1113
   0.1108
   0.1102
   0.1097
   0.1092
   0.1086
   0.1081
   0.1076
   0.1071
   0.1066
   0.1060
   0.1055
   0.1050
   0.1045
   0.1040
   0.1035
   0.1031
   0.1026
   0.1021
   0.1016
   0.1011
   0.1006
   0.1002
   0.0997
   0.0992
   0.0988
   0.0983
   0.0979
   0.0974
   0.0970
   0.0965
   0.0961
   0.0956
   0.0952
   0.0947
   0.0943
   0.0939
   0.0934
   0.0930
   0.0926
   0.0922
   0.0918
   0.0913
   0.0909
   0.0905
   0.0901
   0.0897
   0.0893
   0.0889
   0.0885
   0.0881
   0.0877
   0.0873
   0.0869
   0.0866
   0.0862
   0.0858
   0.0854
   0.0850
   0.0847
   0.0843
   0.0839
   0.0836
   0.0832
   0.0828
   0.0825
   0.0821
   0.0818
   0.0814
   0.0810
   0.0807
   0.0804
   0.0800
   0.0797
   0.0793
   0.0790
   0.0786
   0.0783
   0.0780
   0.0776
   0.0773
   0.0770
   0.0767
   0.0763
   0.0760
   0.0757
   0.0754
   0.0751
   0.0748
   0.0744
   0.0741
   0.0738
   0.0735
   0.0732
   0.0729
   0.0726
   0.0723
   0.0720
   0.0717
   0.0714
   0.0711
   0.0708
   0.0705
   0.0703
   0.0700
   0.0697
   0.0694
   0.0691
   0.0688
   0.0686
   0.0683
   0.0680
   0.0677
   0.0675
   0.0672
   0.0669
   0.0667
   0.0664
   0.0661
   0.0659
   0.0656
   0.0653
   0.0651
   0.0648
   0.0646
   0.0643
   0.0641
   0.0638
   0.0636
   0.0633
   0.0631
   0.0628
   0.0626
   0.0623
   0.0621
   0.0619
   0.0616
   0.0614
   0.0611
   0.0609
   0.0607
   0.0604
   0.0602
   0.0600
   0.0598
   0.0595
   0.0593
   0.0591
   0.0589
   0.0586
   0.0584
   0.0582
   0.0580
   0.0578
   0.0575
   0.0573
   0.0571
   0.0569
   0.0567
   0.0565
   0.0563
   0.0561
   0.0558
   0.0556
   0.0554
   0.0552
   0.0550
   0.0548
   0.0546
   0.0544
   0.0542
   0.0540
   0.0538
   0.0536
   0.0534
   0.0532
   0.0531
   0.0529
   0.0527
   0.0525
   0.0523
   0.0521
   0.0519
   0.0517
   0.0515
   0.0514
   0.0512
   0.0510
   0.0508
   0.0506
   0.0505
   0.0503
   0.0501
   0.0499
   0.0497
   0.0496
   0.0494
   0.0492
   0.0490
   0.0489
   0.0487
   0.0485
   0.0484
   0.0482
   0.0480
   0.0479
   0.0477
   0.0475
   0.0474
   0.0472
   0.0470
   0.0469
   0.0467
   0.0466
   0.0464
   0.0462
   0.0461
   0.0459
   0.0458
   0.0456
   0.0455
   0.0453
   0.0452
   0.0450
   0.0449
   0.0447
   0.0446
   0.0444
   0.0443
   0.0441
   0.0440
   0.0438
   0.0437
   0.0435
   0.0434
   0.0432
   0.0431
   0.0430
   0.0428
   0.0427
   0.0425
   0.0424
   0.0422
   0.0421
   0.0420
   0.0418
   0.0417
   0.0416
   0.0414
   0.0413
   0.0412
   0.0410
   0.0409
   0.0408
   0.0406
   0.0405
   0.0404
   0.0402
   0.0401
   0.0400
   0.0399
   0.0397
   0.0396
   0.0395
   0.0394
   0.0392
   0.0391
   0.0390
   0.0389
   0.0387
   0.0386
   0.0385
   0.0384
   0.0382
   0.0381
   0.0380
   0.0379
   0.0378
   0.0377
   0.0375
   0.0374
   0.0373
   0.0372
   0.0371
   0.0370
   0.0368
   0.0367
   0.0366
   0.0365
   0.0364
   0.0363
   0.0362
   0.0361
   0.0360
   0.0358
   0.0357
   0.0356
   0.0355
   0.0354
   0.0353
   0.0352
   0.0351
   0.0350
   0.0349
   0.0348
   0.0347
   0.0346
   0.0345
   0.0344
   0.0343
   0.0342
   0.0341
   0.0340
   0.0339
   0.0338
   0.0337
   0.0336
   0.0335
   0.0334
   0.0333
   0.0332
   0.0331
   0.0330
   0.0329
   0.0328
   0.0327
   0.0326
   0.0325
   0.0324
   0.0323
   0.0322
   0.0321
   0.0320
   0.0319
   0.0318
   0.0317
   0.0316
   0.0316
   0.0315
