   0.0209
   0.0653
   0.1075
   0.1292
   0.1369
   0.1373
   0.1337
   0.1280
   0.1216
   0.1154
   0.1098
   0.1052
   0.1016
   0.0991
   0.0977
   0.0972
   0.0976
   0.0988
   0.1007
   0.1033
   0.1064
   0.1099
   0.1139
   0.1182
   0.1229
   0.1278
   0.1328
   0.1381
   0.1435
   0.1489
   0.1544
   0.1599
   0.1654
   0.1709
   0.1764
   0.1817
   0.1870
   0.1922
   0.1973
   0.2022
   0.2070
   0.2117
   0.2162
   0.2205
   0.2247
   0.2287
   0.2326
   0.2363
   0.2398
   0.2431
   0.2463
   0.2492
   0.2521
   0.2547
   0.2572
   0.2595
   0.2617
   0.2637
   0.2656
   0.2673
   0.2688
   0.2703
   0.2716
   0.2727
   0.2738
   0.2747
   0.2755
   0.2761
   0.2767
   0.2772
   0.2775
   0.2778
   0.2780
   0.2781
   0.2781
   0.2780
   0.2778
   0.2776
   0.2773
   0.2769
   0.2765
   0.2760
   0.2755
   0.2749
   0.2742
   0.2735
   0.2728
   0.2720
   0.2711
   0.2703
   0.2693
   0.2684
   0.2674
   0.2664
   0.2654
   0.2643
   0.2633
   0.2622
   0.2610
   0.2599
   0.2587
   0.2575
   0.2564
   0.2551
   0.2539
   0.2527
   0.2515
   0.2502
   0.2489
   0.2477
   0.2464
   0.2451
   0.2439
   0.2426
   0.2413
   0.2400
   0.2387
   0.2374
   0.2361
   0.2348
   0.2335
   0.2322
   0.2309
   0.2297
   0.2284
   0.2271
   0.2258
   0.2245
   0.2232
   0.2220
   0.2207
   0.2194
   0.2182
   0.2169
   0.2157
   0.2144
   0.2132
   0.2120
   0.2108
   0.2095
   0.2083
   0.2071
   0.2059
   0.2047
   0.2035
   0.2024
   0.2012
   0.2000
   0.1989
   0.1977
   0.1966
   0.1954
   0.1943
   0.1932
   0.1921
   0.1909
   0.1898
   0.1888
   0.1877
   0.1866
   0.1855
   0.1844
   0.1834
   0.1823
   0.1813
   0.1802
   0.1792
   0.1782
   0.1772
   0.1762
   0.1752
   0.1742
   0.1732
   0.1722
   0.1712
   0.1702
   0.1693
   0.1683
   0.1674
   0.1664
   0.1655
   0.1646
   0.1637
   0.1627
   0.1618
   0.1609
   0.1600
   0.1591
   0.1583
   0.1574
   0.1565
   0.1557
   0.1548
   0.1539
   0.1531
   0.1523
   0.1514
   0.1506
   0.1498
   0.1490
   0.1481
   0.1473
   0.1465
   0.1458
   0.1450
   0.1442
   0.1434
   0.1426
   0.1419
   0.1411
   0.1404
   0.1396
   0.1389
   0.1381
   0.1374
   0.1367
   0.1359
   0.1352
   0.1345
   0.1338
   0.1331
   0.1324
   0.1317
   0.1310
   0.1303
   0.1297
   0.1290
   0.1283
   0.1277
   0.1270
   0.1263
   0.1257
   0.1250
   0.1244
   0.1238
   0.1231
   0.1225
   0.1219
   0.1213
   0.1206
   0.1200
   0.1194
   0.1188
   0.1182
   0.1176
   0.1170
   0.1165
   0.1159
   0.1153
   0.1147
   0.1141
   0.1136
   0.1130
   0.1125
   0.1119
   0.1113
   0.1108
   0.1103
   0.1097
   0.1092
   0.1086
   0.1081
   0.1076
   0.1071
   0.1065
   0.1060
   0.1055
   0.1050
   0.1045
   0.1040
   0.1035
   0.1030
   0.1025
   0.1020
   0.1015
   0.1011
   0.1006
   0.1001
   0.0996
   0.0992
   0.0987
   0.0982
   0.0978
   0.0973
   0.0968
   0.0964
   0.0959
   0.0955
   0.0951
   0.0946
   0.0942
   0.0937
   0.0933
   0.0929
   0.0924
   0.0920
   0.0916
   0.0912
   0.0908
   0.0904
   0.0899
   0.0895
   0.0891
   0.0887
   0.0883
   0.0879
   0.0875
   0.0871
   0.0867
   0.0864
   0.0860
   0.0856
   0.0852
   0.0848
   0.0844
   0.0841
   0.0837
   0.0833
   0.0830
   0.0826
   0.0822
   0.0819
   0.0815
   0.0812
   0.0808
   0.0805
   0.0801
   0.0798
   0.0794
   0.0791
   0.0787
   0.0784
   0.0780
   0.0777
   0.0774
   0.0770
   0.0767
   0.0764
   0.0761
   0.0757
   0.0754
   0.0751
   0.0748
   0.0745
   0.0741
   0.0738
   0.0735
   0.0732
   0.0729
   0.0726
   0.0723
   0.0720
   0.0717
   0.0714
   0.0711
   0.0708
   0.0705
   0.0702
   0.0699
   0.0697
   0.0694
   0.0691
   0.0688
   0.0685
   0.0682
   0.0680
   0.0677
   0.0674
   0.0671
   0.0669
   0.0666
   0.0663
   0.0661
   0.0658
   0.0655
   0.0653
   0.0650
   0.0648
   0.0645
   0.0642
   0.0640
   0.0637
   0.0635
   0.0632
   0.0630
   0.0627
   0.0625
   0.0622
   0.0620
   0.0618
   0.0615
   0.0613
   0.0610
   0.0608
   0.0606
   0.0603
   0.0601
   0.0599
   0.0596
   0.0594
   0.0592
   0.0589
   0.0587
   0.0585
   0.0583
   0.0580
   0.0578
   0.0576
   0.0574
   0.0572
   0.0570
   0.0567
   0.0565
   0.0563
   0.0561
   0.0559
   0.0557
   0.0555
   0.0553
   0.0551
   0.0549
   0.0547
   0.0544
   0.0542
   0.0540
   0.0538
   0.0536
   0.0535
   0.0533
   0.0531
   0.0529
   0.0527
   0.0525
   0.0523
   0.0521
   0.0519
   0.0517
   0.0515
   0.0513
   0.0512
   0.0510
   0.0508
   0.0506
   0.0504
   0.0503
   0.0501
   0.0499
   0.0497
   0.0495
   0.0494
   0.0492
   0.0490
   0.0488
   0.0487
   0.0485
   0.0483
   0.0482
   0.0480
   0.0478
   0.0476
   0.0475
   0.0473
   0.0472
   0.0470
   0.0468
   0.0467
   0.0465
   0.0463
   0.0462
   0.0460
   0.0459
   0.0457
   0.0455
   0.0454
   0.0452
   0.0451
   0.0449
   0.0448
   0.0446
   0.0445
   0.0443
   0.0442
   0.0440
   0.0439
   0.0437
   0.0436
   0.0434
   0.0433
   0.0431
   0.0430
   0.0429
   0.0427
   0.0426
   0.0424
   0.0423
   0.0421
   0.0420
   0.0419
   0.0417
   0.0416
   0.0415
   0.0413
   0.0412
   0.0410
   0.0409
   0.0408
   0.0406
   0.0405
   0.0404
   0.0402
   0.0401
   0.0400
   0.0399
   0.0397
   0.0396
   0.0395
   0.0393
   0.0392
   0.0391
   0.0390
   0.0388
   0.0387
   0.0386
   0.0385
   0.0384
   0.0382
   0.0381
   0.0380
   0.0379
   0.0378
   0.0376
   0.0375
   0.0374
   0.0373
   0.0372
   0.0370
   0.0369
   0.0368
   0.0367
   0.0366
   0.0365
   0.0364
   0.0362
   0.0361
   0.0360
   0.0359
   0.0358
   0.0357
   0.0356
   0.0355
   0.0354
   0.0353
   0.0351
   0.0350
   0.0349
   0.0348
   0.0347
   0.0346
   0.0345
   0.0344
   0.0343
   0.0342
   0.0341
   0.0340
   0.0339
   0.0338
   0.0337
   0.0336
   0.0335
   0.0334
   0.0333
   0.0332
   0.0331
   0.0330
   0.0329
   0.0328
   0.0327
   0.0326
   0.0325
   0.0324
   0.0323
   0.0322
   0.0321
   0.0320
   0.0319
   0.0318
   0.0318
   0.0317
   0.0316
   0.0315
   0.0314
   0.0313
   0.0312
   0.0311
   0.0310
   0.0309
   0.0308
   0.0308
   0.0307
   0.0306
