   0.0207
   0.0655
   0.1079
   0.1294
   0.1370
   0.1373
   0.1336
   0.1279
   0.1215
   0.1153
   0.1097
   0.1051
   0.1015
   0.0990
   0.0976
   0.0972
   0.0976
   0.0988
   0.1007
   0.1033
   0.1064
   0.1100
   0.1140
   0.1183
   0.1230
   0.1278
   0.1329
   0.1382
   0.1435
   0.1490
   0.1545
   0.1600
   0.1655
   0.1710
   0.1765
   0.1819
   0.1871
   0.1923
   0.1974
   0.2023
   0.2071
   0.2118
   0.2163
   0.2206
   0.2248
   0.2288
   0.2327
   0.2363
   0.2398
   0.2432
   0.2463
   0.2493
   0.2521
   0.2548
   0.2572
   0.2595
   0.2617
   0.2637
   0.2656
   0.2673
   0.2688
   0.2702
   0.2715
   0.2727
   0.2737
   0.2746
   0.2754
   0.2761
   0.2766
   0.2771
   0.2774
   0.2777
   0.2779
   0.2779
   0.2779
   0.2778
   0.2777
   0.2774
   0.2771
   0.2768
   0.2763
   0.2758
   0.2753
   0.2746
   0.2740
   0.2733
   0.2725
   0.2717
   0.2709
   0.2700
   0.2691
   0.2682
   0.2672
   0.2662
   0.2651
   0.2641
   0.2630
   0.2619
   0.2608
   0.2596
   0.2584
   0.2573
   0.2561
   0.2549
   0.2536
   0.2524
   0.2512
   0.2499
   0.2487
   0.2474
   0.2461
   0.2448
   0.2436
   0.2423
   0.2410
   0.2397
   0.2384
   0.2371
   0.2358
   0.2345
   0.2332
   0.2319
   0.2307
   0.2294
   0.2281
   0.2268
   0.2255
   0.2242
   0.2230
   0.2217
   0.2204
   0.2192
   0.2179
   0.2167
   0.2154
   0.2142
   0.2129
   0.2117
   0.2105
   0.2093
   0.2081
   0.2069
   0.2057
   0.2045
   0.2033
   0.2021
   0.2009
   0.1998
   0.1986
   0.1975
   0.1963
   0.1952
   0.1941
   0.1929
   0.1918
   0.1907
   0.1896
   0.1885
   0.1874
   0.1864
   0.1853
   0.1842
   0.1832
   0.1821
   0.1811
   0.1800
   0.1790
   0.1780
   0.1770
   0.1760
   0.1750
   0.1740
   0.1730
   0.1720
   0.1710
   0.1700
   0.1691
   0.1681
   0.1672
   0.1663
   0.1653
   0.1644
   0.1635
   0.1626
   0.1617
   0.1608
   0.1599
   0.1590
   0.1581
   0.1572
   0.1563
   0.1555
   0.1546
   0.1538
   0.1529
   0.1521
   0.1513
   0.1504
   0.1496
   0.1488
   0.1480
   0.1472
   0.1464
   0.1456
   0.1448
   0.1440
   0.1433
   0.1425
   0.1417
   0.1410
   0.1402
   0.1395
   0.1387
   0.1380
   0.1373
   0.1365
   0.1358
   0.1351
   0.1344
   0.1337
   0.1330
   0.1323
   0.1316
   0.1309
   0.1302
   0.1295
   0.1289
   0.1282
   0.1275
   0.1269
   0.1262
   0.1256
   0.1249
   0.1243
   0.1237
   0.1230
   0.1224
   0.1218
   0.1212
   0.1205
   0.1199
   0.1193
   0.1187
   0.1181
   0.1175
   0.1169
   0.1164
   0.1158
   0.1152
   0.1146
   0.1141
   0.1135
   0.1129
   0.1124
   0.1118
   0.1113
   0.1107
   0.1102
   0.1096
   0.1091
   0.1086
   0.1080
   0.1075
   0.1070
   0.1065
   0.1060
   0.1054
   0.1049
   0.1044
   0.1039
   0.1034
   0.1029
   0.1024
   0.1020
   0.1015
   0.1010
   0.1005
   0.1000
   0.0996
   0.0991
   0.0986
   0.0982
   0.0977
   0.0972
   0.0968
   0.0963
   0.0959
   0.0954
   0.0950
   0.0946
   0.0941
   0.0937
   0.0932
   0.0928
   0.0924
   0.0920
   0.0915
   0.0911
   0.0907
   0.0903
   0.0899
   0.0895
   0.0891
   0.0887
   0.0883
   0.0879
   0.0875
   0.0871
   0.0867
   0.0863
   0.0859
   0.0855
   0.0852
   0.0848
   0.0844
   0.0840
   0.0837
   0.0833
   0.0829
   0.0826
   0.0822
   0.0818
   0.0815
   0.0811
   0.0808
   0.0804
   0.0801
   0.0797
   0.0794
   0.0790
   0.0787
   0.0783
   0.0780
   0.0777
   0.0773
   0.0770
   0.0767
   0.0764
   0.0760
   0.0757
   0.0754
   0.0751
   0.0747
   0.0744
   0.0741
   0.0738
   0.0735
   0.0732
   0.0729
   0.0726
   0.0723
   0.0720
   0.0717
   0.0714
   0.0711
   0.0708
   0.0705
   0.0702
   0.0699
   0.0696
   0.0693
   0.0691
   0.0688
   0.0685
   0.0682
   0.0679
   0.0677
   0.0674
   0.0671
   0.0668
   0.0666
   0.0663
   0.0660
   0.0658
   0.0655
   0.0652
   0.0650
   0.0647
   0.0645
   0.0642
   0.0640
   0.0637
   0.0635
   0.0632
   0.0630
   0.0627
   0.0625
   0.0622
   0.0620
   0.0617
   0.0615
   0.0612
   0.0610
   0.0608
   0.0605
   0.0603
   0.0601
   0.0598
   0.0596
   0.0594
   0.0591
   0.0589
   0.0587
   0.0585
   0.0582
   0.0580
   0.0578
   0.0576
   0.0574
   0.0572
   0.0569
   0.0567
   0.0565
   0.0563
   0.0561
   0.0559
   0.0557
   0.0555
   0.0552
   0.0550
   0.0548
   0.0546
   0.0544
   0.0542
   0.0540
   0.0538
   0.0536
   0.0534
   0.0532
   0.0530
   0.0529
   0.0527
   0.0525
   0.0523
   0.0521
   0.0519
   0.0517
   0.0515
   0.0513
   0.0511
   0.0510
   0.0508
   0.0506
   0.0504
   0.0502
   0.0501
   0.0499
   0.0497
   0.0495
   0.0493
   0.0492
   0.0490
   0.0488
   0.0487
   0.0485
   0.0483
   0.0481
   0.0480
   0.0478
   0.0476
   0.0475
   0.0473
   0.0471
   0.0470
   0.0468
   0.0467
   0.0465
   0.0463
   0.0462
   0.0460
   0.0459
   0.0457
   0.0455
   0.0454
   0.0452
   0.0451
   0.0449
   0.0448
   0.0446
   0.0445
   0.0443
   0.0442
   0.0440
   0.0439
   0.0437
   0.0436
   0.0434
   0.0433
   0.0431
   0.0430
   0.0428
   0.0427
   0.0426
   0.0424
   0.0423
   0.0421
   0.0420
   0.0419
   0.0417
   0.0416
   0.0414
   0.0413
   0.0412
   0.0410
   0.0409
   0.0408
   0.0406
   0.0405
   0.0404
   0.0402
   0.0401
   0.0400
   0.0399
   0.0397
   0.0396
   0.0395
   0.0393
   0.0392
   0.0391
   0.0390
   0.0388
   0.0387
   0.0386
   0.0385
   0.0383
   0.0382
   0.0381
   0.0380
   0.0379
   0.0377
   0.0376
   0.0375
   0.0374
   0.0373
   0.0372
   0.0370
   0.0369
   0.0368
   0.0367
   0.0366
   0.0365
   0.0364
   0.0362
   0.0361
   0.0360
   0.0359
   0.0358
   0.0357
   0.0356
   0.0355
   0.0354
   0.0352
   0.0351
   0.0350
   0.0349
   0.0348
   0.0347
   0.0346
   0.0345
   0.0344
   0.0343
   0.0342
   0.0341
   0.0340
   0.0339
   0.0338
   0.0337
   0.0336
   0.0335
   0.0334
   0.0333
   0.0332
   0.0331
   0.0330
   0.0329
   0.0328
   0.0327
   0.0326
   0.0325
   0.0324
   0.0323
   0.0322
   0.0321
   0.0320
   0.0319
   0.0318
   0.0317
   0.0317
   0.0316
   0.0315
   0.0314
   0.0313
   0.0312
   0.0311
   0.0310
   0.0309
   0.0308
   0.0308
   0.0307
   0.0306
