   0.0210
   0.0649
   0.1075
   0.1298
   0.1381
   0.1388
   0.1353
   0.1297
   0.1233
   0.1171
   0.1114
   0.1067
   0.1031
   0.1005
   0.0991
   0.0985
   0.0989
   0.1001
   0.1020
   0.1046
   0.1077
   0.1113
   0.1153
   0.1196
   0.1243
   0.1292
   0.1343
   0.1396
   0.1450
   0.1505
   0.1560
   0.1615
   0.1671
   0.1726
   0.1781
   0.1835
   0.1888
   0.1940
   0.1991
   0.2040
   0.2089
   0.2135
   0.2181
   0.2224
   0.2266
   0.2306
   0.2345
   0.2382
   0.2417
   0.2450
   0.2482
   0.2512
   0.2540
   0.2566
   0.2591
   0.2614
   0.2636
   0.2656
   0.2674
   0.2691
   0.2707
   0.2721
   0.2734
   0.2745
   0.2755
   0.2764
   0.2772
   0.2779
   0.2784
   0.2789
   0.2792
   0.2795
   0.2796
   0.2797
   0.2797
   0.2796
   0.2794
   0.2792
   0.2788
   0.2785
   0.2780
   0.2775
   0.2769
   0.2763
   0.2756
   0.2749
   0.2742
   0.2734
   0.2725
   0.2716
   0.2707
   0.2697
   0.2688
   0.2677
   0.2667
   0.2656
   0.2645
   0.2634
   0.2623
   0.2611
   0.2599
   0.2588
   0.2576
   0.2563
   0.2551
   0.2539
   0.2526
   0.2514
   0.2501
   0.2488
   0.2475
   0.2463
   0.2450
   0.2437
   0.2424
   0.2411
   0.2398
   0.2385
   0.2372
   0.2359
   0.2346
   0.2333
   0.2320
   0.2307
   0.2294
   0.2281
   0.2268
   0.2255
   0.2243
   0.2230
   0.2217
   0.2204
   0.2192
   0.2179
   0.2167
   0.2154
   0.2142
   0.2129
   0.2117
   0.2105
   0.2093
   0.2081
   0.2069
   0.2057
   0.2045
   0.2033
   0.2021
   0.2010
   0.1998
   0.1986
   0.1975
   0.1963
   0.1952
   0.1941
   0.1930
   0.1918
   0.1907
   0.1896
   0.1885
   0.1875
   0.1864
   0.1853
   0.1843
   0.1832
   0.1822
   0.1811
   0.1801
   0.1790
   0.1780
   0.1770
   0.1760
   0.1750
   0.1740
   0.1730
   0.1721
   0.1711
   0.1701
   0.1692
   0.1682
   0.1673
   0.1663
   0.1654
   0.1645
   0.1636
   0.1626
   0.1617
   0.1608
   0.1599
   0.1591
   0.1582
   0.1573
   0.1564
   0.1556
   0.1547
   0.1539
   0.1530
   0.1522
   0.1514
   0.1505
   0.1497
   0.1489
   0.1481
   0.1473
   0.1465
   0.1457
   0.1449
   0.1442
   0.1434
   0.1426
   0.1419
   0.1411
   0.1403
   0.1396
   0.1389
   0.1381
   0.1374
   0.1367
   0.1359
   0.1352
   0.1345
   0.1338
   0.1331
   0.1324
   0.1317
   0.1310
   0.1304
   0.1297
   0.1290
   0.1284
   0.1277
   0.1270
   0.1264
   0.1257
   0.1251
   0.1244
   0.1238
   0.1232
   0.1226
   0.1219
   0.1213
   0.1207
   0.1201
   0.1195
   0.1189
   0.1183
   0.1177
   0.1171
   0.1165
   0.1159
   0.1154
   0.1148
   0.1142
   0.1137
   0.1131
   0.1125
   0.1120
   0.1114
   0.1109
   0.1103
   0.1098
   0.1093
   0.1087
   0.1082
   0.1077
   0.1072
   0.1066
   0.1061
   0.1056
   0.1051
   0.1046
   0.1041
   0.1036
   0.1031
   0.1026
   0.1021
   0.1016
   0.1012
   0.1007
   0.1002
   0.0997
   0.0993
   0.0988
   0.0983
   0.0979
   0.0974
   0.0970
   0.0965
   0.0961
   0.0956
   0.0952
   0.0947
   0.0943
   0.0939
   0.0934
   0.0930
   0.0926
   0.0921
   0.0917
   0.0913
   0.0909
   0.0905
   0.0901
   0.0897
   0.0892
   0.0888
   0.0884
   0.0880
   0.0876
   0.0873
   0.0869
   0.0865
   0.0861
   0.0857
   0.0853
   0.0849
   0.0846
   0.0842
   0.0838
   0.0835
   0.0831
   0.0827
   0.0824
   0.0820
   0.0816
   0.0813
   0.0809
   0.0806
   0.0802
   0.0799
   0.0795
   0.0792
   0.0789
   0.0785
   0.0782
   0.0778
   0.0775
   0.0772
   0.0768
   0.0765
   0.0762
   0.0759
   0.0756
   0.0752
   0.0749
   0.0746
   0.0743
   0.0740
   0.0737
   0.0734
   0.0730
   0.0727
   0.0724
   0.0721
   0.0718
   0.0715
   0.0712
   0.0710
   0.0707
   0.0704
   0.0701
   0.0698
   0.0695
   0.0692
   0.0689
   0.0687
   0.0684
   0.0681
   0.0678
   0.0675
   0.0673
   0.0670
   0.0667
   0.0665
   0.0662
   0.0659
   0.0657
   0.0654
   0.0651
   0.0649
   0.0646
   0.0644
   0.0641
   0.0639
   0.0636
   0.0634
   0.0631
   0.0629
   0.0626
   0.0624
   0.0621
   0.0619
   0.0616
   0.0614
   0.0612
   0.0609
   0.0607
   0.0605
   0.0602
   0.0600
   0.0598
   0.0595
   0.0593
   0.0591
   0.0589
   0.0586
   0.0584
   0.0582
   0.0580
   0.0577
   0.0575
   0.0573
   0.0571
   0.0569
   0.0567
   0.0564
   0.0562
   0.0560
   0.0558
   0.0556
   0.0554
   0.0552
   0.0550
   0.0548
   0.0546
   0.0544
   0.0542
   0.0540
   0.0538
   0.0536
   0.0534
   0.0532
   0.0530
   0.0528
   0.0526
   0.0524
   0.0522
   0.0520
   0.0519
   0.0517
   0.0515
   0.0513
   0.0511
   0.0509
   0.0507
   0.0506
   0.0504
   0.0502
   0.0500
   0.0498
   0.0497
   0.0495
   0.0493
   0.0491
   0.0490
   0.0488
   0.0486
   0.0485
   0.0483
   0.0481
   0.0479
   0.0478
   0.0476
   0.0474
   0.0473
   0.0471
   0.0470
   0.0468
   0.0466
   0.0465
   0.0463
   0.0461
   0.0460
   0.0458
   0.0457
   0.0455
   0.0454
   0.0452
   0.0451
   0.0449
   0.0447
   0.0446
   0.0444
   0.0443
   0.0441
   0.0440
   0.0438
   0.0437
   0.0436
   0.0434
   0.0433
   0.0431
   0.0430
   0.0428
   0.0427
   0.0425
   0.0424
   0.0423
   0.0421
   0.0420
   0.0418
   0.0417
   0.0416
   0.0414
   0.0413
   0.0412
   0.0410
   0.0409
   0.0408
   0.0406
   0.0405
   0.0404
   0.0402
   0.0401
   0.0400
   0.0399
   0.0397
   0.0396
   0.0395
   0.0393
   0.0392
   0.0391
   0.0390
   0.0388
   0.0387
   0.0386
   0.0385
   0.0383
   0.0382
   0.0381
   0.0380
   0.0379
   0.0377
   0.0376
   0.0375
   0.0374
   0.0373
   0.0372
   0.0370
   0.0369
   0.0368
   0.0367
   0.0366
   0.0365
   0.0364
   0.0362
   0.0361
   0.0360
   0.0359
   0.0358
   0.0357
   0.0356
   0.0355
   0.0354
   0.0353
   0.0352
   0.0350
   0.0349
   0.0348
   0.0347
   0.0346
   0.0345
   0.0344
   0.0343
   0.0342
   0.0341
   0.0340
   0.0339
   0.0338
   0.0337
   0.0336
   0.0335
   0.0334
   0.0333
   0.0332
   0.0331
   0.0330
   0.0329
   0.0328
   0.0327
   0.0326
   0.0325
   0.0324
   0.0323
   0.0322
   0.0321
   0.0320
   0.0319
   0.0319
   0.0318
   0.0317
   0.0316
   0.0315
   0.0314
   0.0313
   0.0312
   0.0311
   0.0310
   0.0309
   0.0309
   0.0308
