0.799481		40.1487
0.800481		32.2126
0.801481		20.3001
0.802481		12.6753
0.803481		8.42071
0.804481		5.98537
0.805481		4.51522
0.806481		3.58408
0.807481		2.97345
0.808481		2.5657
0.809481		2.29463
0.810481		2.12196
0.811481		2.02566
0.812481		1.9941
0.813481		2.02321
0.814481		2.11554
0.815481		2.28084
0.816481		2.53839
0.817481		2.92196
0.818481		3.48979
0.819481		4.34442
0.820481		5.67421
0.821481		7.84242
0.822481		11.576
0.823481		18.2603
0.824481		29.37
0.825481		39.7928
0.826481		35.2281
0.827481		22.8876
0.828481		14.1977
0.829481		9.29885
0.830481		6.51417
0.831481		4.84318
0.832481		3.78421
0.833481		3.08209
0.834481		2.60039
0.835481		2.2622
0.836481		2.02214
0.837481		1.85245
0.838481		1.73576
0.839481		1.66117
0.840481		1.62205
0.841481		1.6149
0.842481		1.63871
0.843481		1.69479
0.844481		1.787
0.845481		1.92236
0.846481		2.11232
0.847481		2.37501
0.848481		2.73939
0.849481		3.25277
0.850481		3.99545
0.851481		5.1103
0.852481		6.86529
0.853481		9.78856
0.854481		14.9301
0.855481		23.9911
0.856481		36.3739
0.857481		39.7852
0.858481		28.8579
0.859481		18.1156
0.860481		11.7817
0.861481		8.28858
0.862481		6.3102
0.863481		5.16287
0.864481		4.51147
0.865481		4.19216
0.866481		4.13154
0.867481		4.31386
0.868481		4.77418
0.869481		5.61323
0.870481		7.04359
0.871481		9.49779
0.872481		13.8537
0.873481		21.6902
0.874481		33.7497
0.875481		41.0868
0.876481		32.5734
0.877481		20.8514
0.878481		13.5096
0.879481		9.48592
0.880481		7.27396
0.881481		6.06629
0.882481		5.48048
0.883481		5.35359
0.884481		5.65499
0.885481		6.47066
0.886481		8.04834
0.887481		10.9326
0.888481		16.2335
0.889481		25.654
0.890481		37.7655
0.891481		39.1603
0.892481		27.4602
0.893481		17.0844
0.894481		11.0219
0.895481		7.60544
0.896481		5.58472
0.897481		4.3183
0.898481		3.48373
0.899481		2.91161
0.900481		2.50808
0.901481		2.21857
0.902481		2.01008
0.903481		1.86216
0.904481		1.7621
0.905481		1.70229
0.906481		1.67877
0.907481		1.69063
0.908481		1.73978
0.909481		1.83138
0.910481		1.97477
0.911481		2.18531
0.912481		2.48788
0.913481		2.92315
0.914481		3.55976
0.915481		4.51846
0.916481		6.02284
0.917481		8.50878
0.918481		12.849
0.919481		20.6143
0.920481		32.6154
0.921481		40.1565
0.922481		31.8
0.923481		19.9393
0.924481		12.4069
0.925481		8.18586
0.926481		5.74516
0.927481		4.24765
0.928481		3.27507
0.929481		2.61187
0.930481		2.1409
0.931481		1.79494
0.932481		1.5335
0.933481		1.33114
0.934481		1.17127
0.935481		1.04274
0.936481		0.937806
0.937481		0.851001
0.938481		0.778349
0.939481		0.716913
0.940481		0.664489
0.941481		0.619392
0.942481		0.580321
0.943481		0.546254
0.944481		0.516383
0.945481		0.490059
0.946481		0.466758
0.947481		0.446055
0.948481		0.427597
0.949481		0.411095
0.950481		0.396305
0.951481		0.383024
0.952481		0.371082
0.953481		0.360334
0.954481		0.350654
0.955481		0.341939
0.956481		0.334097
0.957481		0.32705
0.958481		0.320732
0.959481		0.315084
0.960481		0.310056
0.961481		0.305605
0.962481		0.301694
0.963481		0.298289
0.964481		0.295364
0.965481		0.292896
0.966481		0.290863
0.967481		0.289249
0.968481		0.288041
0.969481		0.287228
0.970481		0.286801
0.971481		0.286755
0.972481		0.287086
0.973481		0.287793
0.974481		0.288877
0.975481		0.290341
0.976481		0.29219
0.977481		0.294432
0.978481		0.297077
0.979481		0.300138
0.980481		0.303629
0.981481		0.307569
0.982481		0.311979
0.983481		0.316882
0.984481		0.322307
0.985481		0.328286
0.986481		0.334855
0.987481		0.342056
0.988481		0.349936
0.989481		0.35855
0.990481		0.367958
0.991481		0.378231
0.992481		0.389448
0.993481		0.401702
0.994481		0.415098
0.995481		0.429757
0.996481		0.445819
0.997481		0.463448
0.998481		0.482834
0.999481		0.504198
1.00048		0.527804
1.00148		0.553962
1.00248		0.583043
1.00348		0.61549
1.00448		0.651843
1.00548		0.692756
1.00648		0.739038
1.00748		0.791691
1.00848		0.851975
1.00948		0.921489
1.01048		1.0023
1.01148		1.09709
1.01248		1.20944
1.01348		1.34419
1.01448		1.50799
1.01548		1.71028
1.01648		1.96468
1.01748		2.29159
1.01848		2.7225
1.01948		3.30807
1.02048		4.1336
1.02148		5.35029
1.02248		7.24162
1.02348		10.3661
1.02448		15.8283
1.02548		25.3472
1.02648		37.8082
1.02748		40.166
1.02848		29.0261
1.02948		18.9292
1.03048		13.3146
1.03148		10.6212
1.03248		9.71177
1.03348		10.19
1.03448		12.2393
1.03548		16.709
1.03648		25.1926
1.03748		37.3064
1.03848		41.2079
1.03948		30.441
1.04048		19.4191
1.04148		12.8585
1.04248		9.23765
1.04348		7.1969
1.04448		6.03139
1.04548		5.3973
1.04648		5.12932
1.04748		5.15781
1.04848		5.47592
1.04948		6.13469
1.05048		7.26223
1.05148		9.1189
1.05248		12.2238
1.05348		17.6121
1.05448		27.0844
1.05548		41.202
1.05648		50.1015
1.05748		46.0497
1.05848		44.5727
1.05948		49.4896
1.06048		45.3689
1.06148		31.0448
1.06248		19.7189
1.06348		13.076
1.06448		9.21246
1.06548		6.8389
1.06648		5.29206
1.06748		4.23114
1.06848		3.47211
1.06948		2.90993
1.07048		2.48145
1.07148		2.14695
1.07248		1.8805
1.07348		1.66455
1.07448		1.48691
1.07548		1.33888
1.07648		1.21412
1.07748		1.1079
1.07848		1.01666
1.07948		0.937662
1.08048		0.868772
1.08148		0.808307
1.08248		0.754925
1.08348		0.707546
1.08448		0.66529
1.08548		0.627435
1.08648		0.593386
1.08748		0.562645
1.08848		0.534796
1.08948		0.509486
1.09048		0.486417
1.09148		0.465334
1.09248		0.446018
1.09348		0.42828
1.09448		0.411958
1.09548		0.396908
1.09648		0.383008
1.09748		0.370148
1.09848		0.358232
1.09948		0.347177
1.10048		0.336908
1.10148		0.327358
1.10248		0.318468
1.10348		0.310186
1.10448		0.302465
1.10548		0.295262
1.10648		0.28854
1.10748		0.282265
1.10848		0.276406
1.10948		0.270935
1.11048		0.265827
1.11148		0.261059
1.11248		0.256612
1.11348		0.252466
1.11448		0.248604
1.11548		0.245011
1.11648		0.241674
1.11748		0.238579
1.11848		0.235715
1.11948		0.233072
1.12048		0.23064
1.12148		0.228411
1.12248		0.226377
1.12348		0.224531
1.12448		0.222868
1.12548		0.221382
1.12648		0.220068
1.12748		0.218922
1.12848		0.217941
1.12948		0.217121
1.13048		0.216461
1.13148		0.215957
1.13248		0.215609
1.13348		0.215417
1.13448		0.215379
1.13548		0.215496
1.13648		0.215768
1.13748		0.216197
1.13848		0.216785
1.13948		0.217534
1.14048		0.218446
1.14148		0.219525
1.14248		0.220776
1.14348		0.222203
1.14448		0.223811
1.14548		0.225608
1.14648		0.2276
1.14748		0.229795
1.14848		0.232203
1.14948		0.234833
1.15048		0.237698
1.15148		0.240809
1.15248		0.244181
1.15348		0.247831
1.15448		0.251775
1.15548		0.256033
1.15648		0.260629
1.15748		0.265585
1.15848		0.270932
1.15948		0.276699
1.16048		0.282921
1.16148		0.28964
1.16248		0.296899
1.16348		0.30475
1.16448		0.31325
1.16548		0.322467
1.16648		0.332476
1.16748		0.343366
1.16848		0.355236
1.16948		0.368204
1.17048		0.382408
1.17148		0.398008
1.17248		0.415193
1.17348		0.434187
1.17448		0.455257
1.17548		0.478724
1.17648		0.504978
1.17748		0.534491
1.17848		0.567846
1.17948		0.605767
1.18048		0.649158
1.18148		0.69917
1.18248		0.757276
1.18348		0.825391
1.18448		0.906045
1.18548		1.00262
1.18648		1.11976
1.18748		1.26388
1.18848		1.4442
1.18948		1.67415
1.19048		1.974
1.19148		2.37538
1.19248		2.9296
1.19348		3.7238
1.19448		4.91375
1.19548		6.79362
1.19648		9.94613
1.19748		15.5206
1.19848		25.2294
1.19948		37.3849
1.20048		38.3235
1.20148		26.5617
1.20248		16.4037
1.20348		10.5158
1.20448		7.21555
1.20548		5.27739
1.20648		4.07501
1.20748		3.29353
1.20848		2.7675
1.20948		2.40525
1.21048		2.1535
1.21148		1.98003
1.21248		1.86489
1.21348		1.79557
1.21448		1.76446
1.21548		1.76735
1.21648		1.80267
1.21748		1.8712
1.21848		1.97614
1.21948		2.12352
1.22048		2.32323
1.22148		2.5907
1.22248		2.95006
1.22348		3.43979
1.22448		4.12331
1.22548		5.10998
1.22648		6.59829
1.22748		8.96887
1.22848		12.9801
1.22948		20.0616
1.23048		31.6177
1.23148		41.9313
1.23248		37.0057
1.23348		25.2289
1.23448		17.4626
1.23548		13.6674
1.23648		12.334
1.23748		12.7537
1.23848		14.9249
1.23948		19.5472
1.24048		28.3694
1.24148		44.4629
1.24248		67.7853
1.24348		79.0395
1.24448		61.7175
1.24548		38.9446
1.24648		24.3886
1.24748		16.1765
1.24848		11.4
1.24948		8.45252
1.25048		6.52795
1.25148		5.20933
1.25248		4.26921
1.25348		3.57658
1.25448		3.05226
1.25548		2.64629
1.25648		2.32599
1.25748		2.06928
1.25848		1.86085
1.25948		1.68979
1.26048		1.54822
1.26148		1.43031
1.26248		1.33169
1.26348		1.24906
1.26448		1.17991
1.26548		1.1223
1.26648		1.07476
1.26748		1.03619
1.26848		1.00576
1.26948		0.98292
1.27048		0.967332
1.27148		0.958873
1.27248		0.957632
1.27348		0.963927
1.27448		0.978333
1.27548		1.00174
1.27648		1.03541
1.27748		1.08115
1.27848		1.14142
1.27948		1.21965
1.28048		1.32062
1.28148		1.45112
1.28248		1.62098
1.28348		1.8447
1.28448		2.14442
1.28548		2.55503
1.28648		3.13375
1.28748		3.97889
1.28848		5.26834
1.28948		7.34219
1.29048		10.8785
1.29148		17.1872
1.29248		27.8704
1.29348		39.043
1.29448		36.1608
1.29548		23.8308
1.29648		14.6633
1.29748		9.45615
1.29848		6.50255
1.29948		4.73314
1.30048		3.6094
1.30148		2.85832
1.30248		2.3345
1.30348		1.95611
1.30448		1.67472
1.30548		1.46038
1.30648		1.29381
1.30748		1.1622
1.30848		1.05678
1.30948		0.9714
1.31048		0.901646
1.31148		0.844293
1.31248		0.796946
1.31348		0.757802
1.31448		0.725487
1.31548		0.698949
1.31648		0.677373
1.31748		0.660131
1.31848		0.646739
1.31948		0.636828
1.32048		0.630127
1.32148		0.626442
1.32248		0.625653
1.32348		0.627701
1.32448		0.632588
1.32548		0.640378
1.32648		0.651198
1.32748		0.665241
1.32848		0.682781
1.32948		0.704181
1.33048		0.729915
1.33148		0.760594
1.33248		0.797002
1.33348		0.840148
1.33448		0.891334
1.33548		0.952258
1.33648		1.02516
1.33748		1.11302
1.33848		1.21989
1.33948		1.35139
1.34048		1.5154
1.34148		1.72338
1.34248		1.99231
1.34348		2.34831
1.34448		2.83299
1.34548		3.51558
1.34648		4.51701
1.34748		6.0603
1.34848		8.57925
1.34948		12.9418
1.35048		20.7136
1.35148		32.739
1.35248		40.4519
1.35348		32.262
1.35448		20.432
1.35548		12.924
1.35648		8.75102
1.35748		6.3776
1.35848		4.96349
1.35948		4.09062
1.36048		3.5459
1.36148		3.21654
1.36248		3.0418
1.36348		2.99061
1.36448		3.05123
1.36548		3.22748
1.36648		3.53965
1.36748		4.0303
1.36848		4.77807
1.36948		5.92716
1.37048		7.75065
1.37148		10.7874
1.37248		16.1069
1.37348		25.4282
1.37448		38.0731
1.37548		41.6178
1.37648		31.1589
1.37748		21.3493
1.37848		16.4436
1.37948		15.2654
1.38048		17.319
1.38148		23.4364
1.38248		34.3539
1.38348		42.3546
1.38448		34.6564
1.38548		22.2719
1.38648		14.1578
1.38748		9.55992
1.38848		6.87931
1.38948		5.22021
1.39048		4.133
1.39148		3.38561
1.39248		2.85158
1.39348		2.45815
1.39448		2.16133
1.39548		1.93338
1.39648		1.75621
1.39748		1.61763
1.39848		1.50932
1.39948		1.42546
1.40048		1.36202
1.40148		1.31626
1.40248		1.28639
1.40348		1.27145
1.40448		1.27119
1.40548		1.28606
1.40648		1.31728
1.40748		1.36699
1.40848		1.43852
1.40948		1.53682
1.41048		1.66919
1.41148		1.84642
1.41248		2.08485
1.41348		2.4097
1.41448		2.86137
1.41548		3.50715
1.41648		4.46452
1.41748		5.94992
1.41848		8.38367
1.41948		12.6072
1.42048		20.1566
1.42148		32.0247
1.42248		40.2707
1.42348		32.6116
1.42448		20.6144
1.42548		12.8662
1.42648		8.52831
1.42748		6.03451
1.42848		4.51641
1.42948		3.54015
1.43048		2.88285
1.43148		2.42383
1.43248		2.09413
1.43348		1.8525
1.43448		1.67319
1.43548		1.53961
1.43648		1.44084
1.43748		1.36952
1.43848		1.32075
1.43948		1.29129
1.44048		1.27915
1.44148		1.28337
1.44248		1.30383
1.44348		1.34131
1.44448		1.39746
1.44548		1.47511
1.44648		1.57851
1.44748		1.71393
1.44848		1.89061
1.44948		2.12224
1.45048		2.42965
1.45148		2.84539
1.45248		3.42233
1.45348		4.25025
1.45448		5.48953
1.45548		7.44298
1.45648		10.7101
1.45748		16.469
1.45848		26.4306
1.45948		38.6011
1.46048		39.0704
1.46148		27.3653
1.46248		17.6358
1.46348		12.2341
1.46448		9.51455
1.46548		8.36473
1.46648		8.32933
1.46748		9.39559
1.46848		11.9861
1.46948		17.1638
1.47048		26.5872
1.47148		38.4846
1.47248		39.1258
1.47348		27.1805
1.47448		16.9172
1.47548		10.936
1.47648		7.54694
1.47748		5.52509
1.47848		4.24378
1.47948		3.38703
1.48048		2.78801
1.48148		2.35358
1.48248		2.02899
1.48348		1.78048
1.48448		1.58642
1.48548		1.43243
1.48648		1.30871
1.48748		1.20836
1.48848		1.12645
1.48948		1.05939
1.49048		1.00452
1.49148		0.959855
1.49248		0.923918
1.49348		0.895603
1.49448		0.874099
1.49548		0.858835
1.49648		0.84944
1.49748		0.845723
1.49848		0.847659
1.49948		0.855392
1.50048		0.869247
1.50148		0.88975
1.50248		0.917674
1.50348		0.954094
1.50448		1.00048
1.50548		1.05881
1.50648		1.13181
1.50748		1.22319
1.50848		1.3381
1.50948		1.48386
1.51048		1.67103
1.51148		1.9153
1.51248		2.24066
1.51348		2.68516
1.51448		3.31163
1.51548		4.22895
1.51648		5.63606
1.51748		7.91664
1.51848		11.8381
1.51948		18.8427
1.52048		30.2681
1.52148		40.0082
1.52248		34.257
1.52348		21.9988
1.52448		13.6667
1.52548		8.98858
1.52648		6.32172
1.52748		4.71547
1.52848		3.69411
1.52948		3.01487
1.53048		2.54732
1.53148		2.21761
1.53248		1.9819
1.53348		1.81313
1.53448		1.69415
1.53548		1.61386
1.53648		1.56512
1.53748		1.54346
1.53848		1.54639
1.53948		1.57297
1.54048		1.62365
1.54148		1.70026
1.54248		1.80616
1.54348		1.94663
1.54448		2.12943
1.54548		2.36584
1.54648		2.6723
1.54748		3.07311
1.54848		3.60495
1.54948		4.32494
1.55048		5.32524
1.55148		6.76109
1.55248		8.9072
1.55348		12.2768
1.55448		17.8785
1.55548		27.7231
1.55648		45.1686
1.55748		69.8407
1.55848		78.724
1.55948		57.7615
1.56048		35.5799
1.56148		22.2341
1.56248		14.7578
1.56348		10.3897
1.56448		7.68118
1.56548		5.90703
1.56648		4.6897
1.56748		3.82156
1.56848		3.18225
1.56948		2.69863
1.57048		2.32438
1.57148		2.02909
1.57248		1.79219
1.57348		1.59939
1.57448		1.44048
1.57548		1.30807
1.57648		1.19666
1.57748		1.10213
1.57848		1.02132
1.57948		0.951785
1.58048		0.891602
1.58148		0.839254
1.58248		0.793524
1.58348		0.75343
1.58448		0.718172
1.58548		0.687093
1.58648		0.659653
1.58748		0.635399
1.58848		0.613958
1.58948		0.595013
1.59048		0.578299
1.59148		0.563592
1.59248		0.550703
1.59348		0.539471
1.59448		0.529761
1.59548		0.521457
1.59648		0.514463
1.59748		0.5087
1.59848		0.504099
1.59948		0.500607
1.60048		0.498182
1.60148		0.49679
1.60248		0.496409
1.60348		0.497025
1.60448		0.498633
1.60548		0.501237
1.60648		0.504848
1.60748		0.509488
1.60848		0.515186
1.60948		0.521983
1.61048		0.529927
1.61148		0.539082
1.61248		0.54952
1.61348		0.561329
1.61448		0.574612
1.61548		0.589492
1.61648		0.606111
1.61748		0.624635
1.61848		0.645261
1.61948		0.668218
1.62048		0.693776
1.62148		0.722254
1.62248		0.75403
1.62348		0.789554
1.62448		0.829365
1.62548		0.874115
1.62648		0.924595
1.62748		0.981773
1.62848		1.04685
1.62948		1.12131
1.63048		1.20706
1.63148		1.3065
1.63248		1.42277
1.63348		1.56
1.63448		1.72372
1.63548		1.9215
1.63648		2.16396
1.63748		2.46635
1.63848		2.85127
1.63948		3.3534
1.64048		4.02818
1.64148		4.96844
1.64248		6.33814
1.64348		8.44385
1.64448		11.888
1.64548		17.8505
1.64648		28.0678
1.64748		40.7376
1.64848		42.1264
1.64948		31.3536
1.65048		22.82
1.65148		19.3412
1.65248		19.8499
1.65348		24.3578
1.65448		34.3606
1.65548		50.3003
1.65648		62.1971
1.65748		63.4658
1.65848		59.5434
1.65948		44.2322
1.66048		28.5383
1.66148		18.7928
1.66248		13.2216
1.66348		9.93176
1.66448		7.90215
1.66548		6.61804
1.66648		5.81534
1.66748		5.35901
1.66848		5.18895
1.66948		5.29971
1.67048		5.74181
1.67148		6.64648
1.67248		8.29089
1.67348		11.2455
1.67448		16.6504
1.67548		26.2116
1.67648		38.2435
1.67748		39.0851
1.67848		27.2274
1.67948		16.9754
1.68048		11.0016
1.68148		7.62229
1.68248		5.61002
1.68348		4.33679
1.68448		3.4864
1.68548		2.8922
1.68648		2.46136
1.68748		2.13942
1.68848		1.89288
1.68948		1.70035
1.69048		1.54766
1.69148		1.42514
1.69248		1.32605
1.69348		1.24561
1.69448		1.18034
1.69548		1.1277
1.69648		1.08586
1.69748		1.05348
1.69848		1.02962
1.69948		1.01367
1.70048		1.0053
1.70148		1.00446
1.70248		1.01131
1.70348		1.02634
1.70448		1.05031
1.70548		1.0844
1.70648		1.13025
1.70748		1.19017
1.70848		1.26736
1.70948		1.36628
1.71048		1.49324
1.71148		1.6573
1.71248		1.87184
1.71348		2.15704
1.71448		2.54453
1.71548		3.08566
1.71648		3.86775
1.71748		5.047
1.71848		6.91857
1.71948		10.0673
1.72048		15.6464
1.72148		25.3675
1.72248		37.4957
1.72348		38.3256
1.72448		26.5271
1.72548		16.3801
1.72648		10.4965
1.72748		7.1912
1.72848		5.2427
1.72948		4.02685
1.73048		3.22976
1.73148		2.68638
1.73248		2.30511
1.73348		2.03261
1.73448		1.83648
1.73548		1.69649
1.73648		1.5998
1.73748		1.53832
1.73848		1.50727
1.73948		1.50434
1.74048		1.52935
1.74148		1.5842
1.74248		1.67317
1.74348		1.80365
1.74448		1.98746
1.74548		2.24323
1.74648		2.60062
1.74748		3.10822
1.74848		3.84877
1.74948		4.96997
1.75048		6.75002
1.75148		9.73867
1.75248		15.0262
1.75348		24.3239
1.75448		36.6115
1.75548		38.9644
1.75648		27.597
1.75748		17.0392
1.75848		10.8327
1.75948		7.34814
1.76048		5.29805
1.76148		4.01852
1.76248		3.17628
1.76348		2.59667
1.76448		2.183
1.76548		1.87886
1.76648		1.64981
1.76748		1.47395
1.76848		1.33685
1.76948		1.22875
1.77048		1.14284
1.77148		1.07432
1.77248		1.01967
1.77348		0.976356
1.77448		0.942477
1.77548		0.916626
1.77648		0.897757
1.77748		0.885106
1.77848		0.878128
1.77948		0.876458
1.78048		0.879886
1.78148		0.888344
1.78248		0.901891
1.78348		0.920723
1.78448		0.945172
1.78548		0.975731
1.78648		1.01307
1.78748		1.0581
1.78848		1.11198
1.78948		1.17626
1.79048		1.25294
1.79148		1.34466
1.79248		1.45494
1.79348		1.58854
1.79448		1.75197
1.79548		1.95439
1.79648		2.20894
1.79748		2.53505
1.79848		2.96235
1.79948		3.5379
1.80048		4.33964
1.80148		5.50355
1.80248		7.28029
1.80348		10.1574
1.80448		15.1035
1.80548		23.7855
1.80648		36.4703
1.80748		42.6789
1.80848		33.6712
1.80948		23.4633
1.81048		18.3499
1.81148		17.5412
1.81248		20.7131
1.81348		28.8175
1.81448		40.2251
1.81548		41.5297
1.81648		29.66
1.81748		19.0385
1.81848		12.8515
1.81948		9.43407
1.82048		7.52179
1.82148		6.47894
1.82248		6.01147
1.82348		6.00902
1.82448		6.48816
1.82548		7.6027
1.82648		9.72777
1.82748		13.6632
1.82848		20.9078
1.82948		32.5403
1.83048		41.0619
1.83148		33.741
1.83248		21.5845
1.83348		13.6277
1.83448		9.14955
1.83548		6.56193
1.83648		4.97571
1.83748		3.94611
1.83848		3.24465
1.83948		2.74753
1.84048		2.38391
1.84148		2.11125
1.84248		1.90287
1.84348		1.74142
1.84448		1.61528
1.84548		1.51646
1.84648		1.43937
1.84748		1.38002
1.84848		1.3356
1.84948		1.3041
1.85048		1.28413
1.85148		1.27481
1.85248		1.27567
1.85348		1.28658
1.85448		1.30778
1.85548		1.33989
1.85648		1.38388
1.85748		1.44126
1.85848		1.51409
1.85948		1.60522
1.86048		1.71854
1.86148		1.85938
1.86248		2.03515
1.86348		2.25626
1.86448		2.53773
1.86548		2.90174
1.86648		3.38215
1.86748		4.03253
1.86848		4.94143
1.86948		6.26284
1.87048		8.27968
1.87148		11.54
1.87248		17.123
1.87348		26.8139
1.87448		40.4404
1.87548		46.4916
1.87648		39.2544
1.87748		34.4393
1.87848		38.3761
1.87948		46.1408
1.88048		41.8601
1.88148		28.257
1.88248		18.0266
1.88348		12.1011
1.88448		8.66562
1.88548		6.56149
1.88648		5.19784
1.88748		4.27115
1.88848		3.61739
1.88948		3.1429
1.89048		2.79144
1.89148		2.52782
1.89248		2.3292
1.89348		2.18043
1.89448		2.07125
1.89548		1.99469
1.89648		1.94612
1.89748		1.92261
1.89848		1.92264
1.89948		1.94582
1.90048		1.99296
1.90148		2.06606
1.90248		2.16853
1.90348		2.30563
1.90448		2.48507
1.90548		2.71806
1.90648		3.02106
1.90748		3.41864
1.90848		3.94843
1.90948		4.67012
1.91048		5.68239
1.91148		7.15655
1.91248		9.40667
1.91348		13.0391
1.91448		19.2418
1.91548		29.9525
1.91648		44.9024
1.91748		52.5045
1.91848		49.477
1.91948		50.9425
1.92048		51.4001
1.92148		38.8799
1.92248		25.2061
1.92348		16.7212
1.92448		11.905
1.92548		9.09229
1.92648		7.38632
1.92748		6.33652
1.92848		5.71258
1.92948		5.39705
1.93048		5.3372
1.93148		5.52577
1.93248		5.99898
1.93348		6.85073
1.93448		8.27215
1.93548		10.6418
1.93648		14.7187
1.93748		21.9479
1.93848		33.9155
1.93948		45.7293
1.94048		43.4838
1.94148		35.1673
1.94248		33.7127
1.94348		40.4373
1.94448		46.5867
1.94548		38.0631
1.94648		24.8177
1.94748		16.0506
1.94848		11.0263
1.94948		8.0629
1.95048		6.20794
1.95148		4.97964
1.95248		4.12727
1.95348		3.51306
1.95448		3.05702
1.95548		2.71037
1.95648		2.44208
1.95748		2.2317
1.95848		2.06532
1.95948		1.93329
1.96048		1.82874
1.96148		1.74675
1.96248		1.68376
1.96348		1.63724
1.96448		1.60538
1.96548		1.58702
1.96648		1.58149
1.96748		1.58856
1.96848		1.60846
1.96948		1.64187
1.97048		1.68998
1.97148		1.75457
1.97248		1.83821
1.97348		1.94447
1.97448		2.07828
1.97548		2.24654
1.97648		2.45897
1.97748		2.72956
1.97848		3.07896
1.97948		3.53855
1.98048		4.15783
1.98148		5.01827
1.98248		6.26086
1.98348		8.14339
1.98448		11.1636
1.98548		16.3055
1.98648		25.2718
1.98748		38.4866
1.98848		45.8334
1.98948		38.5305
1.99048		31.0875
1.99148		31.1779
1.99248		38.7951
1.99348		46.2184
1.99448		38.9822
1.99548		25.9655
1.99648		17.2382
1.99748		12.368
1.99848		9.67104
1.99948		8.1896
2.00048		7.46355
2.00148		7.29276
2.00248		7.63107
2.00348		8.56218
2.00448		10.3416
2.00548		13.5313
2.00648		19.2734
2.00748		29.3709
2.00848		42.8501
2.00948		46.972
2.01048		39.1453
2.01148		35.2512
2.01248		40.1247
2.01348		47.1085
2.01448		40.5902
2.01548		26.9308
2.01648		17.3247
2.01748		11.7856
2.01848		8.53683
2.01948		6.51617
2.02048		5.18434
2.02148		4.26241
2.02248		3.59826
2.02348		3.10415
2.02448		2.72687
2.02548		2.43272
2.02648		2.19951
2.02748		2.01219
2.02848		1.86026
2.02948		1.73624
2.03048		1.63468
2.03148		1.55158
2.03248		1.48397
2.03348		1.42963
2.03448		1.38694
2.03548		1.35471
2.03648		1.33214
2.03748		1.31876
2.03848		1.31438
2.03948		1.31911
2.04048		1.33336
2.04148		1.35789
2.04248		1.39389
2.04348		1.44307
2.04448		1.50784
2.04548		1.59158
2.04648		1.69903
2.04748		1.83691
2.04848		2.01494
2.04948		2.24748
2.05048		2.55638
2.05148		2.97599
2.05248		3.5625
2.05348		4.4122
2.05448		5.69889
2.05548		7.7539
2.05648		11.2371
2.05748		17.4291
2.05848		27.9672
2.05948		39.4138
2.06048		37.2513
2.06148		25.0096
2.06248		15.7066
2.06348		10.4346
2.06448		7.48249
2.06548		5.75496
2.06648		4.70071
2.06748		4.04252
2.06848		3.63543
2.06948		3.40121
2.07048		3.29789
2.07148		3.30551
2.07248		3.41978
2.07348		3.65067
2.07448		4.025
2.07548		4.59442
2.07648		5.45283
2.07748		6.7733
2.07848		8.88783
2.07948		12.458
2.08048		18.7674
2.08148		29.4644
2.08248		41.1598
2.08348		39.3599
2.08448		27.5328
2.08548		18.7721
2.08648		14.265
2.08748		12.4161
2.08848		12.3293
2.08948		13.8216
2.09048		17.3282
2.09148		24.1156
2.09248		36.5994
2.09348		56.0445
2.09448		71.9893
2.09548		70.0389
2.09648		51.701
2.09748		32.8401
2.09848		21.1023
2.09948		14.4141
2.10048		10.4583
2.10148		7.97837
2.10248		6.33804
2.10348		5.20358
2.10448		4.39023
2.10548		3.79016
2.10648		3.33741
2.10748		2.98998
2.10848		2.72023
2.10948		2.50945
2.11048		2.34467
2.11148		2.21682
2.11248		2.11948
2.11348		2.04813
2.11448		1.99973
2.11548		1.97235
2.11648		1.96505
2.11748		1.9778
2.11848		2.01151
2.11948		2.06814
2.12048		2.15097
2.12148		2.26507
2.12248		2.41798
2.12348		2.62095
2.12448		2.89101
2.12548		3.25454
2.12648		3.75374
2.12748		4.45895
2.12848		5.49318
2.12948		7.08339
2.13048		9.67125
2.13148		14.1398
2.13248		22.0708
2.13348		34.2233
2.13448		41.7004
2.13548		33.3183
2.13648		21.6755
2.13748		14.407
2.13848		10.4592
2.13948		8.32036
2.14048		7.1742
2.14148		6.62386
2.14248		6.47993
2.14348		6.66091
2.14448		7.15135
2.14548		7.98937
2.14648		9.27422
2.14748		11.1965
2.14848		14.1081
2.14948		18.6727
2.15048		26.175
2.15148		38.9337
2.15248		58.9966
2.15348		79.855
2.15448		95.7582
2.15548		120.506
2.15648		130.875
2.15748		98.5713
2.15848		61.8653
2.15948		39.1311
2.16048		26.2628
2.16148		18.6949
2.16248		13.9736
2.16348		10.8627
2.16448		8.71673
2.16548		7.17958
2.16648		6.04415
2.16748		5.18412
2.16848		4.51927
2.16948		3.99679
2.17048		3.58094
2.17148		3.24686
2.17248		2.97699
2.17348		2.75871
2.17448		2.5829
2.17548		2.44301
2.17648		2.33441
2.17748		2.25405
2.17848		2.20022
2.17948		2.17247
2.18048		2.17168
2.18148		2.20025
2.18248		2.26251
2.18348		2.3655
2.18448		2.52014
2.18548		2.74343
2.18648		3.06219
2.18748		3.51989
2.18848		4.18978
2.18948		5.20114
2.19048		6.79442
2.19148		9.44044
2.19248		14.0803
2.19348		22.3493
2.19448		34.5933
2.19548		40.584
2.19648		31.0094
2.19748		19.5453
2.19848		12.5013
2.19948		8.57259
2.20048		6.30674
2.20148		4.92942
2.20248		4.05448
2.20348		3.48307
2.20448		3.108
2.20548		2.86952
2.20648		2.73427
2.20748		2.68504
2.20848		2.71606
2.20948		2.83145
2.21048		3.04635
2.21148		3.39101
2.21248		3.91985
2.21348		4.73022
2.21448		6.00149
2.21548		8.07945
2.21648		11.6559
2.21748		18.0635
2.21848		28.8706
2.21948		39.8261
2.22048		36.4123
2.22148		24.0637
2.22248		15.0462
2.22348		9.94134
2.22448		7.04935
2.22548		5.32264
2.22648		4.23457
2.22748		3.51816
2.22848		3.03134
2.22948		2.6945
2.23048		2.46107
2.23148		2.30293
2.23248		2.20293
2.23348		2.15089
2.23448		2.14148
2.23548		2.17313
2.23648		2.24777
2.23748		2.37115
2.23848		2.55387
2.23948		2.81362
2.24048		3.17918
2.24148		3.69807
2.24248		4.45128
2.24348		5.58319
2.24448		7.36493
2.24548		10.3311
2.24648		15.5436
2.24748		24.7082
2.24848		37.1157
2.24948		40.2917
2.25048		29.3048
2.25148		18.6989
2.25248		12.5086
2.25348		9.15446
2.25448		7.33191
2.25548		6.37886
2.25648		5.98593
2.25748		6.02734
2.25848		6.49346
2.25948		7.4838
2.26048		9.25539
2.26148		12.3575
2.26248		17.9002
2.26348		27.6305
2.26448		40.5238
2.26548		43.6878
2.26648		33.8373
2.26748		25.9649
2.26848		24.4591
2.26948		29.3266
2.27048		39.5356
2.27148		43.9331
2.27248		33.3015
2.27348		21.3094
2.27448		13.9068
2.27548		9.69053
2.27648		7.18725
2.27748		5.6101
2.27848		4.5623
2.27948		3.83588
2.28048		3.31573
2.28148		2.93468
2.28248		2.65179
2.28348		2.4412
2.28448		2.2862
2.28548		2.17597
2.28648		2.10366
2.28748		2.06536
2.28848		2.05953
2.28948		2.08685
2.29048		2.15037
2.29148		2.25605
2.29248		2.41385
2.29348		2.63967
2.29448		2.95886
2.29548		3.41259
2.29648		4.07011
2.29748		5.05307
2.29848		6.58654
2.29948		9.10907
2.30048		13.4984
2.30148		21.3309
2.30248		33.3894
2.30348		40.8718
2.30448		32.472
2.30548		20.6916
2.30648		13.2575
2.30748		9.13155
2.30848		6.78997
2.30948		5.40306
2.31048		4.55865
2.31148		4.04743
2.31248		3.75975
2.31348		3.63827
2.31448		3.65619
2.31548		3.80762
2.31648		4.10492
2.31748		4.58116
2.31848		5.29888
2.31948		6.36926
2.32048		7.99185
2.32148		10.5388
2.32248		14.7346
2.32348		21.9958
2.32448		34.5414
2.32548		51.5827
2.32648		61.0399
2.32748		61.5268
2.32848		55.5789
2.32948		39.0799
2.33048		24.7359
2.33148		16.1576
2.33248		11.2151
2.33348		8.2267
2.33448		6.31132
2.33548		5.01855
2.33648		4.10769
2.33748		3.44284
2.33848		2.94322
2.33948		2.55855
2.34048		2.25634
2.34148		2.01482
2.34248		1.819
2.34348		1.6583
2.34448		1.52507
2.34548		1.41367
2.34648		1.31989
2.34748		1.24053
2.34848		1.17312
2.34948		1.11575
2.35048		1.06693
2.35148		1.02547
2.35248		0.990436
2.35348		0.961094
2.35448		0.936867
2.35548		0.917309
2.35648		0.902085
2.35748		0.890961
2.35848		0.883787
2.35948		0.8805
2.36048		0.88112
2.36148		0.885752
2.36248		0.894593
2.36348		0.907948
2.36448		0.926246
2.36548		0.950069
2.36648		0.980185
2.36748		1.01761
2.36848		1.06368
2.36948		1.12015
2.37048		1.18937
2.37148		1.27452
2.37248		1.37991
2.37348		1.5116
2.37448		1.67817
2.37548		1.89216
2.37648		2.17238
2.37748		2.54799
2.37848		3.06601
2.37948		3.8056
2.38048		4.90696
2.38148		6.63236
2.38248		9.49781
2.38348		14.5306
2.38448		23.4219
2.38548		35.7896
2.38648		39.7227
2.38748		28.9988
2.38848		18.0688
2.38948		11.5514
2.39048		7.91531
2.39148		5.80505
2.39248		4.51357
2.39348		3.68739
2.39448		3.14299
2.39548		2.78031
2.39648		2.5426
2.39748		2.39705
2.39848		2.32519
2.39948		2.31806
2.40048		2.37404
2.40148		2.49852
2.40248		2.70508
2.40348		3.01891
2.40448		3.48368
2.40548		4.17539
2.40648		5.23043
2.40748		6.90523
2.40848		9.70519
2.40948		14.6385
2.41048		23.3866
2.41148		35.735
2.41248		40.1032
2.41348		29.5836
2.41448		18.5313
2.41548		11.9023
2.41648		8.20321
2.41748		6.05777
2.41848		4.74509
2.41948		3.90472
2.42048		3.34952
2.42148		2.97724
2.42248		2.72946
2.42348		2.57177
2.42448		2.48371
2.42548		2.45366
2.42648		2.47606
2.42748		2.55019
2.42848		2.67989
2.42948		2.87417
2.43048		3.14885
2.43148		3.52992
2.43248		4.05971
2.43348		4.80876
2.43448		5.89935
2.43548		7.55425
2.43648		10.2015
2.43748		14.6911
2.43848		22.5785
2.43948		34.99
2.44048		44.4294
2.44148		38.4558
2.44248		28.5694
2.44348		24.4049
2.44448		26.5638
2.44548		35.0129
2.44648		44.3926
2.44748		39.7858
2.44848		26.9043
2.44948		17.6801
2.45048		12.5122
2.45148		9.68486
2.45248		8.16936
2.45348		7.4815
2.45448		7.43565
2.45548		8.04409
2.45648		9.52705
2.45748		12.4393
2.45848		17.939
2.45948		27.7063
2.46048		39.5345
2.46148		39.3623
2.46248		27.2881
2.46348		17.3141
2.46448		11.5611
2.46548		8.32427
2.46648		6.41827
2.46748		5.24053
2.46848		4.48838
2.46948		4.00356
2.47048		3.70005
2.47148		3.53043
2.47248		3.46999
2.47348		3.50922
2.47448		3.65111
2.47548		3.91183
2.47648		4.32524
2.47748		4.95315
2.47848		5.90706
2.47948		7.39399
2.48048		9.81575
2.48148		13.9763
2.48248		21.3674
2.48348		33.1966
2.48448		42.5491
2.48548		36.226
2.48648		24.5022
2.48748		17.0279
2.48848		13.3228
2.48948		11.8971
2.49048		12.0498
2.49148		13.7162
2.49248		17.424
2.49348		24.527
2.49448		37.172
2.49548		53.8869
2.49648		62.1292
2.49748		62.2291
2.49848		55.6778
2.49948		38.9695
2.50048		24.9114
2.50148		16.5487
2.50248		11.7154
2.50348		8.78059
2.50448		6.89373
2.50548		5.61909
2.50648		4.723
2.50748		4.07313
2.50848		3.5906
2.50948		3.22633
2.51048		2.94862
2.51148		2.73639
2.51248		2.57534
2.51348		2.4556
2.51448		2.37041
2.51548		2.31518
2.51648		2.287
2.51748		2.28428
2.51848		2.30661
2.51948		2.35467
2.52048		2.43029
2.52148		2.53661
2.52248		2.67838
2.52348		2.86244
2.52448		3.09851
2.52548		3.40035
2.52648		3.78771
2.52748		4.28943
2.52848		4.94876
2.52948		5.83252
2.53048		7.04805
2.53148		8.77562
2.53248		11.334
2.53348		15.3187
2.53448		21.8874
2.53548		33.1911
2.53648		51.5304
2.53748		71.4812
2.53848		81.7847
2.53948		84.7821
2.54048		79.3714
2.54148		65.4917
2.54248		44.5036
2.54348		28.6537
2.54448		19.31
2.54548		13.8346
2.54648		10.4575
2.54748		8.26051
2.54848		6.76742
2.54948		5.71911
2.55048		4.96731
2.55148		4.42357
2.55248		4.03367
2.55348		3.76442
2.55448		3.59661
2.55548		3.52154
2.55648		3.53991
2.55748		3.66272
2.55848		3.91473
2.55948		4.34219
2.56048		5.02849
2.56148		6.12681
2.56248		7.92991
2.56348		11.0207
2.56448		16.5507
2.56548		26.2306
2.56648		38.3282
2.56748		39.1403
2.56848		27.3257
2.56948		17.1659
2.57048		11.2768
2.57148		7.97392
2.57248		6.03614
2.57348		4.84019
2.57448		4.07365
2.57548		3.57364
2.57648		3.25169
2.57748		3.05889
2.57848		2.96933
2.57948		2.97228
2.58048		3.06924
2.58148		3.27435
2.58248		3.61844
2.58348		4.15863
2.58448		4.99852
2.58548		6.33087
2.58648		8.52997
2.58748		12.3466
2.58848		19.201
2.58948		30.4858
2.59048		40.4723
2.59148		35.1366
2.59248		22.8223
2.59348		14.3411
2.59448		9.56722
2.59548		6.84368
2.59648		5.2012
2.59748		4.15428
2.59848		3.45531
2.59948		2.97139
2.60048		2.62723
2.60148		2.37808
2.60248		2.19622
2.60348		2.06388
2.60448		1.96942
2.60548		1.90504
2.60648		1.86557
2.60748		1.84758
2.60848		1.84901
2.60948		1.86879
2.61048		1.90673
2.61148		1.96347
2.61248		2.04046
2.61348		2.14012
2.61448		2.26597
2.61548		2.42305
2.61648		2.61834
2.61748		2.86164
2.61848		3.16681
2.61948		3.55377
2.62048		4.05188
2.62148		4.70568
2.62248		5.58503
2.62348		6.80412
2.62448		8.55851
2.62548		11.2014
2.62648		15.4063
2.62748		22.5098
2.62848		35.0371
2.62948		55.6907
2.63048		76.6369
2.63148		74.2601
2.63248		52.3708
2.63348		33.9557
2.63448		23.6192
2.63548		18.4813
2.63648		16.5308
2.63748		17.1077
2.63848		20.6397
2.63948		28.5039
2.64048		40.2388
2.64148		44.0113
2.64248		33.181
2.64348		22.1255
2.64448		15.634
2.64548		12.2053
2.64648		10.5042
2.64748		9.87674
2.64848		10.0734
2.64948		11.1005
2.65048		13.2106
2.65148		17.0284
2.65248		23.8807
2.65348		36.3038
2.65448		56.8251
2.65548		76.8355
2.65648		73.2388
2.65748		50.9178
2.65848		32.2118
2.65948		21.3008
2.66048		15.1754
2.66148		11.6071
2.66248		9.453
2.66348		8.14441
2.66448		7.39476
2.66548		7.06581
2.66648		7.11129
2.66748		7.56177
2.66848		8.54242
2.66948		10.3367
2.67048		13.5372
2.67148		19.3262
2.67248		29.4296
2.67348		41.8645
2.67448		42.7683
2.67548		31.858
2.67648		23.5028
2.67748		20.4999
2.67848		22.1505
2.67948		28.9337
2.68048		40.1169
2.68148		44.0044
2.68248		33.1608
2.68348		21.7917
2.68448		15.003
2.68548		11.3101
2.68648		9.33308
2.68748		8.37471
2.68848		8.1366
2.68948		8.55437
2.69048		9.76171
2.69148		12.1655
2.69248		16.6626
2.69348		24.8693
2.69448		37.3024
2.69548		44.2298
2.69648		35.7613
2.69748		25.4452
2.69848		20.4065
2.69948		20.1678
2.70048		24.677
2.70148		34.5177
2.70248		43.462
2.70348		37.3357
2.70448		24.5463
2.70548		15.7386
2.70648		10.7067
2.70748		7.77224
2.70848		5.9547
2.70948		4.76001
2.71048		3.934
2.71148		3.33872
2.71248		2.895
2.71348		2.55504
2.71448		2.28865
2.71548		2.07604
2.71648		1.9038
2.71748		1.76257
2.71848		1.64566
2.71948		1.5482
2.72048		1.46657
2.72148		1.39803
2.72248		1.34051
2.72348		1.29238
2.72448		1.25242
2.72548		1.21966
2.72648		1.19336
2.72748		1.17296
2.72848		1.15803
2.72948		1.14829
2.73048		1.14354
2.73148		1.14372
2.73248		1.14883
2.73348		1.15899
2.73448		1.17441
2.73548		1.19541
2.73648		1.22244
2.73748		1.2561
2.73848		1.29714
2.73948		1.34655
2.74048		1.40557
2.74148		1.47579
2.74248		1.55924
2.74348		1.65853
2.74448		1.77706
2.74548		1.91928
2.74648		2.09116
2.74748		2.30078
2.74848		2.55928
2.74948		2.88241
2.75048		3.29293
2.75148		3.8247
2.75248		4.52976
2.75348		5.49118
2.75448		6.8474
2.75548		8.84097
2.75648		11.9206
2.75748		16.9598
2.75848		25.6865
2.75948		40.9894
2.76048		63.1108
2.76148		76.6229
2.76248		65.4045
2.76348		43.3155
2.76448		27.4371
2.76548		18.4496
2.76648		13.4228
2.76748		10.5333
2.76848		8.87234
2.76948		8.00082
2.77048		7.72406
2.77148		8.00127
2.77248		8.93323
2.77348		10.8213
2.77448		14.3342
2.77548		20.7979
2.77648		31.8106
2.77748		43.2704
2.77848		40.7397
2.77948		29.6013
2.78048		22.5589
2.78148		20.9376
2.78248		24.3595
2.78348		33.3487
2.78448		43.2377
2.78548		39.2265
2.78648		26.352
2.78748		16.9079
2.78848		11.4936
2.78948		8.37796
2.79048		6.48841
2.79148		5.28333
2.79248		4.4872
2.79348		3.95363
2.79448		3.60203
2.79548		3.38793
2.79648		3.28892
2.79748		3.29845
2.79848		3.42429
2.79948		3.69118
2.80048		4.14876
2.80148		4.88916
2.80248		6.08438
2.80348		8.06725
2.80448		11.5046
2.80548		17.6902
2.80648		28.2428
2.80748		39.4956
2.80848		36.9084
2.80948		24.5669
2.81048		15.2829
2.81148		9.99393
2.81248		6.9895
2.81348		5.18661
2.81448		4.03921
2.81548		3.27067
2.81648		2.73378
2.81748		2.34577
2.81848		2.05773
2.81948		1.83947
2.82048		1.67161
2.82148		1.5414
2.82248		1.44018
2.82348		1.36204
2.82448		1.30287
2.82548		1.25989
2.82648		1.2313
2.82748		1.21604
2.82848		1.21375
2.82948		1.22468
2.83048		1.24972
2.83148		1.29055
2.83248		1.34979
2.83348		1.43133
2.83448		1.54086
2.83548		1.68669
2.83648		1.88117
2.83748		2.14297
2.83848		2.5013
2.83948		3.00336
2.84048		3.72889
2.84148		4.81943
2.84248		6.54014
2.84348		9.41333
2.84448		14.4782
2.84548		23.4312
2.84648		35.7738
2.84748		39.3833
2.84848		28.4991
2.84948		17.6166
2.85048		11.1353
2.85148		7.50104
2.85248		5.37089
2.85348		4.04579
2.85448		3.17542
2.85548		2.57692
2.85648		2.14944
2.85748		1.83438
2.85848		1.59605
2.85948		1.41179
2.86048		1.26673
2.86148		1.15079
2.86248		1.05695
2.86348		0.980215
2.86448		0.916966
2.86548		0.864516
2.86648		0.820853
2.86748		0.784447
2.86848		0.754122
2.86948		0.728968
2.87048		0.708275
2.87148		0.691489
2.87248		0.678178
2.87348		0.668009
2.87448		0.660728
2.87548		0.656147
2.87648		0.654138
2.87748		0.654622
2.87848		0.657569
2.87948		0.662992
2.88048		0.670949
2.88148		0.681543
2.88248		0.694927
2.88348		0.711309
2.88448		0.730956
2.88548		0.75421
2.88648		0.781497
2.88748		0.813349
2.88848		0.850429
2.88948		0.893561
2.89048		0.943779
2.89148		1.00238
2.89248		1.07103
2.89348		1.15185
2.89448		1.2476
2.89548		1.36193
2.89648		1.49972
2.89748		1.6676
2.89848		1.87486
2.89948		2.13468
2.90048		2.46641
2.90148		2.89932
2.90248		3.47932
2.90348		4.28166
2.90448		5.43581
2.90548		7.17718
2.90648		9.95804
2.90748		14.6747
2.90848		22.9402
2.90948		35.6944
2.91048		44.5672
2.91148		38.1959
2.91248		29.3519
2.91348		27.1493
2.91448		32.3237
2.91548		42.1458
2.91648		42.6311
2.91748		30.1814
2.91848		19.0752
2.91948		12.4932
2.92048		8.72119
2.92148		6.44771
2.92248		4.99361
2.92348		4.01402
2.92448		3.32563
2.92548		2.82535
2.92648		2.45212
2.92748		2.16807
2.92848		1.94882
2.92948		1.77815
2.93048		1.64502
2.93148		1.54179
2.93248		1.46313
2.93348		1.4054
2.93448		1.36616
2.93548		1.34398
2.93648		1.33829
2.93748		1.34934
2.93848		1.37822
2.93948		1.42707
2.94048		1.49931
2.94148		1.60012
2.94248		1.73722
2.94348		1.92215
2.94448		2.17246
2.94548		2.51546
2.94648		2.99523
2.94748		3.68576
2.94848		4.7175
2.94948		6.33306
2.95048		9.00758
2.95148		13.6904
2.95248		22.0233
2.95348		34.2898
2.95448		40.0876
2.95548		30.3827
2.95648		18.9624
2.95748		11.9634
2.95848		8.05319
2.95948		5.78801
2.96048		4.39969
2.96148		3.50442
2.96248		2.90359
2.96348		2.48891
2.96448		2.19837
2.96548		1.99508
2.96648		1.85653
2.96748		1.76903
2.96848		1.72465
2.96948		1.71967
2.97048		1.75389
2.97148		1.83056
2.97248		1.95701
2.97348		2.14614
2.97448		2.41914
2.97548		2.81077
2.97648		3.37925
2.97748		4.22571
2.97848		5.5346
2.97948		7.66023
2.98048		11.3106
2.98148		17.8426
2.98248		28.786
2.98348		39.5091
2.98448		35.5643
2.98548		23.2021
2.98648		14.3205
2.98748		9.29483
2.98848		6.43425
2.98948		4.71231
2.99048		3.61341
2.99148		2.87553
2.99248		2.35857
2.99348		1.98344
2.99448		1.70316
2.99548		1.48858
2.99648		1.32089
2.99748		1.18757
2.99848		1.08001
2.99948		0.99215
3.00048		0.919635
3.00148		0.859267
3.00248		0.808657
3.00348		0.765998
3.00448		0.729896
3.00548		0.699273
3.00648		0.673278
3.00748		0.651239
3.00848		0.632619
3.00948		0.616988
3.01048		0.603997
3.01148		0.593368
3.01248		0.584874
3.01348		0.578335
3.01448		0.573609
3.01548		0.570582
3.01648		0.569173
3.01748		0.569321
3.01848		0.570988
3.01948		0.574159
3.02048		0.578834
3.02148		0.585037
3.02248		0.592809
3.02348		0.602211
3.02448		0.613327
3.02548		0.626265
3.02648		0.641158
3.02748		0.658171
3.02848		0.677504
3.02948		0.699399
3.03048		0.724149
3.03148		0.752105
3.03248		0.783693
3.03348		0.819433
3.03448		0.859955
3.03548		0.906039
3.03648		0.958646
3.03748		1.01898
3.03848		1.08857
3.03948		1.16935
3.04048		1.26385
3.04148		1.37537
3.04248		1.50835
3.04348		1.66879
3.04448		1.86508
3.04548		2.10916
3.04648		2.41853
3.04748		2.81965
3.04848		3.35408
3.04948		4.08992
3.05048		5.14441
3.05148		6.73067
3.05248		9.25822
3.05348		13.5423
3.05448		21.0901
3.05548		33.1087
3.05648		42.6171
3.05748		36.5406
3.05848		25.373
3.05948		18.8392
3.06048		16.7717
3.06148		18.3921
3.06248		24.3123
3.06348		35.1448
3.06448		43.0535
3.06548		35.2946
3.06648		22.9525
3.06748		14.9109
3.06848		10.3948
3.06948		7.80779
3.07048		6.2581
3.07148		5.30019
3.07248		4.70672
3.07348		4.35736
3.07448		4.1876
3.07548		4.1648
3.07648		4.27717
3.07748		4.52951
3.07848		4.94339
3.07948		5.56172
3.08048		6.45947
3.08148		7.76536
3.08248		9.70568
3.08348		12.6959
3.08448		17.536
3.08548		25.7972
3.08648		40.1568
3.08748		61.4173
3.08848		77.7192
3.08948		76.2385
3.09048		61.6404
3.09148		52.115
3.09248		53.5154
3.09348		52.5683
3.09448		38.837
3.09548		25.2155
3.09648		16.7983
3.09748		11.8767
3.09848		8.86018
3.09948		6.89765
3.10048		5.55187
3.10148		4.5883
3.10248		3.87383
3.10348		3.32874
3.10448		2.90299
3.10548		2.5639
3.10648		2.28936
3.10748		2.06397
3.10848		1.87673
3.10948		1.7196
3.11048		1.58661
3.11148		1.47322
3.11248		1.37595
3.11348		1.2921
3.11448		1.21953
3.11548		1.15654
3.11648		1.10178
3.11748		1.05415
3.11848		1.01275
3.11948		0.976868
3.12048		0.945905
3.12148		0.919386
3.12248		0.896923
3.12348		0.878207
3.12448		0.862999
3.12548		0.85112
3.12648		0.842445
3.12748		0.836904
3.12848		0.834478
3.12948		0.8352
3.13048		0.839158
3.13148		0.8465
3.13248		0.857443
3.13348		0.872284
3.13448		0.891414
3.13548		0.915344
3.13648		0.944727
3.13748		0.980408
3.13848		1.02347
3.13948		1.07533
3.14048		1.13783
3.14148		1.2134
3.14248		1.30533
3.14348		1.41808
3.14448		1.55787
3.14548		1.73353
3.14648		1.95796
3.14748		2.25049
3.14848		2.64115
3.14948		3.17838
3.15048		3.94397
3.15148		5.08309
3.15248		6.86808
3.15348		9.83587
3.15448		15.0527
3.15548		24.2247
3.15648		36.5903
3.15748		39.5938
3.15848		28.4943
3.15948		17.8354
3.16048		11.5612
3.16148		8.07605
3.16248		6.06775
3.16348		4.85795
3.16448		4.10808
3.16548		3.6431
3.16648		3.36893
3.16748		3.23421
3.16848		3.21213
3.16948		3.29183
3.17048		3.47472
3.17148		3.77419
3.17248		4.21803
3.17348		4.85481
3.17448		5.76654
3.17548		7.0936
3.17648		9.0853
3.17748		12.2063
3.17848		17.3656
3.17948		26.3641
3.18048		42.1923
3.18148		64.8768
3.18248		77.4285
3.18348		63.6139
3.18448		41.1939
3.18548		25.9812
3.18648		17.4256
3.18748		12.5909
3.18848		9.7602
3.18948		8.08125
3.19048		7.13771
3.19148		6.73871
3.19248		6.83313
3.19348		7.49376
3.19448		8.96277
3.19548		11.7889
3.19648		17.0983
3.19748		26.5878
3.19848		38.5628
3.19948		39.3553
3.20048		27.4621
3.20148		17.1847
3.20248		11.1909
3.20348		7.79558
3.20448		5.77058
3.20548		4.48742
3.20648		3.62945
3.20748		3.02969
3.20848		2.59504
3.20948		2.27082
3.21048		2.02342
3.21148		1.83134
3.21248		1.68035
3.21348		1.5608
3.21448		1.46597
3.21548		1.39114
3.21648		1.33295
3.21748		1.28906
3.21848		1.25784
3.21948		1.23828
3.22048		1.22985
3.22148		1.23249
3.22248		1.24659
3.22348		1.27306
3.22448		1.31339
3.22548		1.36981
3.22648		1.44559
3.22748		1.54539
3.22848		1.67591
3.22948		1.84691
3.23048		2.0729
3.23148		2.37607
3.23248		2.79139
3.23348		3.37633
3.23448		4.22964
3.23548		5.53013
3.23648		7.61974
3.23748		11.1803
3.23848		17.5279
3.23948		28.2567
3.24048		39.3897
3.24148		36.3859
3.24248		24.0648
3.24348		14.951
3.24448		9.78648
3.24548		6.8662
3.24648		5.12655
3.24748		4.03229
3.24848		3.31222
3.24948		2.82206
3.25048		2.48088
3.25148		2.24109
3.25248		2.07362
3.25348		1.96024
3.25448		1.88935
3.25548		1.85369
3.25648		1.84899
3.25748		1.87323
3.25848		1.92628
3.25948		2.00978
3.26048		2.12731
3.26148		2.28482
3.26248		2.49142
3.26348		2.76076
3.26448		3.11339
3.26548		3.58089
3.26648		4.21333
3.26748		5.0934
3.26848		6.36453
3.26948		8.28978
3.27048		11.3781
3.27148		16.6354
3.27248		25.7685
3.27348		38.9149
3.27448		45.2354
3.27548		36.8486
3.27648		28.2285
3.27748		25.6852
3.27848		29.2371
3.27948		39.902
3.28048		57.5141
3.28148		70.5711
3.28248		69.254
3.28348		53.6695
3.28448		34.6852
3.28548		22.1712
3.28648		14.9743
3.28748		10.7213
3.28848		8.05675
3.28948		6.29121
3.29048		5.06459
3.29148		4.17846
3.29248		3.51738
3.29348		3.01086
3.29448		2.61396
3.29548		2.29699
3.29648		2.03971
3.29748		1.82792
3.29848		1.65145
3.29948		1.5028
3.30048		1.37642
3.30148		1.26806
3.30248		1.17445
3.30348		1.09306
3.30448		1.02187
3.30548		0.959275
3.30648		0.90397
3.30748		0.854906
3.30848		0.811214
3.30948		0.772179
3.31048		0.737206
3.31148		0.705795
3.31248		0.677527
3.31348		0.652045
3.31448		0.629048
3.31548		0.608277
3.31648		0.589512
3.31748		0.572562
3.31848		0.557264
3.31948		0.543478
3.32048		0.531081
3.32148		0.51997
3.32248		0.510054
3.32348		0.501255
3.32448		0.493509
3.32548		0.486759
3.32648		0.480958
3.32748		0.476069
3.32848		0.472062
3.32948		0.468912
3.33048		0.466604
3.33148		0.465129
3.33248		0.464484
3.33348		0.464672
3.33448		0.465704
3.33548		0.467598
3.33648		0.470379
3.33748		0.474081
3.33848		0.478744
3.33948		0.48442
3.34048		0.491171
3.34148		0.499072
3.34248		0.508209
3.34348		0.518686
3.34448		0.530625
3.34548		0.54417
3.34648		0.559489
3.34748		0.576781
3.34848		0.596282
3.34948		0.618269
3.35048		0.643076
3.35148		0.671099
3.35248		0.702815
3.35348		0.738804
3.35448		0.779769
3.35548		0.826577
3.35648		0.880301
3.35748		0.942282
3.35848		1.01422
3.35948		1.09828
3.36048		1.19727
3.36148		1.31488
3.36248		1.45606
3.36348		1.62752
3.36448		1.83859
3.36548		2.10253
3.36648		2.43876
3.36748		2.87655
3.36848		3.46169
3.36948		4.26896
3.37048		5.42651
3.37148		7.1664
3.37248		9.93264
3.37348		14.6039
3.37448		22.7783
3.37548		35.5631
3.37648		45.2394
3.37748		39.886
3.37848		31.8124
3.37948		31.0742
3.38048		38.1664
3.38148		45.354
3.38248		37.9999
3.38348		24.7552
3.38448		15.7671
3.38548		10.6198
3.38648		7.60363
3.38748		5.72906
3.38848		4.49569
3.38948		3.64425
3.39048		3.033
3.39148		2.58006
3.39248		2.23566
3.39348		1.96826
3.39448		1.75709
3.39548		1.58804
3.39648		1.45125
3.39748		1.33969
3.39848		1.24823
3.39948		1.17307
3.40048		1.11137
3.40148		1.06097
3.40248		1.02023
3.40348		0.987895
3.40448		0.963035
3.40548		0.944947
3.40648		0.933139
3.40748		0.927288
3.40848		0.92723
3.40948		0.932948
3.41048		0.944567
3.41148		0.962369
3.41248		0.9868
3.41348		1.0185
3.41448		1.05835
3.41548		1.10751
3.41648		1.16751
3.41748		1.24035
3.41848		1.3287
3.41948		1.43607
3.42048		1.5672
3.42148		1.7286
3.42248		1.92931
3.42348		2.18221
3.42448		2.50617
3.42548		2.92965
3.42648		3.49715
3.42748		4.28127
3.42848		5.40632
3.42948		7.09712
3.43048		9.78335
3.43148		14.3158
3.43248		22.2563
3.43348		34.814
3.43448		44.7992
3.43548		39.6778
3.43648		30.9136
3.43748		28.91
3.43848		34.6667
3.43948		43.8726
3.44048		41.3083
3.44148		28.1579
3.44248		17.8151
3.44348		11.7987
3.44448		8.32564
3.44548		6.20795
3.44648		4.83871
3.44748		3.90773
3.44848		3.24836
3.44948		2.76594
3.45048		2.40386
3.45148		2.12675
3.45248		1.91163
3.45348		1.74316
3.45448		1.61081
3.45548		1.50726
3.45648		1.42736
3.45748		1.36754
3.45848		1.3254
3.45948		1.29946
3.46048		1.28904
3.46148		1.29422
3.46248		1.31583
3.46348		1.3556
3.46448		1.41639
3.46548		1.50253
3.46648		1.62046
3.46748		1.77973
3.46848		1.99473
3.46948		2.28752
3.47048		2.6931
3.47148		3.26907
3.47248		4.11458
3.47348		5.40936
3.47448		7.49739
3.47548		11.0649
3.47648		17.4348
3.47748		28.1914
3.47848		39.248
3.47948		36.0701
3.48048		23.7267
3.48148		14.6395
3.48248		9.48438
3.48348		6.55833
3.48448		4.8039
3.48548		3.68902
3.48648		2.94378
3.48748		2.42428
3.48848		2.04948
3.48948		1.7714
3.49048		1.56031
3.49148		1.39713
3.49248		1.26914
3.49348		1.16767
3.49448		1.08665
3.49548		1.02174
3.49648		0.969804
3.49748		0.928523
3.49848		0.896197
3.49948		0.871567
3.50048		0.853716
3.50148		0.84199
3.50248		0.835957
3.50348		0.835369
3.50448		0.84015
3.50548		0.850386
3.50648		0.866334
3.50748		0.888436
3.50848		0.917351
3.50948		0.954004
3.51048		0.999654
3.51148		1.056
3.51248		1.12534
3.51348		1.2108
3.51448		1.31666
3.51548		1.44892
3.51648		1.61612
3.51748		1.83075
3.51848		2.11151
3.51948		2.48746
3.52048		3.00537
3.52148		3.744
3.52248		4.84276
3.52348		6.56231
3.52448		9.4153
3.52548		14.4226
3.52648		23.2725
3.52748		35.642
3.52848		39.733
3.52948		29.0843
3.53048		18.1177
3.53148		11.5674
3.53248		7.91513
3.53348		5.79816
3.53448		4.50485
3.53548		3.67946
3.53648		3.13738
3.53748		2.77804
3.53848		2.54436
3.53948		2.40337
3.54048		2.33645
3.54148		2.33445
3.54248		2.39552
3.54348		2.52465
3.54448		2.73473
3.54548		3.0497
3.54648		3.51096
3.54748		4.19014
3.54848		5.21496
3.54948		6.82386
3.55048		9.48412
3.55148		14.1303
3.55248		22.3926
3.55348		34.6694
3.55448		40.8819
3.55548		31.4896
3.55648		20.0707
3.55748		13.0857
3.55848		9.25976
3.55948		7.14078
3.56048		5.96075
3.56148		5.34904
3.56248		5.13421
3.56348		5.25513
3.56448		5.73101
3.56548		6.66982
3.56648		8.32085
3.56748		11.2057
3.56848		16.3793
3.56948		25.5464
3.57048		38.0158
3.57148		41.3454
3.57248		30.5765
3.57348		20.2902
3.57448		14.6115
3.57548		12.088
3.57648		11.6531
3.57748		13.1224
3.57848		17.1507
3.57948		25.234
3.58048		37.1485
3.58148		41.4444
3.58248		30.8075
3.58348		19.5031
3.58448		12.6631
3.58548		8.80724
3.58648		6.54088
3.58748		5.13051
3.58848		4.20829
3.58948		3.58255
3.59048		3.14807
3.59148		2.8444
3.59248		2.63565
3.59348		2.50038
3.59448		2.42631
3.59548		2.40767
3.59648		2.444
3.59748		2.54021
3.59848		2.70761
3.59948		2.9666
3.60048		3.35184
3.60148		3.92242
3.60248		4.78201
3.60348		6.12064
3.60448		8.30483
3.60548		12.0679
3.60648		18.8044
3.60748		29.9699
3.60848		40.2986
3.60948		35.5501
3.61048		23.2297
3.61148		14.6114
3.61248		9.7663
3.61348		7.02272
3.61448		5.38897
3.61548		4.3685
3.61648		3.70934
3.61748		3.27758
3.61848		2.99886
3.61948		2.83085
3.62048		2.74973
3.62148		2.74351
3.62248		2.80891
3.62348		2.95045
3.62448		3.1814
3.62548		3.52692
3.62648		4.03076
3.62748		4.76868
3.62848		5.87571
3.62948		7.60392
3.63048		10.4471
3.63148		15.3887
3.63248		24.101
3.63348		36.6594
3.63448		42.1166
3.63548		32.4445
3.63648		21.806
3.63748		15.873
3.63848		13.4147
3.63948		13.3719
3.64048		15.7023
3.64148		21.3826
3.64248		31.7711
3.64348		42.3064
3.64448		38.4513
3.64548		26.0731
3.64648		17.23
3.64748		12.4005
3.64848		9.92537
3.64948		8.83906
3.65048		8.75277
3.65148		9.65378
3.65248		11.8995
3.65348		16.4076
3.65448		24.806
3.65548		36.9405
3.65648		41.4008
3.65748		30.8963
3.65848		19.7074
3.65948		12.977
3.66048		9.23365
3.66148		7.09123
3.66248		5.82565
3.66348		5.08097
3.66448		4.68205
3.66548		4.54829
3.66648		4.65794
3.66748		5.03928
3.66848		5.78281
3.66948		7.0826
3.67048		9.33426
3.67148		13.3433
3.67248		20.6065
3.67348		32.2599
3.67448		41.0619
3.67548		34.0556
3.67648		21.9183
3.67748		13.9413
3.67848		9.47771
3.67948		6.93088
3.68048		5.40314
3.68148		4.44704
3.68248		3.83505
3.68348		3.44668
3.68448		3.21673
3.68548		3.11102
3.68648		3.11526
3.68748		3.23075
3.68848		3.47475
3.68948		3.88575
3.69048		4.53626
3.69148		5.56036
3.69248		7.21298
3.69348		9.99855
3.69448		14.9247
3.69548		23.6727
3.69648		36.0315
3.69748		40.4266
3.69848		29.942
3.69948		18.9338
3.70048		12.3671
3.70148		8.75468
3.70248		6.72822
3.70348		5.5789
3.70448		4.96496
3.70548		4.72882
3.70648		4.81661
3.70748		5.2526
3.70848		6.15059
3.70948		7.77065
3.71048		10.6575
3.71148		15.9094
3.71248		25.2329
3.71348		37.4044
3.71448		39.2459
3.71548		27.6781
3.71648		17.1874
3.71748		11.0314
3.71848		7.55958
3.71948		5.50292
3.72048		4.20854
3.72148		3.34829
3.72248		2.74978
3.72348		2.31729
3.72448		1.99483
3.72548		1.74809
3.72648		1.55515
3.72748		1.40153
3.72848		1.27737
3.72948		1.17576
3.73048		1.09176
3.73148		1.02175
3.73248		0.963055
3.73348		0.913657
3.73448		0.872011
3.73548		0.836932
3.73648		0.807501
3.73748		0.783007
3.73848		0.762898
3.73948		0.746754
3.74048		0.734261
3.74148		0.725198
3.74248		0.719422
3.74348		0.716866
3.74448		0.717535
3.74548		0.721504
3.74648		0.728927
3.74748		0.740044
3.74848		0.755194
3.74948		0.774833
3.75048		0.799568
3.75148		0.830189
3.75248		0.867729
3.75348		0.913536
3.75448		0.96939
3.75548		1.03766
3.75648		1.12152
3.75748		1.22536
3.75848		1.35525
3.75948		1.51987
3.76048		1.73189
3.76148		2.01036
3.76248		2.38486
3.76348		2.90316
3.76448		3.64586
3.76548		4.75603
3.76648		6.50183
3.76748		9.41174
3.76848		14.5364
3.76948		23.5767
3.77048		35.9233
3.77148		39.2639
3.77248		28.2714
3.77348		17.4693
3.77448		11.0594
3.77548		7.46792
3.77648		5.36459
3.77748		4.05841
3.77848		3.20301
3.77948		2.61746
3.78048		2.2019
3.78148		1.89828
3.78248		1.67125
3.78348		1.49838
3.78448		1.36495
3.78548		1.26103
3.78648		1.1797
3.78748		1.11609
3.78848		1.06668
3.78948		1.02892
3.79048		1.00092
3.79148		0.981294
3.79248		0.969042
3.79348		0.963438
3.79448		0.963991
3.79548		0.970404
3.79648		0.982545
3.79748		1.00044
3.79848		1.02425
3.79948		1.05432
3.80048		1.09113
3.80148		1.13536
3.80248		1.18793
3.80348		1.25002
3.80448		1.32317
3.80548		1.40936
3.80648		1.51119
3.80748		1.63203
3.80848		1.77639
3.80948		1.95033
3.81048		2.16216
3.81148		2.42351
3.81248		2.75108
3.81348		3.16951
3.81448		3.7164
3.81548		4.45138
3.81648		5.47334
3.81748		6.95498
3.81848		9.21527
3.81948		12.8741
3.82048		19.1421
3.82148		29.8797
3.82248		43.9228
3.82348		48.3905
3.82448		42.037
3.82548		40.9868
3.82648		47.4317
3.82748		47.1246
3.82848		34.1552
3.82948		22.4364
3.83048		15.5717
3.83148		11.8108
3.83248		9.7754
3.83348		8.77246
3.83448		8.49202
3.83548		8.83892
3.83648		9.87843
3.83748		11.8625
3.83848		15.3533
3.83948		21.5208
3.84048		32.6866
3.84148		52.0996
3.84248		75.3551
3.84348		76.2813
3.84448		53.3026
3.84548		33.1463
3.84648		21.3451
3.84748		14.6956
3.84848		10.7702
3.84948		8.31965
3.85048		6.71544
3.85148		5.62754
3.85248		4.87361
3.85348		4.34846
3.85448		3.98971
3.85548		3.76047
3.85648		3.64044
3.85748		3.6216
3.85848		3.70691
3.85948		3.91156
3.86048		4.26752
3.86148		4.83342
3.86248		5.71507
3.86348		7.10862
3.86448		9.39369
3.86548		13.3295
3.86648		20.3485
3.86748		31.8454
3.86848		42.0395
3.86948		36.9737
3.87048		25.16
3.87148		17.4183
3.87248		13.7333
3.87348		12.7104
3.87448		13.8949
3.87548		17.8212
3.87648		25.9291
3.87748		37.788
3.87848		41.5733
3.87948		30.6776
3.88048		19.4815
3.88148		12.7509
3.88248		8.96134
3.88348		6.73924
3.88448		5.36575
3.88548		4.48087
3.88648		3.89768
3.88748		3.5148
3.88848		3.27583
3.88948		3.15
3.89048		3.12302
3.89148		3.19316
3.89248		3.37084
3.89348		3.68155
3.89448		4.17343
3.89548		4.93332
3.89648		6.12051
3.89748		8.03916
3.89848		11.2941
3.89948		17.0742
3.90048		27.0867
3.90148		39.197
3.90248		39.3975
3.90348		27.6567
3.90448		18.0418
3.90548		12.7716
3.90648		10.2191
3.90748		9.32753
3.90848		9.73734
3.90948		11.6251
3.91048		15.7914
3.91148		23.7976
3.91248		35.7773
3.91348		41.0394
3.91448		30.9551
3.91548		19.45
3.91648		12.3959
3.91748		8.41477
3.91848		6.072
3.91948		4.60572
3.92048		3.63409
3.92148		2.95832
3.92248		2.46911
3.92348		2.10297
3.92448		1.82123
3.92548		1.5993
3.92648		1.42098
3.92748		1.27522
3.92848		1.15432
3.92948		1.05273
3.93048		0.966394
3.93148		0.89229
3.93248		0.828115
3.93348		0.772097
3.93448		0.722847
3.93548		0.679271
3.93648		0.640488
3.93748		0.605789
3.93848		0.574593
3.93948		0.546423
3.94048		0.520882
3.94148		0.49764
3.94248		0.476416
3.94348		0.456975
3.94448		0.439115
3.94548		0.422663
3.94648		0.407471
3.94748		0.39341
3.94848		0.380368
3.94948		0.368247
3.95048		0.356963
3.95148		0.346439
3.95248		0.336609
3.95348		0.327415
3.95448		0.318805
3.95548		0.310731
3.95648		0.303152
3.95748		0.296032
3.95848		0.289336
3.95948		0.283035
3.96048		0.277102
3.96148		0.271512
3.96248		0.266244
3.96348		0.261277
3.96448		0.256593
3.96548		0.252176
3.96648		0.248012
3.96748		0.244086
3.96848		0.240386
3.96948		0.236902
3.97048		0.233622
3.97148		0.230539
3.97248		0.227643
3.97348		0.224927
3.97448		0.222385
3.97548		0.22001
3.97648		0.217797
3.97748		0.215741
3.97848		0.213838
3.97948		0.212084
3.98048		0.210477
3.98148		0.209013
3.98248		0.207691
3.98348		0.206508
3.98448		0.205464
3.98548		0.204559
3.98648		0.203791
3.98748		0.203161
3.98848		0.202671
3.98948		0.202321
3.99048		0.202113
3.99148		0.20205
3.99248		0.202135
3.99348		0.202371
3.99448		0.202764
3.99548		0.203317
3.99648		0.204037
3.99748		0.20493
3.99848		0.206005
3.99948		0.20727
4.00048		0.208734
4.00148		0.21041
4.00248		0.212309
4.00348		0.214445
4.00448		0.216834
4.00548		0.219495
4.00648		0.222447
4.00748		0.225713
4.00848		0.229318
4.00948		0.233292
4.01048		0.237668
4.01148		0.242482
4.01248		0.247777
4.01348		0.253602
4.01448		0.260013
4.01548		0.267072
4.01648		0.274854
4.01748		0.283444
4.01848		0.29294
4.01948		0.303459
4.02048		0.315135
4.02148		0.328129
4.02248		0.342628
4.02348		0.358859
4.02448		0.377091
4.02548		0.397651
4.02648		0.420935
4.02748		0.447429
4.02848		0.477733
4.02948		0.512597
4.03048		0.552966
4.03148		0.600041
4.03248		0.655375
4.03348		0.720995
4.03448		0.799591
4.03548		0.89479
4.03648		1.01157
4.03748		1.15693
4.03848		1.3409
4.03948		1.57827
4.04048		1.89153
4.04148		2.31615
4.04248		2.91025
4.04348		3.77385
4.04448		5.0881
4.04548		7.19981
4.04648		10.8008
4.04748		17.2229
4.04848		28.0376
4.04948		39.0229
4.05048		35.6576
4.05148		23.3142
4.05248		14.2857
4.05348		9.1695
4.05448		6.26531
4.05548		4.52364
4.05648		3.41665
4.05748		2.67649
4.05848		2.16025
4.05948		1.7874
4.06048		1.51023
4.06148		1.29916
4.06248		1.13517
4.06348		1.00559
4.06448		0.901734
4.06548		0.817522
4.06648		0.748577
4.06748		0.691698
4.06848		0.644504
4.06948		0.6052
4.07048		0.572413
4.07148		0.545085
4.07248		0.522393
4.07348		0.503697
4.07448		0.488492
4.07548		0.47639
4.07648		0.467089
4.07748		0.460361
4.07848		0.456044
4.07948		0.454027
4.08048		0.454252
4.08148		0.456707
4.08248		0.461428
4.08348		0.468497
4.08448		0.478051
4.08548		0.490283
4.08648		0.505452
4.08748		0.523902
4.08848		0.54607
4.08948		0.57252
4.09048		0.603968
4.09148		0.641336
4.09248		0.68581
4.09348		0.738934
4.09448		0.802738
4.09548		0.879927
4.09648		0.97416
4.09748		1.09048
4.09848		1.23596
4.09948		1.42081
4.10048		1.66006
4.10148		1.97665
4.10248		2.40676
4.10348		3.00988
4.10448		3.88853
4.10548		5.22892
4.10648		7.3883
4.10748		11.08
4.10848		17.6688
4.10948		28.6712
4.11048		39.3328
4.11148		35.2378
4.11248		22.89
4.11348		14.0673
4.11448		9.08274
4.11548		6.24878
4.11648		4.54581
4.11748		3.46194
4.11848		2.7369
4.11948		2.23155
4.12048		1.86729
4.12148		1.59746
4.12248		1.39312
4.12348		1.23564
4.12448		1.1126
4.12548		1.01552
4.12648		0.938461
4.12748		0.877183
4.12848		0.828609
4.12948		0.790486
4.13048		0.761153
4.13148		0.739386
4.13248		0.724298
4.13348		0.715264
4.13448		0.711875
4.13548		0.713908
4.13648		0.721308
4.13748		0.734181
4.13848		0.752805
4.13948		0.777638
4.14048		0.809356
4.14148		0.848893
4.14248		0.897512
4.14348		0.956904
4.14448		1.02934
4.14548		1.11787
4.14648		1.22668
4.14748		1.36156
4.14848		1.53068
4.14948		1.74591
4.15048		2.02488
4.15148		2.39467
4.15248		2.89851
4.15348		3.60835
4.15448		4.65012
4.15548		6.25655
4.15648		8.88118
4.15748		13.4303
4.15848		21.5091
4.15948		33.7271
4.16048		40.6614
4.16148		31.8223
4.16248		20.288
4.16348		13.1741
4.16448		9.33031
4.16548		7.28492
4.16648		6.26755
4.16748		5.9356
4.16848		6.18579
4.16948		7.09594
4.17048		8.96874
4.17148		12.5003
4.17248		19.0631
4.17348		30.0914
4.17448		40.2669
4.17548		35.3591
4.17648		22.9457
4.17748		14.2551
4.17848		9.33665
4.17948		6.51717
4.18048		4.80461
4.18148		3.70116
4.18248		2.95291
4.18348		2.42348
4.18448		2.03548
4.18548		1.74271
4.18648		1.51635
4.18748		1.33771
4.18848		1.19426
4.18948		1.07735
4.19048		0.980862
4.19148		0.90036
4.19248		0.832571
4.19348		0.775038
4.19448		0.725883
4.19548		0.683654
4.19648		0.647213
4.19748		0.615659
4.19848		0.588271
4.19948		0.564467
4.20048		0.543774
4.20148		0.525804
4.20248		0.51024
4.20348		0.496817
4.20448		0.48532
4.20548		0.475565
4.20648		0.467404
4.20748		0.460713
4.20848		0.45539
4.20948		0.451352
4.21048		0.448534
4.21148		0.446883
4.21248		0.446363
4.21348		0.446945
4.21448		0.448617
4.21548		0.451373
4.21648		0.455221
4.21748		0.460176
4.21848		0.466267
4.21948		0.473532
4.22048		0.48202
4.22148		0.491794
4.22248		0.502928
4.22348		0.515515
4.22448		0.529661
4.22548		0.545492
4.22648		0.563157
4.22748		0.582829
4.22848		0.604711
4.22948		0.629041
4.23048		0.656096
4.23148		0.686206
4.23248		0.719758
4.23348		0.75721
4.23448		0.799112
4.23548		0.846121
4.23648		0.899029
4.23748		0.958803
4.23848		1.02663
4.23948		1.10396
4.24048		1.19265
4.24148		1.29499
4.24248		1.41396
4.24348		1.55341
4.24448		1.71841
4.24548		1.91579
4.24648		2.15489
4.24748		2.4488
4.24848		2.81638
4.24948		3.28563
4.25048		3.89956
4.25148		4.72712
4.25248		5.8842
4.25348		7.57632
4.25448		10.1894
4.25548		14.4812
4.25648		21.8899
4.25748		34.0872
4.25848		46.702
4.25948		45.7926
4.26048		38.6117
4.26148		38.7515
4.26248		46.6382
4.26348		49.5542
4.26448		38.7472
4.26548		28.0619
4.26648		23.0491
4.26748		22.8506
4.26848		27.3659
4.26948		37.8079
4.27048		51.8346
4.27148		56.1963
4.27248		53.6607
4.27348		55.3027
4.27448		48.5818
4.27548		33.0436
4.27648		21.2308
4.27748		14.2931
4.27848		10.2138
4.27948		7.67538
4.28048		6.00006
4.28148		4.83719
4.28248		3.9959
4.28348		3.36632
4.28448		2.88186
4.28548		2.50034
4.28648		2.19395
4.28748		1.94377
4.28848		1.73656
4.28948		1.56279
4.29048		1.41547
4.29148		1.28936
4.29248		1.1805
4.29348		1.0858
4.29448		1.00285
4.29548		0.929751
4.29648		0.864959
4.29748		0.807237
4.29848		0.755571
4.29948		0.709125
4.30048		0.667204
4.30148		0.629228
4.30248		0.594707
4.30348		0.563227
4.30448		0.534433
4.30548		0.508024
4.30648		0.483738
4.30748		0.46135
4.30848		0.440664
4.30948		0.421509
4.31048		0.403736
4.31148		0.387212
4.31248		0.371822
4.31348		0.357463
4.31448		0.344044
4.31548		0.331483
4.31648		0.319709
4.31748		0.308655
4.31848		0.298265
4.31948		0.288486
4.32048		0.27927
4.32148		0.270575
4.32248		0.262362
4.32348		0.254597
4.32448		0.247246
4.32548		0.240282
4.32648		0.233678
4.32748		0.227409
4.32848		0.221454
4.32948		0.215792
4.33048		0.210404
4.33148		0.205274
4.33248		0.200385
4.33348		0.195723
4.33448		0.191274
4.33548		0.187026
4.33648		0.182968
4.33748		0.179088
4.33848		0.175378
4.33948		0.171826
4.34048		0.168426
4.34148		0.16517
4.34248		0.162048
4.34348		0.159056
4.34448		0.156186
4.34548		0.153432
4.34648		0.150789
4.34748		0.148251
4.34848		0.145813
4.34948		0.143472
4.35048		0.141221
4.35148		0.139058
4.35248		0.136979
4.35348		0.134979
4.35448		0.133056
4.35548		0.131206
4.35648		0.129427
4.35748		0.127715
4.35848		0.126068
4.35948		0.124483
4.36048		0.122959
4.36148		0.121492
4.36248		0.120081
4.36348		0.118723
4.36448		0.117417
4.36548		0.116162
4.36648		0.114955
4.36748		0.113794
4.36848		0.112679
4.36948		0.111608
4.37048		0.11058
4.37148		0.109593
4.37248		0.108647
4.37348		0.107739
4.37448		0.10687
4.37548		0.106038
4.37648		0.105242
4.37748		0.104481
4.37848		0.103755
4.37948		0.103063
4.38048		0.102404
4.38148		0.101778
4.38248		0.101183
4.38348		0.10062
4.38448		0.100088
4.38548		0.0995859
4.38648		0.0991139
4.38748		0.0986715
4.38848		0.0982583
4.38948		0.097874
4.39048		0.0975184
4.39148		0.0971912
4.39248		0.0968923
4.39348		0.0966214
4.39448		0.0963785
4.39548		0.0961635
4.39648		0.0959764
4.39748		0.0958171
4.39848		0.0956858
4.39948		0.0955825
4.40048		0.0955072
4.40148		0.0954602
4.40248		0.0954418
4.40348		0.095452
4.40448		0.0954912
4.40548		0.0955598
4.40648		0.0956582
4.40748		0.0957867
4.40848		0.0959458
4.40948		0.0961362
4.41048		0.0963583
4.41148		0.0966129
4.41248		0.0969006
4.41348		0.0972222
4.41448		0.0975786
4.41548		0.0979707
4.41648		0.0983995
4.41748		0.098866
4.41848		0.0993715
4.41948		0.0999172
4.42048		0.100504
4.42148		0.101135
4.42248		0.101809
4.42348		0.102531
4.42448		0.1033
4.42548		0.104119
4.42648		0.104991
4.42748		0.105917
4.42848		0.1069
4.42948		0.107943
4.43048		0.109048
4.43148		0.110219
4.43248		0.11146
4.43348		0.112772
4.43448		0.114162
4.43548		0.115632
4.43648		0.117188
4.43748		0.118835
4.43848		0.120578
4.43948		0.122423
4.44048		0.124376
4.44148		0.126445
4.44248		0.128638
4.44348		0.130963
4.44448		0.133429
4.44548		0.136046
4.44648		0.138827
4.44748		0.141782
4.44848		0.144927
4.44948		0.148276
4.45048		0.151846
4.45148		0.155656
4.45248		0.159727
4.45348		0.164082
4.45448		0.168747
4.45548		0.173752
4.45648		0.179129
4.45748		0.184917
4.45848		0.191156
4.45948		0.197896
4.46048		0.205191
4.46148		0.213103
4.46248		0.221705
4.46348		0.23108
4.46448		0.241324
4.46548		0.25255
4.46648		0.264887
4.46748		0.27849
4.46848		0.293542
4.46948		0.310258
4.47048		0.328897
4.47148		0.349771
4.47248		0.373258
4.47348		0.399819
4.47448		0.430026
4.47548		0.464585
4.47648		0.504387
4.47748		0.550563
4.47848		0.604565
4.47948		0.668286
4.48048		0.744225
4.48148		0.835735
4.48248		0.947403
4.48348		1.08562
4.48448		1.25951
4.48548		1.48243
4.48648		1.7745
4.48748		2.16716
4.48848		2.71138
4.48948		3.49371
4.49048		4.66883
4.49148		6.52869
4.49248		9.65146
4.49348		15.1784
4.49448		24.8229
4.49548		36.9916
4.49648		38.1088
4.49748		26.3793
4.49848		16.1526
4.49948		10.2065
4.50048		6.86373
4.50148		4.89042
4.50248		3.65499
4.50348		2.8398
4.50448		2.27778
4.50548		1.87608
4.50648		1.58035
4.50748		1.35729
4.50848		1.1857
4.50948		1.05158
4.51048		0.945405
4.51148		0.860566
4.51248		0.792347
4.51348		0.737335
4.51448		0.693018
4.51548		0.657535
4.51648		0.629493
4.51748		0.607852
4.51848		0.591844
4.51948		0.580914
4.52048		0.574681
4.52148		0.572916
4.52248		0.575525
4.52348		0.582542
4.52448		0.594132
4.52548		0.610601
4.52648		0.632418
4.52748		0.660241
4.52848		0.694968
4.52948		0.737805
4.53048		0.79036
4.53148		0.854787
4.53248		0.934002
4.53348		1.03199
4.53448		1.15429
4.53548		1.30878
4.53648		1.50687
4.53748		1.76558
4.53848		2.11116
4.53948		2.58548
4.54048		3.25839
4.54148		4.25212
4.54248		5.79247
4.54348		8.31927
4.54448		12.7126
4.54548		20.551
4.54648		32.602
4.54748		40.0062
4.54848		31.5267
4.54948		19.7198
4.55048		12.2547
4.55148		8.07922
4.55248		5.67041
4.55348		4.198
4.55448		3.24723
4.55548		2.60432
4.55648		2.15308
4.55748		1.82686
4.55848		1.58561
4.55948		1.40424
4.56048		1.26649
4.56148		1.16153
4.56248		1.08199
4.56348		1.02281
4.56448		0.980503
4.56548		0.952724
4.56648		0.937981
4.56748		0.935479
4.56848		0.945031
4.56948		0.967046
4.57048		1.00256
4.57148		1.05336
4.57248		1.12217
4.57348		1.21298
4.57448		1.33161
4.57548		1.4865
4.57648		1.69018
4.57748		1.9616
4.57848		2.33036
4.57948		2.84437
4.58048		3.58464
4.58148		4.6951
4.58248		6.44585
4.58348		9.36945
4.58448		14.5242
4.58548		23.6137
4.58648		35.9513
4.58748		39.0992
4.58848		28.0274
4.58948		17.2718
4.59048		10.9016
4.59148		7.33085
4.59248		5.23768
4.59348		3.93645
4.59448		3.08343
4.59548		2.49893
4.59648		2.08373
4.59748		1.78012
4.59848		1.55294
4.59948		1.37987
4.60048		1.24628
4.60148		1.14227
4.60248		1.061
4.60348		0.997631
4.60448		0.948682
4.60548		0.911643
4.60648		0.884684
4.60748		0.866482
4.60848		0.8561
4.60948		0.852904
4.61048		0.856512
4.61148		0.866757
4.61248		0.883674
4.61348		0.907491
4.61448		0.938643
4.61548		0.977788
4.61648		1.02585
4.61748		1.08408
4.61848		1.15411
4.61948		1.23814
4.62048		1.33904
4.62148		1.46065
4.62248		1.6082
4.62348		1.78883
4.62448		2.01259
4.62548		2.29393
4.62648		2.65428
4.62748		3.12641
4.62848		3.76259
4.62948		4.64998
4.63048		5.94181
4.63148		7.92314
4.63248		11.1522
4.63348		16.73
4.63448		26.3895
4.63548		39.1943
4.63648		42.3395
4.63748		31.9373
4.63848		22.6624
4.63948		18.3761
4.64048		17.9097
4.64148		20.8597
4.64248		28.2786
4.64348		42.2625
4.64448		60.3105
4.64548		68.8597
4.64648		64.8173
