-0.538622		39.8322
-0.537622		31.875
-0.536622		19.9389
-0.535622		12.2878
-0.534622		8.0034
-0.533622		5.53435
-0.532622		4.02573
-0.531622		3.05041
-0.530622		2.38865
-0.529622		1.92122
-0.528622		1.57983
-0.527622		1.32344
-0.526622		1.12631
-0.525622		0.971661
-0.524622		0.848246
-0.523622		0.748278
-0.522622		0.666247
-0.521622		0.598166
-0.520622		0.541096
-0.519622		0.492834
-0.518622		0.451699
-0.517622		0.416396
-0.516622		0.385912
-0.515622		0.359447
-0.514622		0.336361
-0.513622		0.316139
-0.512622		0.298363
-0.511622		0.28269
-0.510622		0.268837
-0.509622		0.25657
-0.508622		0.245693
-0.507622		0.236042
-0.506622		0.227478
-0.505622		0.219886
-0.504622		0.213165
-0.503622		0.207231
-0.502622		0.202014
-0.501622		0.197452
-0.500622		0.193493
-0.499622		0.190094
-0.498622		0.187218
-0.497622		0.184834
-0.496622		0.182916
-0.495622		0.181445
-0.494622		0.180405
-0.493622		0.179783
-0.492622		0.179573
-0.491622		0.179769
-0.490622		0.180372
-0.489622		0.181385
-0.488622		0.182816
-0.487622		0.184675
-0.486622		0.186978
-0.485622		0.189743
-0.484622		0.192997
-0.483622		0.196768
-0.482622		0.201092
-0.481622		0.206012
-0.480622		0.211578
-0.479622		0.217849
-0.478622		0.224894
-0.477622		0.232796
-0.476622		0.241649
-0.475622		0.251569
-0.474622		0.262687
-0.473622		0.275164
-0.472622		0.289188
-0.471622		0.304985
-0.470622		0.322828
-0.469622		0.343048
-0.468622		0.366045
-0.467622		0.392315
-0.466622		0.422469
-0.465622		0.457273
-0.464622		0.497693
-0.463622		0.544962
-0.462622		0.600673
-0.461622		0.666912
-0.460622		0.746453
-0.459622		0.843042
-0.458622		0.961838
-0.457622		1.1101
-0.456622		1.29826
-0.455622		1.54177
-0.454622		1.86422
-0.453622		2.30291
-0.452622		2.91931
-0.451622		3.81974
-0.450622		5.19794
-0.449622		7.42686
-0.448622		11.252
-0.447622		18.085
-0.446622		29.3432
-0.445622		39.4689
-0.444622		34.3525
-0.443622		22.0361
-0.442622		13.5023
-0.441622		8.69533
-0.440622		5.95264
-0.439622		4.2965
-0.438622		3.23701
-0.437622		2.52443
-0.436622		2.02473
-0.435622		1.66195
-0.434622		1.39084
-0.433622		1.18323
-0.432622		1.02092
-0.431622		0.89176
-0.430622		0.787381
-0.429622		0.701896
-0.428622		0.631059
-0.427622		0.571752
-0.426622		0.521643
-0.425622		0.478961
-0.424622		0.442342
-0.423622		0.410722
-0.422622		0.383264
-0.421622		0.359297
-0.420622		0.338284
-0.419622		0.319788
-0.418622		0.303451
-0.417622		0.288978
-0.416622		0.276126
-0.415622		0.264689
-0.414622		0.254496
-0.413622		0.245403
-0.412622		0.237286
-0.411622		0.230043
-0.410622		0.223583
-0.409622		0.21783
-0.408622		0.212719
-0.407622		0.208193
-0.406622		0.204204
-0.405622		0.20071
-0.404622		0.197675
-0.403622		0.195069
-0.402622		0.192865
-0.401622		0.191041
-0.400622		0.189578
-0.399622		0.188461
-0.398622		0.187677
-0.397622		0.187216
-0.396622		0.187071
-0.395622		0.187237
-0.394622		0.187711
-0.393622		0.188494
-0.392622		0.189586
-0.391622		0.190993
-0.390622		0.192721
-0.389622		0.194778
-0.388622		0.197177
-0.387622		0.199932
-0.386622		0.20306
-0.385622		0.206581
-0.384622		0.210521
-0.383622		0.214907
-0.382622		0.219772
-0.381622		0.225154
-0.380622		0.231098
-0.379622		0.237654
-0.378622		0.244882
-0.377622		0.25285
-0.376622		0.261637
-0.375622		0.271337
-0.374622		0.282058
-0.373622		0.293925
-0.372622		0.30709
-0.371622		0.321728
-0.370622		0.33805
-0.369622		0.356307
-0.368622		0.376803
-0.367622		0.399903
-0.366622		0.426057
-0.365622		0.455816
-0.364622		0.489864
-0.363622		0.529062
-0.362622		0.574498
-0.361622		0.62757
-0.360622		0.690089
-0.359622		0.764447
-0.358622		0.853841
-0.357622		0.962628
-0.356622		1.09686
-0.355622		1.26514
-0.354622		1.47999
-0.353622		1.76021
-0.352622		2.13496
-0.351622		2.65121
-0.350622		3.38808
-0.349622		4.48575
-0.348622		6.20643
-0.347622		9.0661
-0.346622		14.092
-0.345622		22.9754
-0.344622		35.3327
-0.343622		39.2507
-0.342622		28.5112
-0.341622		17.5654
-0.340622		11.0292
-0.339622		7.37088
-0.338622		5.23433
-0.337622		3.91186
-0.336622		3.04904
-0.335622		2.46111
-0.334622		2.04635
-0.333622		1.74581
-0.332622		1.52372
-0.331622		1.3575
-0.330622		1.23249
-0.329622		1.13892
-0.328622		1.07019
-0.327622		1.02184
-0.326622		0.99092
-0.325622		0.975635
-0.324622		0.975084
-0.323622		0.989185
-0.322622		1.01866
-0.321622		1.0651
-0.320622		1.13119
-0.319622		1.22102
-0.318622		1.34066
-0.317622		1.49909
-0.316622		1.70973
-0.315622		1.99311
-0.314622		2.38152
-0.313622		2.92773
-0.312622		3.7218
-0.311622		4.92548
-0.310622		6.84548
-0.309622		10.0908
-0.308622		15.8571
-0.307622		25.8431
-0.306622		37.7823
-0.305622		37.5771
-0.304622		25.5529
-0.303622		15.6664
-0.302622		9.9697
-0.301622		6.75766
-0.300622		4.85134
-0.299622		3.65126
-0.298622		2.85523
-0.297622		2.30362
-0.296622		1.90735
-0.295622		1.61409
-0.294622		1.39166
-0.293622		1.21949
-0.292622		1.08397
-0.291622		0.975834
-0.290622		0.888592
-0.289622		0.817621
-0.288622		0.759552
-0.287622		0.711896
-0.286622		0.67279
-0.285622		0.640825
-0.284622		0.614932
-0.283622		0.594295
-0.282622		0.578302
-0.281622		0.566496
-0.280622		0.558552
-0.279622		0.554256
-0.278622		0.553491
-0.277622		0.556235
-0.276622		0.562556
-0.275622		0.572617
-0.274622		0.586685
-0.273622		0.605147
-0.272622		0.628535
-0.271622		0.657557
-0.270622		0.693149
-0.269622		0.736539
-0.268622		0.789353
-0.267622		0.853748
-0.266622		0.932627
-0.265622		1.02995
-0.264622		1.1512
-0.263622		1.30417
-0.262622		1.50013
-0.261622		1.75586
-0.260622		2.09719
-0.259622		2.56532
-0.258622		3.2288
-0.257622		4.20742
-0.256622		5.722
-0.255622		8.20204
-0.254622		12.507
-0.253622		20.1936
-0.252622		32.1532
-0.251622		40.0108
-0.250622		31.9544
-0.249622		20.0421
-0.248622		12.4269
-0.247622		8.16425
-0.246622		5.70797
-0.245622		4.20781
-0.244622		3.23899
-0.243622		2.5829
-0.242622		2.12088
-0.241622		1.78497
-0.240622		1.53433
-0.239622		1.34333
-0.238622		1.19532
-0.237622		1.07913
-0.236622		0.98705
-0.235622		0.913669
-0.234622		0.855092
-0.233622		0.808484
-0.232622		0.771759
-0.231622		0.743375
-0.230622		0.722194
-0.229622		0.707388
-0.228622		0.698374
-0.227622		0.694772
-0.226622		0.696377
-0.225622		0.703141
-0.224622		0.715175
-0.223622		0.732749
-0.222622		0.75631
-0.221622		0.786514
-0.220622		0.824267
-0.219622		0.870795
-0.218622		0.92774
-0.217622		0.997305
-0.216622		1.08246
-0.215622		1.18727
-0.214622		1.31737
-0.213622		1.48073
-0.212622		1.6889
-0.211622		1.95904
-0.210622		2.31753
-0.209622		2.80645
-0.208622		3.49574
-0.207622		4.50768
-0.206622		6.06782
-0.205622		8.61507
-0.204622		13.0272
-0.203622		20.8806
-0.202622		32.963
-0.201622		40.4876
-0.200622		32.1321
-0.199622		20.3857
-0.198622		12.9923
-0.197622		8.92046
-0.196622		6.65116
-0.195622		5.3622
-0.194622		4.65359
-0.193622		4.33582
-0.192622		4.33201
-0.191622		4.64121
-0.190622		5.33798
-0.189622		6.6079
-0.188622		8.84318
-0.187622		12.8507
-0.186622		20.1309
-0.185622		31.793
-0.184622		40.4664
-0.183622		33.3071
-0.182622		21.1612
-0.181622		13.1907
-0.180622		8.71064
-0.179622		6.12816
-0.178622		4.54932
-0.177622		3.52704
-0.176622		2.83184
-0.175622		2.33955
-0.174622		1.97918
-0.173622		1.70815
-0.172622		1.49976
-0.171622		1.33666
-0.170622		1.20721
-0.169622		1.10338
-0.168622		1.01952
-0.167622		0.951546
-0.166622		0.896509
-0.165622		0.852228
-0.164622		0.817102
-0.163622		0.78996
-0.162622		0.769966
-0.161622		0.75656
-0.160622		0.74941
-0.159622		0.748396
-0.158622		0.753604
-0.157622		0.765326
-0.156622		0.784093
-0.155622		0.810711
-0.154622		0.846327
-0.153622		0.892534
-0.152622		0.951512
-0.151622		1.02626
-0.150622		1.12092
-0.149622		1.24131
-0.148622		1.39574
-0.147622		1.59636
-0.146622		1.86141
-0.145622		2.21915
-0.144622		2.71508
-0.143622		3.42568
-0.142622		4.48597
-0.141622		6.14783
-0.140622		8.90563
-0.139622		13.7457
-0.138622		22.3363
-0.137622		34.6604
-0.136622		39.565
-0.135622		29.3187
-0.134622		18.1103
-0.133622		11.3266
-0.132622		7.52781
-0.131622		5.31178
-0.130622		3.93987
-0.129622		3.04246
-0.128622		2.42738
-0.127622		1.98914
-0.126622		1.66665
-0.125622		1.42284
-0.124622		1.23427
-0.123622		1.08557
-0.122622		0.966326
-0.121622		0.869329
-0.120622		0.789435
-0.119622		0.722908
-0.118622		0.666983
-0.117622		0.619578
-0.116622		0.579104
-0.115622		0.54433
-0.114622		0.514292
-0.113622		0.488224
-0.112622		0.465517
-0.111622		0.445677
-0.110622		0.428302
-0.109622		0.413063
-0.108622		0.39969
-0.107622		0.387956
-0.106622		0.377675
-0.105622		0.36869
-0.104622		0.360869
-0.103622		0.354101
-0.102622		0.348292
-0.101622		0.343365
-0.100622		0.339253
-0.0996224		0.335901
-0.0986224		0.333265
-0.0976224		0.331305
-0.0966224		0.329993
-0.0956224		0.329305
-0.0946224		0.329223
-0.0936224		0.329736
-0.0926224		0.330838
-0.0916224		0.332528
-0.0906224		0.334809
-0.0896224		0.337691
-0.0886224		0.341187
-0.0876224		0.345319
-0.0866224		0.35011
-0.0856224		0.355593
-0.0846224		0.361807
-0.0836224		0.368797
-0.0826224		0.376618
-0.0816224		0.385335
-0.0806224		0.395024
-0.0796224		0.405772
-0.0786224		0.417684
-0.0776224		0.43088
-0.0766224		0.445503
-0.0756224		0.461722
-0.0746224		0.479734
-0.0736224		0.499775
-0.0726224		0.522126
-0.0716224		0.547126
-0.0706224		0.575183
-0.0696224		0.606794
-0.0686224		0.642569
-0.0676224		0.683265
-0.0666224		0.729829
-0.0656224		0.783457
-0.0646224		0.84568
-0.0636224		0.918486
-0.0626224		1.00449
-0.0616224		1.10719
-0.0606224		1.23135
-0.0596224		1.38361
-0.0586224		1.57342
-0.0576224		1.81457
-0.0566224		2.12787
-0.0556224		2.54578
-0.0546224		3.12098
-0.0536224		3.94304
-0.0526224		5.17229
-0.0516224		7.11208
-0.0506224		10.3639
-0.0496224		16.1098
-0.0486224		26.055
-0.0476224		38.1158
-0.0466224		38.3142
-0.0456224		26.426
-0.0446224		16.5305
-0.0436224		10.8634
-0.0426224		7.72836
-0.0416224		5.93713
-0.0406224		4.8887
-0.0396224		4.28627
-0.0386224		3.98179
-0.0376224		3.90521
-0.0366224		4.03448
-0.0356224		4.38639
-0.0346224		5.0226
-0.0336224		6.07461
-0.0326224		7.80354
-0.0316224		10.7332
-0.0306224		15.9107
-0.0296224		25.0424
-0.0286224		37.603
-0.0276224		41.422
-0.0266224		30.9449
-0.0256224		20.7499
-0.0246224		15.2865
-0.0236224		13.2263
-0.0226224		13.6879
-0.0216224		16.8896
-0.0206224		24.0944
-0.0196224		35.659
-0.0186224		41.8346
-0.0176224		32.378
-0.0166224		20.506
-0.0156224		13.0812
-0.0146224		8.88208
-0.0136224		6.41477
-0.0126224		4.87363
-0.0116224		3.85455
-0.0106224		3.14754
-0.00962236		2.6373
-0.00862236		2.25698
-0.00762236		1.96586
-0.00662236		1.73807
-0.00562236		1.55656
-0.00462236		1.40971
-0.00362236		1.2894
-0.00262236		1.18981
-0.00162236		1.10668
-0.000622362		1.03682
0.000377638		0.977831
0.00137764		0.927862
0.00237764		0.885477
0.00337764		0.84955
0.00437764		0.81919
0.00537764		0.793688
0.00637764		0.772482
0.00737764		0.755123
0.00837764		0.741254
0.00937764		0.7306
0.0103776		0.722947
0.0113776		0.718142
0.0123776		0.71608
0.0133776		0.716707
0.0143776		0.72001
0.0153776		0.726023
0.0163776		0.734826
0.0173776		0.746548
0.0183776		0.761373
0.0193776		0.779549
0.0203776		0.801395
0.0213776		0.827319
0.0223776		0.85784
0.0233776		0.893607
0.0243776		0.935447
0.0253776		0.984407
0.0263776		1.04183
0.0273776		1.10944
0.0283776		1.18951
0.0293776		1.28503
0.0303776		1.40007
0.0313776		1.54015
0.0323776		1.71308
0.0333776		1.93003
0.0343776		2.20752
0.0353776		2.57073
0.0363776		3.05952
0.0373776		3.73968
0.0383776		4.72529
0.0393776		6.22505
0.0403776		8.64227
0.0413776		12.7831
0.0423776		20.141
0.0433776		31.8978
0.0443776		41.0227
0.0453776		34.3902
0.0463776		22.4037
0.0473776		14.5709
0.0483776		10.3212
0.0493776		8.07084
0.0503776		6.9467
0.0513776		6.55161
0.0523776		6.75012
0.0533776		7.59167
0.0543776		9.33812
0.0553776		12.6102
0.0563776		18.6678
0.0573776		29.1264
0.0583776		40.4644
0.0593776		38.1492
0.0603776		25.8901
0.0613776		16.6384
0.0623776		11.4366
0.0633776		8.57755
0.0643776		6.97692
0.0653776		6.09579
0.0663776		5.67354
0.0673776		5.58969
0.0683776		5.80414
0.0693776		6.33679
0.0703776		7.27252
0.0713776		8.79364
0.0723776		11.2603
0.0733776		15.3879
0.0743776		22.5774
0.0753776		34.9349
0.0763776		51.0276
0.0773776		58.2781
0.0783776		58.0704
0.0793776		56.9359
0.0803776		44.1689
0.0813776		29.0127
0.0823776		19.3894
0.0833776		14.0099
0.0843776		11.0058
0.0853776		9.36257
0.0863776		8.60347
0.0873776		8.545
0.0883776		9.20451
0.0893776		10.8168
0.0903776		13.9692
0.0913776		19.8772
0.0923776		30.2298
0.0933776		42.3357
0.0943776		41.9454
0.0953776		30.8735
0.0963776		23.0418
0.0973776		20.7016
0.0983776		23.3536
0.0993776		31.5384
0.100378		42.1289
0.101378		40.582
0.102378		27.8811
0.103378		17.6946
0.104378		11.7643
0.105378		8.34738
0.106378		6.26502
0.107378		4.9158
0.108378		3.99371
0.109378		3.33516
0.110378		2.84761
0.111378		2.47591
0.112378		2.1856
0.113378		1.9543
0.114378		1.76697
0.115378		1.61315
0.116378		1.48545
0.117378		1.37848
0.118378		1.28825
0.119378		1.21177
0.120378		1.14675
0.121378		1.09143
0.122378		1.04446
0.123378		1.00478
0.124378		0.971584
0.125378		0.94425
0.126378		0.922322
0.127378		0.905482
0.128378		0.89354
0.129378		0.886422
0.130378		0.884175
0.131378		0.886968
0.132378		0.895111
0.133378		0.909073
0.134378		0.929518
0.135378		0.957355
0.136378		0.993807
0.137378		1.04052
0.138378		1.09969
0.139378		1.17433
0.140378		1.26853
0.141378		1.38806
0.142378		1.54107
0.143378		1.73948
0.144378		2.00111
0.145378		2.35354
0.146378		2.84102
0.147378		3.53771
0.148378		4.5742
0.149378		6.19324
0.150378		8.87013
0.151378		13.5545
0.152378		21.8882
0.153378		34.153
0.154378		39.942
0.155378		30.2286
0.156378		18.8031
0.157378		11.7971
0.158378		7.87728
0.159378		5.59987
0.160378		4.19654
0.161378		3.28313
0.162378		2.66053
0.163378		2.21976
0.164378		1.89796
0.165378		1.65706
0.166378		1.47309
0.167378		1.33037
0.168378		1.21835
0.169378		1.12972
0.170378		1.05935
0.171378		1.00352
0.172378		0.959533
0.173378		0.925412
0.174378		0.89969
0.175378		0.881294
0.176378		0.86945
0.177378		0.863623
0.178378		0.863474
0.179378		0.86884
0.180378		0.87971
0.181378		0.896231
0.182378		0.918704
0.183378		0.947606
0.184378		0.983611
0.185378		1.02763
0.186378		1.08088
0.187378		1.14493
0.188378		1.22188
0.189378		1.31447
0.190378		1.42636
0.191378		1.56251
0.192378		1.7297
0.193378		1.93747
0.194378		2.19945
0.195378		2.5358
0.196378		2.97718
0.197378		3.57211
0.198378		4.40073
0.199378		5.60233
0.200378		7.43278
0.201378		10.3881
0.202378		15.4511
0.203378		24.3105
0.204378		37.2551
0.205378		43.8343
0.206378		35.5055
0.207378		26.5783
0.208378		23.8679
0.209378		27.5556
0.210378		37.1848
0.211378		43.9875
0.212378		35.3682
0.213378		22.7728
0.214378		14.615
0.215378		9.97757
0.216378		7.25955
0.217378		5.57173
0.218378		4.46639
0.219378		3.71123
0.220378		3.17913
0.221378		2.7969
0.222378		2.52055
0.223378		2.32289
0.224378		2.18697
0.225378		2.10257
0.226378		2.06427
0.227378		2.07059
0.228378		2.12381
0.229378		2.23049
0.230378		2.40287
0.231378		2.66161
0.232378		3.04091
0.233378		3.59833
0.234378		4.43414
0.235378		5.73123
0.236378		7.84095
0.237378		11.4654
0.238378		17.9523
0.239378		28.8469
0.240378		39.6632
0.241378		35.9218
0.242378		23.5672
0.243378		14.6389
0.244378		9.58891
0.245378		6.72301
0.246378		5.00689
0.247378		3.92103
0.248378		3.20177
0.249378		2.70857
0.250378		2.36252
0.251378		2.11725
0.252378		1.9446
0.253378		1.82715
0.254378		1.75424
0.255378		1.71981
0.256378		1.72123
0.257378		1.7589
0.258378		1.83625
0.259378		1.96043
0.260378		2.14361
0.261378		2.40562
0.262378		2.77862
0.263378		3.316
0.264378		4.10972
0.265378		5.32589
0.266378		7.28079
0.267378		10.6037
0.268378		16.5249
0.269378		26.7239
0.270378		38.4676
0.271378		37.4244
0.272378		25.264
0.273378		15.5979
0.274378		10.0571
0.275378		6.92884
0.276378		5.06848
0.277378		3.89615
0.278378		3.11905
0.279378		2.58219
0.280378		2.1989
0.281378		1.91823
0.282378		1.70886
0.283378		1.55083
0.284378		1.43104
0.285378		1.34068
0.286378		1.27375
0.287378		1.22618
0.288378		1.19522
0.289378		1.17917
0.290378		1.17714
0.291378		1.18894
0.292378		1.2151
0.293378		1.25689
0.294378		1.31646
0.295378		1.39712
0.296378		1.50373
0.297378		1.64342
0.298378		1.82664
0.299378		2.06911
0.300378		2.39498
0.301378		2.84267
0.302378		3.4758
0.303378		4.40471
0.304378		5.83133
0.305378		8.14547
0.306378		12.1269
0.307378		19.2347
0.308378		30.7581
0.309378		40.2872
0.310378		34.2159
0.311378		22.0177
0.312378		13.8198
0.313378		9.24217
0.314378		6.65557
0.315378		5.12628
0.316378		4.18946
0.317378		3.61069
0.318378		3.26811
0.319378		3.09865
0.320378		3.07371
0.321378		3.18915
0.322378		3.46394
0.323378		3.94655
0.324378		4.73298
0.325378		6.0069
0.326378		8.1281
0.327378		11.8206
0.328378		18.4671
0.329378		29.5429
0.330378		39.9509
0.331378		35.3838
0.332378		23.0216
0.333378		14.3062
0.334378		9.38504
0.335378		6.58036
0.336378		4.89051
0.337378		3.81303
0.338378		3.09223
0.339378		2.5912
0.340378		2.2326
0.341378		1.97058
0.342378		1.77683
0.343378		1.63328
0.344378		1.5282
0.345378		1.45388
0.346378		1.40533
0.347378		1.37956
0.348378		1.37513
0.349378		1.39195
0.350378		1.43128
0.351378		1.4959
0.352378		1.59052
0.353378		1.7225
0.354378		1.90311
0.355378		2.14964
0.356378		2.48923
0.357378		2.96574
0.358378		3.65293
0.359378		4.68091
0.360378		6.29171
0.361378		8.95933
0.362378		13.631
0.363378		21.9469
0.364378		34.206
0.365378		40.0497
0.366378		30.3735
0.367378		18.9375
0.368378		11.9213
0.369378		7.99894
0.370378		5.72433
0.371378		4.32735
0.372378		3.42311
0.373378		2.81232
0.374378		2.38613
0.375378		2.08198
0.376378		1.86229
0.377378		1.70374
0.378378		1.5915
0.379378		1.51615
0.380378		1.47187
0.381378		1.45548
0.382378		1.46588
0.383378		1.50396
0.384378		1.57267
0.385378		1.67751
0.386378		1.82749
0.387378		2.03678
0.388378		2.32766
0.389378		2.73595
0.390378		3.32109
0.391378		4.186
0.392378		5.51821
0.393378		7.67813
0.394378		11.3859
0.395378		18.0165
0.396378		29.0665
0.397378		39.6063
0.398378		35.2722
0.399378		22.9195
0.400378		14.1545
0.401378		9.20389
0.402378		6.38512
0.403378		4.68792
0.404378		3.60533
0.405378		2.87945
0.406378		2.37226
0.407378		2.00574
0.408378		1.73354
0.409378		1.52691
0.410378		1.36731
0.411378		1.2424
0.412378		1.14375
0.413378		1.06547
0.414378		1.00336
0.415378		0.954404
0.416378		0.916401
0.417378		0.887765
0.418378		0.867367
0.419378		0.854435
0.420378		0.848494
0.421378		0.849325
0.422378		0.85695
0.423378		0.871635
0.424378		0.89391
0.425378		0.924607
0.426378		0.964935
0.427378		1.01658
0.428378		1.08189
0.429378		1.16406
0.430378		1.26757
0.431378		1.39873
0.432378		1.56659
0.433378		1.78446
0.434378		2.07244
0.435378		2.46197
0.436378		3.00409
0.437378		3.78551
0.438378		4.96121
0.439378		6.82387
0.440378		9.95312
0.441378		15.4929
0.442378		25.1561
0.443378		37.3188
0.444378		38.3757
0.445378		26.6343
0.446378		16.4296
0.447378		10.5024
0.448378		7.17398
0.449378		5.21301
0.450378		3.98971
0.451378		3.1874
0.452378		2.63955
0.453378		2.25372
0.454378		1.97597
0.455378		1.7734
0.456378		1.62523
0.457378		1.51798
0.458378		1.44279
0.459378		1.39382
0.460378		1.36733
0.461378		1.36115
0.462378		1.37435
0.463378		1.40712
0.464378		1.4608
0.465378		1.53796
0.466378		1.64279
0.467378		1.78161
0.468378		1.96382
0.469378		2.20347
0.470378		2.52198
0.471378		2.95286
0.472378		3.55058
0.473378		4.40763
0.474378		5.68933
0.475378		7.70803
0.476378		11.0821
0.477378		17.0216
0.478378		27.231
0.479378		39.3534
0.480378		39.2513
0.481378		27.5919
0.482378		18.3121
0.483378		13.4555
0.484378		11.4775
0.485378		11.5162
0.486378		13.5901
0.487378		18.6031
0.488378		28.0915
0.489378		39.597
0.490378		38.9097
0.491378		26.6297
0.492378		16.6209
0.493378		10.8234
0.494378		7.52028
0.495378		5.53405
0.496378		4.2651
0.497378		3.41002
0.498378		2.80771
0.499378		2.36771
0.500378		2.03651
0.501378		1.78096
0.502378		1.57969
0.503378		1.41842
0.504378		1.28734
0.505378		1.17952
0.506378		1.08995
0.507378		1.01495
0.508378		0.951758
0.509378		0.898278
0.510378		0.852894
0.511378		0.81435
0.512378		0.781661
0.513378		0.754054
0.514378		0.730916
0.515378		0.711768
0.516378		0.696235
0.517378		0.684032
0.518378		0.674948
0.519378		0.66884
0.520378		0.665627
0.521378		0.665285
0.522378		0.66785
0.523378		0.673418
0.524378		0.682151
0.525378		0.694286
0.526378		0.710149
0.527378		0.73017
0.528378		0.75491
0.529378		0.785096
0.530378		0.821671
0.531378		0.865854
0.532378		0.919243
0.533378		0.983949
0.534378		1.06279
0.535378		1.15961
0.536378		1.27969
0.537378		1.4305
0.538378		1.62282
0.539378		1.87267
0.540378		2.20451
0.541378		2.65723
0.542378		3.29514
0.543378		4.22989
0.544378		5.66599
0.545378		7.99869
0.546378		12.0189
0.547378		19.2003
0.548378		30.7838
0.549378		40.0761
0.550378		33.6754
0.551378		21.4852
0.552378		13.347
0.553378		8.78373
0.554378		6.17539
0.555378		4.59883
0.556378		3.59245
0.557378		2.92016
0.558378		2.45485
0.559378		2.12433
0.560378		1.88567
0.561378		1.71232
0.562378		1.58741
0.563378		1.50003
0.564378		1.44318
0.565378		1.41252
0.566378		1.40576
0.567378		1.42225
0.568378		1.46293
0.569378		1.53046
0.570378		1.62957
0.571378		1.76789
0.572378		1.95722
0.573378		2.21582
0.574378		2.57255
0.575378		3.07436
0.576378		3.80079
0.577378		4.89313
0.578378		6.61632
0.579378		9.49233
0.580378		14.5599
0.581378		23.515
0.582378		35.864
0.583378		39.4923
0.584378		28.621
0.585378		17.7438
0.586378		11.2691
0.587378		7.64339
0.588378		5.52339
0.589378		4.20976
0.590378		3.3521
0.591378		2.76757
0.592378		2.35543
0.593378		2.05721
0.594378		1.83741
0.595378		1.6736
0.596378		1.5512
0.597378		1.46045
0.598378		1.39476
0.599378		1.34966
0.600378		1.32213
0.601378		1.3103
0.602378		1.31314
0.603378		1.33037
0.604378		1.36245
0.605378		1.41057
0.606378		1.47684
0.607378		1.56444
0.608378		1.67813
0.609378		1.82477
0.610378		2.01448
0.611378		2.26232
0.612378		2.59133
0.613378		3.03791
0.614378		3.66192
0.615378		4.56639
0.616378		5.9383
0.617378		8.13605
0.618378		11.8748
0.619378		18.5215
0.620378		29.5927
0.621378		40.3178
0.622378		36.2893
0.623378		24.0525
0.624378		15.3736
0.625378		10.5646
0.626378		7.95093
0.627378		6.53228
0.628378		5.82572
0.629378		5.61694
0.630378		5.84356
0.631378		6.56231
0.632378		7.97861
0.633378		10.5581
0.634378		15.2685
0.635378		23.766
0.636378		36.028
0.637378		40.9017
0.638378		30.642
0.639378		19.433
0.640378		12.6662
0.641378		8.90203
0.642378		6.7388
0.643378		5.43908
0.644378		4.63556
0.645378		4.13966
0.646378		3.85102
0.647378		3.71583
0.648378		3.70734
0.649378		3.81686
0.650378		4.05056
0.651378		4.43029
0.652378		4.99862
0.653378		5.83019
0.654378		7.05482
0.655378		8.90473
0.656378		11.8146
0.657378		16.6341
0.658378		25.0165
0.659378		39.4024
0.660378		58.0986
0.661378		67.9002
0.662378		65.0576
0.663378		49.3374
0.664378		31.7501
0.665378		20.5481
0.666378		14.1816
0.667378		10.4638
0.668378		8.1835
0.669378		6.72855
0.670378		5.78159
0.671378		5.17177
0.672378		4.80578
0.673378		4.6356
0.674378		4.64421
0.675378		4.84159
0.676378		5.26949
0.677378		6.01787
0.678378		7.26327
0.679378		9.35378
0.680378		12.9911
0.681378		19.5253
0.682378		30.501
0.683378		41.4048
0.684378		37.7726
0.685378		25.6302
0.686378		17.0074
0.687378		12.3731
0.688378		10.0898
0.689378		9.22158
0.690378		9.42437
0.691378		10.7679
0.692378		13.7749
0.693378		19.6524
0.694378		29.9881
0.695378		41.2545
0.696378		38.9117
0.697378		26.6417
0.698378		17.4062
0.699378		12.2611
0.700378		9.513
0.701378		8.10112
0.702378		7.5299
0.703378		7.61816
0.704378		8.39645
0.705378		10.1248
0.706378		13.4396
0.707378		19.6325
0.708378		30.2719
0.709378		41.2862
0.710378		38.1329
0.711378		25.8201
0.712378		16.7949
0.713378		11.7532
0.714378		9.00011
0.715378		7.49112
0.716378		6.71662
0.717378		6.44381
0.718378		6.59054
0.719378		7.18241
0.720378		8.36457
0.721378		10.4765
0.722378		14.2334
0.723378		21.0181
0.724378		32.3188
0.725378		43.0818
0.726378		39.0288
0.727378		27.3609
0.728378		19.6506
0.729378		16.2518
0.730378		15.8572
0.731378		18.1959
0.732378		24.1634
0.733378		35.1844
0.734378		47.0676
0.735378		45.6213
0.736378		37.0642
0.737378		35.115
0.738378		41.505
0.739378		47.4645
0.740378		38.8267
0.741378		25.4877
0.742378		16.6506
0.743378		11.5771
0.744378		8.57986
0.745378		6.70277
0.746378		5.46198
0.747378		4.60566
0.748378		3.99557
0.749378		3.55179
0.750378		3.22608
0.751378		2.9884
0.752378		2.81991
0.753378		2.70905
0.754378		2.64949
0.755378		2.63913
0.756378		2.6799
0.757378		2.77825
0.758378		2.9466
0.759378		3.20616
0.760378		3.59231
0.761378		4.16491
0.762378		5.02867
0.763378		6.3754
0.764378		8.57505
0.765378		12.3677
0.766378		19.1577
0.767378		30.3793
0.768378		40.6023
0.769378		35.6579
0.770378		23.3578
0.771378		14.8126
0.772378		10.0217
0.773378		7.31988
0.774378		5.72506
0.775378		4.74689
0.776378		4.13789
0.777378		3.76857
0.778378		3.56999
0.779378		3.50728
0.780378		3.56764
0.781378		3.75614
0.782378		4.09702
0.783378		4.64111
0.784378		5.48345
0.785378		6.80121
0.786378		8.93614
0.787378		12.5706
0.788378		19.0223
0.789378		29.9064
0.790378		41.3603
0.791378		38.8728
0.792378		27.0989
0.793378		18.7439
0.794378		14.7743
0.795378		13.8017
0.796378		15.3894
0.797378		20.2355
0.798378		29.7425
0.799378		40.9538
0.800378		39.4261
0.801378		26.9994
0.802378		17.1935
0.803378		11.5557
0.804378		8.36106
0.805378		6.46393
0.806378		5.28396
0.807378		4.52899
0.808378		4.04637
0.809378		3.75422
0.810378		3.60973
0.811378		3.59471
0.812378		3.71005
0.813378		3.9762
0.814378		4.44
0.815378		5.1914
0.816378		6.40019
0.817378		8.39582
0.818378		11.8388
0.819378		18.0131
0.820378		28.55
0.821378		39.9391
0.822378		37.6545
0.823378		25.4063
0.824378		16.1498
0.825378		10.9304
0.826378		8.04216
0.827378		6.4013
0.828378		5.46961
0.829378		4.9877
0.830378		4.83791
0.831378		4.98674
0.832378		5.46951
0.833378		6.40658
0.834378		8.06244
0.835378		10.9857
0.836378		16.2789
0.837378		25.65
0.838378		37.8469
0.839378		39.6578
0.840378		28.108
0.841378		17.6765
0.842378		11.5819
0.843378		8.17249
0.844378		6.18389
0.845378		4.96724
0.846378		4.19826
0.847378		3.70908
0.848378		3.40985
0.849378		3.25266
0.850378		3.21474
0.851378		3.29128
0.852378		3.49403
0.853378		3.85484
0.854378		4.4362
0.855378		5.35434
0.856378		6.82904
0.857378		9.29213
0.858378		13.6108
0.859378		21.3506
0.860378		33.3488
0.861378		41.0136
0.862378		32.7846
0.863378		20.9504
0.864378		13.4494
0.865378		9.29052
0.866378		6.94195
0.867378		5.56845
0.868378		4.75841
0.869378		4.30829
0.870378		4.12009
0.871378		4.15705
0.872378		4.42836
0.873378		4.993
0.874378		5.98505
0.875378		7.67719
0.876378		10.623
0.877378		15.9283
0.878378		25.3027
0.879378		37.4967
0.880378		39.3002
0.881378		27.7348
0.882378		17.2796
0.883378		11.1541
0.884378		7.70575
0.885378		5.66865
0.886378		4.3918
0.887378		3.54811
0.888378		2.96579
0.889378		2.54952
0.890378		2.24361
0.891378		2.01398
0.892378		1.83895
0.893378		1.70425
0.894378		1.60023
0.895378		1.52024
0.896378		1.45958
0.897378		1.41495
0.898378		1.38402
0.899378		1.36515
0.900378		1.35727
0.901378		1.35978
0.902378		1.37242
0.903378		1.39532
0.904378		1.42895
0.905378		1.47418
0.906378		1.53231
0.907378		1.6052
0.908378		1.69541
0.909378		1.80642
0.910378		1.94303
0.911378		2.11185
0.912378		2.3222
0.913378		2.58746
0.914378		2.92743
0.915378		3.37222
0.916378		3.96954
0.917378		4.7983
0.918378		5.99585
0.919378		7.815
0.920378		10.7468
0.921378		15.7659
0.922378		24.5449
0.923378		37.3286
0.924378		43.5736
0.925378		34.6716
0.926378		24.7005
0.927378		19.9188
0.928378		19.5916
0.929378		23.5109
0.930378		32.6772
0.931378		44.6366
0.932378		45.3369
0.933378		35.0809
0.934378		28.5359
0.935378		29.1679
0.936378		36.7716
0.937378		45.4283
0.938378		40.0996
0.939378		26.9037
0.940378		17.4908
0.941378		12.1007
0.942378		8.99273
0.943378		7.11454
0.944378		5.93623
0.945378		5.18961
0.946378		4.73576
0.947378		4.50462
0.948378		4.46862
0.949378		4.63361
0.950378		5.04203
0.951378		5.79037
0.952378		7.07177
0.953378		9.27186
0.954378		13.1714
0.955378		20.2339
0.956378		31.7185
0.957378		41.051
0.958378		34.7382
0.959378		22.5
0.960378		14.2996
0.961378		9.70022
0.962378		7.07712
0.963378		5.50229
0.964378		4.51248
0.965378		3.87212
0.966378		3.4562
0.967378		3.19626
0.968378		3.05508
0.969378		3.01466
0.970378		3.07106
0.971378		3.23327
0.972378		3.5258
0.973378		3.9962
0.974378		4.73125
0.975378		5.89124
0.976378		7.78376
0.977378		11.0226
0.978378		16.813
0.979378		26.8478
0.980378		38.7167
0.981378		38.2397
0.982378		26.1646
0.983378		16.347
0.984378		10.7038
0.985378		7.52645
0.986378		5.64718
0.987378		4.47295
0.988378		3.70496
0.989378		3.1856
0.990378		2.82732
0.991378		2.57922
0.992378		2.4107
0.993378		2.30309
0.994378		2.24521
0.995378		2.23098
0.996378		2.25821
0.997378		2.32814
0.998378		2.44568
0.999378		2.62022
1.00038		2.86754
1.00138		3.21318
1.00238		3.69892
1.00338		4.39504
1.00438		5.42489
1.00538		7.01634
1.00638		9.61278
1.00738		14.1003
1.00838		22.0649
1.00938		34.2588
1.01038		41.7544
1.01138		33.4214
1.01238		21.9062
1.01338		14.8274
1.01438		11.1571
1.01538		9.44165
1.01638		8.96724
1.01738		9.52673
1.01838		11.3031
1.01938		14.9697
1.02038		21.9325
1.02138		33.4478
1.02238		43.0506
1.02338		37.1957
1.02438		25.4953
1.02538		18.1291
1.02638		14.9039
1.02738		14.5993
1.02838		17.1042
1.02938		23.4669
1.03038		34.5223
1.03138		42.5818
1.03238		34.9086
1.03338		22.5555
1.03438		14.4654
1.03538		9.88243
1.03638		7.21112
1.03738		5.55818
1.03838		4.47542
1.03938		3.73162
1.04038		3.20085
1.04138		2.81066
1.04238		2.51728
1.04338		2.29311
1.04438		2.12013
1.04538		1.98622
1.04638		1.88305
1.04738		1.80481
1.04838		1.7474
1.04938		1.708
1.05038		1.68469
1.05138		1.67627
1.05238		1.68215
1.05338		1.7023
1.05438		1.73719
1.05538		1.78785
1.05638		1.85595
1.05738		1.94389
1.05838		2.05507
1.05938		2.19412
1.06038		2.36745
1.06138		2.58393
1.06238		2.85604
1.06338		3.20169
1.06438		3.64722
1.06538		4.23262
1.06638		5.02078
1.06738		6.11501
1.06838		7.69364
1.06938		10.082
1.07038		13.9058
1.07138		20.3874
1.07238		31.5233
1.07338		47.1209
1.07438		55.745
1.07538		54.4071
1.07638		56.6588
1.07738		53.5874
1.07838		40.1872
1.07938		30.1101
1.08038		27.0422
1.08138		30.5923
1.08238		40.033
1.08338		45.6228
1.08438		35.8889
1.08538		23.2952
1.08638		15.2709
1.08738		10.6673
1.08838		7.92322
1.08938		6.18447
1.09038		5.01948
1.09138		4.2023
1.09238		3.60787
1.09338		3.16301
1.09438		2.82281
1.09538		2.55852
1.09638		2.35109
1.09738		2.1876
1.09838		2.05907
1.09938		1.95923
1.10038		1.8837
1.10138		1.82955
1.10238		1.79495
1.10338		1.77903
1.10438		1.78181
1.10538		1.80426
1.10638		1.84845
1.10738		1.91778
1.10838		2.01753
1.10938		2.15566
1.11038		2.34413
1.11138		2.60123
1.11238		2.95561
1.11338		3.45368
1.11438		4.17386
1.11538		5.25513
1.11638		6.95761
1.11738		9.79307
1.11838		14.781
1.11938		23.6087
1.12038		35.9643
1.12138		40.0716
1.12238		29.4231
1.12338		18.4341
1.12438		11.861
1.12538		8.18746
1.12638		6.04894
1.12738		4.73213
1.12838		3.87997
1.12938		3.30645
1.13038		2.90936
1.13138		2.62953
1.13238		2.43121
1.13338		2.29193
1.13438		2.19722
1.13538		2.13757
1.13638		2.1067
1.13738		2.10054
1.13838		2.11661
1.13938		2.15361
1.14038		2.21124
1.14138		2.2901
1.14238		2.39162
1.14338		2.51821
1.14438		2.67333
1.14538		2.8618
1.14638		3.09013
1.14738		3.36716
1.14838		3.7049
1.14938		4.11985
1.15038		4.63508
1.15138		5.28352
1.15238		6.11326
1.15338		7.19671
1.15438		8.6466
1.15538		10.6456
1.15638		13.5038
1.15738		17.7752
1.15838		24.5063
1.15938		35.7559
1.16038		55.4118
1.16138		87.8537
1.16238		122.655
1.16338		130.808
1.16438		116.111
1.16538		89.7222
1.16638		60.0241
1.16738		39.1807
1.16838		27.0589
1.16938		20.0236
1.17038		15.7912
1.17138		13.1923
1.17238		11.6351
1.17338		10.8244
1.17438		10.6375
1.17538		11.0792
1.17638		12.2926
1.17738		14.6321
1.17838		18.8481
1.17938		26.4575
1.18038		39.966
1.18138		59.3293
1.18238		72.1989
1.18338		69.4803
1.18438		52.4676
1.18538		34.4923
1.18638		23.3427
1.18738		17.2024
1.18838		13.8718
1.18938		12.1895
1.19038		11.6408
1.19138		12.0853
1.19238		13.6826
1.19338		16.9829
1.19438		23.2072
1.19538		34.4539
1.19638		50.8431
1.19738		61.4282
1.19838		62.132
1.19938		58.8371
1.20038		44.0486
1.20138		28.515
1.20238		18.7948
1.20338		13.1959
1.20438		9.84005
1.20538		7.70766
1.20638		6.27934
1.20738		5.28069
1.20838		4.55866
1.20938		4.02333
1.21038		3.61946
1.21138		3.31189
1.21238		3.07761
1.21338		2.90138
1.21438		2.77317
1.21538		2.68664
1.21638		2.63835
1.21738		2.62733
1.21838		2.65509
1.21938		2.72591
1.22038		2.84775
1.22138		3.03369
1.22238		3.30478
1.22338		3.69509
1.22438		4.26117
1.22538		5.1007
1.22638		6.39078
1.22738		8.46992
1.22838		12.013
1.22938		18.3248
1.23038		29.0165
1.23138		40.2972
1.23238		37.6252
1.23338		25.3939
1.23438		16.3038
1.23538		11.2173
1.23638		8.43548
1.23738		6.89698
1.23838		6.08055
1.23938		5.74327
1.24038		5.78972
1.24138		6.22315
1.24238		7.14641
1.24338		8.81331
1.24438		11.7638
1.24538		17.0906
1.24638		26.5055
1.24738		38.8866
1.24838		41.1835
1.24938		30.0163
1.25038		19.933
1.25138		14.385
1.25238		11.8452
1.25338		11.246
1.25438		12.3373
1.25538		15.6048
1.25638		22.3813
1.25738		33.692
1.25838		42.1487
1.25938		34.8444
1.26038		22.5594
1.26138		14.4779
1.26238		9.91621
1.26338		7.27434
1.26438		5.65272
1.26538		4.60066
1.26638		3.88633
1.26738		3.38394
1.26838		3.0215
1.26938		2.75573
1.27038		2.55959
1.27138		2.41562
1.27238		2.31228
1.27338		2.24188
1.27438		2.19933
1.27538		2.18136
1.27638		2.18613
1.27738		2.21294
1.27838		2.26214
1.27938		2.33511
1.28038		2.43441
1.28138		2.56399
1.28238		2.72965
1.28338		2.93973
1.28438		3.20624
1.28538		3.54671
1.28638		3.98738
1.28738		4.56872
1.28838		5.35566
1.28938		6.45726
1.29038		8.06681
1.29138		10.5469
1.29238		14.6098
1.29338		21.6194
1.29438		33.2676
1.29538		45.8311
1.29638		45.0511
1.29738		36.0734
1.29838		32.6024
1.29938		37.2093
1.30038		47.7597
1.30138		51.1913
1.30238		41.8077
1.30338		34.6528
1.30438		35.3952
1.30538		43.7796
1.30638		52.2624
1.30738		46.6832
1.30838		36.4358
1.30938		32.4859
1.31038		36.0994
1.31138		47.3274
1.31238		59.5943
1.31338		60.5716
1.31438		59.7861
1.31538		56.1055
1.31638		40.9223
1.31738		26.658
1.31838		17.9358
1.31938		12.8566
1.32038		9.75485
1.32138		7.74607
1.32238		6.37676
1.32338		5.4042
1.32438		4.69102
1.32538		4.15532
1.32638		3.74603
1.32738		3.43006
1.32838		3.1854
1.32938		2.99704
1.33038		2.85469
1.33138		2.75132
1.33238		2.68232
1.33338		2.64492
1.33438		2.63795
1.33538		2.66171
1.33638		2.71802
1.33738		2.81044
1.33838		2.94471
1.33938		3.12946
1.34038		3.37742
1.34138		3.70734
1.34238		4.14728
1.34338		4.74013
1.34438		5.55354
1.34538		6.69823
1.34638		8.36386
1.34738		10.8924
1.34838		14.9348
1.34938		21.7866
1.35038		33.9697
1.35138		54.798
1.35238		77.9767
1.35338		74.5803
1.35438		50.1907
1.35538		31.3523
1.35638		20.6724
1.35738		14.7322
1.35838		11.3134
1.35938		9.30846
1.36038		8.17908
1.36138		7.67447
1.36238		7.71312
1.36338		8.35259
1.36438		9.82904
1.36538		12.693
1.36638		18.0807
1.36738		27.6848
1.36838		39.6539
1.36938		40.1857
1.37038		28.2823
1.37138		18.164
1.37238		12.3232
1.37338		9.06944
1.37438		7.19136
1.37538		6.07281
1.37638		5.40704
1.37738		5.03721
1.37838		4.88256
1.37938		4.90479
1.38038		5.09321
1.38138		5.4595
1.38238		6.03923
1.38338		6.90007
1.38438		8.16042
1.38538		10.0275
1.38638		12.8766
1.38738		17.4193
1.38838		25.0615
1.38938		38.5007
1.39038		61.0963
1.39138		86.0684
1.39238		86.9722
1.39338		71.8578
1.39438		65.4541
1.39538		58.543
1.39638		41.6698
1.39738		27.0868
1.39838		18.2471
1.39938		13.0472
1.40038		9.83278
1.40138		7.72894
1.40238		6.28251
1.40338		5.24761
1.40438		4.48325
1.40538		3.90438
1.40638		3.45735
1.40738		3.1071
1.40838		2.83001
1.40938		2.60979
1.41038		2.43506
1.41138		2.2978
1.41238		2.19248
1.41338		2.11538
1.41438		2.06433
1.41538		2.0385
1.41638		2.03841
1.41738		2.06606
1.41838		2.12527
1.41938		2.22235
1.42038		2.36715
1.42138		2.57493
1.42238		2.86964
1.42338		3.28981
1.42438		3.8997
1.42538		4.81133
1.42638		6.23039
1.42738		8.55503
1.42838		12.5823
1.42938		19.794
1.43038		31.4027
1.43138		40.5557
1.43238		33.9746
1.43338		21.7962
1.43438		13.7018
1.43538		9.16285
1.43638		6.56602
1.43738		4.99546
1.43838		3.9934
1.43938		3.32573
1.44038		2.86646
1.44138		2.54425
1.44238		2.3169
1.44338		2.15865
1.44438		2.05361
1.44538		1.99213
1.44638		1.9689
1.44738		1.98193
1.44838		2.03223
1.44938		2.12396
1.45038		2.26516
1.45138		2.46934
1.45238		2.75836
1.45338		3.16777
1.45438		3.75688
1.45538		4.62865
1.45638		5.97085
1.45738		8.14447
1.45838		11.8709
1.45938		18.5267
1.46038		29.606
1.46138		40.1537
1.46238		35.8149
1.46338		23.497
1.46438		14.7816
1.46538		9.88435
1.46638		7.12481
1.46738		5.49616
1.46838		4.49483
1.46938		3.86684
1.47038		3.47926
1.47138		3.261
1.47238		3.17554
1.47338		3.2085
1.47438		3.36305
1.47538		3.66082
1.47638		4.14875
1.47738		4.91543
1.47838		6.12665
1.47938		8.10254
1.48038		11.4833
1.48138		17.5192
1.48238		27.8754
1.48338		39.5438
1.48438		38.0997
1.48538		25.9697
1.48638		16.5465
1.48738		11.2453
1.48838		8.36441
1.48938		6.7975
1.49038		6.00516
1.49138		5.74799
1.49238		5.95515
1.49338		6.68655
1.49438		8.16491
1.49538		10.898
1.49638		15.936
1.49738		24.9726
1.49838		37.1934
1.49938		39.9702
1.50038		28.7204
1.50138		17.9849
1.50238		11.6341
1.50338		8.06342
1.50438		5.9622
1.50538		4.65205
1.50638		3.79253
1.50738		3.2055
1.50838		2.79257
1.50938		2.49662
1.51038		2.2831
1.51138		2.13041
1.51238		2.02487
1.51338		1.95788
1.51438		1.9243
1.51538		1.92166
1.51638		1.94968
1.51738		2.0103
1.51838		2.10795
1.51938		2.25027
1.52038		2.44951
1.52138		2.72495
1.52238		3.10731
1.52338		3.64691
1.52438		4.42945
1.52538		5.60818
1.52638		7.47208
1.52738		10.5929
1.52838		16.1004
1.52938		25.7099
1.53038		37.9782
1.53138		39.4802
1.53238		27.9271
1.53338		17.7365
1.53438		11.8751
1.53538		8.68517
1.53638		6.93313
1.53738		6.00017
1.53838		5.59676
1.53938		5.60532
1.54038		6.01867
1.54138		6.93573
1.54238		8.61164
1.54338		11.5944
1.54438		16.9939
1.54538		26.522
1.54638		38.8475
1.54738		40.6723
1.54838		29.3462
1.54938		19.3562
1.55038		13.8641
1.55138		11.3143
1.55238		10.6399
1.55338		11.5624
1.55438		14.4919
1.55538		20.6546
1.55638		31.4067
1.55738		41.3923
1.55838		36.3513
1.55938		23.8323
1.56038		15.0599
1.56138		10.0797
1.56238		7.21372
1.56338		5.46632
1.56438		4.3373
1.56538		3.57112
1.56638		3.03032
1.56738		2.63679
1.56838		2.34389
1.56938		2.12263
1.57038		1.95433
1.57138		1.82669
1.57238		1.7315
1.57338		1.66332
1.57438		1.61868
1.57538		1.59565
1.57638		1.59358
1.57738		1.61305
1.57838		1.65596
1.57938		1.72582
1.58038		1.82827
1.58138		1.97195
1.58238		2.17008
1.58338		2.44309
1.58438		2.82335
1.58538		3.3639
1.58638		4.15553
1.58738		5.36157
1.58838		7.29212
1.58938		10.5634
1.59038		16.3832
1.59138		26.4445
1.59238		38.3182
1.59338		37.814
1.59438		25.7372
1.59538		15.9296
1.59638		10.2899
1.59738		7.10923
1.59838		5.22106
1.59938		4.03295
1.60038		3.24608
1.60138		2.70252
1.60238		2.31405
1.60338		2.02885
1.60438		1.81506
1.60538		1.65233
1.60638		1.52725
1.60738		1.43069
1.60838		1.35636
1.60938		1.29979
1.61038		1.25784
1.61138		1.22822
1.61238		1.20936
1.61338		1.20016
1.61438		1.19993
1.61538		1.20833
1.61638		1.22529
1.61738		1.25107
1.61838		1.28621
1.61938		1.33159
1.62038		1.38849
1.62138		1.45869
1.62238		1.54462
1.62338		1.64961
1.62438		1.77817
1.62538		1.93662
1.62638		2.13383
1.62738		2.38263
1.62838		2.70208
1.62938		3.12137
1.63038		3.68703
1.63138		4.47652
1.63238		5.62554
1.63338		7.38538
1.63438		10.2467
1.63538		15.186
1.63638		23.8694
1.63738		36.4243
1.63838		42.0302
1.63938		32.4148
1.64038		21.6563
1.64138		15.5246
1.64238		12.7383
1.64338		12.0877
1.64438		13.2237
1.64538		16.5706
1.64638		23.4208
1.64738		34.9515
1.64838		44.5396
1.64938		38.7513
1.65038		27.4565
1.65138		20.793
1.65238		18.7292
1.65338		20.481
1.65438		26.6682
1.65538		37.9793
1.65638		46.808
1.65738		40.4884
1.65838		30.3316
1.65938		26.1312
1.66038		28.6114
1.66138		37.4289
1.66238		45.1127
1.66338		37.7168
1.66438		24.7255
1.66538		15.9765
1.66638		10.96
1.66738		8.0061
1.66838		6.15755
1.66938		4.93099
1.67038		4.07602
1.67138		3.45568
1.67238		2.99072
1.67338		2.6329
1.67438		2.35154
1.67538		2.1264
1.67638		1.94364
1.67738		1.79356
1.67838		1.6692
1.67938		1.56542
1.68038		1.47842
1.68138		1.40529
1.68238		1.34381
1.68338		1.29226
1.68438		1.24929
1.68538		1.21386
1.68638		1.18513
1.68738		1.16249
1.68838		1.14544
1.68938		1.13364
1.69038		1.12684
1.69138		1.1249
1.69238		1.1278
1.69338		1.13558
1.69438		1.1484
1.69538		1.16652
1.69638		1.19033
1.69738		1.22035
1.69838		1.25728
1.69938		1.30203
1.70038		1.35578
1.70138		1.42006
1.70238		1.49686
1.70338		1.58883
1.70438		1.69946
1.70538		1.83349
1.70638		1.99746
1.70738		2.20058
1.70838		2.45612
1.70938		2.78386
1.71038		3.21415
1.71138		3.79556
1.71238		4.60931
1.71338		5.79837
1.71438		7.62892
1.71538		10.6228
1.71638		15.8158
1.71738		24.9091
1.71838		37.5076
1.71938		41.6721
1.72038		31.3079
1.72138		20.9214
1.72238		15.1573
1.72338		12.6092
1.72438		12.1649
1.72538		13.5884
1.72638		17.4638
1.72738		25.2404
1.72838		37.2174
1.72938		43.257
1.73038		33.7986
1.73138		22.4116
1.73238		15.5509
1.73338		11.9521
1.73438		10.1894
1.73538		9.5425
1.73638		9.72429
1.73738		10.7123
1.73838		12.7219
1.73938		16.311
1.74038		22.6673
1.74138		34.0332
1.74238		52.4897
1.74338		70.7973
1.74438		73.8063
1.74538		59.5671
1.74638		40.5469
1.74738		28.4288
1.74838		22.7676
1.74938		21.6317
1.75038		24.7282
1.75138		33.0192
1.75238		44.026
1.75338		43.5666
1.75438		31.3949
1.75538		21.5647
1.75638		16.3524
1.75738		14.23
1.75838		14.3782
1.75938		16.9616
1.76038		23.1316
1.76138		33.9815
1.76238		42.8457
1.76338		36.1738
1.76438		23.6483
1.76538		15.2115
1.76638		10.4116
1.76738		7.61245
1.76838		5.87742
1.76938		4.7361
1.77038		3.94659
1.77138		3.37758
1.77238		2.95377
1.77338		2.6297
1.77438		2.37672
1.77538		2.17608
1.77638		2.01509
1.77738		1.88496
1.77838		1.77946
1.77938		1.6941
1.78038		1.62563
1.78138		1.57168
1.78238		1.53057
1.78338		1.50111
1.78438		1.48258
1.78538		1.47463
1.78638		1.47725
1.78738		1.49082
1.78838		1.5161
1.78938		1.55432
1.79038		1.6073
1.79138		1.6776
1.79238		1.76882
1.79338		1.88598
1.79438		2.03622
1.79538		2.22979
1.79638		2.48179
1.79738		2.81509
1.79838		3.26551
1.79938		3.89147
1.80038		4.79282
1.80138		6.14942
1.80238		8.30376
1.80338		11.9369
1.80438		18.3628
1.80538		29.1932
1.80638		40.5773
1.80738		37.9873
1.80838		26.0015
1.80938		17.2921
1.81038		12.739
1.81138		10.7524
1.81238		10.4775
1.81338		11.7948
1.81438		15.2706
1.81538		22.2935
1.81638		33.7841
1.81738		41.7964
1.81838		33.9731
1.81938		21.8104
1.82038		13.9259
1.82138		9.48345
1.82238		6.90877
1.82338		5.32727
1.82438		4.30101
1.82538		3.60435
1.82638		3.11467
1.82738		2.76163
1.82838		2.50296
1.82938		2.31219
1.83038		2.17225
1.83138		2.07187
1.83238		2.00354
1.83338		1.96232
1.83438		1.94509
1.83538		1.95015
1.83638		1.97694
1.83738		2.02599
1.83838		2.09892
1.83938		2.1986
1.84038		2.32943
1.84138		2.49784
1.84238		2.71311
1.84338		2.98863
1.84438		3.34407
1.84538		3.80898
1.84638		4.42916
1.84738		5.27835
1.84838		6.48083
1.84938		8.25734
1.85038		11.0223
1.85138		15.5879
1.85238		23.4894
1.85338		36.4765
1.85438		49.9632
1.85538		50.7357
1.85638		47.7592
1.85738		51.6023
1.85838		49.7264
1.85938		36.0643
1.86038		24.199
1.86138		17.4949
1.86238		14.1957
1.86338		13.0565
1.86438		13.7023
1.86538		16.5019
1.86638		22.6717
1.86738		33.4981
1.86838		43.2269
1.86938		37.78
1.87038		25.4184
1.87138		16.9902
1.87238		12.3977
1.87338		10.015
1.87438		8.93297
1.87538		8.77988
1.87638		9.5243
1.87738		11.4583
1.87838		15.3604
1.87938		22.7373
1.88038		34.4736
1.88138		42.2671
1.88238		34.1926
1.88338		22.2027
1.88438		14.5369
1.88538		10.2709
1.88638		7.85577
1.88738		6.44178
1.88838		5.60995
1.88938		5.15348
1.89038		4.97347
1.89138		5.03414
1.89238		5.34785
1.89338		5.98025
1.89438		7.07864
1.89538		8.94271
1.89638		12.1814
1.89738		17.9975
1.89838		28.0852
1.89938		40.0533
1.90038		39.7365
1.90138		27.8461
1.90238		18.2647
1.90338		12.948
1.90438		10.2267
1.90538		8.99637
1.90638		8.77526
1.90738		9.46897
1.90838		11.3146
1.90938		15.0133
1.91038		21.9855
1.91138		33.4687
1.91238		42.8827
1.91338		36.7358
1.91438		24.7602
1.91538		16.9505
1.91638		12.9238
1.91738		11.1497
1.91838		10.8716
1.91938		11.953
1.92038		14.8073
1.92138		20.5723
1.92238		30.8666
1.92338		42.6922
1.92438		41.6697
1.92538		30.295
1.92638		22.1867
1.92738		19.2074
1.92838		20.5452
1.92938		26.6763
1.93038		37.611
1.93138		43.5541
1.93238		33.9654
1.93338		21.8953
1.93438		14.3197
1.93538		10.0271
1.93638		7.50678
1.93738		5.94184
1.93838		4.92248
1.93938		4.23638
1.94038		3.76818
1.94138		3.45285
1.94238		3.25346
1.94338		3.15034
1.94438		3.13604
1.94538		3.2136
1.94638		3.39764
1.94738		3.71856
1.94838		4.23195
1.94938		5.03811
1.95038		6.32294
1.95138		8.44637
1.95238		12.1297
1.95338		18.7507
1.95438		29.7979
1.95538		40.2801
1.95638		35.8532
1.95738		23.4931
1.95838		14.7457
1.95938		9.80819
1.96038		6.99994
1.96138		5.31406
1.96238		4.24552
1.96338		3.5376
1.96438		3.05316
1.96538		2.71502
1.96638		2.47779
1.96738		2.31382
1.96838		2.206
1.96938		2.14379
1.97038		2.1211
1.97138		2.13506
1.97238		2.18549
1.97338		2.27477
1.97438		2.40807
1.97538		2.59405
1.97638		2.84612
1.97738		3.18473
1.97838		3.64117
1.97938		4.26448
1.98038		5.13402
1.98138		6.38374
1.98238		8.25122
1.98338		11.1812
1.98438		16.0438
1.98538		24.5019
1.98638		38.6824
1.98738		55.0924
1.98838		60.9988
1.98938		60.6417
1.99038		51.8839
1.99138		34.9075
1.99238		22.0887
1.99338		14.6181
1.99438		10.281
1.99538		7.62438
1.99638		5.90174
1.99738		4.72844
1.99838		3.89631
1.99938		3.28638
2.00038		2.82714
2.00138		2.47372
2.00238		2.19689
2.00338		1.97699
2.00438		1.80046
2.00538		1.6577
2.00638		1.54186
2.00738		1.44792
2.00838		1.37222
2.00938		1.31209
2.01038		1.26562
2.01138		1.2315
2.01238		1.20891
2.01338		1.19751
2.01438		1.19737
2.01538		1.20904
2.01638		1.2336
2.01738		1.27277
2.01838		1.3291
2.01938		1.4063
2.02038		1.5097
2.02138		1.64699
2.02238		1.82953
2.02338		2.07435
2.02438		2.40784
2.02538		2.87229
2.02638		3.53837
2.02738		4.53008
2.02838		6.07687
2.02938		8.62632
2.03038		13.0739
2.03138		21.0137
2.03238		33.1139
2.03338		40.1571
2.03438		31.366
2.03538		19.6298
2.03638		12.2617
2.03738		8.13649
2.03838		5.74854
2.03938		4.28206
2.04038		3.32941
2.04138		2.68018
2.04238		2.21976
2.04338		1.88228
2.04438		1.62802
2.04538		1.43198
2.04638		1.27787
2.04738		1.15471
2.04838		1.05489
2.04938		0.973033
2.05038		0.905227
2.05138		0.848596
2.05238		0.800978
2.05338		0.76073
2.05438		0.726582
2.05538		0.697546
2.05638		0.672843
2.05738		0.651856
2.05838		0.634089
2.05938		0.619146
2.06038		0.606707
2.06138		0.596514
2.06238		0.588361
2.06338		0.582079
2.06438		0.57754
2.06538		0.574641
2.06638		0.573307
2.06738		0.573484
2.06838		0.575143
2.06938		0.578268
2.07038		0.582867
2.07138		0.588962
2.07238		0.596596
2.07338		0.60583
2.07438		0.616745
2.07538		0.629443
2.07638		0.644052
2.07738		0.660725
2.07838		0.679649
2.07938		0.701046
2.08038		0.72518
2.08138		0.752368
2.08238		0.782986
2.08338		0.817484
2.08438		0.856405
2.08538		0.900402
2.08638		0.950268
2.08738		1.00697
2.08838		1.07171
2.08938		1.14595
2.09038		1.23157
2.09138		1.3309
2.09238		1.44696
2.09338		1.58365
2.09438		1.74612
2.09538		1.94127
2.09638		2.17845
2.09738		2.47074
2.09838		2.83668
2.09938		3.30342
2.10038		3.91181
2.10138		4.72556
2.10238		5.84812
2.10338		7.45537
2.10438		9.86239
2.10538		13.6655
2.10638		20.0431
2.10738		31.2549
2.10838		50.1171
2.10938		71.5653
2.11038		74.7802
2.11138		55.8978
2.11238		35.7302
2.11338		23.4136
2.11438		16.7473
2.11538		13.2577
2.11638		11.6971
2.11738		11.6129
2.11838		13.1156
2.11938		16.9496
2.12038		24.6367
2.12138		36.4359
2.12238		42.0268
2.12338		32.1435
2.12438		20.473
2.12538		13.2641
2.12638		9.1943
2.12738		6.80634
2.12838		5.32215
2.12938		4.35201
2.13038		3.69375
2.13138		3.23705
2.13238		2.919
2.13338		2.70275
2.13438		2.56691
2.13538		2.50014
2.13638		2.49867
2.13738		2.56552
2.13838		2.71134
2.13938		2.95708
2.14038		3.33964
2.14138		3.92315
2.14238		4.82164
2.14338		6.24671
2.14438		8.61036
2.14538		12.7386
2.14638		20.1498
2.14738		31.9127
2.14838		40.4395
2.14938		33.0945
2.15038		21.0112
2.15138		13.1311
2.15238		8.70856
2.15338		6.16121
2.15438		4.6053
2.15538		3.59908
2.15638		2.91577
2.15738		2.43263
2.15838		2.07953
2.15938		1.81438
2.16038		1.61082
2.16138		1.45175
2.16238		1.32569
2.16338		1.22473
2.16438		1.14331
2.16538		1.07742
2.16638		1.02415
2.16738		0.981368
2.16838		0.947479
2.16938		0.921324
2.17038		0.902061
2.17138		0.889108
2.17238		0.8821
2.17338		0.880859
2.17438		0.88539
2.17538		0.895875
2.17638		0.912689
2.17738		0.936425
2.17838		0.967942
2.17938		1.00843
2.18038		1.05949
2.18138		1.12334
2.18238		1.20295
2.18338		1.30244
2.18438		1.42755
2.18538		1.58643
2.18638		1.791
2.18738		2.05905
2.18838		2.41807
2.18938		2.91216
2.19038		3.61515
2.19138		4.65691
2.19238		6.27869
2.19338		8.95254
2.19438		13.6216
2.19538		21.9229
2.19638		34.1884
2.19738		40.1504
2.19838		30.5594
2.19938		19.1176
2.20038		12.095
2.20138		8.18052
2.20238		5.92376
2.20338		4.55172
2.20438		3.67871
2.20538		3.10579
2.20638		2.7253
2.20738		2.47662
2.20838		2.32499
2.20938		2.25111
2.21038		2.24594
2.21138		2.3085
2.21238		2.44564
2.21338		2.67364
2.21438		3.0225
2.21538		3.54461
2.21638		4.33225
2.21738		5.55388
2.21838		7.53197
2.21938		10.9096
2.22038		16.941
2.22138		27.2868
2.22238		38.8779
2.22338		37.2703
2.22438		25.044
2.22538		15.5365
2.22638		10.1087
2.22738		7.04637
2.22838		5.22862
2.22938		4.08876
2.23038		3.34067
2.23138		2.83294
2.23238		2.48119
2.23338		2.23628
2.23438		2.06863
2.23538		1.96029
2.23638		1.90062
2.23738		1.88407
2.23838		1.90906
2.23938		1.97775
2.24038		2.09638
2.24138		2.27654
2.24238		2.53765
2.24338		2.91166
2.24438		3.45188
2.24538		4.25046
2.24638		5.47399
2.24738		7.4399
2.24838		10.78
2.24938		16.729
2.25038		26.9632
2.25138		38.6915
2.25238		37.5596
2.25338		25.3989
2.25438		15.775
2.25538		10.2702
2.25638		7.17151
2.25738		5.33898
2.25838		4.19548
2.25938		3.44994
2.26038		2.94869
2.26138		2.60631
2.26238		2.37324
2.26338		2.21989
2.26438		2.12847
2.26538		2.08873
2.26638		2.09572
2.26738		2.14875
2.26838		2.25115
2.26938		2.41092
2.27038		2.64219
2.27138		2.96825
2.27238		3.42723
2.27338		4.08285
2.27438		5.04575
2.27538		6.51774
2.27638		8.88692
2.27738		12.9273
2.27838		20.0909
2.27938		31.7282
2.28038		41.7478
2.28138		36.3817
2.28238		24.6821
2.28338		17.1706
2.28438		13.746
2.28538		13.0968
2.28638		14.9321
2.28738		20.0567
2.28838		29.8642
2.28938		40.7817
2.29038		38.2165
2.29138		25.6629
2.29238		16.107
2.29338		10.6192
2.29438		7.47518
2.29538		5.56986
2.29638		4.34394
2.29738		3.51309
2.29838		2.92532
2.29938		2.49474
2.30038		2.1702
2.30138		1.91986
2.30238		1.72308
2.30338		1.56603
2.30438		1.43918
2.30538		1.33577
2.30638		1.25092
2.30738		1.18105
2.30838		1.12348
2.30938		1.07616
2.31038		1.03757
2.31138		1.0065
2.31238		0.982062
2.31338		0.963558
2.31438		0.950477
2.31538		0.942452
2.31638		0.93924
2.31738		0.940714
2.31838		0.946848
2.31938		0.957724
2.32038		0.97353
2.32138		0.994571
2.32238		1.02129
2.32338		1.05428
2.32438		1.09433
2.32538		1.14248
2.32638		1.20007
2.32738		1.26888
2.32838		1.35122
2.32938		1.4502
2.33038		1.56999
2.33138		1.71636
2.33238		1.89737
2.33338		2.12467
2.33438		2.41544
2.33538		2.79595
2.33638		3.30788
2.33738		4.02023
2.33838		5.05309
2.33938		6.62716
2.34038		9.17055
2.34138		13.539
2.34238		21.285
2.34338		33.3358
2.34438		41.4556
2.34538		33.686
2.34638		21.943
2.34738		14.5238
2.34838		10.5285
2.34938		8.4217
2.35038		7.37255
2.35138		6.99037
2.35238		7.11188
2.35338		7.70792
2.35438		8.86012
2.35538		10.7897
2.35638		13.9554
2.35738		19.283
2.35838		28.6192
2.35938		45.0006
2.36038		68.2352
2.36138		80.8919
2.36238		67.6908
2.36338		47.4068
2.36438		35.9854
2.36538		34.0016
2.36638		40.0537
2.36738		47.7148
2.36838		41.7063
2.36938		28.0398
2.37038		18.2805
2.37138		12.6183
2.37238		9.28393
2.37338		7.20566
2.37438		5.83844
2.37538		4.90051
2.37638		4.23865
2.37738		3.76544
2.37838		3.42919
2.37938		3.19917
2.38038		3.05806
2.38138		2.99825
2.38238		3.02055
2.38338		3.13484
2.38438		3.36291
2.38538		3.74482
2.38638		4.35179
2.38738		5.31268
2.38838		6.87001
2.38938		9.50135
2.39038		14.1625
2.39138		22.5001
2.39238		34.7361
2.39338		40.3054
2.39438		30.4404
2.39538		19.0259
2.39638		12.0367
2.39738		8.11484
2.39838		5.82495
2.39938		4.40465
2.40038		3.4726
2.40138		2.83095
2.40238		2.37125
2.40338		2.03084
2.40438		1.77174
2.40538		1.5699
2.40638		1.4096
2.40738		1.28018
2.40838		1.17424
2.40938		1.08651
2.41038		1.01315
2.41138		0.951337
2.41238		0.898928
2.41338		0.854297
2.41438		0.81619
2.41538		0.783626
2.41638		0.75584
2.41738		0.732225
2.41838		0.712304
2.41938		0.695703
2.42038		0.68213
2.42138		0.671363
2.42238		0.66324
2.42338		0.657651
2.42438		0.654535
2.42538		0.653879
2.42638		0.655711
2.42738		0.660112
2.42838		0.66721
2.42938		0.677192
2.43038		0.690311
2.43138		0.706899
2.43238		0.727384
2.43338		0.752313
2.43438		0.782385
2.43538		0.818495
2.43638		0.861796
2.43738		0.913782
2.43838		0.976417
2.43938		1.05231
2.44038		1.14497
2.44138		1.25923
2.44238		1.40185
2.44338		1.5825
2.44438		1.81542
2.44538		2.12217
2.44638		2.5366
2.44738		3.11396
2.44838		3.9488
2.44938		5.21142
2.45038		7.22608
2.45138		10.638
2.45238		16.7038
2.45338		27.0833
2.45438		38.6825
2.45538		37.051
2.45638		24.8365
2.45738		15.355
2.45838		9.94824
2.45938		6.90244
2.46038		5.09846
2.46138		3.97082
2.46238		3.23404
2.46338		2.73714
2.46438		2.39607
2.46538		2.16201
2.46638		2.00575
2.46738		1.90975
2.46838		1.86392
2.46938		1.86347
2.47038		1.90791
2.47138		2.00098
2.47238		2.15135
2.47338		2.37447
2.47438		2.69614
2.47538		3.15929
2.47638		3.83707
2.47738		4.85934
2.47838		6.46835
2.47938		9.13913
2.48038		13.8213
2.48138		22.157
2.48238		34.4247
2.48338		40.2102
2.48438		30.499
2.48538		19.0862
2.48638		12.0962
2.48738		8.19447
2.48838		5.93814
2.48938		4.55952
2.49038		3.67512
2.49138		3.08653
2.49238		2.68568
2.49338		2.41075
2.49438		2.22506
2.49538		2.10638
2.49638		2.04127
2.49738		2.02213
2.49838		2.04558
2.49938		2.11178
2.50038		2.22428
2.50138		2.39058
2.50238		2.62339
2.50338		2.94292
2.50438		3.38124
2.50538		3.99015
2.50638		4.85627
2.50738		6.13127
2.50838		8.0952
2.50938		11.2924
2.51038		16.7965
2.51138		26.3719
2.51238		39.7288
2.51338		45.1274
2.51438		36.9389
2.51538		30.5445
2.51638		32.1114
2.51738		40.6276
2.51838		45.0529
2.51938		34.5545
2.52038		22.0628
2.52138		14.2395
2.52238		9.76915
2.52338		7.11117
2.52438		5.43267
2.52538		4.31261
2.52638		3.5301
2.52738		2.96267
2.52838		2.53859
2.52938		2.2138
2.53038		1.96005
2.53138		1.75862
2.53238		1.59667
2.53338		1.46521
2.53438		1.35777
2.53538		1.26963
2.53638		1.19728
2.53738		1.1381
2.53838		1.0901
2.53938		1.0518
2.54038		1.02207
2.54138		1.00008
2.54238		0.985264
2.54338		0.977248
2.54438		0.975847
2.54538		0.981054
2.54638		0.993033
2.54738		1.01213
2.54838		1.03891
2.54938		1.07414
2.55038		1.1189
2.55138		1.17462
2.55238		1.24317
2.55338		1.32702
2.55438		1.42942
2.55538		1.55474
2.55638		1.70884
2.55738		1.89977
2.55838		2.13877
2.55938		2.44186
2.56038		2.83252
2.56138		3.34614
2.56238		4.03799
2.56338		4.99799
2.56438		6.37939
2.56538		8.45772
2.56638		11.7559
2.56738		17.3016
2.56838		26.972
2.56938		42.3012
2.57038		56.1759
2.57138		58.4349
2.57238		58.1673
2.57338		49.1306
2.57438		32.6557
2.57538		20.6296
2.57638		13.6525
2.57738		9.58531
2.57838		7.07999
2.57938		5.44644
2.58038		4.32793
2.58138		3.53046
2.58238		2.94263
2.58338		2.49716
2.58438		2.15165
2.58538		1.87835
2.58638		1.65851
2.58738		1.47907
2.58838		1.33074
2.58938		1.20678
2.59038		1.10216
2.59138		1.0131
2.59238		0.936722
2.59338		0.870773
2.59438		0.813491
2.59538		0.76348
2.59638		0.719617
2.59738		0.680996
2.59838		0.646878
2.59938		0.616656
2.60038		0.589829
2.60138		0.565979
2.60238		0.54476
2.60338		0.525878
2.60438		0.509089
2.60538		0.494185
2.60638		0.480994
2.60738		0.469367
2.60838		0.459182
2.60938		0.450336
2.61038		0.442743
2.61138		0.436336
2.61238		0.431059
2.61338		0.42687
2.61438		0.42374
2.61538		0.421653
2.61638		0.420601
2.61738		0.42059
2.61838		0.421639
2.61938		0.423778
2.62038		0.42705
2.62138		0.431515
2.62238		0.43725
2.62338		0.444349
2.62438		0.45293
2.62538		0.463139
2.62638		0.475153
2.62738		0.489186
2.62838		0.505501
2.62938		0.524419
2.63038		0.546335
2.63138		0.571734
2.63238		0.601221
2.63338		0.635553
2.63438		0.675687
2.63538		0.722846
2.63638		0.77861
2.63738		0.845046
2.63838		0.924902
2.63938		1.02189
2.64038		1.14111
2.64138		1.28973
2.64238		1.47807
2.64338		1.72134
2.64438		2.04278
2.64538		2.47904
2.64638		3.09046
2.64738		3.98116
2.64838		5.34048
2.64938		7.53223
2.65038		11.2831
2.65138		17.9777
2.65238		29.094
2.65338		39.5443
2.65438		35.0193
2.65538		22.6843
2.65638		13.9897
2.65738		9.08733
2.65838		6.29944
2.65938		4.62428
2.66038		3.5594
2.66138		2.84912
2.66238		2.35657
2.66338		2.00441
2.66438		1.74671
2.66538		1.55503
2.66638		1.41111
2.66738		1.30288
2.66838		1.22218
2.66938		1.16343
2.67038		1.12277
2.67138		1.09762
2.67238		1.08626
2.67338		1.08774
2.67438		1.1017
2.67538		1.12835
2.67638		1.16847
2.67738		1.22349
2.67838		1.29559
2.67938		1.38797
2.68038		1.50518
2.68138		1.65368
2.68238		1.84273
2.68338		2.08591
2.68438		2.40356
2.68538		2.82717
2.68638		3.40734
2.68738		4.22909
2.68838		5.44279
2.68938		7.32956
2.69038		10.4421
2.69138		15.8735
2.69238		25.3459
2.69338		37.9157
2.69438		40.765
2.69538		29.9369
2.69638		20.0416
2.69738		14.8364
2.69838		12.9352
2.69938		13.5072
2.70038		16.8094
2.70138		24.128
2.70238		35.7567
2.70338		41.7329
2.70438		32.1328
2.70538		20.3422
2.70638		13.0086
2.70738		8.87254
2.70838		6.45227
2.70938		4.95153
2.71038		3.97125
2.71138		3.30439
2.71238		2.83772
2.71338		2.50621
2.71438		2.27106
2.71538		2.10868
2.71638		2.00487
2.71738		1.95177
2.71838		1.94639
2.71938		1.99003
2.72038		2.08866
2.72138		2.25418
2.72238		2.50714
2.72338		2.88193
2.72438		3.43665
2.72538		4.27281
2.72638		5.576
2.72738		7.70329
2.72838		11.3686
2.72938		17.9379
2.73038		28.9242
2.73138		39.5429
2.73238		35.3862
2.73338		23.0179
2.73438		14.1867
2.73538		9.19059
2.73638		6.34266
2.73738		4.62477
2.73838		3.52573
2.73938		2.78558
2.74038		2.26523
2.74138		1.88608
2.74238		1.60143
2.74338		1.38225
2.74438		1.20983
2.74538		1.07166
2.74638		0.959161
2.74738		0.866277
2.74838		0.788649
2.74938		0.723069
2.75038		0.667141
2.75138		0.619039
2.75238		0.577357
2.75338		0.540996
2.75438		0.509089
2.75538		0.480942
2.75638		0.455996
2.75738		0.433795
2.75838		0.413967
2.75938		0.396203
2.76038		0.380247
2.76138		0.365885
2.76238		0.352936
2.76338		0.341249
2.76438		0.330694
2.76538		0.321162
2.76638		0.312559
2.76738		0.304806
2.76838		0.297834
2.76938		0.291586
2.77038		0.286013
2.77138		0.281072
2.77238		0.27673
2.77338		0.272958
2.77438		0.269733
2.77538		0.267037
2.77638		0.264857
2.77738		0.263185
2.77838		0.262018
2.77938		0.261354
2.78038		0.261201
2.78138		0.261567
2.78238		0.262468
2.78338		0.263922
2.78438		0.265956
2.78538		0.268602
2.78638		0.271898
2.78738		0.275891
2.78838		0.280638
2.78938		0.286205
2.79038		0.29267
2.79138		0.300128
2.79238		0.308689
2.79338		0.318484
2.79438		0.329671
2.79538		0.342435
2.79638		0.357
2.79738		0.373638
2.79838		0.392675
2.79938		0.414511
2.80038		0.439638
2.80138		0.468663
2.80238		0.50235
2.80338		0.541658
2.80438		0.587816
2.80538		0.642409
2.80638		0.707515
2.80738		0.785892
2.80838		0.88127
2.80938		0.998781
2.81038		1.14564
2.81138		1.33223
2.81238		1.57391
2.81338		1.89409
2.81438		2.32981
2.81538		2.94209
2.81638		3.83628
2.81738		5.20434
2.81838		7.41538
2.81938		11.2071
2.82038		17.9802
2.82138		29.1777
2.82238		39.4368
2.82338		34.5581
2.82438		22.2285
2.82538		13.6248
2.82638		8.77476
2.82738		6.00914
2.82838		4.34039
2.82938		3.27347
2.83038		2.55616
2.83138		2.05324
2.83238		1.68812
2.83338		1.41519
2.83438		1.20612
2.83538		1.04257
2.83638		0.912321
2.83738		0.806965
2.83838		0.72058
2.83938		0.648902
2.84038		0.588795
2.84138		0.537919
2.84238		0.494494
2.84338		0.457153
2.84438		0.424825
2.84538		0.396671
2.84638		0.372017
2.84738		0.350325
2.84838		0.331154
2.84938		0.314147
2.85038		0.299006
2.85138		0.285488
2.85238		0.273386
2.85338		0.262528
2.85438		0.252769
2.85538		0.243985
2.85638		0.236072
2.85738		0.22894
2.85838		0.222512
2.85938		0.216721
2.86038		0.211511
2.86138		0.206834
2.86238		0.202645
2.86338		0.19891
2.86438		0.195597
2.86538		0.192678
2.86638		0.190131
2.86738		0.187937
2.86838		0.18608
2.86938		0.184545
2.87038		0.183324
2.87138		0.182407
2.87238		0.181789
2.87338		0.181467
2.87438		0.18144
2.87538		0.181708
2.87638		0.182276
2.87738		0.183148
2.87838		0.184333
2.87938		0.185842
2.88038		0.187687
2.88138		0.189885
2.88238		0.192456
2.88338		0.195422
2.88438		0.198811
2.88538		0.202653
2.88638		0.206986
2.88738		0.211852
2.88838		0.217301
2.88938		0.22339
2.89038		0.230186
2.89138		0.237766
2.89238		0.24622
2.89338		0.255656
2.89438		0.266196
2.89538		0.277989
2.89638		0.291208
2.89738		0.30606
2.89838		0.322795
2.89938		0.341712
2.90038		0.363174
2.90138		0.387627
2.90238		0.415618
2.90338		0.447829
2.90438		0.485115
2.90538		0.528561
2.90638		0.579562
2.90738		0.639927
2.90838		0.712046
2.90938		0.799115
2.91038		0.905495
2.91138		1.03725
2.91238		1.20298
2.91338		1.41527
2.91438		1.69296
2.91538		2.0653
2.91638		2.57946
2.91738		3.31494
2.91838		4.41262
2.91938		6.13621
2.92038		9.00484
2.92138		14.0517
2.92238		22.9707
2.92338		35.3218
2.92438		39.0876
2.92538		28.2753
2.92638		17.3596
2.92738		10.849
2.92838		7.20041
2.92938		5.0642
2.93038		3.7369
2.93138		2.8661
2.93238		2.26791
2.93338		1.84097
2.93438		1.52641
2.93538		1.28839
2.93638		1.10418
2.93738		0.95883
2.93838		0.842232
2.93938		0.747337
2.94038		0.669126
2.94138		0.603948
2.94238		0.549096
2.94338		0.50253
2.94438		0.462692
2.94538		0.428374
2.94638		0.398627
2.94738		0.372701
2.94838		0.349994
2.94938		0.330019
2.95038		0.312381
2.95138		0.296754
2.95238		0.282869
2.95338		0.270502
2.95438		0.259466
2.95538		0.249603
2.95638		0.24078
2.95738		0.232884
2.95838		0.225818
2.95938		0.2195
2.96038		0.213861
2.96138		0.208838
2.96238		0.204381
2.96338		0.200446
2.96438		0.196993
2.96538		0.19399
2.96638		0.191411
2.96738		0.18923
2.96838		0.18743
2.96938		0.185995
2.97038		0.18491
2.97138		0.184168
2.97238		0.183761
2.97338		0.183685
2.97438		0.183939
2.97538		0.184524
2.97638		0.185444
2.97738		0.186706
2.97838		0.188318
2.97938		0.190294
2.98038		0.192649
2.98138		0.195401
2.98238		0.198575
2.98338		0.202197
2.98438		0.206299
2.98538		0.210918
2.98638		0.216099
2.98738		0.221891
2.98838		0.228355
2.98938		0.235559
2.99038		0.243583
2.99138		0.252523
2.99238		0.262487
2.99338		0.273606
2.99438		0.286034
2.99538		0.299952
2.99638		0.315578
2.99738		0.333174
2.99838		0.353053
2.99938		0.3756
3.00038		0.401283
3.00138		0.430683
3.00238		0.464523
3.00338		0.503713
3.00438		0.549409
3.00538		0.603103
3.00638		0.66674
3.00738		0.742892
3.00838		0.835023
3.00938		0.947873
3.01038		1.08807
3.01138		1.26511
3.01238		1.4929
3.01338		1.79253
3.01438		2.19701
3.01538		2.76015
3.01638		3.57378
3.01738		4.80298
3.01838		6.76115
3.01938		10.0711
3.02038		15.9518
3.02138		26.0902
3.02238		37.9108
3.02338		37.1503
3.02438		25.036
3.02538		15.3012
3.02638		9.71236
3.02738		6.55849
3.02838		4.68374
3.02938		3.50181
3.03038		2.71682
3.03138		2.17224
3.03238		1.78052
3.03338		1.4902
3.03438		1.26956
3.03538		1.0983
3.03638		0.962979
3.03738		0.854414
3.03838		0.766179
3.03938		0.693673
3.04038		0.633531
3.04138		0.583255
3.04238		0.540955
3.04338		0.505187
3.04438		0.474832
3.04538		0.449011
3.04638		0.427033
3.04738		0.408348
3.04838		0.392513
3.04938		0.379175
3.05038		0.36805
3.05138		0.358908
3.05238		0.351569
3.05338		0.345888
3.05438		0.341755
3.05538		0.339089
3.05638		0.337834
3.05738		0.337959
3.05838		0.339453
3.05938		0.34233
3.06038		0.346626
3.06138		0.352399
3.06238		0.359735
3.06338		0.368749
3.06438		0.379586
3.06538		0.392434
3.06638		0.407525
3.06738		0.425147
3.06838		0.44566
3.06938		0.469508
3.07038		0.497248
3.07138		0.529578
3.07238		0.56738
3.07338		0.611778
3.07438		0.664225
3.07538		0.726616
3.07638		0.801457
3.07738		0.892118
3.07838		1.00321
3.07938		1.14117
3.08038		1.31518
3.08138		1.5387
3.08238		1.83204
3.08338		2.22691
3.08438		2.7748
3.08538		3.56323
3.08638		4.74872
3.08738		6.62709
3.08838		9.78451
3.08938		15.3765
3.09038		25.1143
3.09138		37.2347
3.09238		38.0079
3.09338		26.1949
3.09438		16.0609
3.09538		10.1856
3.09638		6.88228
3.09738		4.93168
3.09838		3.71089
3.09938		2.90651
3.10038		2.35354
3.10138		1.96021
3.10238		1.67283
3.10338		1.45854
3.10438		1.29643
3.10538		1.17279
3.10638		1.07838
3.10738		1.00687
3.10838		0.953892
3.10938		0.916414
3.11038		0.892414
3.11138		0.880622
3.11238		0.880395
3.11338		0.891647
3.11438		0.914841
3.11538		0.951032
3.11638		1.00198
3.11738		1.07035
3.11838		1.15999
3.11938		1.2765
3.12038		1.42797
3.12138		1.62632
3.12238		1.88954
3.12338		2.24556
3.12438		2.73938
3.12538		3.44655
3.12638		4.50045
3.12738		6.14951
3.12838		8.88102
3.12938		13.6676
3.13038		22.1685
3.13138		34.4812
3.13238		39.7239
3.13338		29.675
3.13438		18.3942
3.13538		11.5399
3.13638		7.70899
3.13738		5.48431
3.13838		4.11658
3.13938		3.23122
3.14038		2.63393
3.14138		2.21842
3.14238		1.92359
3.14338		1.71277
3.14438		1.56329
3.14538		1.46093
3.14638		1.39684
3.14738		1.36591
3.14838		1.36587
3.14938		1.39684
3.15038		1.46146
3.15138		1.56524
3.15238		1.7176
3.15338		1.93363
3.15438		2.23746
3.15538		2.66817
3.15638		3.29132
3.15738		4.22158
3.15838		5.67011
3.15938		8.04662
3.16038		12.1716
3.16138		19.5562
3.16238		31.3014
3.16338		39.973
