-1.89152		39.7993
-1.89052		31.8416
-1.88952		19.905
-1.88852		12.2533
-1.88752		7.96841
-1.88652		5.4988
-1.88552		3.9896
-1.88452		3.01368
-1.88352		2.3513
-1.88252		1.88323
-1.88152		1.54119
-1.88052		1.28412
-1.87952		1.08629
-1.87852		0.930921
-1.87752		0.806758
-1.87652		0.706016
-1.87552		0.623184
-1.87452		0.554274
-1.87352		0.496346
-1.87252		0.447192
-1.87152		0.405134
-1.87052		0.368872
-1.86952		0.337392
-1.86852		0.309893
-1.86752		0.285731
-1.86652		0.26439
-1.86552		0.245449
-1.86452		0.228562
-1.86352		0.213443
-1.86252		0.199856
-1.86152		0.1876
-1.86052		0.176509
-1.85952		0.166439
-1.85852		0.15727
-1.85752		0.148897
-1.85652		0.141233
-1.85552		0.134199
-1.85452		0.127729
-1.85352		0.121764
-1.85252		0.116254
-1.85152		0.111154
-1.85052		0.106425
-1.84952		0.102031
-1.84852		0.0979426
-1.84752		0.0941321
-1.84652		0.0905752
-1.84552		0.0872502
-1.84452		0.0841376
-1.84352		0.0812201
-1.84252		0.0784819
-1.84152		0.0759089
-1.84052		0.0734883
-1.83952		0.0712086
-1.83852		0.0690594
-1.83752		0.067031
-1.83652		0.0651149
-1.83552		0.0633031
-1.83452		0.0615885
-1.83352		0.0599644
-1.83252		0.0584248
-1.83152		0.0569642
-1.83052		0.0555774
-1.82952		0.0542598
-1.82852		0.0530071
-1.82752		0.0518153
-1.82652		0.0506806
-1.82552		0.0495998
-1.82452		0.0485696
-1.82352		0.0475871
-1.82252		0.0466497
-1.82152		0.0457548
-1.82052		0.0449
-1.81952		0.0440833
-1.81852		0.0433025
-1.81752		0.0425557
-1.81652		0.0418413
-1.81552		0.0411575
-1.81452		0.0405028
-1.81352		0.0398757
-1.81252		0.039275
-1.81152		0.0386993
-1.81052		0.0381474
-1.80952		0.0376183
-1.80852		0.0371108
-1.80752		0.036624
-1.80652		0.036157
-1.80552		0.0357089
-1.80452		0.0352788
-1.80352		0.034866
-1.80252		0.0344698
-1.80152		0.0340894
-1.80052		0.0337242
-1.79952		0.0333737
-1.79852		0.0330371
-1.79752		0.032714
-1.79652		0.0324038
-1.79552		0.0321061
-1.79452		0.0318204
-1.79352		0.0315462
-1.79252		0.0312831
-1.79152		0.0310307
-1.79052		0.0307887
-1.78952		0.0305567
-1.78852		0.0303343
-1.78752		0.0301212
-1.78652		0.0299172
-1.78552		0.0297219
-1.78452		0.029535
-1.78352		0.0293563
-1.78252		0.0291856
-1.78152		0.0290226
-1.78052		0.0288671
-1.77952		0.0287189
-1.77852		0.0285777
-1.77752		0.0284434
-1.77652		0.0283158
-1.77552		0.0281948
-1.77452		0.0280801
-1.77352		0.0279716
-1.77252		0.0278692
-1.77152		0.0277727
-1.77052		0.0276819
-1.76952		0.0275969
-1.76852		0.0275174
-1.76752		0.0274433
-1.76652		0.0273745
-1.76552		0.027311
-1.76452		0.0272526
-1.76352		0.0271992
-1.76252		0.0271508
-1.76152		0.0271073
-1.76052		0.0270686
-1.75952		0.0270346
-1.75852		0.0270053
-1.75752		0.0269807
-1.75652		0.0269606
-1.75552		0.026945
-1.75452		0.0269338
-1.75352		0.0269272
-1.75252		0.0269249
-1.75152		0.0269269
-1.75052		0.0269333
-1.74952		0.026944
-1.74852		0.026959
-1.74752		0.0269782
-1.74652		0.0270017
-1.74552		0.0270294
-1.74452		0.0270614
-1.74352		0.0270976
-1.74252		0.027138
-1.74152		0.0271827
-1.74052		0.0272316
-1.73952		0.0272848
-1.73852		0.0273422
-1.73752		0.027404
-1.73652		0.02747
-1.73552		0.0275404
-1.73452		0.0276152
-1.73352		0.0276944
-1.73252		0.027778
-1.73152		0.0278661
-1.73052		0.0279588
-1.72952		0.028056
-1.72852		0.0281579
-1.72752		0.0282645
-1.72652		0.0283758
-1.72552		0.028492
-1.72452		0.0286131
-1.72352		0.0287392
-1.72252		0.0288703
-1.72152		0.0290066
-1.72052		0.0291482
-1.71952		0.0292951
-1.71852		0.0294475
-1.71752		0.0296055
-1.71652		0.0297691
-1.71552		0.0299386
-1.71452		0.030114
-1.71352		0.0302955
-1.71252		0.0304832
-1.71152		0.0306773
-1.71052		0.0308779
-1.70952		0.0310853
-1.70852		0.0312996
-1.70752		0.0315209
-1.70652		0.0317496
-1.70552		0.0319857
-1.70452		0.0322295
-1.70352		0.0324813
-1.70252		0.0327412
-1.70152		0.0330096
-1.70052		0.0332867
-1.69952		0.0335728
-1.69852		0.0338682
-1.69752		0.0341732
-1.69652		0.0344881
-1.69552		0.0348132
-1.69452		0.035149
-1.69352		0.0354959
-1.69252		0.0358541
-1.69152		0.0362242
-1.69052		0.0366066
-1.68952		0.0370018
-1.68852		0.0374103
-1.68752		0.0378325
-1.68652		0.0382692
-1.68552		0.0387208
-1.68452		0.039188
-1.68352		0.0396714
-1.68252		0.0401717
-1.68152		0.0406898
-1.68052		0.0412263
-1.67952		0.0417821
-1.67852		0.0423581
-1.67752		0.0429553
-1.67652		0.0435745
-1.67552		0.0442169
-1.67452		0.0448837
-1.67352		0.0455759
-1.67252		0.046295
-1.67152		0.0470422
-1.67052		0.047819
-1.66952		0.048627
-1.66852		0.0494678
-1.66752		0.0503432
-1.66652		0.0512551
-1.66552		0.0522056
-1.66452		0.0531968
-1.66352		0.0542311
-1.66252		0.0553111
-1.66152		0.0564394
-1.66052		0.057619
-1.65952		0.058853
-1.65852		0.0601449
-1.65752		0.0614983
-1.65652		0.0629173
-1.65552		0.0644062
-1.65452		0.0659697
-1.65352		0.0676128
-1.65252		0.0693412
-1.65152		0.071161
-1.65052		0.0730786
-1.64952		0.0751014
-1.64852		0.0772373
-1.64752		0.0794949
-1.64652		0.0818838
-1.64552		0.0844145
-1.64452		0.0870986
-1.64352		0.0899487
-1.64252		0.0929792
-1.64152		0.0962057
-1.64052		0.0996456
-1.63952		0.103319
-1.63852		0.107246
-1.63752		0.111453
-1.63652		0.115965
-1.63552		0.120815
-1.63452		0.126037
-1.63352		0.13167
-1.63252		0.137759
-1.63152		0.144355
-1.63052		0.151516
-1.62952		0.159309
-1.62852		0.167812
-1.62752		0.177113
-1.62652		0.187316
-1.62552		0.198544
-1.62452		0.210937
-1.62352		0.224664
-1.62252		0.239925
-1.62152		0.256957
-1.62052		0.276046
-1.61952		0.297538
-1.61852		0.321855
-1.61752		0.349514
-1.61652		0.381158
-1.61552		0.41759
-1.61452		0.459826
-1.61352		0.509166
-1.61252		0.567292
-1.61152		0.636414
-1.61052		0.719476
-1.60952		0.820473
-1.60852		0.944925
-1.60752		1.10063
-1.60652		1.29887
-1.60552		1.55644
-1.60452		1.89915
-1.60352		2.36815
-1.60252		3.03189
-1.60152		4.00996
-1.60052		5.52278
-1.59952		7.99893
-1.59852		12.2962
-1.59752		19.9692
-1.59652		31.9196
-1.59552		39.8146
-1.59452		31.7945
-1.59352		19.8718
-1.59252		12.2415
-1.59152		7.96883
-1.59052		5.5057
-1.58952		4.00008
-1.58852		3.02627
-1.58752		2.36523
-1.58652		1.89807
-1.58552		1.55669
-1.58452		1.30012
-1.58352		1.10269
-1.58252		0.947667
-1.58152		0.823803
-1.58052		0.723333
-1.57952		0.640752
-1.57852		0.572082
-1.57752		0.514384
-1.57652		0.465455
-1.57552		0.423619
-1.57452		0.387578
-1.57352		0.356319
-1.57252		0.329041
-1.57152		0.305103
-1.57052		0.283989
-1.56952		0.265277
-1.56852		0.248623
-1.56752		0.233742
-1.56652		0.220396
-1.56552		0.208386
-1.56452		0.197546
-1.56352		0.187733
-1.56252		0.178826
-1.56152		0.170722
-1.56052		0.163332
-1.55952		0.156579
-1.55852		0.150396
-1.55752		0.144726
-1.55652		0.139518
-1.55552		0.134728
-1.55452		0.130316
-1.55352		0.126248
-1.55252		0.122495
-1.55152		0.119027
-1.55052		0.115823
-1.54952		0.11286
-1.54852		0.11012
-1.54752		0.107584
-1.54652		0.105239
-1.54552		0.103071
-1.54452		0.101066
-1.54352		0.0992148
-1.54252		0.0975063
-1.54152		0.0959319
-1.54052		0.0944833
-1.53952		0.0931534
-1.53852		0.0919355
-1.53752		0.0908236
-1.53652		0.0898124
-1.53552		0.0888971
-1.53452		0.0880732
-1.53352		0.087337
-1.53252		0.0866849
-1.53152		0.0861138
-1.53052		0.0856211
-1.52952		0.0852042
-1.52852		0.0848612
-1.52752		0.0845902
-1.52652		0.0843897
-1.52552		0.0842585
-1.52452		0.0841955
-1.52352		0.0842001
-1.52252		0.0842717
-1.52152		0.0844102
-1.52052		0.0846154
-1.51952		0.0848876
-1.51852		0.0852273
-1.51752		0.0856352
-1.51652		0.0861121
-1.51552		0.0866594
-1.51452		0.0872785
-1.51352		0.087971
-1.51252		0.0887392
-1.51152		0.0895852
-1.51052		0.0905117
-1.50952		0.0915217
-1.50852		0.0926186
-1.50752		0.0938061
-1.50652		0.0950884
-1.50552		0.0964702
-1.50452		0.0979566
-1.50352		0.0995534
-1.50252		0.101267
-1.50152		0.103104
-1.50052		0.105072
-1.49952		0.107181
-1.49852		0.109439
-1.49752		0.111857
-1.49652		0.114446
-1.49552		0.117221
-1.49452		0.120194
-1.49352		0.123383
-1.49252		0.126804
-1.49152		0.130479
-1.49052		0.134429
-1.48952		0.13868
-1.48852		0.14326
-1.48752		0.148201
-1.48652		0.153539
-1.48552		0.159316
-1.48452		0.165577
-1.48352		0.172378
-1.48252		0.179777
-1.48152		0.187847
-1.48052		0.196667
-1.47952		0.206333
-1.47852		0.216954
-1.47752		0.228657
-1.47652		0.241595
-1.47552		0.255944
-1.47452		0.271917
-1.47352		0.289768
-1.47252		0.309801
-1.47152		0.332388
-1.47052		0.35798
-1.46952		0.387135
-1.46852		0.420547
-1.46752		0.459086
-1.46652		0.503857
-1.46552		0.55628
-1.46452		0.618201
-1.46352		0.692055
-1.46252		0.781108
-1.46152		0.889818
-1.46052		1.02439
-1.45952		1.19366
-1.45852		1.41052
-1.45752		1.69439
-1.45652		2.07546
-1.45552		2.60253
-1.45452		3.35814
-1.45352		4.48906
-1.45252		6.27112
-1.45152		9.24873
-1.45052		14.5021
-1.44952		23.7407
-1.44852		36.0536
-1.44752		38.6661
-1.44652		27.3924
-1.44552		16.7743
-1.44452		10.5185
-1.44352		7.00824
-1.44252		4.94522
-1.44152		3.6587
-1.44052		2.81212
-1.43952		2.22925
-1.43852		1.81259
-1.43752		1.5053
-1.43652		1.2727
-1.43552		1.09272
-1.43452		0.950835
-1.43352		0.83718
-1.43252		0.744883
-1.43152		0.669041
-1.43052		0.606082
-1.42952		0.55336
-1.42852		0.508878
-1.42752		0.471114
-1.42652		0.438885
-1.42552		0.411267
-1.42452		0.387531
-1.42352		0.367093
-1.42252		0.349485
-1.42152		0.334328
-1.42052		0.321315
-1.41952		0.310195
-1.41852		0.300765
-1.41752		0.292857
-1.41652		0.286338
-1.41552		0.281101
-1.41452		0.27706
-1.41352		0.274152
-1.41252		0.27233
-1.41152		0.271565
-1.41052		0.271843
-1.40952		0.273165
-1.40852		0.275548
-1.40752		0.279025
-1.40652		0.283645
-1.40552		0.289476
-1.40452		0.296606
-1.40352		0.305148
-1.40252		0.315242
-1.40152		0.327059
-1.40052		0.340812
-1.39952		0.35676
-1.39852		0.375223
-1.39752		0.396594
-1.39652		0.421359
-1.39552		0.450125
-1.39452		0.483653
-1.39352		0.522908
-1.39252		0.569124
-1.39152		0.623898
-1.39052		0.689325
-1.38952		0.768193
-1.38852		0.864274
-1.38752		0.982764
-1.38652		1.13097
-1.38552		1.31944
-1.38452		1.56377
-1.38352		1.8878
-1.38252		2.32925
-1.38152		2.95041
-1.38052		3.85907
-1.37952		5.25199
-1.37852		7.50836
-1.37752		11.3864
-1.37652		18.3159
-1.37552		29.6686
-1.37452		39.5671
-1.37352		34.0697
-1.37252		21.7785
-1.37152		13.3557
-1.37052		8.61626
-1.36952		5.90875
-1.36852		4.27131
-1.36752		3.22228
-1.36652		2.51583
-1.36552		2.01989
-1.36452		1.65948
-1.36352		1.38989
-1.36252		1.18328
-1.36152		1.02163
-1.36052		0.892884
-1.35952		0.78877
-1.35852		0.70344
-1.35752		0.632683
-1.35652		0.573402
-1.35552		0.52328
-1.35452		0.48056
-1.35352		0.443886
-1.35252		0.4122
-1.35152		0.384669
-1.35052		0.360627
-1.34952		0.339541
-1.34852		0.320974
-1.34752		0.304572
-1.34652		0.290043
-1.34552		0.277142
-1.34452		0.265669
-1.34352		0.255452
-1.34252		0.246349
-1.34152		0.238239
-1.34052		0.231019
-1.33952		0.224602
-1.33852		0.218913
-1.33752		0.21389
-1.33652		0.209477
-1.33552		0.20563
-1.33452		0.202308
-1.33352		0.199479
-1.33252		0.197116
-1.33152		0.195196
-1.33052		0.193701
-1.32952		0.192617
-1.32852		0.191934
-1.32752		0.191645
-1.32652		0.191747
-1.32552		0.192241
-1.32452		0.19313
-1.32352		0.194421
-1.32252		0.196126
-1.32152		0.198259
-1.32052		0.200838
-1.31952		0.203889
-1.31852		0.207438
-1.31752		0.21152
-1.31652		0.216176
-1.31552		0.221453
-1.31452		0.227406
-1.31352		0.234102
-1.31252		0.241617
-1.31152		0.250042
-1.31052		0.259484
-1.30952		0.270067
-1.30852		0.28194
-1.30752		0.29528
-1.30652		0.310297
-1.30552		0.327245
-1.30452		0.346429
-1.30352		0.36822
-1.30252		0.393073
-1.30152		0.421551
-1.30052		0.454351
-1.29952		0.492354
-1.29852		0.536677
-1.29752		0.588755
-1.29652		0.650459
-1.29552		0.724259
-1.29452		0.813472
-1.29352		0.922626
-1.29252		1.05804
-1.29152		1.2287
-1.29052		1.44779
-1.28952		1.73514
-1.28852		2.12167
-1.28752		2.65746
-1.28652		3.42743
-1.28552		4.58302
-1.28452		6.40958
-1.28352		9.4715
-1.28252		14.8853
-1.28152		24.3652
-1.28052		36.6036
-1.27952		38.3226
-1.27852		26.7575
-1.27752		16.3701
-1.27652		10.2993
-1.27552		6.88811
-1.27452		4.87692
-1.27352		3.61868
-1.27252		2.78831
-1.27152		2.2151
-1.27052		1.80436
-1.26952		1.50074
-1.26852		1.27037
-1.26752		1.09168
-1.26652		0.950435
-1.26552		0.836955
-1.26452		0.744486
-1.26352		0.668202
-1.26252		0.604582
-1.26152		0.551013
-1.26052		0.505521
-1.25952		0.466595
-1.25852		0.433062
-1.25752		0.404
-1.25652		0.378678
-1.25552		0.35651
-1.25452		0.337021
-1.25352		0.319823
-1.25252		0.304599
-1.25152		0.291083
-1.25052		0.279058
-1.24952		0.268339
-1.24852		0.258771
-1.24752		0.250222
-1.24652		0.24258
-1.24552		0.235751
-1.24452		0.229653
-1.24352		0.224215
-1.24252		0.219377
-1.24152		0.215087
-1.24052		0.2113
-1.23952		0.207975
-1.23852		0.205081
-1.23752		0.202588
-1.23652		0.20047
-1.23552		0.198707
-1.23452		0.19728
-1.23352		0.196174
-1.23252		0.195375
-1.23152		0.194875
-1.23052		0.194663
-1.22952		0.194735
-1.22852		0.195087
-1.22752		0.195716
-1.22652		0.196622
-1.22552		0.197807
-1.22452		0.199273
-1.22352		0.201027
-1.22252		0.203076
-1.22152		0.205428
-1.22052		0.208097
-1.21952		0.211095
-1.21852		0.21444
-1.21752		0.21815
-1.21652		0.222249
-1.21552		0.226763
-1.21452		0.231722
-1.21352		0.237161
-1.21252		0.243119
-1.21152		0.249643
-1.21052		0.256786
-1.20952		0.264609
-1.20852		0.273183
-1.20752		0.282589
-1.20652		0.292922
-1.20552		0.304294
-1.20452		0.316835
-1.20352		0.330698
-1.20252		0.346063
-1.20152		0.363147
-1.20052		0.382206
-1.19952		0.403552
-1.19852		0.42756
-1.19752		0.45469
-1.19652		0.485508
-1.19552		0.520718
-1.19452		0.561205
-1.19352		0.608089
-1.19252		0.662812
-1.19152		0.727245
-1.19052		0.803864
-1.18952		0.895983
-1.18852		1.00813
-1.18752		1.14661
-1.18652		1.32042
-1.18552		1.54268
-1.18452		1.83318
-1.18352		2.22275
-1.18252		2.76129
-1.18152		3.53336
-1.18052		4.68972
-1.17952		6.51429
-1.17852		9.56843
-1.17752		14.9633
-1.17652		24.4126
-1.17552		36.6707
-1.17452		38.5306
-1.17352		27.0127
-1.17252		16.5976
-1.17152		10.5071
-1.17052		7.08949
-1.16952		5.0794
-1.16852		3.82636
-1.16752		3.00366
-1.16652		2.43985
-1.16552		2.03989
-1.16452		1.74833
-1.16352		1.53127
-1.16252		1.36718
-1.16152		1.24192
-1.16052		1.14595
-1.15952		1.07267
-1.15852		1.01745
-1.15752		0.977006
-1.15652		0.949017
-1.15552		0.931841
-1.15452		0.924368
-1.15352		0.925905
-1.15252		0.936107
-1.15152		0.954942
-1.15052		0.982673
-1.14952		1.01987
-1.14852		1.06745
-1.14752		1.12672
-1.14652		1.19945
-1.14552		1.28807
-1.14452		1.39577
-1.14352		1.52687
-1.14252		1.6872
-1.14152		1.8847
-1.14052		2.13046
-1.13952		2.44016
-1.13852		2.8366
-1.13752		3.35375
-1.13652		4.04397
-1.13552		4.99085
-1.13452		6.33382
-1.13352		8.31699
-1.13252		11.3915
-1.13152		16.436
-1.13052		25.2054
-1.12952		40.8099
-1.12852		64.552
-1.12752		79.1597
-1.12652		63.1727
-1.12552		39.7185
-1.12452		24.6038
-1.12352		16.1253
-1.12252		11.2397
-1.12152		8.25767
-1.12052		6.33397
-1.11952		5.03352
-1.11852		4.12029
-1.11752		3.45919
-1.11652		2.96912
-1.11552		2.59935
-1.11452		2.31705
-1.11352		2.10038
-1.11252		1.93451
-1.11152		1.80929
-1.11052		1.71777
-1.10952		1.65535
-1.10852		1.61925
-1.10752		1.60819
-1.10652		1.62234
-1.10552		1.66333
-1.10452		1.73458
-1.10352		1.84178
-1.10252		1.99389
-1.10152		2.20465
-1.10052		2.49548
-1.09952		2.90041
-1.09852		3.47543
-1.09752		4.31665
-1.09652		5.59766
-1.09552		7.64941
-1.09452		11.1307
-1.09352		17.3205
-1.09252		27.8598
-1.09152		39.3495
-1.09052		37.2796
-1.08952		25.0905
-1.08852		15.8378
-1.08752		10.6458
-1.08652		7.81322
-1.08552		6.25736
-1.08452		5.44921
-1.08352		5.14929
-1.08252		5.27723
-1.08152		5.86966
-1.08052		7.09926
-1.07952		9.36773
-1.07852		13.5205
-1.07752		21.1073
-1.07652		32.9776
-1.07552		40.6168
-1.07452		32.3613
-1.07352		20.4086
-1.07252		12.7756
-1.07152		8.48524
-1.07052		5.99626
-1.06952		4.46277
-1.06852		3.46182
-1.06752		2.77541
-1.06652		2.28494
-1.06552		1.9223
-1.06452		1.64641
-1.06352		1.4314
-1.06252		1.26036
-1.06152		1.1219
-1.06052		1.00809
-1.05952		0.913297
-1.05852		0.833417
-1.05752		0.765412
-1.05652		0.706987
-1.05552		0.656386
-1.05452		0.612241
-1.05352		0.573477
-1.05252		0.539238
-1.05152		0.508836
-1.05052		0.481712
-1.04952		0.457406
-1.04852		0.435541
-1.04752		0.415801
-1.04652		0.397923
-1.04552		0.381684
-1.04452		0.366895
-1.04352		0.353395
-1.04252		0.341046
-1.04152		0.329729
-1.04052		0.319342
-1.03952		0.309795
-1.03852		0.301011
-1.03752		0.292921
-1.03652		0.285465
-1.03552		0.278593
-1.03452		0.272257
-1.03352		0.266417
-1.03252		0.261036
-1.03152		0.256083
-1.03052		0.25153
-1.02952		0.247352
-1.02852		0.243526
-1.02752		0.240034
-1.02652		0.236857
-1.02552		0.233982
-1.02452		0.231394
-1.02352		0.229084
-1.02252		0.22704
-1.02152		0.225255
-1.02052		0.223722
-1.01952		0.222436
-1.01852		0.221392
-1.01752		0.220589
-1.01652		0.220025
-1.01552		0.219699
-1.01452		0.219613
-1.01352		0.21977
-1.01252		0.220172
-1.01152		0.220826
-1.01052		0.221739
-1.00952		0.222919
-1.00852		0.224375
-1.00752		0.226122
-1.00652		0.228171
-1.00552		0.230541
-1.00452		0.233251
-1.00352		0.236323
-1.00252		0.239782
-1.00152		0.243657
-1.00052		0.247983
-0.999521		0.252798
-0.998521		0.258146
-0.997521		0.264079
-0.996521		0.270655
-0.995521		0.277944
-0.994521		0.286022
-0.993521		0.294984
-0.992521		0.304936
-0.991521		0.316003
-0.990521		0.328335
-0.989521		0.342106
-0.988521		0.357526
-0.987521		0.374845
-0.986521		0.394363
-0.985521		0.416446
-0.984521		0.441541
-0.983521		0.470198
-0.982521		0.503101
-0.981521		0.541107
-0.980521		0.585307
-0.979521		0.637098
-0.978521		0.698296
-0.977521		0.771297
-0.976521		0.859309
-0.975521		0.966706
-0.974521		1.09957
-0.973521		1.26654
-0.972521		1.48024
-0.971521		1.75958
-0.970521		2.13396
-0.969521		2.65076
-0.968521		3.38987
-0.967521		4.49298
-0.966521		6.22541
-0.965521		9.10967
-0.964521		14.1853
-0.963521		23.1488
-0.962521		35.4997
-0.961521		39.1117
-0.960521		28.2326
-0.959521		17.358
-0.958521		10.8841
-0.957521		7.25625
-0.956521		5.13175
-0.955521		3.81172
-0.954521		2.94598
-0.953521		2.35168
-0.952521		1.92803
-0.951521		1.61644
-0.950521		1.38122
-0.949521		1.19976
-0.948521		1.05717
-0.947521		0.94337
-0.946521		0.851361
-0.945521		0.776144
-0.944521		0.714088
-0.943521		0.662508
-0.942521		0.619383
-0.941521		0.583174
-0.940521		0.552692
-0.939521		0.527011
-0.938521		0.505402
-0.937521		0.48729
-0.936521		0.472214
-0.935521		0.45981
-0.934521		0.449787
-0.933521		0.441915
-0.932521		0.436013
-0.931521		0.431945
-0.930521		0.429608
-0.929521		0.428936
-0.928521		0.42989
-0.927521		0.43246
-0.926521		0.436665
-0.925521		0.44255
-0.924521		0.450195
-0.923521		0.459707
-0.922521		0.471236
-0.921521		0.484971
-0.920521		0.501155
-0.919521		0.520092
-0.918521		0.542162
-0.917521		0.567843
-0.916521		0.59773
-0.915521		0.632578
-0.914521		0.673344
-0.913521		0.721254
-0.912521		0.7779
-0.911521		0.845368
-0.910521		0.926432
-0.909521		1.02485
-0.908521		1.14579
-0.907521		1.29652
-0.906521		1.48752
-0.905521		1.73428
-0.904521		2.06046
-0.903521		2.50346
-0.902521		3.12497
-0.901521		4.03166
-0.900521		5.41801
-0.899521		7.65843
-0.898521		11.5014
-0.897521		18.3629
-0.896521		29.65
-0.895521		39.7304
-0.894521		34.5314
-0.893521		22.2285
-0.892521		13.7296
-0.891521		8.94815
-0.890521		6.22416
-0.889521		4.58374
-0.888521		3.53904
-0.887521		2.84137
-0.886521		2.35729
-0.885521		2.01125
-0.884521		1.75831
-0.883521		1.57062
-0.882521		1.43029
-0.881521		1.32553
-0.880521		1.24839
-0.879521		1.19348
-0.878521		1.15717
-0.877521		1.13709
-0.876521		1.13185
-0.875521		1.14087
-0.874521		1.16431
-0.873521		1.2031
-0.872521		1.25902
-0.871521		1.33493
-0.870521		1.43511
-0.869521		1.56585
-0.868521		1.73641
-0.867521		1.9606
-0.866521		2.25954
-0.865521		2.66645
-0.864521		3.23571
-0.863521		4.06029
-0.862521		5.30761
-0.861521		7.29599
-0.860521		10.6584
-0.859521		16.6312
-0.858521		26.8902
-0.857521		38.6258
-0.856521		37.4771
-0.855521		25.3266
-0.854521		15.7253
-0.853521		10.2403
-0.852521		7.15877
-0.851521		5.34206
-0.850521		4.21397
-0.849521		3.48398
-0.848521		2.99873
-0.847521		2.67309
-0.846521		2.45776
-0.845521		2.32341
-0.844521		2.25256
-0.843521		2.23527
-0.842521		2.26694
-0.841521		2.34729
-0.840521		2.48007
-0.839521		2.67366
-0.838521		2.94245
-0.837521		3.30961
-0.836521		3.81218
-0.835521		4.51051
-0.834521		5.50662
-0.833521		6.98124
-0.832521		9.27233
-0.831521		13.0423
-0.830521		19.5758
-0.829521		30.6665
-0.828521		43.8975
-0.827521		45.3687
-0.826521		37.1818
-0.825521		34.4748
-0.824521		40.3455
-0.823521		47.1496
-0.822521		39.8315
-0.821521		26.5159
-0.820521		17.5213
-0.819521		12.4995
-0.818521		9.73793
-0.817521		8.26437
-0.816521		7.63007
-0.815521		7.67889
-0.814521		8.46521
-0.813521		10.2899
-0.812521		13.8717
-0.811521		20.6236
-0.810521		31.8538
-0.809521		41.3892
-0.808521		35.4471
-0.807521		23.0918
-0.806521		14.6981
-0.805521		9.97154
-0.804521		7.26927
-0.803521		5.64231
-0.802521		4.61632
-0.801521		3.95023
-0.800521		3.51628
-0.799521		3.24466
-0.798521		3.09776
-0.797521		3.05797
-0.796521		3.12261
-0.795521		3.30322
-0.794521		3.6291
-0.793521		4.15657
-0.792521		4.9892
-0.791521		6.32082
-0.790521		8.52871
-0.789521		12.3703
-0.788521		19.2752
-0.787521		30.6112
-0.786521		40.4777
-0.785521		34.9454
-0.784521		22.6543
-0.783521		14.2441
-0.782521		9.52139
-0.781521		6.83603
-0.780521		5.22797
-0.779521		4.21719
-0.778521		3.55961
-0.777521		3.12528
-0.776521		2.84203
-0.775521		2.66891
-0.774521		2.58324
-0.773521		2.57428
-0.772521		2.64038
-0.771521		2.78859
-0.770521		3.03633
-0.769521		3.41594
-0.768521		3.98417
-0.767521		4.84146
-0.766521		6.17205
-0.765521		8.33038
-0.764521		12.0246
-0.763521		18.612
-0.762521		29.6296
-0.761521		40.4851
-0.760521		36.7304
-0.759521		24.5562
-0.758521		15.9104
-0.757521		11.212
-0.756521		8.81082
-0.755521		7.74784
-0.754521		7.62769
-0.753521		8.41177
-0.752521		10.3957
-0.751521		14.3727
-0.750521		21.8663
-0.749521		33.6615
-0.748521		41.0569
-0.747521		32.5867
-0.746521		20.6228
-0.745521		13.0048
-0.744521		8.71433
-0.743521		6.21643
-0.742521		4.67117
-0.741521		3.65827
-0.740521		2.96071
-0.739521		2.46022
-0.738521		2.08872
-0.737521		1.80504
-0.736521		1.58323
-0.735521		1.40626
-0.734521		1.26262
-0.733521		1.14431
-0.732521		1.04559
-0.731521		0.962309
-0.730521		0.891364
-0.729521		0.830413
-0.728521		0.777658
-0.727521		0.731698
-0.726521		0.691429
-0.725521		0.655972
-0.724521		0.624619
-0.723521		0.596795
-0.722521		0.572029
-0.721521		0.549933
-0.720521		0.530185
-0.719521		0.512516
-0.718521		0.496702
-0.717521		0.482553
-0.716521		0.469908
-0.715521		0.458635
-0.714521		0.448619
-0.713521		0.439766
-0.712521		0.431995
-0.711521		0.42524
-0.710521		0.419449
-0.709521		0.414578
-0.708521		0.410594
-0.707521		0.407475
-0.706521		0.405206
-0.705521		0.403782
-0.704521		0.403208
-0.703521		0.403495
-0.702521		0.404667
-0.701521		0.406756
-0.700521		0.409806
-0.699521		0.413874
-0.698521		0.41903
-0.697521		0.425363
-0.696521		0.432978
-0.695521		0.442005
-0.694521		0.452601
-0.693521		0.464955
-0.692521		0.479297
-0.691521		0.495905
-0.690521		0.515122
-0.689521		0.537363
-0.688521		0.563148
-0.687521		0.593118
-0.686521		0.628082
-0.685521		0.669064
-0.684521		0.717376
-0.683521		0.774721
-0.682521		0.84334
-0.681521		0.926223
-0.680521		1.02743
-0.679521		1.15258
-0.678521		1.30962
-0.677521		1.51009
-0.676521		1.77115
-0.675521		2.11925
-0.674521		2.59668
-0.673521		3.27391
-0.672521		4.27444
-0.671521		5.82661
-0.670521		8.37553
-0.669521		12.8118
-0.668521		20.7244
-0.667521		32.8146
-0.666521		39.98
-0.665521		31.2922
-0.664521		19.5366
-0.663521		12.1407
-0.662521		8.00229
-0.661521		5.61017
-0.660521		4.14389
-0.659521		3.19352
-0.658521		2.54757
-0.657521		2.09088
-0.656521		1.75733
-0.655521		1.50705
-0.654521		1.31498
-0.653521		1.16477
-0.652521		1.04543
-0.651521		0.949351
-0.650521		0.87114
-0.649521		0.806899
-0.648521		0.753754
-0.647521		0.709551
-0.646521		0.672654
-0.645521		0.641807
-0.644521		0.616031
-0.643521		0.594558
-0.642521		0.576784
-0.641521		0.562227
-0.640521		0.550506
-0.639521		0.541316
-0.638521		0.534416
-0.637521		0.529619
-0.636521		0.52678
-0.635521		0.525792
-0.634521		0.526581
-0.633521		0.529102
-0.632521		0.533338
-0.631521		0.539298
-0.630521		0.547016
-0.629521		0.556554
-0.628521		0.567999
-0.627521		0.581472
-0.626521		0.597123
-0.625521		0.615144
-0.624521		0.635769
-0.623521		0.659283
-0.622521		0.686034
-0.621521		0.716447
-0.620521		0.751038
-0.619521		0.790436
-0.618521		0.835417
-0.617521		0.886941
-0.616521		0.9462
-0.615521		1.0147
-0.614521		1.09435
-0.613521		1.18759
-0.612521		1.29763
-0.611521		1.42868
-0.610521		1.58642
-0.609521		1.77859
-0.608521		2.01605
-0.607521		2.31436
-0.606521		2.69642
-0.605521		3.19717
-0.604521		3.8718
-0.603521		4.81161
-0.602521		6.17531
-0.601521		8.25466
-0.600521		11.6148
-0.599521		17.3667
-0.598521		27.3246
-0.597521		41.1558
-0.596521		47.0684
-0.595521		40.3167
-0.594521		36.9299
-0.593521		42.287
-0.592521		47.2199
-0.591521		37.7733
-0.590521		24.4084
-0.589521		15.7003
-0.588521		10.7168
-0.587521		7.77635
-0.586521		5.93787
-0.585521		4.72479
-0.584521		3.88835
-0.583521		3.29142
-0.582521		2.8543
-0.581521		2.52843
-0.580521		2.28306
-0.579521		2.09813
-0.578521		1.96031
-0.577521		1.86072
-0.576521		1.79354
-0.575521		1.75525
-0.574521		1.74419
-0.573521		1.76037
-0.572521		1.80556
-0.571521		1.88357
-0.570521		2.00086
-0.569521		2.16771
-0.568521		2.40011
-0.567521		2.72331
-0.566521		3.17806
-0.565521		3.83261
-0.564521		4.80653
-0.563521		6.32056
-0.562521		8.80415
-0.561521		13.1168
-0.560521		20.8154
-0.559521		32.7923
-0.558521		40.6763
-0.557521		32.6526
-0.556521		20.7772
-0.555521		13.2075
-0.554521		9.00147
-0.553521		6.61537
-0.552521		5.20224
-0.551521		4.34194
-0.550521		3.82248
-0.549521		3.5347
-0.548521		3.42464
-0.547521		3.47269
-0.546521		3.68653
-0.545521		4.10388
-0.544521		4.80646
-0.543521		5.95374
-0.542521		7.85805
-0.541521		11.1473
-0.540521		17.0532
-0.539521		27.2505
-0.538521		38.9538
-0.537521		37.8104
-0.536521		25.6311
-0.535521		15.9865
-0.534521		10.4644
-0.533521		7.35142
-0.532521		5.50673
-0.531521		4.35263
-0.530521		3.59768
-0.529521		3.08791
-0.528521		2.73769
-0.527521		2.49727
-0.526521		2.33689
-0.525521		2.23864
-0.524521		2.19214
-0.523521		2.19234
-0.522521		2.23849
-0.521521		2.33397
-0.520521		2.48692
-0.519521		2.71193
-0.518521		3.03329
-0.517521		3.49119
-0.516521		4.15364
-0.515521		5.1403
-0.514521		6.67241
-0.513521		9.18048
-0.512521		13.5261
-0.511521		21.2685
-0.510521		33.2932
-0.509521		41.1961
-0.508521		33.2041
-0.507521		21.4143
-0.506521		13.9543
-0.505521		9.88179
-0.504521		7.66584
-0.503521		6.47815
-0.502521		5.92686
-0.501521		5.84599
-0.500521		6.20579
-0.499521		7.09696
-0.498521		8.77814
-0.497521		11.8167
-0.496521		17.3627
-0.495521		27.1165
-0.494521		39.191
-0.493521		39.7562
-0.492521		27.955
-0.491521		17.9915
-0.490521		12.3213
-0.489521		9.26558
-0.488521		7.63661
-0.487521		6.85206
-0.486521		6.65875
-0.485521		6.99178
-0.484521		7.93846
-0.483521		9.78547
-0.482521		13.1765
-0.481521		19.3975
-0.480521		30.055
-0.479521		41.394
-0.478521		38.8811
-0.477521		26.8409
-0.476521		18.0391
-0.475521		13.4182
-0.474521		11.3826
-0.473521		11.064
-0.472521		12.3262
-0.471521		15.7078
-0.470521		22.5659
-0.469521		33.9571
-0.468521		42.5825
-0.467521		35.4726
-0.466521		23.3099
-0.465521		15.3673
-0.464521		10.9968
-0.463521		8.6124
-0.462521		7.33756
-0.461521		6.76174
-0.460521		6.72158
-0.459521		7.21167
-0.458521		8.38214
-0.457521		10.6216
-0.456521		14.7669
-0.455521		22.3623
-0.454521		34.2699
-0.453521		42.0305
-0.452521		33.9208
-0.451521		22.0857
-0.450521		14.6038
-0.449521		10.5222
-0.448521		8.31405
-0.447521		7.15774
-0.446521		6.67115
-0.445521		6.70486
-0.444521		7.25951
-0.443521		8.48475
-0.442521		10.7593
-0.441521		14.8932
-0.440521		22.403
-0.439521		34.3831
-0.438521		43.3306
-0.437521		36.6246
-0.436521		25.4498
-0.435521		19.0177
-0.434521		17.0255
-0.433521		18.7493
-0.432521		24.8615
-0.431521		35.7937
-0.430521		42.878
-0.429521		34.2526
-0.428521		21.9749
-0.427521		14.0901
-0.426521		9.61206
-0.425521		6.98012
-0.424521		5.33496
-0.423521		4.24495
-0.422521		3.48631
-0.421521		2.93645
-0.420521		2.52442
-0.419521		2.20705
-0.418521		1.95693
-0.417521		1.75599
-0.416521		1.5919
-0.415521		1.45604
-0.414521		1.34221
-0.413521		1.24586
-0.412521		1.16359
-0.411521		1.09283
-0.410521		1.03157
-0.409521		0.978252
-0.408521		0.931643
-0.407521		0.890757
-0.406521		0.854795
-0.405521		0.823109
-0.404521		0.79517
-0.403521		0.770539
-0.402521		0.748855
-0.401521		0.729819
-0.400521		0.713181
-0.399521		0.698735
-0.398521		0.686312
-0.397521		0.675772
-0.396521		0.667002
-0.395521		0.659914
-0.394521		0.654441
-0.393521		0.650535
-0.392521		0.648169
-0.391521		0.647332
-0.390521		0.648034
-0.389521		0.650302
-0.388521		0.654184
-0.387521		0.659748
-0.386521		0.667089
-0.385521		0.676328
-0.384521		0.687618
-0.383521		0.70115
-0.382521		0.717161
-0.381521		0.735941
-0.380521		0.75785
-0.379521		0.783333
-0.378521		0.812941
-0.377521		0.847363
-0.376521		0.887468
-0.375521		0.934358
-0.374521		0.98945
-0.373521		1.05458
-0.372521		1.13218
-0.371521		1.2255
-0.370521		1.33895
-0.369521		1.47867
-0.368521		1.65339
-0.367521		1.87582
-0.366521		2.16503
-0.365521		2.55062
-0.364521		3.08031
-0.363521		3.83455
-0.362521		4.95605
-0.361521		6.71211
-0.360521		9.62935
-0.359521		14.7548
-0.358521		23.7882
-0.357521		36.1571
-0.356521		39.6116
-0.355521		28.6812
-0.354521		17.8819
-0.353521		11.4806
-0.352521		7.91029
-0.351521		5.83702
-0.350521		4.56776
-0.349521		3.75561
-0.348521		3.21989
-0.347521		2.86155
-0.346521		2.62372
-0.345521		2.47267
-0.344521		2.38806
-0.343521		2.35793
-0.342521		2.3759
-0.341521		2.43979
-0.340521		2.55106
-0.339521		2.71486
-0.338521		2.94067
-0.337521		3.24376
-0.336521		3.64787
-0.335521		4.18982
-0.334521		4.92793
-0.333521		5.95771
-0.332521		7.44231
-0.331521		9.67498
-0.330521		13.2117
-0.329521		19.1468
-0.328521		29.5139
-0.327521		46.3114
-0.326521		63.3153
-0.325521		68.1113
-0.324521		60.9018
-0.323521		42.896
-0.322521		27.5282
-0.321521		18.458
-0.320521		13.3619
-0.319521		10.423
-0.318521		8.7008
-0.317521		7.72946
-0.316521		7.28133
-0.315521		7.25955
-0.314521		7.65622
-0.313521		8.54885
-0.312521		10.1326
-0.311521		12.8091
-0.310521		17.3881
-0.309521		25.4786
-0.308521		39.6739
-0.307521		59.5822
-0.306521		71.9776
-0.305521		67.13
-0.304521		48.347
-0.303521		30.8224
-0.302521		20.217
-0.301521		14.2147
-0.300521		10.6988
-0.299521		8.54867
-0.298521		7.20116
-0.297521		6.36659
-0.296521		5.89466
-0.295521		5.71386
-0.294521		5.80649
-0.293521		6.20448
-0.292521		7.00442
-0.291521		8.41192
-0.290521		10.8447
-0.289521		15.1494
-0.288521		22.8776
-0.287521		35.055
-0.286521		43.8064
-0.285521		36.9335
-0.284521		26.1669
-0.283521		20.4477
-0.282521		19.6252
-0.281521		23.4545
-0.280521		32.6501
-0.279521		42.6895
-0.278521		38.8145
-0.277521		25.9748
-0.276521		16.5216
-0.275521		11.0887
-0.274521		7.94652
-0.273521		6.02074
-0.272521		4.76772
-0.271521		3.90959
-0.270521		3.29682
-0.269521		2.84427
-0.268521		2.50096
-0.267521		2.23495
-0.266521		2.02546
-0.265521		1.85855
-0.264521		1.72462
-0.263521		1.6169
-0.262521		1.5306
-0.261521		1.4623
-0.260521		1.40959
-0.259521		1.37082
-0.258521		1.34501
-0.257521		1.33169
-0.256521		1.33094
-0.255521		1.34337
-0.254521		1.37023
-0.253521		1.41353
-0.252521		1.47627
-0.251521		1.56283
-0.250521		1.67959
-0.249521		1.83584
-0.248521		2.04547
-0.247521		2.32964
-0.246521		2.72171
-0.245521		3.27628
-0.244521		4.08681
-0.243521		5.3217
-0.242521		7.30141
-0.241521		10.6635
-0.240521		16.652
-0.239521		26.9366
-0.238521		38.5988
-0.237521		37.2393
-0.236521		25.0374
-0.235521		15.4552
-0.234521		9.97117
-0.233521		6.87125
-0.232521		5.02397
-0.231521		3.85663
-0.230521		3.07992
-0.229521		2.54046
-0.228521		2.15236
-0.227521		1.86502
-0.226521		1.64726
-0.225521		1.47909
-0.224521		1.34729
-0.223521		1.24283
-0.222521		1.15942
-0.221521		1.09257
-0.220521		1.03905
-0.219521		0.996481
-0.218521		0.963107
-0.217521		0.937643
-0.216521		0.919151
-0.215521		0.906971
-0.214521		0.900666
-0.213521		0.899996
-0.212521		0.904895
-0.211521		0.915468
-0.210521		0.932001
-0.209521		0.954973
-0.208521		0.985094
-0.207521		1.02336
-0.206521		1.07111
-0.205521		1.13019
-0.204521		1.20305
-0.203521		1.29306
-0.202521		1.40485
-0.201521		1.54492
-0.200521		1.72259
-0.199521		1.9515
-0.198521		2.2523
-0.197521		2.65723
-0.196521		3.2187
-0.195521		4.02585
-0.194521		5.23837
-0.193521		7.15837
-0.192521		10.385
-0.191521		16.0965
-0.190521		25.9988
-0.189521		38.0531
-0.188521		38.3122
-0.187521		26.4122
-0.186521		16.4595
-0.185521		10.7351
-0.184521		7.54231
-0.183521		5.68672
-0.182521		4.56155
-0.181521		3.86368
-0.180521		3.43663
-0.179521		3.1979
-0.178521		3.10576
-0.177521		3.14441
-0.176521		3.31874
-0.175521		3.65588
-0.174521		4.21442
-0.173521		5.10637
-0.172521		6.54535
-0.171521		8.95197
-0.170521		13.1723
-0.169521		20.7488
-0.168521		32.6346
-0.167521		40.719
-0.166521		32.8967
-0.165521		20.9307
-0.164521		13.2386
-0.163521		8.93968
-0.162521		6.47549
-0.161521		4.98517
-0.160521		4.03899
-0.159521		3.41662
-0.158521		2.99937
-0.157521		2.72031
-0.156521		2.54056
-0.155521		2.43743
-0.154521		2.39849
-0.153521		2.41853
-0.152521		2.49838
-0.151521		2.64506
-0.150521		2.8733
-0.149521		3.20903
-0.148521		3.69631
-0.147521		4.41094
-0.146521		5.48807
-0.145521		7.18059
-0.144521		9.98532
-0.143521		14.8931
-0.142521		23.5764
-0.141521		35.996
-0.140521		40.9457
-0.139521		30.8093
-0.138521		19.811
-0.137521		13.2944
-0.136521		9.83461
-0.135521		8.06884
-0.134521		7.31941
-0.133521		7.3184
-0.132521		8.05605
-0.131521		9.7744
-0.130521		13.1044
-0.129521		19.3403
-0.128521		30.0384
-0.127521		41.0139
-0.126521		37.7366
-0.125521		25.4757
-0.124521		16.5786
-0.123521		11.6887
-0.122521		9.1362
-0.121521		7.92342
-0.120521		7.61643
-0.119521		8.12068
-0.118521		9.62646
-0.117521		12.7188
-0.116521		18.6409
-0.115521		28.9872
-0.114521		40.1332
-0.113521		37.5301
-0.112521		25.1095
-0.111521		15.7324
-0.110521		10.3717
-0.109521		7.31328
-0.108521		5.46823
-0.107521		4.28673
-0.106521		3.48986
-0.105521		2.92889
-0.104521		2.51998
-0.103521		2.21341
-0.102521		1.97831
-0.101521		1.79478
-0.100521		1.64951
-0.0995214		1.53341
-0.0985214		1.44005
-0.0975214		1.36484
-0.0965214		1.30444
-0.0955214		1.25638
-0.0945214		1.21885
-0.0935214		1.19049
-0.0925214		1.17033
-0.0915214		1.15769
-0.0905214		1.15213
-0.0895214		1.15343
-0.0885214		1.16154
-0.0875214		1.17665
-0.0865214		1.1991
-0.0855214		1.22951
-0.0845214		1.26871
-0.0835214		1.31791
-0.0825214		1.37871
-0.0815214		1.45327
-0.0805214		1.54449
-0.0795214		1.65634
-0.0785214		1.79424
-0.0775214		1.96584
-0.0765214		2.18207
-0.0755214		2.45902
-0.0745214		2.82112
-0.0735214		3.30681
-0.0725214		3.97912
-0.0715214		4.94659
-0.0705214		6.40644
-0.0695214		8.73734
-0.0685214		12.6947
-0.0675214		19.7043
-0.0665214		31.1649
-0.0655214		41.3555
-0.0645214		36.2643
-0.0635214		24.253
-0.0625214		16.1567
-0.0615214		11.8861
-0.0605214		9.84434
-0.0595214		9.16257
-0.0585214		9.5342
-0.0575214		11.0482
-0.0565214		14.2353
-0.0555214		20.3052
-0.0545214		30.9206
-0.0535214		43.0479
-0.0525214		42.362
-0.0515214		31.7396
-0.0505214		25.0167
-0.0495214		24.5722
-0.0485214		30.3829
-0.0475214		40.8539
-0.0465214		43.3415
-0.0455214		31.6916
-0.0445214		20.2373
-0.0435214		13.3415
-0.0425214		9.40407
-0.0415214		7.0475
-0.0405214		5.5505
-0.0395214		4.54836
-0.0385214		3.84859
-0.0375214		3.34373
-0.0365214		2.97056
-0.0355214		2.69013
-0.0345214		2.47749
-0.0335214		2.31618
-0.0325214		2.1951
-0.0315214		2.10666
-0.0305214		2.0457
-0.0295214		2.00881
-0.0285214		1.9939
-0.0275214		1.99999
-0.0265214		2.02712
-0.0255214		2.07631
-0.0245214		2.1497
-0.0235214		2.2508
-0.0225214		2.38496
-0.0215214		2.56002
-0.0205214		2.78758
-0.0195214		3.08499
-0.0185214		3.47885
-0.0175214		4.01128
-0.0165214		4.75179
-0.0155214		5.82076
-0.0145214		7.43826
-0.0135214		10.0293
-0.0125214		14.4412
-0.0115214		22.2186
-0.0105214		34.3766
-0.00952142		43.03
-0.00852142		35.8927
-0.00752142		24.5408
-0.00652142		17.6792
-0.00552142		14.621
-0.00452142		14.0599
-0.00352142		15.6299
-0.00252142		19.8916
-0.00152142		28.3353
-0.000521424		41.2133
0.000478576		48.1928
0.00147858		40.7354
0.00247858		33.4682
0.00347858		33.9487
0.00447858		42.0426
0.00547858		49.3571
0.00647858		42.0736
0.00747858		30.3552
0.00847858		23.8958
0.00947858		22.745
0.0104786		26.6312
0.0114786		36.0589
0.0124786		45.2394
0.0134786		39.7082
0.0144786		26.9297
0.0154786		18.062
0.0164786		13.1221
0.0174786		10.4323
0.0184786		9.01982
0.0194786		8.43584
0.0204786		8.52336
0.0214786		9.33096
0.0224786		11.1425
0.0234786		14.6371
0.0244786		21.1705
0.0254786		32.2134
0.0264786		42.7259
0.0274786		38.3856
0.0284786		26.274
0.0294786		17.9209
0.0304786		13.553
0.0314786		11.579
0.0324786		11.1519
0.0334786		12.0621
0.0344786		14.6302
0.0354786		19.8539
0.0364786		29.4314
0.0374786		42.3312
0.0384786		45.7047
0.0394786		36.4155
0.0404786		29.7568
0.0414786		30.6222
0.0424786		38.6172
0.0434786		45.8118
0.0444786		38.1056
0.0454786		24.997
0.0464786		16.2
0.0474786		11.1557
0.0484786		8.18473
0.0494786		6.32649
0.0504786		5.09552
0.0514786		4.24007
0.0524786		3.62234
0.0534786		3.16259
0.0544786		2.81238
0.0554786		2.54099
0.0564786		2.32832
0.0574786		2.16081
0.0584786		2.02916
0.0594786		1.92696
0.0604786		1.84986
0.0614786		1.795
0.0624786		1.76077
0.0634786		1.74661
0.0644786		1.75304
0.0654786		1.78171
0.0664786		1.83568
0.0674786		1.91984
0.0684786		2.04169
0.0694786		2.21263
0.0704786		2.45009
0.0714786		2.78141
0.0724786		3.25077
0.0734786		3.93254
0.0744786		4.95803
0.0754786		6.57172
0.0764786		9.25276
0.0774786		13.9584
0.0784786		22.3366
0.0794786		34.6077
0.0804786		40.2019
0.0814786		30.3613
0.0824786		18.9746
0.0834786		12.0111
0.0844786		8.11262
0.0854786		5.84432
0.0864786		4.44426
0.0874786		3.53147
0.0884786		2.90832
0.0894786		2.46661
0.0904786		2.14385
0.0914786		1.90223
0.0924786		1.7179
0.0934786		1.5753
0.0944786		1.46396
0.0954786		1.37666
0.0964786		1.30834
0.0974786		1.25539
0.0984786		1.21524
0.0994786		1.18606
0.100479		1.16655
0.101479		1.15587
0.102479		1.15355
0.103479		1.15941
0.104479		1.1736
0.105479		1.19658
0.106479		1.22916
0.107479		1.27257
0.108479		1.32858
0.109479		1.39968
0.110479		1.48931
0.111479		1.60233
0.112479		1.74558
0.113479		1.92899
0.114479		2.16723
0.115479		2.48265
0.116479		2.91045
0.117479		3.5084
0.118479		4.37572
0.119479		5.69206
0.120479		7.80098
0.121479		11.3876
0.122479		17.773
0.123479		28.5447
0.124479		39.6498
0.125479		36.5515
0.126479		24.2441
0.127479		15.1808
0.128479		10.0582
0.129479		7.17318
0.130479		5.46723
0.131479		4.40835
0.132479		3.72754
0.133479		3.28244
0.134479		2.99423
0.135479		2.81789
0.136479		2.72782
0.137479		2.71053
0.138479		2.76124
0.139479		2.88268
0.140479		3.08561
0.141479		3.39147
0.142479		3.83803
0.143479		4.49074
0.144479		5.4658
0.145479		6.97856
0.146479		9.44813
0.147479		13.7139
0.148479		21.3101
0.149479		33.2436
0.150479		41.6329
0.151479		34.1383
0.152479		22.261
0.153479		14.6501
0.154479		10.4874
0.155479		8.21153
0.156479		6.96168
0.157479		6.31681
0.158479		6.07325
0.159479		6.13872
0.160479		6.48702
0.161479		7.14309
0.162479		8.18804
0.163479		9.78608
0.164479		12.2492
0.165479		16.179
0.166479		22.7534
0.167479		34.0226
0.168479		50.9296
0.169479		64.3086
0.170479		68.3166
0.171479		78.2989
0.172479		88.1485
0.173479		78.4434
0.174479		55.257
0.175479		37.0215
0.176479		26.963
0.177479		22.2814
0.178479		21.2632
0.179479		23.7278
0.180479		30.7752
0.181479		42.7
0.182479		49.7435
0.183479		42.2504
0.184479		34.3642
0.185479		34.3166
0.186479		41.833
0.187479		47.4533
0.188479		38.1116
0.189479		24.9955
0.190479		16.4563
0.191479		11.5318
0.192479		8.58808
0.193479		6.71516
0.194479		5.45239
0.195479		4.55886
0.196479		3.90131
0.197479		3.40184
0.198479		3.01251
0.199479		2.70257
0.200479		2.4515
0.201479		2.24518
0.202479		2.07361
0.203479		1.92954
0.204479		1.80762
0.205479		1.70379
0.206479		1.61497
0.207479		1.53876
0.208479		1.47327
0.209479		1.417
0.210479		1.36878
0.211479		1.32765
0.212479		1.29284
0.213479		1.26375
0.214479		1.23988
0.215479		1.22085
0.216479		1.20637
0.217479		1.19622
0.218479		1.19027
0.219479		1.18844
0.220479		1.19071
0.221479		1.19713
0.222479		1.20783
0.223479		1.223
0.224479		1.24289
0.225479		1.26787
0.226479		1.2984
0.227479		1.33507
0.228479		1.37862
0.229479		1.42999
0.230479		1.49035
0.231479		1.5612
0.232479		1.64444
0.233479		1.74252
0.234479		1.85865
0.235479		1.99708
0.236479		2.16354
0.237479		2.36589
0.238479		2.61525
0.239479		2.92764
0.240479		3.32705
0.241479		3.85055
0.242479		4.55802
0.243479		5.55086
0.244479		7.01045
0.245479		9.28022
0.246479		13.0403
0.247479		19.6021
0.248479		30.5973
0.249479		42.3251
0.250479		40.2768
0.251479		28.7294
0.252479		20.5193
0.253479		16.6706
0.254479		15.6821
0.255479		16.8415
0.256479		20.2873
0.257479		27.076
0.258479		39.6462
0.259479		61.7181
0.260479		91.0053
0.261479		107.224
0.262479		96.7857
0.263479		68.7414
0.264479		43.5398
0.265479		28.1732
0.266479		19.3647
0.267479		14.0994
0.268479		10.7654
0.269479		8.54132
0.270479		6.99229
0.271479		5.87495
0.272479		5.04598
0.273479		4.41696
0.274479		3.93115
0.275479		3.5509
0.276479		3.25049
0.277479		3.01193
0.278479		2.8224
0.279479		2.67263
0.280479		2.55582
0.281479		2.46702
0.282479		2.4026
0.283479		2.35999
0.284479		2.33744
0.285479		2.33391
0.286479		2.34897
0.287479		2.38277
0.288479		2.43604
0.289479		2.51013
0.290479		2.6071
0.291479		2.72989
0.292479		2.88247
0.293479		3.07019
0.294479		3.30025
0.295479		3.58233
0.296479		3.92963
0.297479		4.36039
0.298479		4.90028
0.299479		5.5863
0.300479		6.47316
0.301479		7.64436
0.302479		9.23214
0.303479		11.4551
0.304479		14.6928
0.305479		19.6412
0.306479		27.6449
0.307479		41.3506
0.308479		65.2245
0.309479		100.163
0.310479		123.813
0.311479		112.501
0.312479		88.9409
0.313479		77.2248
0.314479		66.0023
0.315479		46.986
0.316479		31.9448
0.317479		23.109
0.318479		18.1823
0.319479		15.572
0.320479		14.5486
0.321479		14.9404
0.322479		17.0686
0.323479		21.9205
0.324479		31.1432
0.325479		43.3631
0.326479		45.2723
0.327479		34.3346
0.328479		25.1497
0.329479		21.099
0.330479		21.1224
0.331479		25.1522
0.332479		34.4638
0.333479		48.2666
0.334479		54.4942
0.335479		50.2983
0.336479		51.1524
0.337479		52.807
0.338479		41.367
0.339479		27.1099
0.340479		17.9167
0.341479		12.598
0.342479		9.40665
0.343479		7.37345
0.344479		6.00515
0.345479		5.04214
0.346479		4.34007
0.347479		3.81431
0.348479		3.41287
0.349479		3.1026
0.350479		2.86179
0.351479		2.67597
0.352479		2.53558
0.353479		2.43451
0.354479		2.36935
0.355479		2.33904
0.356479		2.34478
0.357479		2.39041
0.358479		2.48313
0.359479		2.63487
0.360479		2.86487
0.361479		3.20422
0.362479		3.70438
0.363479		4.45373
0.364479		5.61138
0.365479		7.47926
0.366479		10.6569
0.367479		16.3237
0.368479		26.1842
0.369479		38.1746
0.370479		38.3298
0.371479		26.3593
0.372479		16.3535
0.373479		10.5668
0.374479		7.29976
0.375479		5.35759
0.376479		4.13157
0.377479		3.31503
0.378479		2.74613
0.379479		2.33464
0.380479		2.02758
0.381479		1.79237
0.382479		1.60821
0.383479		1.46129
0.384479		1.34221
0.385479		1.24438
0.386479		1.16309
0.387479		1.09487
0.388479		1.03716
0.389479		0.988013
0.390479		0.945938
0.391479		0.909775
0.392479		0.878615
0.393479		0.851737
0.394479		0.828563
0.395479		0.808629
0.396479		0.79156
0.397479		0.777052
0.398479		0.764859
0.399479		0.754778
0.400479		0.74665
0.401479		0.740347
0.402479		0.735766
0.403479		0.732833
0.404479		0.731493
0.405479		0.731711
0.406479		0.733471
0.407479		0.736774
0.408479		0.741639
0.409479		0.7481
0.410479		0.756212
0.411479		0.766046
0.412479		0.777695
0.413479		0.791274
0.414479		0.806922
0.415479		0.824808
0.416479		0.845132
0.417479		0.868136
0.418479		0.894105
0.419479		0.923378
0.420479		0.95636
0.421479		0.993538
0.422479		1.03549
0.423479		1.08293
0.424479		1.13671
0.425479		1.19788
0.426479		1.26775
0.427479		1.34792
0.428479		1.44046
0.429479		1.54795
0.430479		1.67379
0.431479		1.8224
0.432479		1.99969
0.433479		2.21371
0.434479		2.47568
0.435479		2.80159
0.436479		3.21496
0.437479		3.75155
0.438479		4.46792
0.439479		5.45774
0.440479		6.8845
0.441479		9.05027
0.442479		12.543
0.443479		18.5141
0.444479		28.745
0.445479		42.1262
0.446479		45.6757
0.447479		36.6938
0.448479		30.3742
0.449479		31.3436
0.450479		40.0032
0.451479		53.5922
0.452479		58.7486
0.453479		56.8017
0.454479		57.229
0.455479		47.5597
0.456479		31.7069
0.457479		20.6143
0.458479		14.1786
0.459479		10.3849
0.460479		8.02177
0.461479		6.47002
0.462479		5.40705
0.463479		4.65595
0.464479		4.11445
0.465479		3.72072
0.466479		3.43608
0.467479		3.2359
0.468479		3.10449
0.469479		3.03231
0.470479		3.0144
0.471479		3.04961
0.472479		3.14045
0.473479		3.29342
0.474479		3.52011
0.475479		3.83905
0.476479		4.27924
0.477479		4.88621
0.478479		5.7331
0.479479		6.94171
0.480479		8.72412
0.481479		11.4694
0.482479		15.9289
0.483479		23.585
0.484479		36.9873
0.485479		56.9836
0.486479		72.1179
0.487479		69.4371
0.488479		51.2345
0.489479		33.1832
0.490479		22.2975
0.491479		16.4731
0.492479		13.5661
0.493479		12.5594
0.494479		13.2135
0.495479		15.953
0.496479		22.0129
0.497479		32.7021
0.498479		42.3708
0.499479		36.8826
0.500479		24.3041
0.501479		15.571
0.502479		10.6033
0.503479		7.73018
0.504479		5.96909
0.505479		4.82619
0.506479		4.04877
0.507479		3.5006
0.508479		3.10422
0.509479		2.81348
0.510479		2.5999
0.511479		2.44548
0.512479		2.33889
0.513479		2.27328
0.514479		2.24517
0.515479		2.25386
0.516479		2.30144
0.517479		2.39311
0.518479		2.53825
0.519479		2.75222
0.520479		3.0598
0.521479		3.50147
0.522479		4.14539
0.523479		5.11134
0.524479		6.62075
0.525479		9.10472
0.526479		13.4263
0.527479		21.1459
0.528479		33.1358
0.529479		40.9408
0.530479		32.842
0.531479		20.9856
0.532479		13.4454
0.533479		9.26091
0.534479		6.89283
0.535479		5.49884
0.536479		4.6622
0.537479		4.17423
0.538479		3.93009
0.539479		3.88229
0.540479		4.02175
0.541479		4.37437
0.542479		5.01096
0.543479		6.07676
0.544479		7.8596
0.545479		10.9396
0.546479		16.4671
0.547479		26.1509
0.548479		38.2411
0.549479		39.0193
0.550479		27.1969
0.551479		17.0463
0.552479		11.1642
0.553479		7.86474
0.554479		5.92765
0.555479		4.72999
0.556479		3.95903
0.557479		3.45115
0.558479		3.11671
0.559479		2.90501
0.560479		2.78745
0.561479		2.74917
0.562479		2.78517
0.563479		2.89902
0.564479		3.10374
0.565479		3.42514
0.566479		3.90908
0.567479		4.63632
0.568479		5.75294
0.569479		7.53539
0.570479		10.5308
0.571479		15.8252
0.572479		25.1298
0.573479		37.4776
0.574479		40.0159
0.575479		28.7744
0.576479		18.2941
0.577479		12.2008
0.578479		8.8805
0.579479		7.05533
0.580479		6.0804
0.581479		5.65605
0.582479		5.66454
0.583479		6.10793
0.584479		7.10921
0.585479		8.97729
0.586479		12.3752
0.587479		18.6097
0.588479		29.2581
0.589479		40.2584
0.590479		37.0689
0.591479		24.6845
0.592479		15.5539
0.593479		10.3699
0.594479		7.42762
0.595479		5.66689
0.596479		4.55417
0.597479		3.81886
0.598479		3.31686
0.599479		2.9673
0.600479		2.72267
0.601479		2.55411
0.602479		2.44371
0.603479		2.38049
0.604479		2.35813
0.605479		2.37375
0.606479		2.42745
0.607479		2.52228
0.608479		2.66477
0.609479		2.86607
0.610479		3.14421
0.611479		3.52819
0.612479		4.0655
0.613479		4.83676
0.614479		5.98537
0.615479		7.78006
0.616479		10.7502
0.617479		15.9475
0.618479		25.0748
0.619479		37.5272
0.620479		40.9993
0.621479		30.1598
0.622479		19.5376
0.623479		13.3457
0.624479		10.0214
0.625479		8.24894
0.626479		7.35826
0.627479		7.03417
0.628479		7.14338
0.629479		7.66168
0.630479		8.65668
0.631479		10.3129
0.632479		13.015
0.633479		17.5385
0.634479		25.3896
0.635479		38.6247
0.636479		54.5412
0.637479		60.1751
0.638479		60.4525
0.639479		60.6243
0.640479		49.4602
0.641479		37.0251
0.642479		31.7963
0.643479		33.9366
0.644479		42.8819
0.645479		50.9741
0.646479		44.4626
0.647479		33.2969
0.648479		27.6783
0.649479		28.0965
0.650479		34.6368
0.651479		46.1192
0.652479		50.4437
0.653479		41.4218
0.654479		34.2204
0.655479		35.0213
0.656479		43.0821
0.657479		48.3814
0.658479		38.6849
0.659479		25.9652
0.660479		17.9366
0.661479		13.5115
0.662479		11.1312
0.663479		9.98219
0.664479		9.73373
0.665479		10.3623
0.666479		12.1442
0.667479		15.8149
0.668479		22.8274
0.669479		34.3089
0.670479		43.08
0.671479		36.1093
0.672479		23.9668
0.673479		16.0221
0.674479		11.6567
0.675479		9.28135
0.676479		8.01324
0.677479		7.4321
0.678479		7.35587
0.679479		7.7394
0.680479		8.64525
0.681479		10.2652
0.682479		13.0054
0.683479		17.6894
0.684479		25.9901
0.685479		40.9735
0.686479		64.609
0.687479		80.964
0.688479		65.5178
0.689479		41.4559
0.690479		25.9041
0.691479		17.172
0.692479		12.128
0.693479		9.03594
0.694479		7.02824
0.695479		5.65868
0.696479		4.68528
0.697479		3.96946
0.698479		3.42792
0.699479		3.00835
0.700479		2.67668
0.701479		2.40997
0.702479		2.19236
0.703479		2.0126
0.704479		1.86252
0.705479		1.73609
0.706479		1.62878
0.707479		1.53713
0.708479		1.45848
0.709479		1.39071
0.710479		1.3322
0.711479		1.2816
0.712479		1.23788
0.713479		1.20016
0.714479		1.16775
0.715479		1.14009
0.716479		1.11671
0.717479		1.09725
0.718479		1.08139
0.719479		1.06891
0.720479		1.0596
0.721479		1.05333
0.722479		1.05001
0.723479		1.04957
0.724479		1.05199
0.725479		1.05728
0.726479		1.06549
0.727479		1.07671
0.728479		1.09106
0.729479		1.10871
0.730479		1.12987
0.731479		1.15481
0.732479		1.18385
0.733479		1.21739
0.734479		1.25592
0.735479		1.30001
0.736479		1.35036
0.737479		1.40784
0.738479		1.47347
0.739479		1.54853
0.740479		1.63458
0.741479		1.73355
0.742479		1.84786
0.743479		1.98058
0.744479		2.13561
0.745479		2.31797
0.746479		2.53429
0.747479		2.79332
0.748479		3.10693
0.749479		3.49146
0.750479		3.96994
0.751479		4.57558
0.752479		5.35768
0.753479		6.39182
0.754479		7.79821
0.755479		9.77645
0.756479		12.6747
0.757479		17.1337
0.758479		24.3973
0.759479		36.9375
0.760479		59.0952
0.761479		92.6438
0.762479		115.564
0.763479		99.3904
0.764479		66.0272
0.765479		41.6201
0.766479		27.7374
0.767479		19.9926
0.768479		15.5825
0.769479		13.1241
0.770479		11.9916
0.771479		11.996
0.772479		13.3138
0.773479		16.6133
0.774479		23.299
0.775479		34.5128
0.776479		43.2705
0.777479		36.3476
0.778479		24.0042
0.779479		15.8127
0.780479		11.2069
0.781479		8.57275
0.782479		6.99658
0.783479		6.02268
0.784479		5.42008
0.785479		5.06793
0.786479		4.90316
0.787479		4.89652
0.788479		5.04252
0.789479		5.35731
0.790479		5.88352
0.791479		6.70454
0.792479		7.9764
0.793479		9.99724
0.794479		13.3576
0.795479		19.2195
0.796479		29.3225
0.797479		42.0692
0.798479		43.909
0.799479		33.3187
0.800479		24.8347
0.801479		21.5734
0.802479		22.629
0.803479		28.2293
0.804479		39.2963
0.805479		50.3897
0.806479		47.4036
0.807479		38.337
0.808479		35.4421
0.809479		40.6935
0.810479		54.3525
0.811479		69.651
0.812479		75.8282
0.813479		82.3487
0.814479		84.7491
0.815479		75.6661
0.816479		55.169
0.817479		35.9351
0.818479		24.0101
0.819479		17.0828
0.820479		12.8937
0.821479		10.2227
0.822479		8.44537
0.823479		7.23096
0.824479		6.39693
0.825479		5.84079
0.826479		5.50776
0.827479		5.37626
0.828479		5.45403
0.829479		5.7836
0.830479		6.46073
0.831479		7.67746
0.832479		9.81798
0.833479		13.6611
0.834479		20.6684
0.835479		32.1021
0.836479		41.4125
0.837479		35.0874
0.838479		22.8084
0.839479		14.5631
0.840479		9.92208
0.841479		7.25906
0.842479		5.64384
0.843479		4.61138
0.844479		3.92433
0.845479		3.45548
0.846479		3.13344
0.847479		2.91691
0.848479		2.78193
0.849479		2.71551
0.850479		2.71247
0.851479		2.77429
0.852479		2.90946
0.853479		3.13553
0.854479		3.48354
0.855479		4.00696
0.856479		4.79954
0.857479		6.03206
0.858479		8.03134
0.859479		11.4491
0.860479		17.5533
0.861479		27.9934
0.862479		39.5104
0.863479		37.6166
0.864479		25.3907
0.865479		16.0085
0.866479		10.6908
0.867479		7.72781
0.868479		6.01609
0.869479		5.00319
0.870479		4.41683
0.871479		4.12294
0.872479		4.06231
0.873479		4.22527
0.874479		4.64774
0.875479		5.42628
0.876479		6.76161
0.877479		9.05971
0.878479		13.1448
0.879479		20.5357
0.880479		32.2799
0.881479		40.6996
0.882479		33.2429
0.883479		21.1525
0.884479		13.2807
0.885479		8.85759
0.886479		6.30405
0.887479		4.73975
0.888479		3.72452
0.889479		3.03226
0.890479		2.54044
0.891479		2.179
0.892479		1.90581
0.893479		1.69448
0.894479		1.52781
0.895479		1.39424
0.896479		1.28579
0.897479		1.19679
0.898479		1.12315
0.899479		1.06187
0.900479		1.01069
0.901479		0.967904
0.902479		0.932223
0.903479		0.902646
0.904479		0.878406
0.905479		0.858916
0.906479		0.843737
0.907479		0.832545
0.908479		0.82512
0.909479		0.821333
0.910479		0.821135
0.911479		0.824562
0.912479		0.831729
0.913479		0.842844
0.914479		0.858213
0.915479		0.87826
0.916479		0.903553
0.917479		0.934834
0.918479		0.973074
0.919479		1.01954
0.920479		1.07589
0.921479		1.14432
0.922479		1.22776
0.923479		1.33022
0.924479		1.4572
0.925479		1.6165
0.926479		1.81936
0.927479		2.0825
0.928479		2.43155
0.929479		2.90728
0.930479		3.57739
0.931479		4.55987
0.932479		6.07174
0.933479		8.53423
0.934479		12.7902
0.935479		20.3775
0.936479		32.2843
0.937479		40.5476
0.938479		32.9095
0.939479		20.9654
0.940479		13.2807
0.941479		9.01327
0.942479		6.60061
0.943479		5.17914
0.944479		4.3207
0.945479		3.81001
0.946479		3.53711
0.947479		3.44887
0.948479		3.52817
0.949479		3.78755
0.950479		4.27378
0.951479		5.08582
0.952479		6.41747
0.953479		8.65237
0.954479		12.5648
0.955479		19.609
0.956479		31.0782
0.957479		40.5991
0.958479		34.5383
0.959479		22.3082
0.960479		14.074
0.961479		9.4684
0.962479		6.86014
0.963479		5.31345
0.964479		4.36241
0.965479		3.77205
0.966479		3.42038
0.967479		3.24453
0.968479		3.2164
0.969479		3.33296
0.970479		3.61516
0.971479		4.11529
0.972479		4.93665
0.973479		6.27766
0.974479		8.52895
0.975479		12.4775
0.976479		19.5935
0.977479		31.1196
0.978479		40.3805
0.979479		33.9584
0.980479		21.727
0.981479		13.5466
0.982479		8.94573
0.983479		6.3032
0.984479		4.69436
0.985479		3.65666
0.986479		2.9533
0.987479		2.45657
0.988479		2.09369
0.989479		1.82113
0.990479		1.61166
0.991479		1.44764
0.992479		1.31724
0.993479		1.2123
0.994479		1.12708
0.995479		1.05744
0.996479		1.00034
0.997479		0.953544
0.998479		0.91536
0.999479		0.884522
1.00048		0.860075
1.00148		0.841312
1.00248		0.827719
1.00348		0.818943
1.00448		0.814775
1.00548		0.815131
1.00648		0.820053
1.00748		0.829708
1.00848		0.844401
1.00948		0.864594
1.01048		0.890938
1.01148		0.924317
1.01248		0.965916
1.01348		1.01732
1.01448		1.08063
1.01548		1.15872
1.01648		1.25548
1.01748		1.37633
1.01848		1.52894
1.01948		1.72442
1.02048		1.97929
1.02148		2.31896
1.02248		2.78383
1.02348		3.44108
1.02448		4.40776
1.02548		5.89926
1.02648		8.33357
1.02748		12.5473
1.02848		20.0709
1.02948		31.9239
1.03048		40.2854
1.03148		32.7502
1.03248		20.7415
1.03348		12.9667
1.03448		8.61841
1.03548		6.12506
1.03648		4.61335
1.03748		3.64704
1.03848		3.00231
1.03948		2.55815
1.04048		2.24573
1.04148		2.02407
1.04248		1.86797
1.04348		1.76162
1.04448		1.69508
1.04548		1.66241
1.04648		1.66059
1.04748		1.68898
1.04848		1.74923
1.04948		1.84557
1.05048		1.98547
1.05148		2.18101
1.05248		2.45132
1.05348		2.82698
1.05448		3.35821
1.05548		4.1307
1.05648		5.2979
1.05748		7.14958
1.05848		10.2596
1.05948		15.7615
1.06048		25.3695
1.06148		37.5825
1.06248		38.9153
1.06348		27.2675
1.06448		17.0295
1.06548		11.0928
1.06648		7.78768
1.06748		5.87463
1.06848		4.72065
1.06948		4.01043
1.07048		3.58225
1.07148		3.352
1.07248		3.27871
1.07348		3.3496
1.07448		3.57572
1.07548		3.99571
1.07648		4.68976
1.07748		5.81223
1.07848		7.66337
1.07948		10.8451
1.08048		16.544
1.08148		26.4598
1.08248		38.4087
1.08348		38.345
1.08448		26.3399
1.08548		16.4066
1.08648		10.6794
1.08748		7.45499
1.08848		5.5479
1.08948		4.35489
1.09048		3.57208
1.09148		3.03918
1.09248		2.667
1.09348		2.40345
1.09448		2.21685
1.09548		2.08738
1.09648		2.00247
1.09748		1.95421
1.09848		1.93796
1.09948		1.95149
1.10048		1.99466
1.10148		2.06936
1.10248		2.17975
1.10348		2.33292
1.10448		2.54006
1.10548		2.81855
1.10648		3.19571
1.10748		3.71561
1.10848		4.45205
1.10948		5.53465
1.11048		7.20354
1.11148		9.92739
1.11248		14.6417
1.11348		22.9784
1.11448		35.3512
1.11548		41.7199
1.11648		32.4995
1.11748		21.2545
1.11848		14.493
1.11948		10.9671
1.12048		9.25613
1.12148		8.64435
1.12248		8.85067
1.12348		9.86297
1.12448		11.918
1.12548		15.6202
1.12648		22.2443
1.12748		34.0165
1.12848		51.6023
1.12948		64.7187
1.13048		66.1363
1.13148		57.2138
1.13248		39.2087
1.13348		25.0825
1.13448		16.8222
1.13548		12.0788
1.13648		9.2265
1.13748		7.42684
1.13848		6.25145
1.13948		5.47203
1.14048		4.96171
1.14148		4.64846
1.14248		4.4924
1.14348		4.47474
1.14448		4.59296
1.14548		4.86011
1.14648		5.30789
1.14748		5.99488
1.14848		7.02335
1.14948		8.57323
1.15048		10.9724
1.15148		14.8471
1.15248		21.444
1.15348		33.1938
1.15448		53.3571
1.15548		76.5225
1.15648		75.337
1.15748		51.6912
1.15848		32.21
1.15948		20.9824
1.16048		14.6909
1.16148		11.01
1.16248		8.75673
1.16348		7.33864
1.16448		6.44891
1.16548		5.92508
1.16648		5.68457
1.16748		5.69629
1.16848		5.97184
1.16948		6.57207
1.17048		7.63355
1.17148		9.43273
1.17248		12.5285
1.17348		18.0336
1.17448		27.6752
1.17548		40.2777
1.17648		42.729
1.17748		31.9474
1.17848		22.5335
1.17948		17.9616
1.18048		16.9302
1.18148		18.8389
1.18248		24.3459
1.18348		35.2556
1.18448		51.1645
1.18548		60.52
1.18648		60.6602
1.18748		58.1078
1.18848		44.0463
1.18948		28.4201
1.19048		18.501
1.19148		12.777
1.19248		9.346
1.19348		7.16309
1.19448		5.69569
1.19548		4.66275
1.19648		3.90759
1.19748		3.33802
1.19848		2.89717
1.19948		2.54845
1.20048		2.26748
1.20148		2.03752
1.20248		1.84673
1.20348		1.68657
1.20448		1.55073
1.20548		1.43448
1.20648		1.33421
1.20748		1.24713
1.20848		1.17102
1.20948		1.10417
1.21048		1.04516
1.21148		0.992881
1.21248		0.946396
1.21348		0.904951
1.21448		0.86792
1.21548		0.83478
1.21648		0.805095
1.21748		0.778497
1.21848		0.754677
1.21948		0.733377
1.22048		0.714375
1.22148		0.697488
1.22248		0.68256
1.22348		0.669464
1.22448		0.658094
1.22548		0.648366
1.22648		0.640215
1.22748		0.633594
1.22848		0.628474
1.22948		0.624842
1.23048		0.622702
1.23148		0.622077
1.23248		0.623008
1.23348		0.625557
1.23448		0.629808
1.23548		0.635872
1.23648		0.643892
1.23748		0.654044
1.23848		0.666549
1.23948		0.68168
1.24048		0.699774
1.24148		0.721251
1.24248		0.74663
1.24348		0.776563
1.24448		0.811869
1.24548		0.85359
1.24648		0.903063
1.24748		0.962027
1.24848		1.03277
1.24948		1.11834
1.25048		1.22289
1.25148		1.35218
1.25248		1.51434
1.25348		1.72117
1.25448		1.99032
1.25548		2.34898
1.25648		2.84066
1.25748		3.53818
1.25848		4.56939
1.25948		6.17148
1.26048		8.808
1.26148		13.4056
1.26248		21.5874
1.26348		33.8072
1.26448		40.1518
1.26548		30.8247
1.26648		19.2812
1.26748		12.1436
1.26848		8.15895
1.26948		5.85751
1.27048		4.45162
1.27148		3.54779
1.27248		2.94268
1.27348		2.52549
1.27448		2.23274
1.27548		2.02646
1.27648		1.88321
1.27748		1.78826
1.27848		1.73246
1.27948		1.71041
1.28048		1.71951
1.28148		1.75957
1.28248		1.83271
1.28348		1.94368
1.28448		2.10067
1.28548		2.31683
1.28648		2.61285
1.28748		3.0219
1.28848		3.59863
1.28948		4.43681
1.29048		5.70556
1.29148		7.72666
1.29248		11.1401
1.29348		17.194
1.29448		27.5567
1.29548		39.2687
1.29648		37.9191
1.29748		25.8044
1.29848		16.355
1.29948		11.0201
1.30048		8.09143
1.30148		6.44866
1.30248		5.53217
1.30348		5.06968
1.30448		4.93197
1.30548		5.06918
1.30648		5.48661
1.30748		6.24368
1.30848		7.47429
1.30948		9.44074
1.31048		12.655
1.31148		18.1343
1.31248		27.7806
1.31348		43.5059
1.31448		59.4359
1.31548		63.9251
1.31648		60.927
1.31748		46.3574
1.31848		29.7085
1.31948		19.0432
1.32048		12.9304
1.32148		9.31042
1.32248		7.03895
1.32348		5.5343
1.32448		4.49128
1.32548		3.74097
1.32648		3.18473
1.32748		2.76218
1.32848		2.43482
1.32948		2.17723
1.33048		1.97214
1.33148		1.8075
1.33248		1.67475
1.33348		1.56773
1.33448		1.48194
1.33548		1.41412
1.33648		1.36191
1.33748		1.32368
1.33848		1.29838
1.33948		1.28548
1.34048		1.28496
1.34148		1.29726
1.34248		1.32342
1.34348		1.36516
1.34448		1.42504
1.34548		1.50684
1.34648		1.61601
1.34748		1.76044
1.34848		1.95178
1.34948		2.20754
1.35048		2.55492
1.35148		3.03755
1.35248		3.72856
1.35348		4.75656
1.35448		6.36029
1.35548		9.00663
1.35648		13.6288
1.35748		21.8554
1.35848		34.0933
1.35948		40.2897
1.36048		30.8601
1.36148		19.3612
1.36248		12.2765
1.36348		8.33016
1.36448		6.06057
1.36548		4.68678
1.36648		3.8196
1.36748		3.25902
1.36848		2.89775
1.36948		2.67658
1.37048		2.56333
1.37148		2.54281
1.37248		2.6125
1.37348		2.78183
1.37448		3.07487
1.37548		3.53743
1.37648		4.25247
1.37748		5.3723
1.37848		7.18771
1.37948		10.2772
1.38048		15.7845
1.38148		25.4214
1.38248		37.5517
1.38348		38.559
1.38448		26.7876
1.38548		16.5665
1.38648		10.623
1.38748		7.27702
1.38848		5.29808
1.38948		4.05665
1.39048		3.23602
1.39148		2.66954
1.39248		2.26454
1.39348		1.96676
1.39448		1.74299
1.39548		1.57204
1.39648		1.43997
1.39748		1.33735
1.39848		1.25764
1.39948		1.19623
1.40048		1.14985
1.40148		1.11617
1.40248		1.09356
1.40348		1.08088
1.40448		1.07744
1.40548		1.0829
1.40648		1.09721
1.40748		1.12065
1.40848		1.15382
1.40948		1.19767
1.41048		1.25357
1.41148		1.32343
1.41248		1.40984
1.41348		1.51633
1.41448		1.64769
1.41548		1.81054
1.41648		2.01417
1.41748		2.27187
1.41848		2.60319
1.41948		3.03776
1.42048		3.62212
1.42148		4.43262
1.42248		5.60077
1.42348		7.36594
1.42448		10.1883
1.42548		14.9796
1.42648		23.3704
1.42748		36.2263
1.42848		44.8771
1.42948		38.3631
1.43048		29.8292
1.43148		28.1756
1.43248		34.0506
1.43348		43.5463
1.43448		41.6663
1.43548		28.6682
1.43648		18.2129
1.43748		12.1253
1.43848		8.6314
1.43948		6.5219
1.44048		5.17831
1.44148		4.28591
1.44248		3.67714
1.44348		3.25847
1.44448		2.97595
1.44548		2.79846
1.44648		2.70934
1.44748		2.70247
1.44848		2.78109
1.44948		2.95886
1.45048		3.26372
1.45148		3.74635
1.45248		4.49731
1.45348		5.68299
1.45448		7.62261
1.45548		10.9534
1.45648		16.9202
1.45748		27.1904
1.45848		38.8203
1.45948		37.4023
1.46048		25.1814
1.46148		15.5994
1.46248		10.1148
1.46348		7.01352
1.46448		5.16563
1.46548		3.99942
1.46648		3.2261
1.46748		2.69267
1.46848		2.31362
1.46948		2.03877
1.47048		1.83743
1.47148		1.69031
1.47248		1.58502
1.47348		1.51369
1.47448		1.4715
1.47548		1.45596
1.47648		1.46647
1.47748		1.50432
1.47848		1.57282
1.47948		1.67784
1.48048		1.82884
1.48148		2.04063
1.48248		2.33649
1.48348		2.7539
1.48448		3.35523
1.48548		4.24898
1.48648		5.63377
1.48748		7.89307
1.48848		11.7942
1.48948		18.7794
1.49048		30.1854
1.49148		39.902
1.49248		34.1251
1.49348		21.8462
1.49448		13.4934
1.49548		8.79326
1.49648		6.10278
1.49748		4.47129
1.49848		3.42288
1.49948		2.71449
1.50048		2.21534
1.50148		1.85114
1.50248		1.57753
1.50348		1.36686
1.50448		1.20122
1.50548		1.06861
1.50648		0.960799
1.50748		0.871947
1.50848		0.797853
1.50948		0.735423
1.51048		0.682339
1.51148		0.636839
1.51248		0.597566
1.51348		0.563458
1.51448		0.533676
1.51548		0.507554
1.51648		0.484551
1.51748		0.464232
1.51848		0.446239
1.51948		0.430278
1.52048		0.416105
1.52148		0.40352
1.52248		0.392352
1.52348		0.38246
1.52448		0.373728
1.52548		0.366057
1.52648		0.359365
1.52748		0.353583
1.52848		0.348657
1.52948		0.344543
1.53048		0.341205
1.53148		0.338619
1.53248		0.336767
1.53348		0.335641
1.53448		0.33524
1.53548		0.335571
1.53648		0.336648
1.53748		0.338495
1.53848		0.341146
1.53948		0.344644
1.54048		0.349042
1.54148		0.354407
1.54248		0.360822
1.54348		0.368386
1.54448		0.377216
1.54548		0.387458
1.54648		0.399283
1.54748		0.412899
1.54848		0.428559
1.54948		0.446567
1.55048		0.467296
1.55148		0.491206
1.55248		0.518864
1.55348		0.550979
1.55448		0.588444
1.55548		0.632397
1.55648		0.684301
1.55748		0.746065
1.55848		0.820217
1.55948		0.910154
1.56048		1.02052
1.56148		1.15782
1.56248		1.3313
1.56348		1.55458
1.56448		1.84819
1.56548		2.24422
1.56648		2.79487
1.56748		3.58894
1.56848		4.78553
1.56948		6.68575
1.57048		9.88679
1.57148		15.5636
1.57248		25.4227
1.57348		37.4613
1.57448		37.7585
1.57548		25.8353
1.57648		15.8199
1.57748		10.0304
1.57848		6.76957
1.57948		4.83794
1.58048		3.62404
1.58148		2.81993
1.58248		2.26322
1.58348		1.8634
1.58448		1.56738
1.58548		1.34257
1.58648		1.16812
1.58748		1.03026
1.58848		0.919602
1.58948		0.829581
1.59048		0.755501
1.59148		0.69393
1.59248		0.64232
1.59348		0.598746
1.59448		0.561733
1.59548		0.530137
1.59648		0.50306
1.59748		0.479793
1.59848		0.459764
1.59948		0.442517
1.60048		0.427679
1.60148		0.414946
1.60248		0.40407
1.60348		0.394846
1.60448		0.387106
1.60548		0.380711
1.60648		0.375548
1.60748		0.371523
1.60848		0.368562
1.60948		0.366606
1.61048		0.365609
1.61148		0.365537
1.61248		0.366369
1.61348		0.368092
1.61448		0.370706
1.61548		0.374217
1.61648		0.378643
1.61748		0.384012
1.61848		0.390361
1.61948		0.39774
1.62048		0.406208
1.62148		0.41584
1.62248		0.426725
1.62348		0.438968
1.62448		0.452694
1.62548		0.468051
1.62648		0.485212
1.62748		0.504384
1.62848		0.525807
1.62948		0.54977
1.63048		0.576615
1.63148		0.606748
1.63248		0.64066
1.63348		0.678942
1.63448		0.722312
1.63548		0.771651
1.63648		0.828043
1.63748		0.89284
1.63848		0.967739
1.63948		1.0549
1.64048		1.1571
1.64148		1.27795
1.64248		1.42223
1.64348		1.59637
1.64448		1.80916
1.64548		2.07289
1.64648		2.40515
1.64748		2.83181
1.64848		3.39211
1.64948		4.14778
1.65048		5.20008
1.65148		6.72338
1.65248		9.03447
1.65348		12.7404
1.65448		19.034
1.65548		29.9896
1.65648		46.4444
1.65748		58.838
1.65848		60.399
1.65948		57.9139
1.66048		44.0108
1.66148		28.1053
1.66248		17.9571
1.66348		12.1414
1.66448		8.69513
1.66548		6.53192
1.66648		5.09945
1.66748		4.10749
1.66848		3.39512
1.66948		2.86824
1.67048		2.46919
1.67148		2.16117
1.67248		1.91987
1.67348		1.72876
1.67448		1.57635
1.67548		1.45448
1.67648		1.35729
1.67748		1.28054
1.67848		1.22118
1.67948		1.17707
1.68048		1.14678
1.68148		1.12947
1.68248		1.1249
1.68348		1.13331
1.68448		1.15559
1.68548		1.19329
1.68648		1.24886
1.68748		1.3259
1.68848		1.42969
1.68948		1.56791
1.69048		1.75192
1.69148		1.99881
1.69248		2.33514
1.69348		2.80346
1.69448		3.47503
1.69548		4.47492
1.69648		6.03482
1.69748		8.60701
1.69848		13.0962
1.69948		21.1054
1.70048		33.2411
1.70148		40.0753
1.70248		31.115
1.70348		19.4321
1.70448		12.1307
1.70548		8.04468
1.70648		5.67927
1.70748		4.22709
1.70848		3.28473
1.70948		2.6438
1.71048		2.19074
1.71148		1.86025
1.71248		1.61293
1.71348		1.42401
1.71448		1.27735
1.71548		1.16211
1.71648		1.0708
1.71748		0.998153
1.71848		0.940399
1.71948		0.894796
1.72048		0.859344
1.72148		0.832586
1.72248		0.813473
1.72348		0.80128
1.72448		0.795542
1.72548		0.796025
1.72648		0.802703
1.72748		0.815761
1.72848		0.835601
1.72948		0.862878
1.73048		0.898547
1.73148		0.943939
1.73248		1.00088
1.73348		1.07188
1.73448		1.16034
1.73548		1.27102
1.73648		1.41061
1.73748		1.58874
1.73848		1.81958
1.73948		2.12466
1.74048		2.53776
1.74148		3.11407
1.74248		3.94802
1.74348		5.20971
1.74448		7.22296
1.74548		10.6321
1.74648		16.6922
1.74748		27.0645
1.74848		38.6769
1.74948		37.0849
1.75048		24.8786
1.75148		15.3926
1.75248		9.98573
1.75348		6.94422
1.75448		5.14784
1.75548		4.03068
1.75648		3.30742
1.75748		2.82758
1.75848		2.50799
1.75948		2.3011
1.76048		2.17954
1.76148		2.12839
1.76248		2.14145
1.76348		2.2197
1.76448		2.37158
1.76548		2.61496
1.76648		2.98181
1.76748		3.5275
1.76848		4.34953
1.76948		5.62638
1.77048		7.70101
1.77148		11.2588
1.77248		17.6219
1.77348		28.3746
1.77448		39.4345
1.77548		36.2662
1.77648		23.9292
1.77748		14.8491
1.77848		9.7045
1.77948		6.7924
1.78048		5.05535
1.78148		3.96146
1.78248		3.24118
1.78348		2.75111
1.78448		2.41091
1.78548		2.17345
1.78648		2.01016
1.78748		1.90338
1.78848		1.8423
1.78948		1.82071
1.79048		1.83578
1.79148		1.88758
1.79248		1.97897
1.79348		2.11607
1.79448		2.30918
1.79548		2.57476
1.79648		2.93875
1.79748		3.44278
1.79848		4.1559
1.79948		5.19771
1.80048		6.78644
1.80148		9.34234
1.80248		13.7019
1.80348		21.4001
1.80448		33.5591
1.80548		42.7417
1.80648		36.3116
1.80748		25.4414
1.80848		19.4802
1.80948		18.3245
1.81048		21.594
1.81148		30.0946
1.81248		40.9798
1.81348		39.846
1.81448		27.2984
1.81548		17.1276
1.81648		11.2144
1.81748		7.82397
1.81848		5.77067
1.81948		4.44941
1.82048		3.55286
1.82148		2.91715
1.82248		2.44984
1.82348		2.09595
1.82448		1.82127
1.82548		1.60362
1.82648		1.42814
1.82748		1.28454
1.82848		1.16554
1.82948		1.06584
1.83048		0.981538
1.83148		0.909682
1.83248		0.848018
1.83348		0.7948
1.83448		0.748655
1.83548		0.708497
1.83648		0.673456
1.83748		0.64283
1.83848		0.61605
1.83948		0.592652
1.84048		0.572257
1.84148		0.554554
1.84248		0.539291
1.84348		0.526262
1.84448		0.515304
1.84548		0.506287
1.84648		0.499116
1.84748		0.493721
1.84848		0.490063
1.84948		0.488127
1.85048		0.487924
1.85148		0.489493
1.85248		0.492904
1.85348		0.498255
1.85448		0.505683
1.85548		0.515369
1.85648		0.527539
1.85748		0.542483
1.85848		0.560567
1.85948		0.582245
1.86048		0.608094
1.86148		0.638839
1.86248		0.675405
1.86348		0.718976
1.86448		0.771089
1.86548		0.833757
1.86648		0.909659
1.86748		1.00241
1.86848		1.117
1.86948		1.26039
1.87048		1.44263
1.87148		1.67851
1.87248		1.99056
1.87348		2.41423
1.87448		3.00776
1.87548		3.87122
1.87648		5.18603
1.87748		7.29946
1.87848		10.9043
1.87948		17.3339
1.88048		28.1575
1.88148		39.129
1.88248		35.7303
1.88348		23.3869
1.88448		14.3688
1.88548		9.25988
1.88648		6.36035
1.88748		4.6221
1.88848		3.51808
1.88948		2.78079
1.89048		2.26751
1.89148		1.89785
1.89248		1.62413
1.89348		1.41686
1.89448		1.25706
1.89548		1.13211
1.89648		1.03337
1.89748		0.954825
1.89848		0.892148
1.89948		0.842212
1.90048		0.802715
1.90148		0.771951
1.90248		0.748655
1.90348		0.731892
1.90448		0.720985
1.90548		0.715461
1.90648		0.715022
1.90748		0.719519
1.90848		0.728942
1.90948		0.743416
1.91048		0.763205
1.91148		0.788729
1.91248		0.820579
1.91348		0.859564
1.91448		0.90675
1.91548		0.963542
1.91648		1.03178
1.91748		1.11392
1.91848		1.21319
1.91948		1.33401
1.92048		1.48242
1.92148		1.66691
1.92248		1.89965
1.92348		2.19865
1.92448		2.59133
1.92548		3.12111
1.92648		3.85973
1.92748		4.93178
1.92848		6.56591
1.92948		9.20502
1.93048		13.7321
1.93148		21.7321
1.93248		34.0192
1.93348		41.8734
1.93448		33.9596
1.93548		22.7908
1.93648		16.2693
1.93748		13.5882
1.93848		13.6486
1.93948		16.4758
1.94048		23.2099
1.94148		34.5243
1.94248		41.9144
1.94348		33.5157
1.94448		21.3604
1.94548		13.5629
1.94648		9.15975
1.94748		6.59428
1.94848		5.00942
1.94948		3.97554
1.95048		3.27065
1.95148		2.77377
1.95248		2.41545
1.95348		2.154
1.95448		1.96361
1.95548		1.82796
1.95648		1.73689
1.95748		1.68441
1.95848		1.66776
1.95948		1.68699
1.96048		1.745
1.96148		1.84808
1.96248		2.00716
1.96348		2.24004
1.96448		2.57552
1.96548		3.06115
1.96648		3.77805
1.96748		4.87119
1.96848		6.61336
1.96948		9.54336
1.97048		14.7314
1.97148		23.8844
1.97248		36.1912
1.97348		39.0221
1.97448		27.8183
1.97548		17.1241
1.97648		10.8037
1.97748		7.25308
1.97848		5.16348
1.97948		3.85757
1.98048		2.99558
1.98148		2.39967
1.98248		1.97154
1.98348		1.65388
1.98448		1.41171
1.98548		1.22281
1.98648		1.07251
1.98748		0.950859
1.98848		0.850924
1.98948		0.767743
1.99048		0.697698
1.99148		0.638102
1.99248		0.586925
1.99348		0.542611
1.99448		0.503948
1.99548		0.469986
1.99648		0.439967
1.99748		0.413283
1.99848		0.389438
1.99948		0.368029
2.00048		0.348722
2.00148		0.331239
2.00248		0.315349
2.00348		0.300856
2.00448		0.287593
2.00548		0.275421
2.00648		0.264218
2.00748		0.253879
2.00848		0.244314
2.00948		0.235446
2.01048		0.227205
2.01148		0.219533
2.01248		0.212376
2.01348		0.205687
2.01448		0.199427
2.01548		0.193558
2.01648		0.188047
2.01748		0.182867
2.01848		0.177991
2.01948		0.173395
2.02048		0.169058
2.02148		0.164963
2.02248		0.161091
2.02348		0.157427
2.02448		0.153957
2.02548		0.150668
2.02648		0.147549
2.02748		0.144589
2.02848		0.141778
2.02948		0.139108
2.03048		0.13657
2.03148		0.134157
2.03248		0.131863
2.03348		0.129679
2.03448		0.127602
2.03548		0.125626
2.03648		0.123745
2.03748		0.121956
2.03848		0.120254
2.03948		0.118635
2.04048		0.117096
2.04148		0.115634
2.04248		0.114245
2.04348		0.112927
2.04448		0.111677
2.04548		0.110493
2.04648		0.109373
2.04748		0.108316
2.04848		0.107318
2.04948		0.106379
2.05048		0.105497
2.05148		0.104671
2.05248		0.1039
2.05348		0.103183
2.05448		0.102518
2.05548		0.101906
2.05648		0.101346
2.05748		0.100837
2.05848		0.100378
2.05948		0.0999706
2.06048		0.0996134
2.06148		0.099307
2.06248		0.0990513
2.06348		0.0988467
2.06448		0.0986937
2.06548		0.0985928
2.06648		0.0985447
2.06748		0.0985503
2.06848		0.0986107
2.06948		0.098727
2.07048		0.0989005
2.07148		0.0991329
2.07248		0.0994258
2.07348		0.0997812
2.07448		0.100201
2.07548		0.100688
2.07648		0.101245
2.07748		0.101875
2.07848		0.10258
2.07948		0.103365
2.08048		0.104233
2.08148		0.105188
2.08248		0.106236
2.08348		0.107382
2.08448		0.108631
2.08548		0.10999
2.08648		0.111465
2.08748		0.113064
2.08848		0.114796
2.08948		0.11667
2.09048		0.118696
2.09148		0.120886
2.09248		0.123252
2.09348		0.125808
2.09448		0.12857
2.09548		0.131555
2.09648		0.134782
2.09748		0.138274
2.09848		0.142055
2.09948		0.146152
2.10048		0.150596
2.10148		0.155421
2.10248		0.160668
2.10348		0.166382
2.10448		0.172613
2.10548		0.179421
2.10648		0.186873
2.10748		0.195048
2.10848		0.204035
2.10948		0.213939
2.11048		0.224884
2.11148		0.237014
2.11248		0.250498
2.11348		0.265539
2.11448		0.282379
2.11548		0.301308
2.11648		0.322677
2.11748		0.346915
2.11848		0.37455
2.11948		0.406236
2.12048		0.442793
2.12148		0.485256
2.12248		0.534955
2.12348		0.593611
2.12448		0.663486
2.12548		0.747602
2.12648		0.850062
2.12748		0.976548
2.12848		1.1351
2.12948		1.33738
2.13048		1.6008
2.13148		1.95217
2.13248		2.43441
2.13348		3.11919
2.13448		4.13227
2.13548		5.70658
2.13648		8.29685
2.13748		12.8125
2.13848		20.861
2.13948		33.0172
2.14048		39.7487
2.14148		30.7075
2.14248		19.0527
2.14348		11.7844
2.14448		7.71714
2.14548		5.36136
2.14648		3.91389
2.14748		2.97339
2.14848		2.33247
2.14948		1.87804
2.15048		1.54502
2.15148		1.29414
2.15248		1.10066
2.15348		0.94845
2.15448		0.826615
2.15548		0.727627
2.15648		0.646136
2.15748		0.578268
2.15848		0.521159
2.15948		0.472658
2.16048		0.431125
2.16148		0.395292
2.16248		0.364165
2.16348		0.336959
2.16448		0.313045
2.16548		0.291916
2.16648		0.273157
2.16748		0.25643
2.16848		0.241454
2.16948		0.227995
2.17048		0.215857
2.17148		0.204876
2.17248		0.194911
2.17348		0.185843
2.17448		0.177569
2.17548		0.170003
2.17648		0.163067
2.17748		0.156696
2.17848		0.150833
2.17948		0.145428
2.18048		0.140436
2.18148		0.135819
2.18248		0.131543
2.18348		0.127578
2.18448		0.123896
2.18548		0.120475
2.18648		0.117292
2.18748		0.11433
2.18848		0.11157
2.18948		0.108998
2.19048		0.1066
2.19148		0.104363
2.19248		0.102277
2.19348		0.100332
2.19448		0.0985176
2.19548		0.096827
2.19648		0.0952523
2.19748		0.0937869
2.19848		0.0924247
2.19948		0.0911601
2.20048		0.0899883
2.20148		0.0889048
2.20248		0.0879055
2.20348		0.0869868
2.20448		0.0861454
2.20548		0.0853783
2.20648		0.0846831
2.20748		0.0840573
2.20848		0.0834989
2.20948		0.0830062
2.21048		0.0825776
2.21148		0.0822118
2.21248		0.0819077
2.21348		0.0816647
2.21448		0.0814819
2.21548		0.0813589
2.21648		0.0812957
2.21748		0.0812921
2.21848		0.0813484
2.21948		0.0814649
2.22048		0.0816422
2.22148		0.0818812
2.22248		0.082183
2.22348		0.0825487
2.22448		0.0829799
2.22548		0.0834783
2.22648		0.0840459
2.22748		0.0846851
2.22848		0.0853984
2.22948		0.0861887
2.23048		0.0870592
2.23148		0.0880136
2.23248		0.0890558
2.23348		0.0901903
2.23448		0.091422
2.23548		0.0927563
2.23648		0.0941992
2.23748		0.0957574
2.23848		0.0974381
2.23948		0.0992496
2.24048		0.101201
2.24148		0.103301
2.24248		0.105562
2.24348		0.107996
2.24448		0.110617
2.24548		0.113438
2.24648		0.116478
2.24748		0.119755
2.24848		0.123289
2.24948		0.127106
2.25048		0.13123
2.25148		0.135692
2.25248		0.140526
2.25348		0.145769
2.25448		0.151466
2.25548		0.157665
2.25648		0.164424
2.25748		0.171808
2.25848		0.17989
2.25948		0.188759
2.26048		0.198515
2.26148		0.209275
2.26248		0.221177
2.26348		0.234385
2.26448		0.24909
2.26548		0.265523
2.26648		0.283959
2.26748		0.304732
2.26848		0.328248
2.26948		0.355005
2.27048		0.385619
2.27148		0.420859
2.27248		0.461697
2.27348		0.509372
2.27448		0.565486
2.27548		0.632135
2.27648		0.712105
2.27748		0.809164
2.27848		0.928498
2.27948		1.0774
2.28048		1.26638
2.28148		1.51098
2.28248		1.83495
2.28348		2.27586
2.28448		2.89571
2.28548		3.80175
2.28648		5.18965
2.28748		7.4363
2.28848		11.2953
2.28948		18.1898
2.29048		29.5087
2.29148		39.4912
2.29248		34.1315
2.29348		21.8305
2.29448		13.3675
2.29548		8.60367
2.29648		5.88345
2.29748		4.23922
2.29848		3.18634
2.29948		2.47758
2.30048		1.98016
2.30148		1.61874
2.30248		1.34842
2.30348		1.14124
2.30448		0.979112
2.30548		0.849951
2.30648		0.745444
2.30748		0.65973
2.30848		0.588586
2.30948		0.528906
2.31048		0.478368
2.31148		0.435207
2.31248		0.398065
2.31348		0.365882
2.31448		0.337819
2.31548		0.31321
2.31648		0.291517
2.31748		0.272304
2.31848		0.255213
2.31948		0.239948
2.32048		0.226264
2.32148		0.213956
2.32248		0.202851
2.32348		0.192803
2.32448		0.183687
2.32548		0.175398
2.32648		0.167844
2.32748		0.160947
2.32848		0.154638
2.32948		0.148858
2.33048		0.143555
2.33148		0.138685
2.33248		0.134207
2.33348		0.130088
2.33448		0.126295
2.33548		0.122803
2.33648		0.119586
2.33748		0.116624
2.33848		0.113897
2.33948		0.11139
2.34048		0.109086
2.34148		0.106972
2.34248		0.105037
2.34348		0.10327
2.34448		0.101662
2.34548		0.100203
2.34648		0.0988881
2.34748		0.0977092
2.34848		0.0966609
2.34948		0.0957385
2.35048		0.0949376
2.35148		0.0942546
2.35248		0.0936866
2.35348		0.0932312
2.35448		0.0928865
2.35548		0.0926512
2.35648		0.0925244
2.35748		0.092506
2.35848		0.0925961
2.35948		0.0927955
2.36048		0.0931054
2.36148		0.0935276
2.36248		0.0940646
2.36348		0.0947191
2.36448		0.0954948
2.36548		0.0963958
2.36648		0.097427
2.36748		0.0985939
2.36848		0.099903
2.36948		0.101362
2.37048		0.102978
2.37148		0.104761
2.37248		0.106722
2.37348		0.108872
2.37448		0.111224
2.37548		0.113793
2.37648		0.116597
2.37748		0.119653
2.37848		0.122984
2.37948		0.126612
2.38048		0.130564
2.38148		0.134872
2.38248		0.139569
2.38348		0.144695
2.38448		0.150295
2.38548		0.156419
2.38648		0.163126
2.38748		0.170484
2.38848		0.178571
2.38948		0.187476
2.39048		0.197306
2.39148		0.208182
2.39248		0.220249
2.39348		0.233678
2.39448		0.248672
2.39548		0.265472
2.39648		0.28437
2.39748		0.30572
2.39848		0.329951
2.39948		0.357592
2.40048		0.389302
2.40148		0.425903
2.40248		0.468438
2.40348		0.518242
2.40448		0.577045
2.40548		0.647124
2.40648		0.731521
2.40748		0.834364
2.40848		0.961379
2.40948		1.12067
2.41048		1.32399
2.41148		1.5889
2.41248		1.94249
2.41348		2.42812
2.41448		3.1183
2.41548		4.14038
2.41648		5.73055
2.41748		8.35032
2.41848		12.9224
2.41948		21.0664
2.42048		33.2638
