0.380007		39.945
0.381007		31.9925
0.382007		20.0615
0.383007		12.4158
0.384007		8.13723
0.385007		5.67446
0.386007		4.17261
0.387007		3.20462
0.388007		2.55079
0.389007		2.09198
0.390007		1.75999
0.391007		1.51387
0.392007		1.32799
0.393007		1.18571
0.394007		1.07593
0.395007		0.991065
0.396007		0.925812
0.397007		0.876453
0.398007		0.840367
0.399007		0.815738
0.400007		0.80136
0.401007		0.796521
0.402007		0.800938
0.403007		0.814726
0.404007		0.838412
0.405007		0.872982
0.406007		0.919976
0.407007		0.981644
0.408007		1.06119
0.409007		1.16316
0.410007		1.29405
0.411007		1.46325
0.412007		1.68469
0.413007		1.97953
0.414007		2.38107
0.415007		2.94366
0.416007		3.76029
0.417007		4.99834
0.418007		6.97609
0.419007		10.3265
0.420007		16.2859
0.421007		26.5298
0.422007		38.2474
0.423007		37.0768
0.424007		24.904
0.425007		15.2784
0.426007		9.76604
0.427007		6.65333
0.428007		4.8013
0.429007		3.63314
0.430007		2.85749
0.431007		2.32003
0.432007		1.93439
0.433007		1.64969
0.434007		1.43459
0.435007		1.26904
0.436007		1.13974
0.437007		1.03763
0.438007		0.956388
0.439007		0.891498
0.440007		0.839689
0.441007		0.798554
0.442007		0.766304
0.443007		0.741607
0.444007		0.723468
0.445007		0.711155
0.446007		0.704142
0.447007		0.702074
0.448007		0.704739
0.449007		0.712054
0.450007		0.724055
0.451007		0.7409
0.452007		0.76287
0.453007		0.790386
0.454007		0.824028
0.455007		0.864563
0.456007		0.912994
0.457007		0.970618
0.458007		1.03912
0.459007		1.12067
0.460007		1.21815
0.461007		1.33534
0.462007		1.47737
0.463007		1.65122
0.464007		1.86666
0.465007		2.13765
0.466007		2.48471
0.467007		2.93893
0.468007		3.54928
0.469007		4.39621
0.470007		5.61866
0.471007		7.47027
0.472007		10.4398
0.473007		15.4938
0.474007		24.3226
0.475007		37.5044
0.476007		45.3622
0.477007		38.4973
0.478007		31.2012
0.479007		31.6592
0.480007		39.5698
0.481007		45.3267
0.482007		36.0641
0.483007		23.1805
0.484007		14.8643
0.485007		10.117
0.486007		7.3172
0.487007		5.56607
0.488007		4.40951
0.489007		3.61074
0.490007		3.03942
0.491007		2.6198
0.492007		2.30578
0.493007		2.06819
0.494007		1.88799
0.495007		1.75258
0.496007		1.65352
0.497007		1.58534
0.498007		1.54476
0.499007		1.53027
0.500007		1.54199
0.501007		1.58177
0.502007		1.65345
0.503007		1.76354
0.504007		1.92232
0.505007		2.14584
0.506007		2.45942
0.507007		2.90399
0.508007		3.54818
0.509007		4.51241
0.510007		6.01929
0.511007		8.50232
0.512007		12.8294
0.513007		20.5662
0.514007		32.5535
0.515007		40.2132
0.516007		31.9676
0.517007		20.0904
0.518007		12.5314
0.519007		8.29951
0.520007		5.85828
0.521007		4.36586
0.522007		3.40169
0.523007		2.74924
0.524007		2.29095
0.525007		1.9595
0.526007		1.71447
0.527007		1.53062
0.528007		1.39164
0.529007		1.28674
0.530007		1.20867
0.531007		1.15257
0.532007		1.11522
0.533007		1.09466
0.534007		1.08991
0.535007		1.10091
0.536007		1.12845
0.537007		1.1743
0.538007		1.24143
0.539007		1.33441
0.540007		1.46003
0.541007		1.62843
0.542007		1.85487
0.543007		2.16293
0.544007		2.59018
0.545007		3.19879
0.546007		4.0966
0.547007		5.48065
0.548007		7.73084
0.549007		11.6071
0.550007		18.5414
0.551007		29.8992
0.552007		39.7586
0.553007		34.2032
0.554007		21.9099
0.555007		13.4966
0.556007		8.76116
0.557007		6.0536
0.558007		4.41422
0.559007		3.36243
0.560007		2.65293
0.561007		2.15388
0.562007		1.79041
0.563007		1.51788
0.564007		1.30846
0.565007		1.14414
0.566007		1.01289
0.567007		0.906409
0.568007		0.818859
0.569007		0.746018
0.570007		0.684784
0.571007		0.632837
0.572007		0.58841
0.573007		0.550143
0.574007		0.516973
0.575007		0.488061
0.576007		0.462738
0.577007		0.440463
0.578007		0.420799
0.579007		0.403386
0.580007		0.387928
0.581007		0.374179
0.582007		0.361932
0.583007		0.351017
0.584007		0.341285
0.585007		0.332615
0.586007		0.324901
0.587007		0.318054
0.588007		0.311997
0.589007		0.306664
0.590007		0.302
0.591007		0.297957
0.592007		0.294494
0.593007		0.291576
0.594007		0.289173
0.595007		0.287263
0.596007		0.285823
0.597007		0.284839
0.598007		0.284297
0.599007		0.284189
0.600007		0.284508
0.601007		0.285251
0.602007		0.286419
0.603007		0.288015
0.604007		0.290044
0.605007		0.292515
0.606007		0.29544
0.607007		0.298836
0.608007		0.30272
0.609007		0.307116
0.610007		0.31205
0.611007		0.317554
0.612007		0.323664
0.613007		0.330422
0.614007		0.337878
0.615007		0.346087
0.616007		0.355113
0.617007		0.365031
0.618007		0.375927
0.619007		0.3879
0.620007		0.401064
0.621007		0.415554
0.622007		0.431523
0.623007		0.449157
0.624007		0.468667
0.625007		0.49031
0.626007		0.514388
0.627007		0.541263
0.628007		0.571373
0.629007		0.605249
0.630007		0.643543
0.631007		0.687061
0.632007		0.736811
0.633007		0.794064
0.634007		0.860448
0.635007		0.938069
0.636007		1.0297
0.637007		1.13905
0.638007		1.27116
0.639007		1.43306
0.640007		1.63475
0.641007		1.89085
0.642007		2.22344
0.643007		2.66701
0.644007		3.27771
0.645007		4.15133
0.646007		5.46013
0.647007		7.53156
0.648007		11.0164
0.649007		17.1802
0.650007		27.6799
0.651007		39.3325
0.652007		37.6708
0.653007		25.5936
0.654007		16.3494
0.655007		11.2277
0.656007		8.54227
0.657007		7.22429
0.658007		6.78575
0.659007		7.07343
0.660007		8.18041
0.661007		10.5
0.662007		14.9369
0.663007		23.1063
0.664007		35.2318
0.665007		40.7899
0.666007		30.9155
0.667007		19.4558
0.668007		12.4356
0.669007		8.50276
0.670007		6.21722
0.671007		4.81363
0.672007		3.90926
0.673007		3.30591
0.674007		2.89557
0.675007		2.61662
0.676007		2.4328
0.677007		2.32259
0.678007		2.27382
0.679007		2.2808
0.680007		2.34306
0.681007		2.46522
0.682007		2.65778
0.683007		2.93928
0.684007		3.34047
0.685007		3.91229
0.686007		4.74143
0.687007		5.98169
0.688007		7.9205
0.689007		11.1218
0.690007		16.6977
0.691007		26.3925
0.692007		39.2264
0.693007		42.3491
0.694007		32.1867
0.695007		23.5799
0.696007		20.6726
0.697007		23.0511
0.698007		31.1172
0.699007		41.659
0.700007		40.0933
0.701007		27.3955
0.702007		17.2227
0.703007		11.309
0.704007		7.90904
0.705007		5.84319
0.706007		4.50952
0.707007		3.60176
0.708007		2.95622
0.709007		2.48034
0.710007		2.11895
0.711007		1.83764
0.712007		1.61406
0.713007		1.4332
0.714007		1.28466
0.715007		1.16104
0.716007		1.05699
0.717007		0.968516
0.718007		0.892614
0.719007		0.826983
0.720007		0.769831
0.721007		0.719746
0.722007		0.675605
0.723007		0.636504
0.724007		0.601706
0.725007		0.570608
0.726007		0.542713
0.727007		0.517606
0.728007		0.494939
0.729007		0.474419
0.730007		0.455798
0.731007		0.438862
0.732007		0.423431
0.733007		0.409348
0.734007		0.396478
0.735007		0.384703
0.736007		0.37392
0.737007		0.364042
0.738007		0.354988
0.739007		0.346691
0.740007		0.339089
0.741007		0.33213
0.742007		0.325766
0.743007		0.319954
0.744007		0.314659
0.745007		0.309846
0.746007		0.305488
0.747007		0.301557
0.748007		0.298032
0.749007		0.294891
0.750007		0.292119
0.751007		0.289698
0.752007		0.287616
0.753007		0.285861
0.754007		0.284423
0.755007		0.283294
0.756007		0.282468
0.757007		0.281939
0.758007		0.281704
0.759007		0.28176
0.760007		0.282107
0.761007		0.282743
0.762007		0.283673
0.763007		0.284897
0.764007		0.286421
0.765007		0.28825
0.766007		0.290392
0.767007		0.292856
0.768007		0.295651
0.769007		0.298791
0.770007		0.30229
0.771007		0.306163
0.772007		0.31043
0.773007		0.315112
0.774007		0.320232
0.775007		0.325817
0.776007		0.331898
0.777007		0.33851
0.778007		0.345691
0.779007		0.353484
0.780007		0.36194
0.781007		0.371113
0.782007		0.381069
0.783007		0.39188
0.784007		0.403628
0.785007		0.416407
0.786007		0.430326
0.787007		0.445512
0.788007		0.462107
0.789007		0.480283
0.790007		0.500235
0.791007		0.522195
0.792007		0.546437
0.793007		0.573288
0.794007		0.603138
0.795007		0.636458
0.796007		0.673822
0.797007		0.715933
0.798007		0.763664
0.799007		0.818108
0.800007		0.880649
0.801007		0.953065
0.802007		1.03767
0.803007		1.13752
0.804007		1.25674
0.805007		1.40097
0.806007		1.57813
0.807007		1.79963
0.808007		2.0823
0.809007		2.45192
0.810007		2.94935
0.811007		3.64226
0.812007		4.64837
0.813007		6.18384
0.814007		8.66771
0.815007		12.938
0.816007		20.5268
0.817007		32.4537
0.818007		40.8921
0.819007		33.4473
0.820007		21.5558
0.821007		13.9219
0.822007		9.74248
0.823007		7.45512
0.824007		6.19926
0.825007		5.55658
0.826007		5.32951
0.827007		5.43696
0.828007		5.873
0.829007		6.7002
0.830007		8.07216
0.831007		10.2989
0.832007		13.996
0.833007		20.3881
0.834007		31.5967
0.835007		48.3661
0.836007		60.8436
0.837007		62.5066
0.838007		58.3821
0.839007		42.8676
0.840007		27.4316
0.841007		17.9408
0.842007		12.533
0.843007		9.34536
0.844007		7.37998
0.845007		6.13346
0.846007		5.34599
0.847007		4.88211
0.848007		4.67673
0.849007		4.71289
0.850007		5.01805
0.851007		5.67752
0.852007		6.874
0.853007		8.97971
0.854007		12.7536
0.855007		19.6317
0.856007		30.9476
0.857007		40.5967
0.858007		34.7671
0.859007		22.4335
0.860007		14.0316
0.861007		9.28994
0.862007		6.56416
0.863007		4.90242
0.864007		3.82794
0.865007		3.09702
0.866007		2.57842
0.867007		2.19745
0.868007		1.90946
0.869007		1.68653
0.870007		1.51056
0.871007		1.36939
0.872007		1.25463
0.873007		1.16036
0.874007		1.08229
0.875007		1.01727
0.876007		0.96294
0.877007		0.917522
0.878007		0.879658
0.879007		0.848311
0.880007		0.822683
0.881007		0.802172
0.882007		0.786329
0.883007		0.774834
0.884007		0.76748
0.885007		0.764163
0.886007		0.764874
0.887007		0.769705
0.888007		0.778849
0.889007		0.792617
0.890007		0.811453
0.891007		0.835968
0.892007		0.866975
0.893007		0.905551
0.894007		0.95312
0.895007		1.01157
0.896007		1.08342
0.897007		1.17211
0.898007		1.28234
0.899007		1.42072
0.900007		1.59671
0.901007		1.82421
0.902007		2.12427
0.903007		2.52985
0.904007		3.09469
0.905007		3.91045
0.906007		5.14183
0.907007		7.10142
0.908007		10.4103
0.909007		16.2847
0.910007		26.4133
0.911007		38.261
0.912007		37.584
0.913007		25.4944
0.914007		15.756
0.915007		10.1716
0.916007		7.03092
0.917007		5.17559
0.918007		4.0181
0.919007		3.26236
0.920007		2.75213
0.921007		2.40062
0.922007		2.15734
0.923007		1.99199
0.924007		1.88613
0.925007		1.82877
0.926007		1.81403
0.927007		1.84
0.928007		1.90835
0.929007		2.02463
0.930007		2.19931
0.931007		2.45
0.932007		2.80551
0.933007		3.31358
0.934007		4.0558
0.935007		5.17796
0.936007		6.95448
0.937007		9.92726
0.938007		15.1721
0.939007		24.3977
0.940007		36.7424
0.941007		39.5015
0.942007		28.3109
0.943007		17.7163
0.944007		11.5022
0.945007		8.06129
0.946007		6.09466
0.947007		4.9347
0.948007		4.2523
0.949007		3.88363
0.950007		3.75063
0.951007		3.8272
0.952007		4.12863
0.953007		4.71778
0.954007		5.73168
0.955007		7.44616
0.956007		10.4194
0.957007		15.7644
0.958007		25.1918
0.959007		37.3765
0.960007		39.0222
0.961007		27.4138
0.962007		17.0071
0.963007		10.9206
0.964007		7.49557
0.965007		5.47308
0.966007		4.20662
0.967007		3.37123
0.968007		2.79624
0.969007		2.38696
0.970007		2.0881
0.971007		1.86591
0.972007		1.69896
0.973007		1.5733
0.974007		1.4796
0.975007		1.41158
0.976007		1.36504
0.977007		1.33727
0.978007		1.3267
0.979007		1.33273
0.980007		1.35564
0.981007		1.39661
0.982007		1.4579
0.983007		1.54308
0.984007		1.65755
0.985007		1.8093
0.986007		2.01024
0.987007		2.27843
0.988007		2.64197
0.989007		3.14613
0.990007		3.86699
0.991007		4.93876
0.992007		6.61142
0.993007		9.37514
0.994007		14.2078
0.995007		22.7727
0.996007		35.1304
0.997007		40.3087
0.998007		30.2516
0.999007		19.0669
1.00001		12.3251
1.00101		8.61516
1.00201		6.5321
1.00301		5.34042
1.00401		4.68236
1.00501		4.38747
1.00601		4.38642
1.00701		4.67867
1.00801		5.33218
1.00901		6.51512
1.01001		8.58072
1.01101		12.2554
1.01201		18.9311
1.01301		30.0491
1.01401		40.2659
1.01501		35.3696
1.01601		23.0016
1.01701		14.3606
1.01801		9.48334
1.01901		6.69907
1.02001		5.01847
1.02101		3.94545
1.02201		3.22727
1.02301		2.72845
1.02401		2.37235
1.02501		2.1135
1.02601		1.92384
1.02701		1.7855
1.02801		1.6869
1.02901		1.62049
1.03001		1.58153
1.03101		1.56729
1.03201		1.57668
1.03301		1.61007
1.03401		1.66936
1.03501		1.7582
1.03601		1.88253
1.03701		2.0515
1.03801		2.27904
1.03901		2.58663
1.04001		3.00821
1.04101		3.59927
1.04201		4.4546
1.04301		5.74462
1.04401		7.79288
1.04501		11.2419
1.04601		17.3432
1.04701		27.7689
1.04801		39.5555
1.04901		38.2979
1.05001		26.3322
1.05101		17.1018
1.05201		12.0826
1.05301		9.62478
1.05401		8.71225
1.05501		8.9792
1.05601		10.5334
1.05701		14.0145
1.05801		20.8131
1.05901		32.1113
1.06001		41.1385
1.06101		34.508
1.06201		22.1782
1.06301		13.935
1.06401		9.27988
1.06501		6.58999
1.06601		4.94079
1.06701		3.86908
1.06801		3.1372
1.06901		2.61656
1.07001		2.23365
1.07101		1.94433
1.07201		1.72089
1.07301		1.54528
1.07401		1.40538
1.07501		1.29281
1.07601		1.20163
1.07701		1.12759
1.07801		1.06759
1.07901		1.01934
1.08001		0.981163
1.08101		0.951856
1.08201		0.930565
1.08301		0.916739
1.08401		0.91009
1.08501		0.910573
1.08601		0.918386
1.08701		0.933991
1.08801		0.958151
1.08901		0.991997
1.09001		1.03713
1.09101		1.09577
1.09201		1.17101
1.09301		1.26713
1.09401		1.39017
1.09501		1.54883
1.09601		1.75583
1.09701		2.03038
1.09801		2.4024
1.09901		2.92028
1.10001		3.66581
1.10101		4.78445
1.10201		6.54927
1.10301		9.49905
1.10401		14.7036
1.10501		23.8699
1.10601		36.1948
1.10701		39.0599
1.10801		27.8782
1.10901		17.194
1.11001		10.8837
1.11101		7.34458
1.11201		5.26722
1.11301		3.97385
1.11401		3.12458
1.11501		2.54154
1.11601		2.12646
1.11701		1.82209
1.11801		1.59356
1.11901		1.4187
1.12001		1.28296
1.12101		1.1765
1.12201		1.09249
1.12301		1.02612
1.12401		0.973916
1.12501		0.93335
1.12601		0.902587
1.12701		0.880288
1.12801		0.865497
1.12901		0.857558
1.13001		0.856065
1.13101		0.860823
1.13201		0.871839
1.13301		0.889311
1.13401		0.913645
1.13501		0.945476
1.13601		0.985709
1.13701		1.03559
1.13801		1.09677
1.13901		1.17152
1.14001		1.26282
1.14101		1.37477
1.14201		1.51301
1.14301		1.68542
1.14401		1.90331
1.14501		2.18336
1.14601		2.55084
1.14701		3.04558
1.14801		3.73294
1.14901		4.72559
1.15001		6.2285
1.15101		8.63573
1.15201		12.733
1.15301		19.9878
1.15401		31.7003
1.15501		41.4715
1.15601		35.728
1.15701		23.9989
1.15801		16.4808
1.15901		12.9265
1.16001		11.9602
1.16101		13.1473
1.16201		17.0193
1.16301		25.0134
1.16401		36.8664
1.16501		41.0918
1.16601		30.408
1.16701		19.083
1.16801		12.2245
1.16901		8.34729
1.17001		6.05659
1.17101		4.6184
1.17201		3.6641
1.17301		3.00098
1.17401		2.52252
1.17501		2.16663
1.17601		1.89531
1.17701		1.68436
1.17801		1.5178
1.17901		1.38474
1.18001		1.27761
1.18101		1.191
1.18201		1.121
1.18301		1.06478
1.18401		1.02024
1.18501		0.985866
1.18601		0.960593
1.18701		0.943712
1.18801		0.934828
1.18901		0.933827
1.19001		0.940879
1.19101		0.956452
1.19201		0.981356
1.19301		1.01682
1.19401		1.0646
1.19501		1.12716
1.19601		1.20795
1.19701		1.31181
1.19801		1.44562
1.19901		1.61934
1.20001		1.84776
1.20101		2.15344
1.20201		2.572
1.20301		3.16201
1.20401		4.02428
1.20501		5.34172
1.20601		7.46477
1.20701		11.0928
1.20801		17.5694
1.20901		28.4476
1.21001		39.318
1.21101		35.6871
1.21201		23.3363
1.21301		14.3789
1.21401		9.30786
1.21501		6.4271
1.21601		4.69785
1.21701		3.59799
1.21801		2.86243
1.21901		2.3496
1.22001		1.97968
1.22101		1.70534
1.22201		1.49726
1.22301		1.33656
1.22401		1.2107
1.22501		1.11109
1.22601		1.03173
1.22701		0.968334
1.22801		0.917805
1.22901		0.877866
1.23001		0.846844
1.23101		0.823511
1.23201		0.806979
1.23301		0.79663
1.23401		0.792067
1.23501		0.793089
1.23601		0.799672
1.23701		0.811969
1.23801		0.83032
1.23901		0.855276
1.24001		0.887634
1.24101		0.928504
1.24201		0.979396
1.24301		1.04235
1.24401		1.12015
1.24501		1.21659
1.24601		1.33696
1.24701		1.48872
1.24801		1.68269
1.24901		1.93494
1.25001		2.27005
1.25101		2.72707
1.25201		3.37063
1.25301		4.31295
1.25401		5.75962
1.25501		8.1081
1.25601		12.1536
1.25701		19.3757
1.25801		30.9966
1.25901		40.2168
1.26001		33.7167
1.26101		21.5567
1.26201		13.4718
1.26301		8.95096
1.26401		6.37916
1.26501		4.83905
1.26601		3.8727
1.26701		3.2468
1.26801		2.83691
1.26901		2.57403
1.27001		2.41935
1.27101		2.35198
1.27201		2.36313
1.27301		2.45378
1.27401		2.63492
1.27501		2.93047
1.27601		3.38412
1.27701		4.07347
1.27801		5.13937
1.27901		6.84832
1.28001		9.72756
1.28101		14.8268
1.28201		23.8463
1.28301		36.1751
1.28401		39.4989
1.28501		28.4938
1.28601		17.6834
1.28701		11.2675
1.28801		7.67216
1.28901		5.56711
1.29001		4.26141
1.29101		3.40879
1.29201		2.82843
1.29301		2.42069
1.29401		2.12778
1.29501		1.91469
1.29601		1.75949
1.29701		1.64807
1.29801		1.57128
1.29901		1.52329
1.30001		1.50058
1.30101		1.50146
1.30201		1.52581
1.30301		1.57503
1.30401		1.65232
1.30501		1.76303
1.30601		1.91565
1.30701		2.12322
1.30801		2.40594
1.30901		2.79588
1.31001		3.34557
1.31101		4.14478
1.31201		5.35479
1.31301		7.28136
1.31401		10.5315
1.31501		16.2975
1.31601		26.2797
1.31701		38.2586
1.31801		38.1658
1.31901		26.1872
1.32001		16.3118
1.32101		10.6379
1.32201		7.46232
1.32301		5.60367
1.32401		4.46173
1.32501		3.73497
1.32601		3.26543
1.32701		2.96654
1.32801		2.78943
1.32901		2.7066
1.33001		2.70379
1.33101		2.77606
1.33201		2.9262
1.33301		3.16495
1.33401		3.51283
1.33501		4.00426
1.33601		4.69553
1.33701		5.67977
1.33801		7.11611
1.33901		9.28896
1.34001		12.7336
1.34101		18.5052
1.34201		28.676
1.34301		46.3502
1.34401		69.2886
1.34501		76.3191
1.34601		57.6571
1.34701		36.1104
1.34801		22.6233
1.34901		15.0216
1.35001		10.5894
1.35101		7.84903
1.35201		6.05829
1.35301		4.8317
1.35401		3.95808
1.35501		3.3154
1.35601		2.82971
1.35701		2.45426
1.35801		2.15842
1.35901		1.92148
1.36001		1.72908
1.36101		1.57098
1.36201		1.43974
1.36301		1.32986
1.36401		1.23721
1.36501		1.15864
1.36601		1.09169
1.36701		1.03447
1.36801		0.985467
1.36901		0.943481
1.37001		0.907553
1.37101		0.876907
1.37201		0.850918
1.37301		0.82908
1.37401		0.810982
1.37501		0.796295
1.37601		0.784759
1.37701		0.776169
1.37801		0.770373
1.37901		0.767262
1.38001		0.766771
1.38101		0.768873
1.38201		0.773578
1.38301		0.780937
1.38401		0.79104
1.38501		0.804021
1.38601		0.82006
1.38701		0.839394
1.38801		0.86232
1.38901		0.889212
1.39001		0.920532
1.39101		0.956851
1.39201		0.998878
1.39301		1.04749
1.39401		1.10379
1.39501		1.16916
1.39601		1.24534
1.39701		1.3346
1.39801		1.43986
1.39901		1.56497
1.40001		1.71509
1.40101		1.8973
1.40201		2.12142
1.40301		2.40153
1.40401		2.75836
1.40501		3.22337
1.40601		3.84629
1.40701		4.70921
1.40801		5.95467
1.40901		7.84447
1.41001		10.8859
1.41101		16.0825
1.41201		25.1434
1.41301		38.2464
1.41401		44.6507
1.41501		36.4252
1.41601		28.1808
1.41701		26.6554
1.41801		32.1568
1.41901		42.3099
1.42001		43.5249
1.42101		31.4274
1.42201		20.3657
1.42301		13.8717
1.42401		10.2718
1.42501		8.25075
1.42601		7.14042
1.42701		6.6263
1.42801		6.58058
1.42901		6.99737
1.43001		7.99083
1.43101		9.85506
1.43201		13.2228
1.43301		19.3529
1.43401		29.9155
1.43501		41.8077
1.43601		40.6273
1.43701		29.2323
1.43801		21.1059
1.43901		17.951
1.44001		18.8404
1.44101		24.1264
1.44201		34.4936
1.44301		43.0177
1.44401		36.103
1.44501		23.4847
1.44601		15.0093
1.44701		10.1865
1.44801		7.37386
1.44901		5.63203
1.45001		4.4887
1.45101		3.70048
1.45201		3.13497
1.45301		2.71609
1.45401		2.39785
1.45501		2.15126
1.45601		1.9573
1.45701		1.80317
1.45801		1.67999
1.45901		1.58148
1.46001		1.50318
1.46101		1.44188
1.46201		1.39529
1.46301		1.36185
1.46401		1.34056
1.46501		1.33091
1.46601		1.33286
1.46701		1.34684
1.46801		1.37379
1.46901		1.41527
1.47001		1.47361
1.47101		1.55222
1.47201		1.65596
1.47301		1.79184
1.47401		1.97012
1.47501		2.20606
1.47601		2.52306
1.47701		2.95822
1.47801		3.57271
1.47901		4.4723
1.48001		5.84965
1.48101		8.07538
1.48201		11.8902
1.48301		18.699
1.48401		29.936
1.48501		40.1685
1.48601		35.2291
1.48701		22.9342
1.48801		14.3919
1.48901		9.60028
1.49001		6.8939
1.49101		5.29054
1.49201		4.29932
1.49301		3.67205
1.49401		3.27817
1.49501		3.04718
1.49601		2.94193
1.49701		2.94623
1.49801		3.05985
1.49901		3.2985
1.50001		3.69853
1.50101		4.32902
1.50201		5.31779
1.50301		6.90735
1.50401		9.57661
1.50501		14.2847
1.50601		22.6809
1.50701		34.959
1.50801		40.4806
1.50901		30.6022
1.51001		19.2516
1.51101		12.3308
1.51201		8.47186
1.51301		6.24443
1.51401		4.89034
1.51501		4.03136
1.51601		3.47247
1.51701		3.10844
1.51801		2.88064
1.51901		2.75645
1.52001		2.71932
1.52101		2.76419
1.52201		2.89615
1.52301		3.13181
1.52401		3.50388
1.52501		4.07114
1.52601		4.93912
1.52701		6.30346
1.52801		8.54371
1.52901		12.4208
1.53001		19.3688
1.53101		30.7451
1.53201		40.5771
1.53301		34.9775
1.53401		22.7084
1.53501		14.3371
1.53601		9.64217
1.53701		6.97602
1.53801		5.38188
1.53901		4.38115
1.54001		3.73005
1.54101		3.2982
1.54201		3.01239
1.54301		2.82997
1.54401		2.7256
1.54501		2.68447
1.54601		2.69868
1.54701		2.76545
1.54801		2.88632
1.54901		3.06722
1.55001		3.31925
1.55101		3.66049
1.55201		4.11935
1.55301		4.74055
1.55401		5.59615
1.55501		6.80664
1.55601		8.58317
1.55701		11.3159
1.55801		15.7619
1.55901		23.3921
1.56001		36.4249
1.56101		53.5261
1.56201		62.2392
1.56301		62.7895
1.56401		57.0769
1.56501		41.0633
1.56601		27.5689
1.56701		20.041
1.56801		16.5141
1.56901		15.6625
1.57001		17.2678
1.57101		22.1431
1.57201		31.723
1.57301		42.8812
1.57401		41.1249
1.57501		28.8227
1.57601		19.3623
1.57701		14.1764
1.57801		11.603
1.57901		10.6219
1.58001		10.8679
1.58101		12.4561
1.58201		16.0451
1.58301		23.0519
1.58401		34.5868
1.58501		43.4591
1.58601		36.6581
1.58701		24.7946
1.58801		17.2783
1.58901		13.5803
1.59001		12.2875
1.59101		12.8638
1.59201		15.5937
1.59301		21.645
1.59401		32.3346
1.59501		42.2263
1.59601		37.0786
1.59701		24.5549
1.59801		15.8142
1.59901		10.873
1.60001		8.05662
1.60101		6.37511
1.60201		5.33408
1.60301		4.68512
1.60401		4.30069
1.60501		4.11732
1.60601		4.1108
1.60701		4.2877
1.60801		4.68811
1.60901		5.40127
1.61001		6.60383
1.61101		8.64546
1.61201		12.2325
1.61301		18.7224
1.61401		29.636
1.61501		40.2755
1.61601		36.2079
1.61701		23.8151
1.61801		14.9319
1.61901		9.90004
1.62001		7.02987
1.62101		5.29807
1.62201		4.19062
1.62301		3.44614
1.62401		2.92481
1.62501		2.54763
1.62601		2.26771
1.62701		2.05592
1.62801		1.89353
1.62901		1.76811
1.63001		1.67119
1.63101		1.59688
1.63201		1.54106
1.63301		1.50084
1.63401		1.47419
1.63501		1.45978
1.63601		1.4568
1.63701		1.46491
1.63801		1.48417
1.63901		1.51508
1.64001		1.55857
1.64101		1.61612
1.64201		1.68986
1.64301		1.78281
1.64401		1.89914
1.64501		2.04473
1.64601		2.22791
1.64701		2.46075
1.64801		2.76113
1.64901		3.15648
1.65001		3.69031
1.65101		4.43483
1.65201		5.51591
1.65301		7.16531
1.65401		9.83354
1.65501		14.4197
1.65601		22.5227
1.65701		34.821
1.65801		42.1172
1.65901		33.6341
1.66001		22.2719
1.66101		15.3828
1.66201		11.8876
1.66301		10.3494
1.66401		10.0654
1.66501		10.822
1.66601		12.7601
1.66701		16.436
1.66801		23.1187
1.66901		35.3291
1.67001		56.0556
1.67101		77.7607
1.67201		73.6596
1.67301		49.8899
1.67401		31.1383
1.67501		20.3612
1.67601		14.2778
1.67701		10.6764
1.67801		8.43294
1.67901		6.9804
1.68001		6.01996
1.68101		5.38709
1.68201		4.98872
1.68301		4.77294
1.68401		4.7142
1.68501		4.80686
1.68601		5.06425
1.68701		5.52285
1.68801		6.25402
1.68901		7.38952
1.69001		9.17631
1.69101		12.095
1.69201		17.0999
1.69301		25.8622
1.69401		38.9558
1.69501		46.7184
1.69601		39.4711
1.69701		31.102
1.69801		29.3346
1.69901		34.7943
1.70001		47.847
1.70101		61.7682
1.70201		64.7747
1.70301		62.6714
1.70401		50.1624
1.70501		33.0029
1.70601		21.3471
1.70701		14.5916
1.70801		10.5847
1.70901		8.0655
1.71001		6.38998
1.71101		5.22151
1.71201		4.37445
1.71301		3.7407
1.71401		3.25411
1.71501		2.87248
1.71601		2.56786
1.71701		2.32118
1.71801		2.11905
1.71901		1.95185
1.72001		1.81258
1.72101		1.69602
1.72201		1.59822
1.72301		1.51623
1.72401		1.44776
1.72501		1.39111
1.72601		1.34498
1.72701		1.30844
1.72801		1.28087
1.72901		1.26191
1.73001		1.25148
1.73101		1.24975
1.73201		1.25719
1.73301		1.27462
1.73401		1.30328
1.73501		1.34495
1.73601		1.40215
1.73701		1.47839
1.73801		1.57865
1.73901		1.71
1.74001		1.88274
1.74101		2.11219
1.74201		2.4218
1.74301		2.84877
1.74401		3.45446
1.74501		4.34504
1.74601		5.7141
1.74701		7.93429
1.74801		11.7506
1.74901		18.5741
1.75001		29.8234
1.75101		39.9524
1.75201		34.8458
1.75301		22.5253
1.75401		13.9847
1.75501		9.1732
1.75601		6.42773
1.75701		4.77
1.75801		3.7098
1.75901		2.99725
1.76001		2.49825
1.76101		2.1368
1.76201		1.86763
1.76301		1.66258
1.76401		1.50346
1.76501		1.3781
1.76601		1.27818
1.76701		1.19781
1.76801		1.13278
1.76901		1.07999
1.77001		1.03716
1.77101		1.00253
1.77201		0.974801
1.77301		0.952951
1.77401		0.936198
1.77501		0.923936
1.77601		0.9157
1.77701		0.911134
1.77801		0.909971
1.77901		0.912021
1.78001		0.917157
1.78101		0.925308
1.78201		0.936455
1.78301		0.950628
1.78401		0.967902
1.78501		0.988402
1.78601		1.0123
1.78701		1.03983
1.78801		1.07127
1.78901		1.10698
1.79001		1.14739
1.79101		1.19305
1.79201		1.24457
1.79301		1.30275
1.79401		1.36851
1.79501		1.44303
1.79601		1.5277
1.79701		1.62428
1.79801		1.73494
1.79901		1.86244
1.80001		2.01026
1.80101		2.18292
1.80201		2.38629
1.80301		2.6282
1.80401		2.91922
1.80501		3.27392
1.80601		3.7129
1.80701		4.26597
1.80801		4.97766
1.80901		5.91683
1.81001		7.19433
1.81101		8.99715
1.81201		11.6576
1.81301		15.8008
1.81401		22.6597
1.81501		34.6466
1.81601		55.2045
1.81701		79.9602
1.81801		80.8842
1.81901		58.5324
1.82001		41.2143
1.82101		33.7579
1.82201		34.0098
1.82301		42.0128
1.82401		59.4964
1.82501		79.7402
1.82601		78.4247
1.82701		55.7778
1.82801		35.6094
1.82901		23.6284
1.83001		16.8346
1.83101		12.8241
1.83201		10.3468
1.83301		8.77425
1.83401		7.78117
1.83501		7.19644
1.83601		6.93547
1.83701		6.97173
1.83801		7.33048
1.83901		8.10222
1.84001		9.48542
1.84101		11.887
1.84201		16.1351
1.84301		23.7567
1.84401		35.8234
1.84501		44.7188
1.84601		37.8914
1.84701		26.5936
1.84801		19.8041
1.84901		16.907
1.85001		16.5666
1.85101		18.3377
1.85201		22.6013
1.85301		30.752
1.85401		45.8371
1.85501		72.4121
1.85601		106.546
1.85701		115.904
1.85801		86.3836
1.85901		54.1325
1.86001		34.2807
1.86101		23.0888
1.86201		16.5349
1.86301		12.4656
1.86401		9.79884
1.86501		7.97153
1.86601		6.67416
1.86701		5.72762
1.86801		5.02344
1.86901		4.49342
1.87001		4.09351
1.87101		3.79478
1.87201		3.57832
1.87301		3.43223
1.87401		3.35001
1.87501		3.32977
1.87601		3.37417
1.87701		3.49121
1.87801		3.69586
1.87901		4.01348
1.88001		4.48609
1.88101		5.18428
1.88201		6.2309
1.88301		7.85017
1.88401		10.473
1.88501		14.9546
1.88601		22.8601
1.88701		35.329
1.88801		44.8824
1.88901		39.1594
1.89001		29.817
1.89101		26.7514
1.89201		30.8746
1.89301		40.638
1.89401		44.1221
1.89501		32.9416
1.89601		21.0055
1.89701		13.6945
1.89801		9.51389
1.89901		7.01284
1.90001		5.42167
1.90101		4.35133
1.90201		3.59702
1.90301		3.04472
1.90401		2.62741
1.90501		2.30375
1.90601		2.04719
1.90701		1.84
1.90801		1.67002
1.90901		1.52865
1.91001		1.40967
1.91101		1.30852
1.91201		1.22172
1.91301		1.14666
1.91401		1.08129
1.91501		1.02401
1.91601		0.973542
1.91701		0.928868
1.91801		0.889157
1.91901		0.853733
1.92001		0.822034
1.92101		0.793599
1.92201		0.768038
1.92301		0.745026
1.92401		0.724287
1.92501		0.705587
1.92601		0.688726
1.92701		0.673535
1.92801		0.659866
1.92901		0.647595
1.93001		0.636612
1.93101		0.626826
1.93201		0.618156
1.93301		0.610533
1.93401		0.603901
1.93501		0.598208
1.93601		0.593414
1.93701		0.589484
1.93801		0.586392
1.93901		0.584116
1.94001		0.58264
1.94101		0.581955
1.94201		0.582057
1.94301		0.582946
1.94401		0.584629
1.94501		0.587117
1.94601		0.590429
1.94701		0.594586
1.94801		0.59962
1.94901		0.605566
1.95001		0.612468
1.95101		0.620378
1.95201		0.629358
1.95301		0.639478
1.95401		0.650822
1.95501		0.663487
1.95601		0.677584
1.95701		0.693243
1.95801		0.710616
1.95901		0.729879
1.96001		0.751236
1.96101		0.774931
1.96201		0.801245
1.96301		0.830516
1.96401		0.863141
1.96501		0.8996
1.96601		0.940468
1.96701		0.986443
1.96801		1.03838
1.96901		1.09734
1.97001		1.16463
1.97101		1.24192
1.97201		1.33134
1.97301		1.43562
1.97401		1.5584
1.97501		1.7045
1.97601		1.88052
1.97701		2.09567
1.97801		2.3631
1.97901		2.70215
1.98001		3.14227
1.98101		3.72994
1.98201		4.54195
1.98301		5.71169
1.98401		7.4841
1.98501		10.3341
1.98601		15.2052
1.98701		23.7456
1.98801		36.4386
1.98901		43.4086
1.99001		35.0034
1.99101		24.8915
1.99201		20.0455
1.99301		19.9569
1.99401		24.5734
1.99501		34.522
1.99601		43.8125
1.99701		38.1576
1.99801		25.5714
1.99901		16.9386
2.00001		12.1598
2.00101		9.56804
2.00201		8.19995
2.00301		7.59988
2.00401		7.58269
2.00501		8.13171
2.00601		9.38849
2.00701		11.7278
2.00801		15.9572
2.00901		23.5994
2.01001		35.8721
2.01101		45.7413
2.01201		40.4185
2.01301		30.944
2.01401		27.6448
2.01501		31.5442
2.01601		41.2903
2.01701		45.4861
2.01801		34.8094
2.01901		22.8843
2.02001		15.6409
2.02101		11.6825
2.02201		9.56313
2.02301		8.5497
2.02401		8.3433
2.02501		8.91713
2.02601		10.5056
2.02701		13.7408
2.02801		19.926
2.02901		30.5852
2.03001		41.2663
2.03101		37.4684
2.03201		25.0189
2.03301		16.0014
2.03401		10.892
2.03501		7.99325
2.03601		6.26707
2.03701		5.19273
2.03801		4.50739
2.03901		4.0732
2.04001		3.81601
2.04101		3.69711
2.04201		3.70017
2.04301		3.82617
2.04401		4.09372
2.04501		4.54473
2.04601		5.25865
2.04701		6.38312
2.04801		8.20034
2.04901		11.2708
2.05001		16.7051
2.05101		26.2221
2.05201		38.62
2.05301		40.7475
2.05401		29.5193
2.05501		19.4586
2.05601		13.8897
2.05701		11.2564
2.05801		10.4555
2.05901		11.1501
2.06001		13.64
2.06101		18.9806
2.06201		28.7581
2.06301		40.2275
2.06401		39.041
2.06501		26.7257
2.06601		16.9131
2.06701		11.2616
2.06801		8.05204
2.06901		6.13242
2.07001		4.91788
2.07101		4.11262
2.07201		3.5598
2.07301		3.1717
2.07401		2.89689
2.07501		2.70413
2.07601		2.574
2.07701		2.49449
2.07801		2.45853
2.07901		2.46269
2.08001		2.50655
2.08101		2.59264
2.08201		2.72678
2.08301		2.91909
2.08401		3.18587
2.08501		3.55301
2.08601		4.06225
2.08701		4.78302
2.08801		5.83602
2.08901		7.44216
2.09001		10.0281
2.09101		14.4443
2.09201		22.2403
2.09301		34.4354
2.09401		43.1435
2.09501		36.1159
2.09601		24.9889
2.09701		18.539
2.09801		16.2522
2.09901		17.1942
2.10001		21.731
2.10101		31.1155
2.10201		42.4141
2.10301		41.1946
2.10401		29.0494
2.10501		19.595
2.10601		14.5072
2.10701		12.1612
2.10801		11.59
2.10901		12.5683
2.11001		15.5212
2.11101		21.6684
2.11201		32.4256
2.11301		42.8335
2.11401		38.5053
2.11501		26.2687
2.11601		17.7631
2.11701		13.2672
2.11801		11.1846
2.11901		10.6675
2.12001		11.5245
2.12101		14.1295
2.12201		19.5817
2.12301		29.4774
2.12401		40.9394
2.12501		39.5715
2.12601		27.3024
2.12701		17.6576
2.12801		12.185
2.12901		9.17711
2.13001		7.51025
2.13101		6.63383
2.13201		6.30078
2.13301		6.43318
2.13401		7.08163
2.13501		8.45284
2.13601		11.0233
2.13701		15.7857
2.13801		24.4107
2.13901		36.6306
2.14001		40.7692
2.14101		30.0941
2.14201		18.9855
2.14301		12.306
2.14401		8.5493
2.14501		6.34264
2.14601		4.96701
2.14701		4.06207
2.14801		3.43988
2.14901		2.99688
2.15001		2.6729
2.15101		2.43134
2.15201		2.24903
2.15301		2.11078
2.15401		2.00639
2.15501		1.92885
2.15601		1.87329
2.15701		1.83631
2.15801		1.8156
2.15901		1.80959
2.16001		1.81738
2.16101		1.83856
2.16201		1.87317
2.16301		1.92171
2.16401		1.98512
2.16501		2.06485
2.16601		2.16292
2.16701		2.28207
2.16801		2.42594
2.16901		2.5994
2.17001		2.80888
2.17101		3.06309
2.17201		3.37389
2.17301		3.75776
2.17401		4.23812
2.17501		4.84913
2.17601		5.64214
2.17701		6.69729
2.17801		8.14506
2.17901		10.2088
2.18001		13.2922
2.18101		18.1656
2.18201		26.3225
2.18301		40.1984
2.18401		59.8409
2.18501		73.9665
2.18601		78.1983
2.18701		74.0988
2.18801		67.4891
2.18901		69.9216
2.19001		70.0492
2.19101		64.3695
2.19201		63.1826
2.19301		54.5907
2.19401		38.09
2.19501		25.8809
2.19601		18.9057
2.19701		15.1174
2.19801		13.2622
2.19901		12.8378
2.20001		13.8693
2.20101		16.9431
2.20201		23.4128
2.20301		34.453
2.20401		43.3591
2.20501		36.6726
2.20601		24.225
2.20701		15.8785
2.20801		11.1576
2.20901		8.43448
2.21001		6.78022
2.21101		5.73022
2.21201		5.04768
2.21301		4.60679
2.21401		4.33888
2.21501		4.20728
2.21601		4.19543
2.21701		4.30189
2.21801		4.53955
2.21901		4.93885
2.22001		5.55607
2.22101		6.49102
2.22201		7.92361
2.22301		10.1916
2.22401		13.9567
2.22501		20.5063
2.22601		31.7151
2.22701		45.6972
2.22801		49.05
2.22901		43.2509
2.23001		43.9117
2.23101		49.5137
2.23201		43.8163
2.23301		29.6045
2.23401		19.1341
2.23501		13.0724
2.23601		9.5491
2.23701		7.38962
2.23801		5.99477
2.23901		5.056
2.24001		4.40648
2.24101		3.95129
2.24201		3.63427
2.24301		3.42138
2.24401		3.29214
2.24501		3.23508
2.24601		3.24537
2.24701		3.32386
2.24801		3.47722
2.24901		3.71903
2.25001		4.07239
2.25101		4.57471
2.25201		5.28659
2.25301		6.30852
2.25401		7.81359
2.25501		10.1146
2.25601		13.8071
2.25701		20.0675
2.25801		31.0964
2.25901		49.1438
2.26001		67.8016
2.26101		71.4495
2.26201		57.2566
2.26301		37.2534
2.26401		23.5862
2.26501		15.7796
2.26601		11.2572
2.26701		8.49128
2.26801		6.707
2.26901		5.50472
2.27001		4.66768
2.27101		4.07223
2.27201		3.64473
2.27301		3.34006
2.27401		3.13031
2.27501		2.99876
2.27601		2.93667
2.27701		2.94188
2.27801		3.01865
2.27901		3.17897
2.28001		3.44564
2.28101		3.8585
2.28201		4.48694
2.28301		5.45494
2.28401		6.99407
2.28501		9.55793
2.28601		14.055
2.28701		22.092
2.28801		34.2458
2.28901		40.9915
2.29001		31.971
2.29101		20.3377
2.29201		13.1
2.29301		9.07474
2.29401		6.77348
2.29501		5.39472
2.29601		4.53962
2.29701		4.00427
2.29801		3.68033
2.29901		3.50934
2.30001		3.46125
2.30101		3.52452
2.30201		3.70241
2.30301		4.01337
2.30401		4.4959
2.30501		5.22005
2.30601		6.31162
2.30701		8.00336
2.30801		10.7454
2.30901		15.4323
2.31001		23.6767
2.31101		36.4358
2.31201		45.4003
2.31301		39.1724
2.31401		30.5193
2.31501		28.6908
2.31601		34.4211
2.31701		43.9491
2.31801		42.3604
2.31901		29.4188
2.32001		18.8964
2.32101		12.7745
2.32201		9.28406
2.32301		7.20527
2.32401		5.91596
2.32501		5.10323
2.32601		4.60575
2.32701		4.34125
2.32801		4.27425
2.32901		4.40401
2.33001		4.76518
2.33101		5.44204
2.33201		6.60507
2.33301		8.59382
2.33401		12.0956
2.33501		18.4398
2.33601		29.1923
2.33701		40.1005
2.33801		36.6449
2.33901		24.2587
2.34001		15.2069
2.34101		10.0703
2.34201		7.14852
2.34301		5.39334
2.34401		4.27753
2.34501		3.53352
2.34601		3.01864
2.34701		2.65262
2.34801		2.38813
2.34901		2.1961
2.35001		2.05825
2.35101		1.96287
2.35201		1.90257
2.35301		1.873
2.35401		1.87208
2.35501		1.89972
2.35601		1.95774
2.35701		2.05022
2.35801		2.18406
2.35901		2.37014
2.36001		2.62542
2.36101		2.97654
2.36201		3.46643
2.36301		4.16697
2.36401		5.20419
2.36501		6.81106
2.36601		9.44153
2.36701		14.0024
2.36801		22.0999
2.36901		34.3505
2.37001		41.3493
2.37101		32.593
2.37201		21.1572
2.37301		14.1866
2.37401		10.5587
2.37501		8.84514
2.37601		8.3554
2.37701		8.90198
2.37801		10.6961
2.37901		14.4644
2.38001		21.6762
2.38101		33.2918
2.38201		41.3768
2.38301		33.6001
2.38401		21.4807
2.38501		13.6295
2.38601		9.21056
2.38701		6.65238
2.38801		5.08254
2.38901		4.06449
2.39001		3.37355
2.39101		2.8878
2.39201		2.53747
2.39301		2.28075
2.39401		2.09163
2.39501		1.95348
2.39601		1.85557
2.39701		1.79101
2.39801		1.75568
2.39901		1.74753
2.40001		1.76636
2.40101		1.81374
2.40201		1.89329
2.40301		2.01122
2.40401		2.17741
2.40501		2.4072
2.40601		2.72462
2.40701		3.16832
2.40801		3.80255
2.40901		4.73908
2.41001		6.18272
2.41101		8.52929
2.41201		12.5705
2.41301		19.7812
2.41401		31.4036
2.41501		40.7445
2.41601		34.4063
2.41701		22.2993
2.41801		14.2685
2.41901		9.84402
2.42001		7.41751
2.42101		6.08304
2.42201		5.40563
2.42301		5.19186
2.42401		5.38603
2.42501		6.04143
2.42601		7.3478
2.42701		9.73323
2.42801		14.0905
2.42901		22.0162
2.43001		34.0706
2.43101		40.6944
2.43201		31.5652
2.43301		19.8561
2.43401		12.5442
2.43501		8.43834
2.43601		6.0487
2.43701		4.57195
2.43801		3.60635
2.43901		2.94408
2.44001		2.47164
2.44101		2.12363
2.44201		1.86048
2.44301		1.65725
2.44401		1.4976
2.44501		1.37054
2.44601		1.26845
2.44701		1.18592
2.44801		1.11909
2.44901		1.0651
2.45001		1.02189
2.45101		0.987911
2.45201		0.962059
2.45301		0.943545
2.45401		0.931852
2.45501		0.926695
2.45601		0.928004
2.45701		0.935914
2.45801		0.950784
2.45901		0.973219
2.46001		1.00412
2.46101		1.04476
2.46201		1.09689
2.46301		1.16291
2.46401		1.24612
2.46501		1.35108
2.46601		1.48424
2.46701		1.65483
2.46801		1.87642
2.46901		2.16956
2.47001		2.56638
2.47101		3.11912
2.47201		3.91669
2.47301		5.11837
2.47401		7.02557
2.47501		10.2361
2.47601		15.9258
2.47701		25.801
2.47801		37.8495
2.47901		38.1431
2.48001		26.2342
2.48101		16.2455
2.48201		10.4849
2.48301		7.25574
2.48401		5.36004
2.48501		4.18791
2.48601		3.43303
2.48701		2.93488
2.48801		2.60542
2.48901		2.39478
2.49001		2.2747
2.49101		2.23041
2.49201		2.25675
2.49301		2.35684
2.49401		2.54295
2.49501		2.83956
2.49601		3.29026
2.49701		3.97177
2.49801		5.02255
2.49901		6.70389
2.50001		9.53171
2.50101		14.5345
2.50201		23.4036
2.50301		35.7352
2.50401		39.5782
2.50501		28.794
2.50601		17.842
2.50701		11.2998
2.50801		7.63136
2.50901		5.48259
2.51001		4.14718
2.51101		3.27128
2.51201		2.67029
2.51301		2.24252
2.51401		1.92894
2.51501		1.69363
2.51601		1.51388
2.51701		1.37482
2.51801		1.26642
2.51901		1.18181
2.52001		1.11617
2.52101		1.06612
2.52201		1.0293
2.52301		1.00408
2.52401		0.989466
2.52501		0.984913
2.52601		0.990342
2.52701		1.00611
2.52801		1.03303
2.52901		1.0725
2.53001		1.12657
2.53101		1.19826
2.53201		1.29183
2.53301		1.4134
2.53401		1.57184
2.53501		1.78022
2.53601		2.0584
2.53701		2.4374
2.53801		2.96765
2.53901		3.73475
2.54001		4.89163
2.54101		6.72678
2.54201		9.81118
2.54301		15.2734
2.54401		24.8274
2.54501		37.0286
2.54601		38.4498
2.54701		26.797
2.54801		16.4831
2.54901		10.469
2.55001		7.0873
2.55101		5.09085
2.55201		3.84017
2.55301		3.01382
2.55401		2.44284
2.55501		2.03341
2.55601		1.73067
2.55701		1.50101
2.55801		1.32301
2.55901		1.18252
2.56001		1.06994
2.56101		0.978536
2.56201		0.903522
2.56301		0.8414
2.56401		0.789573
2.56501		0.746085
2.56601		0.709442
2.56701		0.678486
2.56801		0.652314
2.56901		0.630213
2.57001		0.611616
2.57101		0.596072
2.57201		0.583218
2.57301		0.572766
2.57401		0.564483
2.57501		0.558186
2.57601		0.553734
2.57701		0.551017
2.57801		0.549958
2.57901		0.550507
2.58001		0.552639
2.58101		0.556353
2.58201		0.561673
2.58301		0.568648
2.58401		0.577351
2.58501		0.587886
2.58601		0.600388
2.58701		0.615029
2.58801		0.632026
2.58901		0.651648
2.59001		0.674226
2.59101		0.700173
2.59201		0.729999
2.59301		0.764341
2.59401		0.804001
2.59501		0.849992
2.59601		0.90361
2.59701		0.966532
2.59801		1.04096
2.59901		1.12981
2.60001		1.23704
2.60101		1.36811
2.60201		1.5307
2.60301		1.73589
2.60401		2.00014
2.60501		2.34866
2.60601		2.82151
2.60701		3.48511
2.60801		4.45511
2.60901		5.94387
2.61001		8.36304
2.61101		12.5364
2.61201		19.9791
2.61301		31.7779
2.61401		40.4285
2.61501		33.2176
2.61601		21.1737
2.61701		13.322
2.61801		8.94059
2.61901		6.44421
2.62001		4.94641
2.62101		4.00469
2.62201		3.39262
2.62301		2.98848
2.62401		2.72371
2.62501		2.55832
2.62601		2.46871
2.62701		2.44135
2.62801		2.46952
2.62901		2.55167
2.63001		2.69092
2.63101		2.89544
2.63201		3.17968
2.63301		3.56711
2.63401		4.09507
2.63501		4.82388
2.63601		5.85406
2.63701		7.36072
2.63801		9.66525
2.63901		13.3881
2.64001		19.7445
2.64101		30.7235
2.64201		46.1336
2.64301		54.5436
2.64401		52.887
2.64501		54.4944
2.64601		50.16
2.64701		35.1954
2.64801		22.7786
2.64901		15.4997
2.65001		11.3742
2.65101		8.96302
2.65201		7.5263
2.65301		6.69518
2.65401		6.28653
2.65501		6.21891
2.65601		6.47882
2.65701		7.11545
2.65801		8.2605
2.65901		10.1861
2.66001		13.4377
2.66101		19.1033
2.66201		29.0718
2.66301		43.9347
2.66401		53.8193
2.66501		51.9929
2.66601		52.8732
2.66701		52.126
2.66801		38.7996
2.66901		25.04
2.67001		16.5614
2.67101		11.709
2.67201		8.82751
2.67301		7.03102
2.67401		5.87116
2.67501		5.11435
2.67601		4.63545
2.67701		4.36881
2.67801		4.28617
2.67901		4.38863
2.68001		4.70852
2.68101		5.32261
2.68201		6.38467
2.68301		8.19871
2.68401		11.3779
2.68501		17.1304
2.68601		27.1437
2.68701		38.9326
2.68801		38.2773
2.68901		26.1375
2.69001		16.3146
2.69101		10.6571
2.69201		7.45468
2.69301		5.54407
2.69401		4.33466
2.69501		3.52835
2.69601		2.96741
2.69701		2.56366
2.69801		2.26524
2.69901		2.04023
2.70001		1.86826
2.70101		1.73588
2.70201		1.63403
2.70301		1.55647
2.70401		1.49887
2.70501		1.45826
2.70601		1.43266
2.70701		1.42085
2.70801		1.42226
2.70901		1.43687
2.71001		1.46525
2.71101		1.50859
2.71201		1.5688
2.71301		1.64874
2.71401		1.75253
2.71501		1.88603
2.71601		2.05769
2.71701		2.27988
2.71801		2.57108
2.71901		2.95981
2.72001		3.4917
2.72101		4.24294
2.72201		5.34727
2.72301		7.05271
2.72401		9.84398
2.72501		14.6872
2.72601		23.2393
2.72701		35.6903
2.72801		41.3816
2.72901		31.7394
2.73001		20.7334
2.73101		14.2729
2.73201		11.0486
2.73301		9.74094
2.73401		9.79252
2.73501		11.2105
2.73601		14.5697
2.73701		21.2104
2.73801		32.3998
2.73901		41.9286
2.74001		36.015
2.74101		23.7472
2.74201		15.4877
2.74301		10.9462
2.74401		8.49878
2.74501		7.22832
2.74601		6.7137
2.74701		6.80629
2.74801		7.54688
2.74901		9.18939
2.75001		12.3442
2.75101		18.2569
2.75201		28.5527
2.75301		39.878
2.75401		37.7209
2.75501		25.3609
2.75601		15.8964
2.75701		10.4835
2.75801		7.40675
2.75901		5.56124
2.76001		4.38873
2.76101		3.60658
2.76201		3.06459
2.76301		2.67852
2.76401		2.39885
2.76501		2.1953
2.76601		2.0489
2.76701		1.94766
2.76801		1.88419
2.76901		1.85443
2.77001		1.85694
2.77101		1.8927
2.77201		1.9653
2.77301		2.08158
2.77401		2.25287
2.77501		2.49732
2.77601		2.84404
2.77701		3.34089
2.77801		4.06937
2.77901		5.175
2.78001		6.93152
2.78101		9.87959
2.78201		15.0927
2.78301		24.2788
2.78401		36.5936
2.78501		39.3587
2.78601		28.1393
2.78701		17.4799
2.78801		11.192
2.78901		7.66725
2.79001		5.60058
2.79101		4.31701
2.79201		3.478
2.79301		2.90649
2.79401		2.50469
2.79501		2.21576
2.79601		2.00518
2.79701		1.85121
2.79801		1.73978
2.79901		1.66159
2.80001		1.6105
2.80101		1.58253
2.80201		1.57525
2.80301		1.58745
2.80401		1.61898
2.80501		1.67063
2.80601		1.74425
2.80701		1.84286
2.80801		1.97097
2.80901		2.13504
2.81001		2.3443
2.81101		2.61195
2.81201		2.95715
2.81301		3.40834
2.81401		4.00888
2.81501		4.82712
2.81601		5.97525
2.81701		7.64599
2.81801		10.1883
2.81901		14.2693
2.82001		21.2139
2.82101		33.5261
2.82201		53.8737
2.82301		74.4984
2.82401		72.1846
2.82501		50.1435
2.82601		31.0831
2.82701		19.8684
2.82801		13.5301
2.82901		9.77785
2.83001		7.42598
2.83101		5.87566
2.83201		4.81117
2.83301		4.05689
2.83401		3.51012
2.83501		3.10822
2.83601		2.81171
2.83701		2.59519
2.83801		2.44226
2.83901		2.34263
2.84001		2.29055
2.84101		2.28395
2.84201		2.32436
2.84301		2.41725
2.84401		2.57327
2.84501		2.81056
2.84601		3.15913
2.84701		3.66908
2.84801		4.42668
2.84901		5.58717
2.85001		7.44452
2.85101		10.5817
2.85201		16.1488
2.85301		25.8584
2.85401		38.0137
2.85501		38.9433
2.85601		27.1964
2.85701		17.0739
2.85801		11.2334
2.85901		7.99552
2.86001		6.14031
2.86101		5.04895
2.86201		4.4171
2.86301		4.09483
2.86401		4.01437
2.86501		4.16062
2.86601		4.56489
2.86701		5.31804
2.86801		6.61132
2.86901		8.8321
2.87001		12.7679
2.87101		19.8921
2.87201		31.4271
2.87301		40.5933
2.87401		34.051
2.87501		21.826
2.87601		13.6742
2.87701		9.09011
2.87801		6.45639
2.87901		4.85299
2.88001		3.81963
2.88101		3.12063
2.88201		2.62879
2.88301		2.27163
2.88401		2.00581
2.88501		1.80428
2.88601		1.64953
2.88701		1.5299
2.88801		1.43745
2.88901		1.36668
2.89001		1.31373
2.89101		1.27597
2.89201		1.25159
2.89301		1.23952
2.89401		1.2392
2.89501		1.25066
2.89601		1.2744
2.89701		1.31153
2.89801		1.36383
2.89901		1.43396
2.90001		1.52579
2.90101		1.64487
2.90201		1.7992
2.90301		2.00058
2.90401		2.26673
2.90501		2.62512
2.90601		3.11985
2.90701		3.82481
2.90801		4.87001
2.90901		6.497
2.91001		9.1784
2.91101		13.8585
2.91201		22.1751
2.91301		34.4533
2.91401		40.4055
2.91501		30.8147
2.91601		19.3967
2.91701		12.4023
2.91801		8.51797
2.91901		6.29559
2.92001		4.96461
2.92101		4.14197
2.92201		3.63209
2.92301		3.33196
2.92401		3.18767
2.92501		3.1746
2.92601		3.28914
2.92701		3.54758
2.92801		3.99129
2.92901		4.70132
2.93001		5.83068
2.93101		7.67475
2.93201		10.8237
2.93301		16.4431
2.93401		26.2401
2.93501		38.3073
2.93601		38.7961
2.93701		26.9262
2.93801		16.883
2.93901		11.0875
2.94001		7.84694
2.94101		5.95497
2.94201		4.79702
2.94301		4.06489
2.94401		3.59771
2.94501		3.30794
2.94601		3.14692
2.94701		3.0884
2.94801		3.12055
2.94901		3.24254
2.95001		3.46403
2.95101		3.80732
2.95201		4.31306
2.95301		5.0522
2.95401		6.1503
2.95501		7.83864
2.95601		10.5644
2.95701		15.2163
2.95801		23.3952
2.95901		36.0175
2.96001		44.6668
2.96101		37.8965
2.96201		28.298
2.96301		24.6229
2.96401		27.3072
2.96501		36.2393
2.96601		45.0552
2.96701		39.2235
2.96801		26.5377
2.96901		17.9236
2.97001		13.3229
2.97101		11.1212
2.97201		10.4751
2.97301		11.1832
2.97401		13.5911
2.97501		18.7491
2.97601		28.2759
2.97701		39.9026
2.97801		39.5294
2.97901		27.3214
2.98001		17.2535
2.98101		11.4136
2.98201		8.09104
2.98301		6.09854
2.98401		4.83101
2.98501		3.98271
2.98601		3.39167
2.98701		2.96727
2.98801		2.6562
2.98901		2.42577
2.99001		2.25525
2.99101		2.13124
2.99201		2.04511
2.99301		1.99142
2.99401		1.96716
2.99501		1.97129
2.99601		2.0046
2.99701		2.06985
2.99801		2.17223
2.99901		2.32018
3.00001		2.52695
3.00101		2.81325
3.00201		3.21209
3.00301		3.77772
3.00401		4.60314
3.00501		5.8558
3.00601		7.85401
3.00701		11.2305
3.00801		17.2208
3.00901		27.5033
3.01001		39.2927
3.01101		38.2388
3.01201		26.1657
3.01301		16.6468
3.01401		11.2747
3.01501		8.34584
3.01601		6.73429
3.01701		5.88438
3.01801		5.539
3.01901		5.6002
3.02001		6.07827
3.02101		7.0967
3.02201		8.95628
3.02301		12.2979
3.02401		18.3903
3.02501		28.8634
3.02601		40.2723
3.02701		38.098
3.02801		25.879
3.02901		16.6349
3.03001		11.4633
3.03101		8.66655
3.03201		7.17087
3.03301		6.46052
3.03401		6.31843
3.03501		6.70566
3.03601		7.74026
3.03701		9.76263
3.03801		13.5223
3.03901		20.4593
3.04001		31.8472
3.04101		41.2523
3.04201		35.0722
3.04301		22.798
3.04401		14.5386
3.04501		9.90599
3.04601		7.26863
3.04701		5.69095
3.04801		4.70563
3.04901		4.07501
3.05001		3.67281
3.05101		3.42959
3.05201		3.30699
3.05301		3.28535
3.05401		3.35781
3.05501		3.52808
3.05601		3.81071
3.05701		4.23399
3.05801		4.8464
3.05901		5.72933
3.06001		7.02181
3.06101		8.97075
3.06201		12.0365
3.06301		17.1192
3.06401		25.9974
3.06501		41.5695
3.06601		63.5692
3.06701		75.8824
3.06801		63.8476
3.06901		41.8005
3.07001		26.0858
3.07101		17.1055
3.07201		11.9531
3.07301		8.83322
3.07401		6.83578
3.07501		5.49521
3.07601		4.56123
3.07701		3.89199
3.07801		3.40328
3.07901		3.04318
3.08001		2.77882
3.08101		2.58926
3.08201		2.46141
3.08301		2.38789
3.08401		2.36591
3.08501		2.397
3.08601		2.48753
3.08701		2.65023
3.08801		2.90717
3.08901		3.29554
3.09001		3.87876
3.09101		4.76855
3.09201		6.17113
3.09301		8.48672
3.09401		12.5172
3.09501		19.7511
3.09601		31.3756
3.09701		40.4035
3.09801		33.6644
3.09901		21.4875
3.10001		13.4183
3.10101		8.88575
3.10201		6.28169
3.10301		4.69596
3.10401		3.67345
3.10501		2.98099
3.10601		2.49269
3.10701		2.1368
3.10801		1.87036
3.10901		1.66652
3.11001		1.5079
3.11101		1.38285
3.11201		1.28337
3.11301		1.20386
3.11401		1.14031
3.11501		1.08981
3.11601		1.05026
3.11701		1.02013
3.11801		0.998323
3.11901		0.984105
3.12001		0.977016
3.12101		0.976851
3.12201		0.98364
3.12301		0.997652
3.12401		1.01941
3.12501		1.04975
3.12601		1.08987
3.12701		1.14142
3.12801		1.2067
3.12901		1.28888
3.13001		1.39233
3.13101		1.5232
3.13201		1.69033
3.13301		1.90661
3.13401		2.19152
3.13501		2.57537
3.13601		3.10717
3.13701		3.86983
3.13801		5.01083
3.13901		6.80735
3.14001		9.80657
3.14101		15.0936
3.14201		24.3793
3.14301		36.7024
3.14401		39.2183
3.14501		27.9275
3.14601		17.3679
3.14701		11.1699
3.14801		7.71157
3.14901		5.70082
3.15001		4.4715
3.15101		3.69045
3.15201		3.18461
3.15301		2.8601
3.15401		2.66472
3.15501		2.57004
3.15601		2.56278
3.15701		2.64118
3.15801		2.81449
3.15901		3.10546
3.16001		3.55692
3.16101		4.2458
3.16201		5.31215
3.16301		7.02131
3.16401		9.89831
3.16501		14.9889
3.16601		23.9919
3.16701		36.336
3.16801		39.7733
3.16901		28.8271
3.17001		18.0125
3.17101		11.5993
3.17201		8.02107
3.17301		5.94381
3.17401		4.67489
3.17501		3.86807
3.17601		3.34372
3.17701		3.00428
3.17801		2.79506
3.17901		2.68543
3.18001		2.65962
3.18101		2.71238
3.18201		2.84755
3.18301		3.07886
3.18401		3.43325
3.18501		3.9584
3.18601		4.7377
3.18701		5.9213
3.18801		7.7922
3.18901		10.9085
3.19001		16.3741
3.19101		25.9147
3.19201		38.4812
3.19301		41.1167
3.19401		30.2725
3.19501		20.5654
3.19601		15.6355
3.19701		14.1751
3.19801		15.5539
3.19901		20.3791
3.20001		29.9679
3.20101		40.8855
3.20201		38.5468
3.20301		25.9758
3.20401		16.311
3.20501		10.7479
3.20601		7.55824
3.20701		5.62375
3.20801		4.37764
3.20901		3.53177
3.21001		2.93216
3.21101		2.49179
3.21201		2.15884
3.21301		1.90104
3.21401		1.69747
3.21501		1.5341
3.21601		1.40124
3.21701		1.29204
3.21801		1.20152
3.21901		1.12602
3.22001		1.06281
3.22101		1.0098
3.22201		0.965397
3.22301		0.928377
3.22401		0.897788
3.22501		0.872902
3.22601		0.853165
3.22701		0.838169
3.22801		0.827629
3.22901		0.821371
3.23001		0.819325
3.23101		0.821521
3.23201		0.828092
3.23301		0.839286
3.23401		0.855481
3.23501		0.877207
3.23601		0.905185
3.23701		0.940376
3.23801		0.984054
3.23901		1.03791
3.24001		1.1042
3.24101		1.18598
3.24201		1.28741
3.24301		1.41432
3.24401		1.57494
3.24501		1.78132
3.24601		2.05143
3.24701		2.4131
3.24801		2.91096
3.24901		3.61989
3.25001		4.67175
3.25101		6.31189
3.25201		9.02095
3.25301		13.7588
3.25401		22.1754
3.25501		34.4723
3.25601		40.0298
3.25701		30.1742
3.25801		18.8232
3.25901		11.8967
3.26001		8.02932
3.26101		5.78923
3.26201		4.41684
3.26301		3.5325
3.26401		2.93952
3.26501		2.53045
3.26601		2.2436
3.26701		2.04204
3.26801		1.90299
3.26901		1.8122
3.27001		1.76091
3.27101		1.74411
3.27201		1.75969
3.27301		1.80806
3.27401		1.89218
3.27501		2.01805
3.27601		2.19578
3.27701		2.44154
3.27801		2.78105
3.27901		3.25611
3.28001		3.93699
3.28101		4.94708
3.28201		6.51484
3.28301		9.08561
3.28401		13.5503
3.28501		21.4986
3.28601		33.6344
3.28701		40.8628
3.28801		32.2501
3.28901		20.5792
3.29001		13.2878
3.29101		9.2801
3.29201		7.05281
3.29301		5.79679
3.29401		5.11925
3.29501		4.83515
3.29601		4.87159
3.29701		5.23281
3.29801		6.00195
3.29901		7.38102
3.30001		9.79574
3.30101		14.1191
3.30201		21.9263
3.30301		33.9612
3.30401		41.2894
3.30501		32.7645
3.30601		21.0135
3.30701		13.6357
3.30801		9.56804
3.30901		7.29798
3.31001		6.00894
3.31101		5.30411
3.31201		4.99621
3.31301		5.01094
3.31401		5.3514
3.31501		6.09963
3.31601		7.45613
3.31701		9.84415
3.31801		14.1323
3.31901		21.8913
3.32001		33.8873
3.32101		41.2714
3.32201		32.7875
3.32301		20.977
3.32401		13.5224
3.32501		9.37483
3.32601		7.01148
3.32701		5.6032
3.32801		4.7375
3.32901		4.20418
3.33001		3.89217
3.33101		3.74211
3.33201		3.72418
3.33301		3.82802
3.33401		4.05883
3.33501		4.43803
3.33601		5.00814
3.33701		5.84437
3.33801		7.07826
3.33901		8.94653
3.34001		11.8948
3.34101		16.7966
3.34201		25.3214
3.34301		39.5987
3.34401		56.0999
3.34501		62.1051
3.34601		61.8282
3.34701		53.0078
3.34801		36.2164
3.34901		23.7654
3.35001		16.7505
3.35101		13.0102
3.35201		11.1978
3.35301		10.7454
3.35401		11.6
3.35501		14.2092
3.35601		19.7266
3.35701		29.7265
3.35801		40.8498
3.35901		38.5686
3.36001		26.0806
3.36101		16.4986
3.36201		10.9913
3.36301		7.83836
3.36401		5.92974
3.36501		4.70364
3.36601		3.87496
3.36701		3.29162
3.36801		2.86794
3.36901		2.55311
3.37001		2.31567
3.37101		2.13548
3.37201		1.99925
3.37301		1.89813
3.37401		1.82617
3.37501		1.77952
3.37601		1.75585
3.37701		1.75408
3.37801		1.77423
3.37901		1.8174
3.38001		1.88588
3.38101		1.98335
3.38201		2.11533
3.38301		2.2898
3.38401		2.51826
3.38501		2.8174
3.38601		3.21195
3.38701		3.73932
3.38801		4.45803
3.38901		5.46303
3.39001		6.91544
3.39101		9.10293
3.39201		12.5677
3.39301		18.3774
3.39401		28.5873
3.39501		45.8864
3.39601		66.4506
3.39701		72.9717
3.39801		58.883
3.39901		38.0687
3.40001		23.7648
3.40101		15.5965
3.40201		10.8682
3.40301		7.97276
3.40401		6.09586
3.40501		4.818
3.40601		3.91168
3.40701		3.24669
3.40801		2.74472
3.40901		2.35661
3.41001		2.05033
3.41101		1.80433
3.41201		1.6037
3.41301		1.43785
3.41401		1.29911
3.41501		1.18183
3.41601		1.08174
3.41701		0.995597
3.41801		0.920885
3.41901		0.855635
3.42001		0.798286
3.42101		0.747591
3.42201		0.702538
3.42301		0.662304
3.42401		0.626212
3.42501		0.593701
3.42601		0.564303
3.42701		0.537626
3.42801		0.513338
3.42901		0.491158
3.43001		0.470845
3.43101		0.452192
3.43201		0.435022
3.43301		0.419181
3.43401		0.404534
3.43501		0.390965
3.43601		0.378372
3.43701		0.366664
3.43801		0.355762
3.43901		0.345596
3.44001		0.336104
3.44101		0.32723
3.44201		0.318924
3.44301		0.311143
3.44401		0.303847
3.44501		0.297
3.44601		0.29057
3.44701		0.284529
3.44801		0.27885
3.44901		0.27351
3.45001		0.268487
3.45101		0.263763
3.45201		0.259319
3.45301		0.25514
3.45401		0.251212
3.45501		0.247521
3.45601		0.244054
3.45701		0.240803
3.45801		0.237756
3.45901		0.234904
3.46001		0.23224
3.46101		0.229757
3.46201		0.227447
3.46301		0.225305
3.46401		0.223326
3.46501		0.221504
3.46601		0.219837
3.46701		0.21832
3.46801		0.216951
3.46901		0.215726
3.47001		0.214645
3.47101		0.213705
3.47201		0.212905
3.47301		0.212245
3.47401		0.211726
3.47501		0.211346
3.47601		0.211107
3.47701		0.211011
3.47801		0.211059
3.47901		0.211254
3.48001		0.211599
3.48101		0.212097
3.48201		0.212753
3.48301		0.213572
3.48401		0.21456
3.48501		0.215723
3.48601		0.217068
3.48701		0.218604
3.48801		0.220341
3.48901		0.222288
3.49001		0.224459
3.49101		0.226867
3.49201		0.229527
3.49301		0.232455
3.49401		0.235671
3.49501		0.239196
3.49601		0.243055
3.49701		0.247274
3.49801		0.251885
3.49901		0.256922
3.50001		0.262426
3.50101		0.26844
3.50201		0.275016
3.50301		0.282213
3.50401		0.290099
3.50501		0.298752
3.50601		0.308261
3.50701		0.318731
3.50801		0.330285
3.50901		0.343066
3.51001		0.357244
3.51101		0.373018
3.51201		0.390629
3.51301		0.410363
3.51401		0.43257
3.51501		0.457671
3.51601		0.486187
3.51701		0.518762
3.51801		0.556203
3.51901		0.599526
3.52001		0.650034
3.52101		0.709412
3.52201		0.779871
3.52301		0.864358
3.52401		0.966868
3.52501		1.09292
3.52601		1.25031
3.52701		1.45032
3.52801		1.70973
3.52901		2.05432
3.53001		2.52521
3.53101		3.19075
3.53201		4.17037
3.53301		5.68414
3.53401		8.15992
3.53501		12.454
3.53601		20.1194
3.53701		32.0663
3.53801		39.9972
3.53901		32.013
3.54001		20.0874
3.54101		12.4506
3.54201		8.17638
3.54301		5.71497
3.54401		4.21287
3.54501		3.24369
3.54601		2.58804
3.54701		2.12689
3.54801		1.79208
3.54901		1.54265
3.55001		1.35291
3.55101		1.20617
3.55201		1.09123
3.55301		1.00036
3.55401		0.92812
3.55501		0.870603
3.55601		0.82495
3.55701		0.789047
3.55801		0.761323
3.55901		0.740598
3.56001		0.725999
3.56101		0.716879
3.56201		0.712782
3.56301		0.713402
3.56401		0.718565
3.56501		0.728215
3.56601		0.742406
3.56701		0.761303
3.56801		0.785186
3.56901		0.814462
3.57001		0.849681
3.57101		0.891564
3.57201		0.94104
3.57301		0.999293
3.57401		1.06784
3.57501		1.14862
3.57601		1.24414
3.57701		1.35764
3.57801		1.49342
3.57901		1.65717
3.58001		1.85666
3.58101		2.10254
3.58201		2.40989
3.58301		2.80042
3.58401		3.30635
3.58501		3.977
3.58601		4.89066
3.58701		6.17694
3.58801		8.06095
3.58901		10.9552
3.59001		15.6578
3.59101		23.7645
3.59201		38.2341
3.59301		61.4311
3.59401		79.6445
3.59501		66.6916
3.59601		42.4465
3.59701		26.267
3.59801		17.2022
3.59901		12.0339
3.60001		8.92721
3.60101		6.96566
3.60201		5.6823
3.60301		4.82831
3.60401		4.26615
3.60501		3.91934
3.60601		3.74864
3.60701		3.74143
3.60801		3.90951
3.60901		4.2946
3.61001		4.9847
3.61101		6.15167
3.61201		8.13396
3.61301		11.6142
3.61401		17.9134
3.61501		28.6113
3.61601		39.5979
3.61701		36.3388
3.61801		23.9499
3.61901		14.8315
3.62001		9.64639
3.62101		6.69119
3.62201		4.90916
3.62301		3.76842
3.62401		2.99898
3.62501		2.45676
3.62601		2.0605
3.62701		1.76198
3.62801		1.53129
3.62901		1.34913
3.63001		1.20262
3.63101		1.08288
3.63201		0.983693
3.63301		0.90053
3.63401		0.830077
3.63501		0.769844
3.63601		0.717935
3.63701		0.672883
3.63801		0.63354
3.63901		0.598997
3.64001		0.568523
3.64101		0.54153
3.64201		0.517536
3.64301		0.496145
3.64401		0.477031
3.64501		0.459917
3.64601		0.444576
3.64701		0.430814
3.64801		0.418466
3.64901		0.407392
3.65001		0.397474
3.65101		0.388608
3.65201		0.380709
3.65301		0.373699
3.65401		0.367516
3.65501		0.362102
3.65601		0.357412
3.65701		0.353405
3.65801		0.350047
3.65901		0.347309
3.66001		0.345169
3.66101		0.343608
3.66201		0.342611
3.66301		0.342169
3.66401		0.342274
3.66501		0.342925
3.66601		0.344122
3.66701		0.345871
3.66801		0.348178
3.66901		0.351058
3.67001		0.354525
3.67101		0.358599
3.67201		0.363307
3.67301		0.368676
3.67401		0.374742
3.67501		0.381544
3.67601		0.389131
3.67701		0.397556
3.67801		0.406881
3.67901		0.417179
3.68001		0.42853
3.68101		0.441031
3.68201		0.45479
3.68301		0.469934
3.68401		0.486607
3.68501		0.50498
3.68601		0.52525
3.68701		0.547647
3.68801		0.572445
3.68901		0.599963
3.69001		0.630587
3.69101		0.664773
3.69201		0.703076
3.69301		0.746169
3.69401		0.79488
3.69501		0.850231
3.69601		0.913507
3.69701		0.986333
3.69801		1.0708
3.69901		1.16963
3.70001		1.28642
3.70101		1.42605
3.70201		1.5952
3.70301		1.8033
3.70401		2.064
3.70501		2.39765
3.70601		2.83563
3.70701		3.42838
3.70801		4.26071
3.70901		5.48284
3.71001		7.37614
3.71101		10.4948
3.71201		15.9353
3.71301		25.4147
3.71401		37.8988
3.71501		40.4448
3.71601		29.3587
3.71701		19.1874
3.71801		13.4719
3.71901		10.6273
3.72001		9.44419
3.72101		9.38786
3.72201		10.3535
3.72301		12.5957
3.72401		16.8598
3.72501		24.6693
3.72601		37.6658
3.72701		50.6121
3.72801		50.642
3.72901		47.9174
3.73001		51.6668
3.73101		48.239
3.73201		33.9366
3.73301		22.1871
3.73401		15.3945
3.73501		11.6691
3.73601		9.68615
3.73701		8.81879
3.73801		8.85287
3.73901		9.87635
3.74001		12.3399
3.74101		17.2899
3.74201		26.3981
3.74301		38.3656
3.74401		39.9375
3.74501		28.2104
3.74601		17.648
3.74701		11.4311
3.74801		7.9007
3.74901		5.78996
3.75001		4.44696
3.75101		3.54341
3.75201		2.90633
3.75301		2.4394
3.75401		2.086
3.75501		1.81126
3.75601		1.59282
3.75701		1.41579
3.75801		1.26995
3.75901		1.1481
3.76001		1.04503
3.76101		0.956918
3.76201		0.880868
3.76301		0.814677
3.76401		0.756634
3.76501		0.705394
3.76601		0.659884
3.76701		0.619243
3.76801		0.582768
3.76901		0.549883
3.77001		0.520112
3.77101		0.493057
3.77201		0.468383
3.77301		0.445807
3.77401		0.425089
3.77501		0.406022
3.77601		0.388429
3.77701		0.372156
3.77801		0.357071
3.77901		0.343055
3.78001		0.330008
3.78101		0.31784
3.78201		0.30647
3.78301		0.295829
3.78401		0.285855
3.78501		0.276491
3.78601		0.267688
3.78701		0.259401
3.78801		0.25159
3.78901		0.244219
3.79001		0.237255
3.79101		0.230668
3.79201		0.224431
3.79301		0.21852
3.79401		0.212914
3.79501		0.20759
3.79601		0.202532
3.79701		0.197721
3.79801		0.193142
3.79901		0.188781
3.80001		0.184625
3.80101		0.180661
3.80201		0.176879
3.80301		0.173267
3.80401		0.169817
3.80501		0.166519
3.80601		0.163365
3.80701		0.160347
3.80801		0.157459
3.80901		0.154694
3.81001		0.152045
3.81101		0.149507
3.81201		0.147074
3.81301		0.144742
3.81401		0.142506
3.81501		0.140362
3.81601		0.138304
3.81701		0.136331
3.81801		0.134437
3.81901		0.13262
3.82001		0.130876
3.82101		0.129203
3.82201		0.127597
3.82301		0.126057
3.82401		0.12458
3.82501		0.123163
3.82601		0.121805
3.82701		0.120503
3.82801		0.119255
3.82901		0.11806
3.83001		0.116916
3.83101		0.115822
3.83201		0.114775
3.83301		0.113776
3.83401		0.112821
3.83501		0.111911
3.83601		0.111045
3.83701		0.11022
3.83801		0.109437
3.83901		0.108694
3.84001		0.10799
3.84101		0.107325
3.84201		0.106699
3.84301		0.10611
3.84401		0.105558
3.84501		0.105042
3.84601		0.104563
3.84701		0.104119
3.84801		0.103711
3.84901		0.103338
3.85001		0.103
3.85101		0.102697
3.85201		0.102428
3.85301		0.102195
3.85401		0.101996
3.85501		0.101832
3.85601		0.101703
3.85701		0.101609
3.85801		0.101551
3.85901		0.101529
3.86001		0.101543
3.86101		0.101594
3.86201		0.101683
3.86301		0.101809
3.86401		0.101974
3.86501		0.102179
3.86601		0.102424
3.86701		0.10271
3.86801		0.103039
3.86901		0.103412
3.87001		0.103829
3.87101		0.104293
3.87201		0.104805
3.87301		0.105366
3.87401		0.105979
3.87501		0.106645
3.87601		0.107367
3.87701		0.108147
3.87801		0.108986
3.87901		0.10989
3.88001		0.110859
3.88101		0.111898
3.88201		0.113009
3.88301		0.114197
3.88401		0.115467
3.88501		0.116821
3.88601		0.118266
3.88701		0.119807
3.88801		0.12145
3.88901		0.1232
3.89001		0.125066
3.89101		0.127055
3.89201		0.129174
3.89301		0.131435
3.89401		0.133846
3.89501		0.136419
3.89601		0.139167
3.89701		0.142103
3.89801		0.145243
3.89901		0.148603
3.90001		0.152203
3.90101		0.156063
3.90201		0.160207
3.90301		0.164662
3.90401		0.169457
3.90501		0.174626
3.90601		0.180207
3.90701		0.186242
3.90801		0.192781
3.90901		0.199879
3.91001		0.207601
3.91101		0.216021
3.91201		0.225222
3.91301		0.235305
3.91401		0.246385
3.91501		0.258595
3.91601		0.272095
3.91701		0.287073
3.91801		0.303753
3.91901		0.322402
3.92001		0.343344
3.92101		0.366972
3.92201		0.393768
3.92301		0.424326
3.92401		0.459387
3.92501		0.499885
3.92601		0.547009
3.92701		0.602291
3.92801		0.667732
3.92901		0.745984
3.93001		0.840621
3.93101		0.956547
3.93201		1.10063
3.93301		1.28273
3.93401		1.51734
3.93501		1.8265
3.93601		2.24485
3.93701		2.82909
3.93801		3.67649
3.93901		4.96283
3.94001		7.02373
3.94101		10.528
3.94201		16.7707
3.94301		27.3724
3.94401		38.674
3.94501		36.1362
3.94601		23.8302
3.94701		14.5744
3.94801		9.31053
3.94901		6.32866
3.95001		4.54561
3.95101		3.41535
3.95201		2.66134
3.95301		2.1364
3.95401		1.75784
3.95501		1.47674
3.95601		1.26288
3.95701		1.09682
3.95801		0.965656
3.95901		0.860547
3.96001		0.775298
3.96101		0.705465
3.96201		0.647797
3.96301		0.599876
3.96401		0.559878
3.96501		0.52641
3.96601		0.498396
3.96701		0.474998
3.96801		0.455559
3.96901		0.439565
3.97001		0.426612
3.97101		0.416385
3.97201		0.408642
3.97301		0.403203
3.97401		0.39994
3.97501		0.398773
3.97601		0.399664
3.97701		0.402618
3.97801		0.407682
3.97901		0.414948
3.98001		0.424553
3.98101		0.436691
3.98201		0.451618
3.98301		0.469666
3.98401		0.491258
3.98501		0.516937
3.98601		0.547388
3.98701		0.583491
3.98801		0.626375
3.98901		0.677503
3.99001		0.738795
3.99101		0.812801
3.99201		0.902956
3.99301		1.01398
3.99401		1.15246
3.99501		1.32784
3.99601		1.55398
3.99701		1.85187
3.99801		2.25436
3.99901		2.815
4.00001		3.62512
4.00101		4.84883
4.00201		6.79751
4.00301		10.0898
4.00401		15.9376
4.00501		26.0319
4.00601		37.892
4.00701		37.3013
4.00801		25.2143
4.00901		15.4353
4.01001		9.8159
4.01101		6.64641
4.01201		4.7641
4.01301		3.57871
4.01401		2.79249
4.01501		2.24798
4.01601		1.85721
4.01701		1.56845
4.01801		1.34988
4.01901		1.18115
4.02001		1.04878
4.02101		0.943591
4.02201		0.859175
4.02301		0.790959
4.02401		0.73562
4.02501		0.69071
4.02601		0.654404
4.02701		0.625333
4.02801		0.60247
4.02901		0.585045
4.03001		0.572498
4.03101		0.564431
4.03201		0.56059
4.03301		0.560847
4.03401		0.56519
4.03501		0.573723
4.03601		0.586675
4.03701		0.60441
4.03801		0.627455
4.03901		0.656529
4.04001		0.692601
4.04101		0.736958
4.04201		0.791315
4.04301		0.857966
4.04401		0.940019
4.04501		1.04173
4.04601		1.16905
4.04701		1.33043
4.04801		1.53824
4.04901		1.81101
4.05001		2.17751
4.05101		2.68403
4.05201		3.40853
4.05301		4.48886
4.05401		6.18263
4.05501		8.99616
4.05601		13.9385
4.05701		22.6916
4.05801		35.039
4.05901		39.3954
4.06001		28.863
4.06101		17.7985
4.06201		11.1527
4.06301		7.43151
4.06401		5.2584
4.06501		3.91217
4.06601		3.03175
4.06701		2.42909
4.06801		2.00075
4.06901		1.68679
4.07001		1.45074
4.07101		1.26954
4.07201		1.12807
4.07301		1.01608
4.07401		0.926475
4.07501		0.854213
4.07601		0.79564
4.07701		0.748063
4.07801		0.709473
4.07901		0.678351
4.08001		0.653542
4.08101		0.634163
4.08201		0.619535
4.08301		0.609147
4.08401		0.602613
4.08501		0.599655
4.08601		0.600084
4.08701		0.60379
4.08801		0.610734
4.08901		0.620942
4.09001		0.634507
4.09101		0.651594
4.09201		0.672437
4.09301		0.697356
4.09401		0.726768
4.09501		0.761201
4.09601		0.801324
4.09701		0.847979
4.09801		0.902226
4.09901		0.965408
4.10001		1.03924
4.10101		1.12593
4.10201		1.22835
4.10301		1.35032
4.10401		1.49696
4.10501		1.67531
4.10601		1.89524
4.10701		2.17094
4.10801		2.5235
4.10901		2.98526
4.11001		3.60788
4.11101		4.47779
4.11201		5.74734
4.11301		7.70067
4.11401		10.8955
4.11501		16.4327
4.11601		26.0388
4.11701		38.7149
4.11801		41.5678
4.11901		30.8614
4.12001		21.2028
4.12101		16.261
4.12201		14.6275
4.12301		15.4198
4.12401		18.7556
4.12501		25.8649
4.12601		39.4872
4.12701		62.019
4.12801		80.4992
