1.47115		27.4246
1.47315		28.9058
1.47515		24.2958
1.47715		19.5576
1.47915		18.4243
1.48115		21.2251
1.48315		27.756
1.48515		34.852
1.48715		40.1591
1.48915		43.0736
1.49115		40.3883
1.49315		33.8011
1.49515		25.3455
1.49715		19.4244
1.49915		17.0364
1.50115		17.6314
1.50315		21.456
1.50515		28.9735
1.50715		35.4934
1.50915		32.3881
1.51115		26.9637
1.51315		26.1156
1.51515		27.5679
1.51715		25.9521
1.51915		24.2782
1.52115		26.8493
1.52315		34.8279
1.52515		45.4547
1.52715		49.6792
1.52915		45.2185
1.53115		41.8008
1.53315		42.9277
1.53515		41.3952
1.53715		35.9943
1.53915		33.8739
1.54115		37.9035
1.54315		41.1808
1.54515		36.4094
1.54715		32.0316
1.54915		30.3584
1.55115		26.4379
1.55315		23.2235
1.55515		23.9847
1.55715		27.4478
1.55915		28.7785
1.56115		29.8284
1.56315		34.4737
1.56515		34.9902
1.56715		26.7835
1.56915		19.139
1.57115		14.9191
1.57315		13.1082
1.57515		12.975
1.57715		14.4558
1.57915		18.0694
1.58115		24.1981
1.58315		30.1085
1.58515		34.062
1.58715		39.4902
1.58915		40.0609
1.59115		35.2402
1.59315		31.0975
1.59515		24.9671
1.59715		19.4116
1.59915		16.7811
1.60115		16.7787
1.60315		19.3855
1.60515		25.1715
1.60715		32.9357
1.60915		38.2249
1.61115		40.3685
1.61315		40.686
1.61515		40.2137
1.61715		42.2055
1.61915		47.9133
1.62115		51.6198
1.62315		47.8832
1.62515		39.2535
1.62715		28.958
1.62915		20.6188
1.63115		15.7134
1.63315		13.1556
1.63515		12.0668
1.63715		12.0837
1.63915		13.2306
1.64115		15.9388
1.64315		21.2641
1.64515		30.9723
1.64715		44.4768
1.64915		50.4211
1.65115		44.0217
1.65315		35.678
1.65515		26.6869
1.65715		20.2551
1.65915		17.5547
1.66115		18.0421
1.66315		20.9872
1.66515		22.4732
1.66715		19.5827
1.66915		17.1709
1.67115		17.6973
1.67315		20.9347
1.67515		23.3615
1.67715		21.4982
1.67915		20.0811
1.68115		22.0735
1.68315		26.1695
1.68515		27.4884
1.68715		27.7361
1.68915		32.0578
1.69115		38.9858
1.69315		44.8617
1.69515		50.5444
1.69715		55.7146
1.69915		56.6656
1.70115		49.5387
1.70315		41.9667
1.70515		35.1551
1.70715		29.7072
1.70915		28.5527
1.71115		27.7329
1.71315		23.6494
1.71515		20.773
1.71715		21.4023
1.71915		25.2661
1.72115		28.8469
1.72315		29.8302
1.72515		33.4328
1.72715		37.4064
1.72915		33.1157
1.73115		25.5588
1.73315		21.5367
1.73515		21.6035
1.73715		25.6863
1.73915		33.1927
1.74115		39.2992
1.74315		40.4933
1.74515		39.8171
1.74715		39.1114
1.74915		39.8549
1.75115		44.1692
1.75315		44.2819
1.75515		38.7313
1.75715		30.4209
1.75915		22.3864
1.76115		17.6441
1.76315		15.7644
1.76515		16.1667
1.76715		18.9968
1.76915		24.1154
1.77115		27.964
1.77315		29.5182
1.77515		33.8193
1.77715		37.1288
1.77915		33.4309
1.78115		28.5695
1.78315		26.9618
1.78515		23.6326
1.78715		18.0682
1.78915		14.2698
1.79115		12.6232
1.79315		12.6779
1.79515		14.4857
1.79715		18.2397
1.79915		21.5449
1.80115		20.0974
1.80315		17.5964
1.80515		17.7176
1.80715		21.1384
1.80915		27.4465
1.81115		32.2803
1.81315		31.8819
1.81515		27.3066
1.81715		24.0412
1.81915		25.0926
1.82115		31.3548
1.82315		43.8902
1.82515		58.297
1.82715		59.9876
1.82915		48.426
1.83115		39.7118
1.83315		33.7897
1.83515		26.8271
1.83715		22.3036
1.83915		21.345
1.84115		23.8625
1.84315		29.6861
1.84515		35.4393
1.84715		37.9855
1.84915		37.9877
1.85115		38.3944
1.85315		40.03
1.85515		40.3392
1.85715		39.4202
1.85915		38.9941
1.86115		45.0964
1.86315		57.9092
1.86515		67.6515
1.86715		68.7564
1.86915		64.137
1.87115		53.9527
1.87315		40.9066
1.87515		33.2355
1.87715		32.3096
1.87915		36.8166
1.88115		40.6531
1.88315		36.3109
1.88515		29.7569
1.88715		27.455
1.88915		30.262
1.89115		37.1937
1.89315		42.9174
1.89515		43.5566
1.89715		43.9289
1.89915		47.4824
1.90115		50.3727
1.90315		48.9918
1.90515		42.9626
1.90715		40.7938
1.90915		44.8224
1.91115		46.008
1.91315		40.8769
1.91515		39.2194
1.91715		41.5515
1.91915		42.3857
1.92115		40.7337
1.92315		39.4582
1.92515		44.2584
1.92715		53.0399
1.92915		56.0345
1.93115		51.7475
1.93315		49.6855
1.93515		51.3485
1.93715		48.95
1.93915		45.4935
1.94115		44.3828
1.94315		44.5087
1.94515		49.1424
1.94715		51.335
1.94915		45.8326
1.95115		37.1359
1.95315		30.7238
1.95515		29.7997
1.95715		34.8162
1.95915		44.2741
1.96115		48.9101
1.96315		41.4963
1.96515		31.2995
1.96715		26.0536
1.96915		25.7137
1.97115		26.7388
1.97315		23.7775
1.97515		19.6046
1.97715		17.5765
1.97915		17.7795
1.98115		20.2315
1.98315		25.7856
1.98515		35.8597
1.98715		48.5323
1.98915		54.196
1.99115		50.1465
1.99315		43.7679
1.99515		37.7919
1.99715		36.3508
1.99915		37.6707
2.00115		37.6661
2.00315		40.4826
2.00515		46.3068
2.00715		52.886
2.00915		59.5732
2.01115		56.7471
2.01315		48.8411
2.01515		47.5136
2.01715		53.5452
2.01915		57.6215
2.02115		57.0822
2.02315		52.1727
2.02515		42.278
2.02715		36.3283
2.02915		37.0246
2.03115		44.4175
2.03315		56.3608
2.03515		65.863
2.03715		65.8901
2.03915		60.1359
2.04115		59.6752
2.04315		63.5911
2.04515		65.469
2.04715		69.8803
2.04915		71.902
2.05115		66.9653
2.05315		64.722
2.05515		61.6111
2.05715		55.728
2.05915		50.3257
2.06115		46.7816
2.06315		43.7304
2.06515		41.8004
2.06715		45.9265
2.06915		54.5176
2.07115		59.2669
2.07315		60.0138
2.07515		62.148
2.07715		71.4317
2.07915		81.3409
2.08115		78.0024
2.08315		69.2862
2.08515		63.649
2.08715		64.0337
2.08915		66.3005
2.09115		68.5969
2.09315		70.0994
2.09515		66.3569
2.09715		56.6376
2.09915		43.9535
2.10115		36.1897
2.10315		34.6655
2.10515		38.886
2.10715		47.2686
2.10915		54.4389
2.11115		59.2597
2.11315		66.1289
2.11515		70.3732
2.11715		64.1975
2.11915		52.7334
2.12115		47.8589
2.12315		50.2034
2.12515		49.6115
2.12715		43.4734
2.12915		40.6738
2.13115		40.1157
2.13315		37.9401
2.13515		38.8669
2.13715		46.359
2.13915		59.4303
2.14115		70.681
2.14315		79.692
2.14515		87.7778
2.14715		84.528
2.14915		71.3492
2.15115		65.2225
2.15315		67.3356
2.15515		74.1429
2.15715		82.5782
2.15915		84.188
2.16115		80.2984
2.16315		76.3274
2.16515		71.9049
2.16715		72.437
2.16915		72.6884
2.17115		72.2961
2.17315		66.1775
2.17515		52.7498
2.17715		43.186
2.17915		40.1802
2.18115		37.8339
2.18315		33.6465
2.18515		32.3538
2.18715		36.0526
2.18915		45.4417
2.19115		56.9083
2.19315		62.4926
2.19515		65.5174
2.19715		68.1327
2.19915		69.0651
2.20115		65.8456
2.20315		59.0282
2.20515		53.3885
2.20715		54.4533
2.20915		59.8371
2.21115		67.5149
2.21315		78.4608
2.21515		88.3492
2.21715		82.7207
2.21915		64.5069
2.22115		52.0774
2.22315		50.1044
2.22515		55.5591
2.22715		60.6641
2.22915		59.6564
2.23115		55.177
2.23315		54.4466
2.23515		56.2593
2.23715		60.7591
2.23915		65.6801
2.24115		68.4295
2.24315		72.3782
2.24515		76.6799
2.24715		79.7887
2.24915		82.1411
2.25115		79.1593
2.25315		67.8794
2.25515		58.3857
2.25715		54.5011
2.25915		52.4297
2.26115		53.8879
2.26315		56.6991
2.26515		61.659
2.26715		69.0115
2.26915		78.0061
2.27115		82.9791
2.27315		83.0598
2.27515		78.7928
2.27715		71.3508
2.27915		61.2701
2.28115		55.0316
2.28315		58.6538
2.28515		72.4477
2.28715		85.735
2.28915		81.9817
2.29115		67.7966
2.29315		59.859
2.29515		59.3193
2.29715		61.7572
2.29915		71.5251
2.30115		86.8823
2.30315		95.5084
2.30515		96.6464
2.30715		96.5319
2.30915		90.2973
2.31115		82.0721
2.31315		76.819
2.31515		79.2785
2.31715		85.9315
2.31915		93.3396
2.32115		103.839
2.32315		110.055
2.32515		105.199
2.32715		94.562
2.32915		84.0757
2.33115		74.5779
2.33315		61.8595
2.33515		51.3977
2.33715		49.0503
2.33915		55.0687
2.34115		65.6719
2.34315		71.314
2.34515		67.63
2.34715		60.8091
2.34915		59.2257
2.35115		62.6596
2.35315		69.1314
2.35515		75.958
2.35715		76.862
2.35915		79.4771
2.36115		89.6463
2.36315		94.9547
2.36515		88.1402
2.36715		80.798
2.36915		79.0698
2.37115		77.0309
2.37315		81.1792
2.37515		92.1871
2.37715		94.5448
2.37915		84.8395
2.38115		74.4508
2.38315		68.585
2.38515		67.0324
2.38715		62.5041
2.38915		57.2652
2.39115		59.7885
2.39315		72.4053
2.39515		92.3889
2.39715		112.612
2.39915		117.894
2.40115		109.933
2.40315		105.569
2.40515		101.116
2.40715		99.6704
2.40915		102.2
2.41115		98.1887
2.41315		92.9702
2.41515		90.8877
2.41715		87.0745
2.41915		77.3799
2.42115		67.9432
2.42315		61.9823
2.42515		60.1286
2.42715		59.8752
2.42915		62.7469
2.43115		68.573
2.43315		83.6117
2.43515		104.896
2.43715		112.927
2.43915		106.939
2.44115		100.173
2.44315		94.696
2.44515		89.7267
2.44715		82.8534
2.44915		72.0886
2.45115		63.9248
2.45315		65.5994
2.45515		73.5669
2.45715		78.5635
2.45915		79.957
2.46115		85.086
2.46315		86.788
2.46515		84.2665
2.46715		88.3315
2.46915		95.8328
2.47115		101.595
2.47315		106.256
2.47515		107.27
2.47715		99.2123
2.47915		88.2022
2.48115		84.4098
2.48315		81.1168
2.48515		81.2346
2.48715		84.6006
2.48915		82.6102
2.49115		73.7445
2.49315		71.2119
2.49515		74.7974
2.49715		75.3821
2.49915		73.5585
2.50115		77.8949
2.50315		95.0431
2.50515		117.985
2.50715		129.953
2.50915		125.39
2.51115		114.802
2.51315		103.837
2.51515		97.8137
2.51715		94.2665
2.51915		85.6275
2.52115		71.2795
2.52315		60.447
2.52515		58.6179
2.52715		60.9614
2.52915		61.3811
2.53115		59.8101
2.53315		57.942
2.53515		60.7875
2.53715		73.5415
2.53915		89.7892
2.54115		94.714
2.54315		84.9152
2.54515		72.1397
2.54715		66.0435
2.54915		63.0402
2.55115		61.0339
2.55315		60.1512
2.55515		59.6955
2.55715		59.1589
2.55915		57.4667
2.56115		55.8791
2.56315		60.4558
2.56515		72.4308
2.56715		84.5913
2.56915		88.9274
2.57115		82.5588
2.57315		71.0186
2.57515		67.1642
2.57715		74.9157
2.57915		86.0852
2.58115		87.188
2.58315		83.4602
2.58515		89.7361
2.58715		99.5114
2.58915		103.192
2.59115		101.207
2.59315		96.3764
2.59515		91.2229
2.59715		84.8631
2.59915		75.7565
2.60115		65.3153
2.60315		58.1907
2.60515		59.6575
2.60715		68.9822
2.60915		82.742
2.61115		97.0794
2.61315		96.5634
2.61515		81.2301
2.61715		65.4561
2.61915		59.1823
2.62115		63.5062
2.62315		73.0873
2.62515		80.2778
2.62715		85.6289
2.62915		85.3368
2.63115		83.4253
2.63315		83.5017
2.63515		84.9346
2.63715		90.6187
2.63915		96.016
2.64115		96.9108
2.64315		101.984
2.64515		110.228
2.64715		108.583
2.64915		98.7102
2.65115		88.3838
2.65315		77.3953
2.65515		70.9735
2.65715		72.476
2.65915		78.68
2.66115		87.5969
2.66315		89.0193
2.66515		80.7831
2.66715		73.0516
2.66915		72.2867
2.67115		76.8952
2.67315		81.7513
2.67515		81.7273
2.67715		77.0905
2.67915		73.2417
2.68115		76.6461
2.68315		79.5925
2.68515		77.3464
2.68715		78.8564
2.68915		84.4622
2.69115		86.631
2.69315		91.4157
2.69515		102.673
2.69715		104.631
2.69915		99.7704
2.70115		97.8657
2.70315		91.8337
2.70515		83.2925
2.70715		81.3624
2.70915		86.1677
2.71115		93.5723
2.71315		94.5179
2.71515		89.3389
2.71715		81.5472
2.71915		74.1531
2.72115		70.5614
2.72315		72.512
2.72515		84.7249
2.72715		101.444
2.72915		112.048
2.73115		114.914
2.73315		113.822
2.73515		111.606
2.73715		111.114
2.73915		112.104
2.74115		106.177
2.74315		94.7762
2.74515		85.9261
2.74715		84.8292
2.74915		94.8933
2.75115		104.18
2.75315		104.056
2.75515		104.803
2.75715		105.509
2.75915		105.747
2.76115		110.431
2.76315		116.695
2.76515		114.899
2.76715		111.447
2.76915		114.386
2.77115		116.273
2.77315		117.915
2.77515		116.081
2.77715		111.923
2.77915		104.839
2.78115		103.541
2.78315		112.834
2.78515		121.937
2.78715		125.414
2.78915		124.615
2.79115		123.263
2.79315		117.794
2.79515		107.912
2.79715		106.334
2.79915		113.531
2.80115		125.569
2.80315		141.661
2.80515		152.813
2.80715		151.803
2.80915		143.808
2.81115		133.108
2.81315		123.181
2.81515		114.228
2.81715		102.733
2.81915		96.1769
2.82115		95.8086
2.82315		91.9438
2.82515		84.0981
2.82715		78.6786
2.82915		84.5301
2.83115		101.616
2.83315		119.294
2.83515		131.7
2.83715		138.449
2.83915		130.157
2.84115		116.05
2.84315		114.922
2.84515		121.274
2.84715		127.706
2.84915		128.005
2.85115		127.11
2.85315		127.108
2.85515		125.456
2.85715		127.716
2.85915		134.752
2.86115		132.944
2.86315		127.82
2.86515		130.618
2.86715		133.442
2.86915		134.822
2.87115		134.115
2.87315		132.653
2.87515		128.269
2.87715		120.617
2.87915		122.716
2.88115		134.158
2.88315		136.032
2.88515		133.426
2.88715		134.214
2.88915		137.608
2.89115		143.405
2.89315		145.083
2.89515		137.423
2.89715		127.04
2.89915		129.587
2.90115		141.65
2.90315		151.58
2.90515		150.271
2.90715		143.775
2.90915		138.82
2.91115		139.428
2.91315		144.738
2.91515		144.834
2.91715		141.315
2.91915		139.333
2.92115		139.206
2.92315		139.816
2.92515		145.518
2.92715		149.696
2.92915		146.026
2.93115		136.651
2.93315		135.36
2.93515		144.771
2.93715		146.081
2.93915		135.107
2.94115		125.55
2.94315		127.773
2.94515		140.324
2.94715		151.178
2.94915		151.518
2.95115		139.907
2.95315		133.727
2.95515		142.62
2.95715		155.282
2.95915		162.848
2.96115		161.581
2.96315		152.146
2.96515		140.231
2.96715		130.544
2.96915		127.12
2.97115		122.402
2.97315		114.871
2.97515		115.312
2.97715		120.22
2.97915		121.453
2.98115		111.75
2.98315		102.666
2.98515		102.234
2.98715		112.615
2.98915		128.687
2.99115		139.473
2.99315		147.481
2.99515		164.266
2.99715		184.628
2.99915		189.551
3.00115		177.862
3.00315		162.792
3.00515		156.919
3.00715		167.189
3.00915		180.455
3.01115		182.363
3.01315		167.307
3.01515		144.992
3.01715		133.538
3.01915		138.151
3.02115		150.703
3.02315		153.063
3.02515		152.73
3.02715		155.678
3.02915		148.483
3.03115		132.157
3.03315		119.861
3.03515		120.499
3.03715		133.805
3.03915		145.642
3.04115		143.25
3.04315		133.276
3.04515		129.104
3.04715		124.713
3.04915		117.335
3.05115		115.902
3.05315		121.631
3.05515		128.687
3.05715		132.501
3.05915		132.29
3.06115		134.037
3.06315		134.979
3.06515		134.922
3.06715		140.814
3.06915		147.547
3.07115		144.895
3.07315		136.011
3.07515		134.957
3.07715		142.247
3.07915		145.048
3.08115		142.854
3.08315		137.51
3.08515		125.497
3.08715		111.847
3.08915		105.067
3.09115		108.714
3.09315		116.064
3.09515		110.018
3.09715		97.6443
3.09915		97.2176
3.10115		111.969
3.10315		131.568
3.10515		140.274
3.10715		138.231
3.10915		138.043
3.11115		140.253
3.11315		140.67
3.11515		141.563
3.11715		146.491
3.11915		150.133
3.12115		142.605
3.12315		130.086
3.12515		127.84
3.12715		130.808
3.12915		126.661
3.13115		123.518
3.13315		128.232
3.13515		131.819
3.13715		126.749
3.13915		117.596
3.14115		116.925
3.14315		134.828
3.14515		160.965
3.14715		171.844
3.14915		164.403
3.15115		156.835
3.15315		157.698
3.15515		160.053
3.15715		158.703
3.15915		158.728
3.16115		164.955
3.16315		159.868
3.16515		146.378
3.16715		143.934
3.16915		151.945
3.17115		152.853
3.17315		145.522
3.17515		143.395
3.17715		152.308
3.17915		168.673
3.18115		178.196
3.18315		172.101
3.18515		159.655
3.18715		152.19
3.18915		152.57
3.19115		152.33
3.19315		148.64
3.19515		143.915
3.19715		139.656
3.19915		134.885
3.20115		135.287
3.20315		150.16
3.20515		175.668
3.20715		194.81
3.20915		180.516
3.21115		153.53
3.21315		139.166
3.21515		139.984
3.21715		142.794
3.21915		143.931
3.22115		143.948
3.22315		143.833
3.22515		143.016
3.22715		136.929
3.22915		129.383
3.23115		135.611
3.23315		147.156
3.23515		156.058
3.23715		155.72
3.23915		148.69
3.24115		155.427
3.24315		175.055
3.24515		183.889
3.24715		177.324
3.24915		174.327
3.25115		166.31
3.25315		150.766
3.25515		142.265
3.25715		137.92
3.25915		136.938
3.26115		138.072
3.26315		136.531
3.26515		126.908
3.26715		116.698
3.26915		116.084
3.27115		118.957
3.27315		119.994
3.27515		121.195
3.27715		119.119
3.27915		119.915
3.28115		127.478
3.28315		135.517
3.28515		144.14
3.28715		149.023
3.28915		156.734
3.29115		160.181
3.29315		159.601
3.29515		163.407
3.29715		164.27
3.29915		157.773
3.30115		154.103
3.30315		146.818
3.30515		138.935
3.30715		139.334
3.30915		149.511
3.31115		160.86
3.31315		169.8
3.31515		172.582
3.31715		169.838
3.31915		169.515
3.32115		177.635
3.32315		183.85
3.32515		173.195
3.32715		161.776
3.32915		162.537
3.33115		166.293
3.33315		160.641
3.33515		145.661
3.33715		138.511
3.33915		142.637
3.34115		155.759
3.34315		171.332
3.34515		181.884
3.34715		189.783
3.34915		197.607
3.35115		214.273
3.35315		222.665
3.35515		215.614
3.35715		192.531
3.35915		164.865
3.36115		148.765
3.36315		145.566
3.36515		146.127
3.36715		152.115
3.36915		153.106
3.37115		146.653
3.37315		147.698
3.37515		156.531
3.37715		159.17
3.37915		148.945
3.38115		135.526
3.38315		133.682
3.38515		140.2
3.38715		142.749
3.38915		145.906
3.39115		152.769
3.39315		155.288
3.39515		153.669
3.39715		152.096
3.39915		152.126
3.40115		154.297
3.40315		151.111
3.40515		154.928
3.40715		165.201
3.40915		165.522
3.41115		156.372
3.41315		145.334
3.41515		139.862
3.41715		141.748
3.41915		141.734
3.42115		141.151
3.42315		146.459
3.42515		149.005
3.42715		143.154
3.42915		144.067
3.43115		158.893
3.43315		165.695
3.43515		160.766
3.43715		153.857
3.43915		152.988
3.44115		154.465
3.44315		152.69
3.44515		146.544
3.44715		140.137
3.44915		142.302
3.45115		152.383
3.45315		161.752
3.45515		166.56
3.45715		166.392
3.45915		158.722
3.46115		147.404
3.46315		142.15
3.46515		149.883
3.46715		163.835
3.46915		176.041
3.47115		179.961
3.47315		177.154
3.47515		178.197
3.47715		180.002
3.47915		175.673
3.48115		165.774
3.48315		150.007
3.48515		141.643
3.48715		147.857
3.48915		160.979
3.49115		163.468
3.49315		158.151
3.49515		154.393
3.49715		156.554
3.49915		162.017
3.50115		170.194
3.50315		182.788
3.50515		187.474
3.50715		181.149
3.50915		177.052
3.51115		171.467
3.51315		171.719
3.51515		174.665
3.51715		171.19
3.51915		167.736
3.52115		174.524
3.52315		184.913
3.52515		183.104
3.52715		171.727
3.52915		161.245
3.53115		160.154
3.53315		164.789
3.53515		165.215
3.53715		160.219
3.53915		158.606
3.54115		164.472
3.54315		171.283
3.54515		182.286
3.54715		194.652
3.54915		196.196
3.55115		189.709
3.55315		190.054
3.55515		192.548
3.55715		188.619
3.55915		183.912
3.56115		180.338
3.56315		180.232
3.56515		183.301
3.56715		179.136
3.56915		169.539
3.57115		171.612
3.57315		176.529
3.57515		171.879
3.57715		171.363
3.57915		183.039
3.58115		192.976
3.58315		199.288
3.58515		202.454
3.58715		197.8
3.58915		198.362
3.59115		204.934
3.59315		212.064
3.59515		211.322
3.59715		196.476
3.59915		181.113
3.60115		173.967
3.60315		178.238
3.60515		184.235
3.60715		181.837
3.60915		180.886
3.61115		187.504
3.61315		189.345
3.61515		179.969
3.61715		174.227
3.61915		172.079
3.62115		167.677
3.62315		166.12
3.62515		172.772
3.62715		186.189
3.62915		190.8
3.63115		180.908
3.63315		168.045
3.63515		168.671
3.63715		181.946
3.63915		190.472
3.64115		196.104
3.64315		192.327
3.64515		175.624
3.64715		159.111
3.64915		151.198
3.65115		148.902
3.65315		161.908
3.65515		181.032
3.65715		184.585
3.65915		178.124
3.66115		173.574
3.66315		176.912
3.66515		175.904
3.66715		162.768
3.66915		148.957
3.67115		143.206
3.67315		143.026
3.67515		141.813
3.67715		140.305
3.67915		148.214
3.68115		155.249
3.68315		153.43
3.68515		158.341
3.68715		175.414
3.68915		188.664
3.69115		186.493
3.69315		172.977
3.69515		166.794
3.69715		172.312
3.69915		180.856
3.70115		184.272
3.70315		181.108
3.70515		174.019
3.70715		168.882
3.70915		166.713
3.71115		169.885
3.71315		170.901
3.71515		163.483
3.71715		156.332
3.71915		154.429
3.72115		162.076
3.72315		180.233
3.72515		198.726
3.72715		208.316
3.72915		202.749
3.73115		195.105
3.73315		194.167
3.73515		192.667
3.73715		194.594
3.73915		197.254
3.74115		196.617
3.74315		192.131
3.74515		188.854
3.74715		187.067
3.74915		187.251
3.75115		190.799
3.75315		190.803
3.75515		182.114
3.75715		173.799
3.75915		167.901
3.76115		167.742
3.76315		166.847
3.76515		166.073
3.76715		174.859
3.76915		189.35
3.77115		204.964
3.77315		213.573
3.77515		211.207
3.77715		201.348
3.77915		197.573
3.78115		196.546
3.78315		187.332
3.78515		178.356
3.78715		182.039
3.78915		185.956
3.79115		183.511
3.79315		187.475
3.79515		188.648
3.79715		179.205
3.79915		171.419
3.80115		165.846
3.80315		165.117
3.80515		168.323
3.80715		171.723
3.80915		180.805
3.81115		189.482
3.81315		182.557
3.81515		165.936
3.81715		156.617
3.81915		152.807
3.82115		155.54
3.82315		171.149
3.82515		187.812
3.82715		195.04
3.82915		195.653
3.83115		189.812
3.83315		179.481
3.83515		167.582
3.83715		158.201
3.83915		160.339
3.84115		168.828
3.84315		167.478
3.84515		163.387
3.84715		173.804
3.84915		197.356
3.85115		213.425
3.85315		209.149
3.85515		196.141
3.85715		182.526
3.85915		178.523
3.86115		177.553
3.86315		176.226
3.86515		183.774
3.86715		197.719
3.86915		200.904
3.87115		193.71
3.87315		194.248
3.87515		194.757
3.87715		184.379
3.87915		168.606
3.88115		161.368
3.88315		167.743
3.88515		178.614
3.88715		181.034
3.88915		174.28
3.89115		171.883
3.89315		176.408
3.89515		189.79
3.89715		194.896
3.89915		189.151
3.90115		186.956
3.90315		188.477
3.90515		188.493
3.90715		187.065
3.90915		174.449
3.91115		163.143
3.91315		171.453
3.91515		185.719
3.91715		185.574
3.91915		181.441
3.92115		179.315
3.92315		179.125
3.92515		181.785
3.92715		180.678
3.92915		176.122
3.93115		180.527
3.93315		201.224
3.93515		221.101
3.93715		221.92
3.93915		212.485
3.94115		204.647
3.94315		197.976
3.94515		181.343
3.94715		158.758
3.94915		153.94
3.95115		167.226
3.95315		180.05
3.95515		188.664
3.95715		193.21
3.95915		194.76
3.96115		192.994
3.96315		185.912
3.96515		170.041
3.96715		160.048
3.96915		164.038
3.97115		164.98
3.97315		158.57
3.97515		150.482
3.97715		154.512
3.97915		169.605
3.98115		183.242
3.98315		200.984
3.98515		213.275
3.98715		223.76
3.98915		225.92
3.99115		215.602
3.99315		203.454
3.99515		194.021
3.99715		182.304
3.99915		172.236
4.00115		178.383
4.00315		188.029
4.00515		190.288
4.00715		202.646
4.00915		219.895
4.01115		224.918
4.01315		217.7
4.01515		205.361
4.01715		193.162
4.01915		192.385
4.02115		204.552
4.02315		207.315
4.02515		197.278
4.02715		194.413
4.02915		197.315
4.03115		196.69
4.03315		198.415
4.03515		203.313
4.03715		210.425
4.03915		210.365
4.04115		208.282
4.04315		210.728
4.04515		208.873
4.04715		202.816
4.04915		194.83
4.05115		183.252
4.05315		170.688
4.05515		156.099
4.05715		150.211
4.05915		159.979
4.06115		185.154
4.06315		210.128
4.06515		217.42
4.06715		213.597
4.06915		217.541
4.07115		218.873
4.07315		211.176
4.07515		204.036
4.07715		200.613
4.07915		199.894
4.08115		206.154
4.08315		212.477
4.08515		214.134
4.08715		222.574
4.08915		235.672
4.09115		231.883
4.09315		209.435
4.09515		191.77
4.09715		181.203
4.09915		176.055
4.10115		168.307
4.10315		165.104
4.10515		176.181
4.10715		188.917
4.10915		200.156
4.11115		216.615
4.11315		242.388
4.11515		258.982
4.11715		252.119
4.11915		230.784
4.12115		202.673
4.12315		175.219
4.12515		164.821
4.12715		174.7
4.12915		193.987
4.13115		196.859
4.13315		182.337
4.13515		175.862
4.13715		184.879
4.13915		197.262
4.14115		196.805
4.14315		187.345
4.14515		176.748
4.14715		179.237
4.14915		192.804
4.15115		193.599
4.15315		183.823
4.15515		183.087
4.15715		193.05
4.15915		205.622
4.16115		211.169
4.16315		204.588
4.16515		200.063
4.16715		197.781
4.16915		202.069
4.17115		212.678
4.17315		210.864
4.17515		194.523
4.17715		180.994
4.17915		171.715
4.18115		164.308
4.18315		167.42
4.18515		180.949
4.18715		190.017
4.18915		189.264
4.19115		183.629
4.19315		175.021
4.19515		174.905
4.19715		180.985
4.19915		183.699
4.20115		189.469
4.20315		197.447
4.20515		202.522
4.20715		197.765
4.20915		198.309
4.21115		215.399
4.21315		232.905
4.21515		238.095
4.21715		240.849
4.21915		241.6
4.22115		235.335
4.22315		227.839
4.22515		219.047
4.22715		207.154
4.22915		207.084
4.23115		220.048
4.23315		231.07
4.23515		241.64
4.23715		237.374
4.23915		215.086
4.24115		198.964
4.24315		194.612
4.24515		195.494
4.24715		190.558
4.24915		179.263
4.25115		179.067
4.25315		182.977
4.25515		184.372
4.25715		184.504
4.25915		178.156
4.26115		169.959
4.26315		167.285
4.26515		171.737
4.26715		182.323
4.26915		191.323
4.27115		200.43
4.27315		211.473
4.27515		219.281
4.27715		211.856
4.27915		187.21
4.28115		166.548
4.28315		166.997
4.28515		178.397
4.28715		189.653
4.28915		193.69
4.29115		193.102
4.29315		198.097
4.29515		207.368
4.29715		213.134
4.29915		212.848
4.30115		200.996
4.30315		184.074
4.30515		184.908
4.30715		202.022
4.30915		215.308
4.31115		215.156
4.31315		198.266
4.31515		182.169
4.31715		175.395
4.31915		165.687
4.32115		153.161
4.32315		145.906
4.32515		145.275
4.32715		153.686
4.32915		170.558
4.33115		186.16
4.33315		189.922
4.33515		185.095
4.33715		188.385
4.33915		202.907
4.34115		210.158
4.34315		196.863
4.34515		181.848
4.34715		184.363
4.34915		198.003
4.35115		201.028
4.35315		196.66
4.35515		201.263
4.35715		206.455
4.35915		200.943
4.36115		188.815
4.36315		184.639
4.36515		183.224
4.36715		182.758
4.36915		178.333
4.37115		177.301
4.37315		182.387
4.37515		185.474
4.37715		191.165
4.37915		200.64
4.38115		204.934
4.38315		192.451
4.38515		179.14
4.38715		168.988
4.38915		167.763
4.39115		180.771
4.39315		200.638
4.39515		210.08
4.39715		205.987
4.39915		201.302
4.40115		201.201
4.40315		210.284
4.40515		216.341
4.40715		215.016
4.40915		206.861
4.41115		202.181
4.41315		200.153
4.41515		189.059
4.41715		177.317
4.41915		173.966
4.42115		175.126
4.42315		172.964
4.42515		169.336
4.42715		170.893
4.42915		174.447
4.43115		180.81
4.43315		179.532
4.43515		175.466
4.43715		177.495
4.43915		182.287
4.44115		185.429
4.44315		176.253
4.44515		164.324
4.44715		163.011
4.44915		174.306
4.45115		192.636
4.45315		204.108
4.45515		200.508
4.45715		194.226
4.45915		194.498
4.46115		199.255
4.46315		208.836
4.46515		208.7
4.46715		199.536
4.46915		195.493
4.47115		197.826
4.47315		197.007
4.47515		190.962
4.47715		186.087
4.47915		186.807
4.48115		187.983
4.48315		189.996
4.48515		199.395
4.48715		209.814
4.48915		210.998
4.49115		203.468
4.49315		193.623
4.49515		185.099
4.49715		178.969
4.49915		176.261
4.50115		174.018
4.50315		166.98
4.50515		164.569
4.50715		166.566
4.50915		170.206
4.51115		180.089
4.51315		188.001
4.51515		180.466
4.51715		173.858
4.51915		179.417
4.52115		190.351
4.52315		194.44
4.52515		185.551
4.52715		171.049
4.52915		163.189
4.53115		169.53
4.53315		184.228
4.53515		194.487
4.53715		204.601
4.53915		214.241
4.54115		222.345
4.54315		217.648
4.54515		201.759
4.54715		192.584
4.54915		195.526
4.55115		199.616
4.55315		201.174
4.55515		207.037
4.55715		220.463
4.55915		223.545
4.56115		206.263
4.56315		196.032
4.56515		193.78
4.56715		189.388
4.56915		189.113
4.57115		199.004
4.57315		206.838
4.57515		199.344
4.57715		191.12
4.57915		189.686
4.58115		188.451
4.58315		183.433
4.58515		178.993
4.58715		183.115
4.58915		198.254
4.59115		212.619
4.59315		216.736
4.59515		224.334
4.59715		242.608
4.59915		257.012
4.60115		255.944
4.60315		259.341
4.60515		273.437
4.60715		286.945
4.60915		279.093
4.61115		259.66
4.61315		253.873
4.61515		254.798
4.61715		244.181
4.61915		230.513
4.62115		217.208
4.62315		210.677
4.62515		216.255
4.62715		219.789
4.62915		205.604
4.63115		198.356
4.63315		206.635
4.63515		210.64
4.63715		204.48
4.63915		198.787
4.64115		207.163
4.64315		225.557
4.64515		238.849
4.64715		228.413
4.64915		208.411
4.65115		201.056
4.65315		208.431
4.65515		216.734
4.65715		211.722
4.65915		204.314
4.66115		194.613
4.66315		183.555
4.66515		190.151
4.66715		211.853
4.66915		227.305
4.67115		227.536
4.67315		218.391
4.67515		204.293
4.67715		191.553
4.67915		178.083
4.68115		167.779
4.68315		168.607
4.68515		170.295
4.68715		170.457
4.68915		174.744
4.69115		184.24
4.69315		185.429
4.69515		177.919
4.69715		172.814
4.69915		177.709
4.70115		193.586
4.70315		206.765
4.70515		216.931
4.70715		214.164
4.70915		201.478
4.71115		203.892
4.71315		212.056
4.71515		214.533
4.71715		228.113
4.71915		243.742
4.72115		239.617
4.72315		226.446
4.72515		217.533
4.72715		209.428
4.72915		202.978
4.73115		204.247
4.73315		207.878
4.73515		203.177
4.73715		206.735
4.73915		227.656
4.74115		238.921
4.74315		224.574
4.74515		198.498
4.74715		176.237
4.74915		174.535
4.75115		186.118
4.75315		193.288
4.75515		192.937
4.75715		197.989
4.75915		215.015
4.76115		235.585
4.76315		252.383
4.76515		259.524
4.76715		251.018
4.76915		240.976
4.77115		230.811
4.77315		213.307
4.77515		200.276
4.77715		193.691
4.77915		181.973
4.78115		167.878
4.78315		157.501
4.78515		154.797
4.78715		158.541
4.78915		165.894
4.79115		179.178
4.79315		198.224
4.79515		207.299
4.79715		205.556
4.79915		204.538
4.80115		206.716
4.80315		204.765
4.80515		194.285
4.80715		187.724
4.80915		183.752
4.81115		178.693
4.81315		176.15
4.81515		178.095
4.81715		190.134
4.81915		203.05
4.82115		210.406
4.82315		211.155
4.82515		208.123
4.82715		201.72
4.82915		192.9
4.83115		193.103
4.83315		205.853
4.83515		217.614
4.83715		217.464
4.83915		215.658
4.84115		213.738
4.84315		209.285
4.84515		211.183
4.84715		218.892
4.84915		222.456
4.85115		218.825
4.85315		218.377
4.85515		223.903
4.85715		219.07
4.85915		210.62
4.86115		208.399
4.86315		212.791
4.86515		213.921
4.86715		216.387
4.86915		214.551
4.87115		202.274
4.87315		189.259
4.87515		185.399
4.87715		189.46
4.87915		195.867
4.88115		205.92
4.88315		222.985
4.88515		231.269
4.88715		227.073
4.88915		221.419
4.89115		212.387
4.89315		201.74
4.89515		205.793
4.89715		218.22
4.89915		220.41
4.90115		217.214
4.90315		219.559
4.90515		229.332
4.90715		228.629
4.90915		224.8
4.91115		222.636
4.91315		215.896
4.91515		212.456
4.91715		207.825
4.91915		206.323
4.92115		219.39
4.92315		248.498
4.92515		262.035
4.92715		249.168
4.92915		233.651
4.93115		223.397
4.93315		225.576
4.93515		239.135
4.93715		254.615
4.93915		258.927
4.94115		256.658
4.94315		250.847
4.94515		243.829
4.94715		238.063
4.94915		230.752
4.95115		230.116
4.95315		245.153
4.95515		260.604
4.95715		261.722
4.95915		256.429
4.96115		244.905
4.96315		234.885
4.96515		232.704
4.96715		232.845
4.96915		246.625
4.97115		257.475
4.97315		253.461
4.97515		246.719
4.97715		246.107
4.97915		249.787
4.98115		260.797
4.98315		269.499
4.98515		266.126
4.98715		252.175
4.98915		233.25
4.99115		222.304
4.99315		225.421
4.99515		242.263
4.99715		259.113
4.99915		260.741
5.00115		256.232
5.00315		258.167
5.00515		265.753
5.00715		273.828
5.00915		283.681
5.01115		285.238
5.01315		279.152
5.01515		271.942
5.01715		265.683
5.01915		252.531
5.02115		241.32
5.02315		239.6
5.02515		245.285
5.02715		251.323
5.02915		252.648
5.03115		250.405
5.03315		239.591
5.03515		224.605
5.03715		214.31
5.03915		208.605
5.04115		206.179
5.04315		209.684
5.04515		215.315
5.04715		217.11
5.04915		221.981
5.05115		234.594
5.05315		249.367
5.05515		260.777
5.05715		272.539
5.05915		270.132
5.06115		255.785
5.06315		239.769
5.06515		228.92
5.06715		230.606
5.06915		229.181
5.07115		218.036
5.07315		215.363
5.07515		220.997
5.07715		226.711
5.07915		222.268
5.08115		217.931
5.08315		225.589
5.08515		242.493
5.08715		258.792
5.08915		265.609
5.09115		264.298
5.09315		247.747
5.09515		236.053
5.09715		231.994
5.09915		222.691
5.10115		217.295
5.10315		223.544
5.10515		233.708
5.10715		254.547
5.10915		274.142
5.11115		276.889
5.11315		271.087
5.11515		259.621
5.11715		244.467
5.11915		238.777
5.12115		242.573
5.12315		247.829
5.12515		254.051
5.12715		244.422
5.12915		228.014
5.13115		222.4
5.13315		221.332
5.13515		220.665
5.13715		229.296
5.13915		244.552
5.14115		260.434
5.14315		266.693
5.14515		258.83
5.14715		250.005
5.14915		256.181
5.15115		259.191
5.15315		245.388
5.15515		241.744
5.15715		254.554
5.15915		260.863
5.16115		254.994
5.16315		251.224
5.16515		255.184
5.16715		251.882
5.16915		239.41
5.17115		237.488
5.17315		255.801
5.17515		279.712
5.17715		293.764
5.17915		288.568
5.18115		269.601
5.18315		258.756
5.18515		261.331
5.18715		260.93
5.18915		258.793
5.19115		258.288
5.19315		260.888
5.19515		268.27
5.19715		268.17
5.19915		257.4
5.20115		245.123
5.20315		236.177
5.20515		237.198
5.20715		242.524
5.20915		245.721
5.21115		250.342
5.21315		251.988
5.21515		253.751
5.21715		264.222
5.21915		274.145
5.22115		276.93
5.22315		272.637
5.22515		268.221
5.22715		270.432
5.22915		280.803
5.23115		291.135
5.23315		297.191
5.23515		303.906
5.23715		302.034
5.23915		293.781
5.24115		282.382
5.24315		278.527
5.24515		286.017
5.24715		291.588
5.24915		282.99
5.25115		274.933
5.25315		278.33
5.25515		286.135
5.25715		278.463
5.25915		258.791
5.26115		246.148
5.26315		248.494
5.26515		255.98
5.26715		256.296
5.26915		249.422
5.27115		244.147
5.27315		244.044
5.27515		242.535
5.27715		230.483
5.27915		214.617
5.28115		204.886
5.28315		208.777
5.28515		226.265
5.28715		247.617
5.28915		265.109
5.29115		270.574
5.29315		279.797
5.29515		289.541
5.29715		274.966
5.29915		253.04
5.30115		254.275
5.30315		272.434
5.30515		280.952
5.30715		273.89
5.30915		264.675
5.31115		261.987
5.31315		261.631
5.31515		258.75
5.31715		259.752
5.31915		265.842
5.32115		276.12
5.32315		284.822
5.32515		282.722
5.32715		277.624
5.32915		274.661
5.33115		281.476
5.33315		297.332
5.33515		302.62
5.33715		301.531
5.33915		309.838
5.34115		317.68
5.34315		312.074
5.34515		297.648
5.34715		279.813
5.34915		273.101
5.35115		272.679
5.35315		261.088
5.35515		254.002
5.35715		259.181
5.35915		265.839
5.36115		271.676
5.36315		273.92
5.36515		269.253
5.36715		261.679
5.36915		254.922
5.37115		251.366
5.37315		248.521
5.37515		238.93
5.37715		241.183
5.37915		249.892
5.38115		242.835
5.38315		237.463
5.38515		246.879
5.38715		252.395
5.38915		254.904
5.39115		257.706
5.39315		258.957
5.39515		251.33
5.39715		242.887
5.39915		242.299
5.40115		241.736
5.40315		250.741
5.40515		269.585
5.40715		279.057
5.40915		267.467
5.41115		247.5
5.41315		241.54
5.41515		247.858
5.41715		262.839
5.41915		279.896
5.42115		289.553
5.42315		288.966
5.42515		270.258
5.42715		250.423
5.42915		247.425
5.43115		252.553
5.43315		262.024
5.43515		271.292
5.43715		278.848
5.43915		281.666
5.44115		275.508
5.44315		272.889
5.44515		284.62
5.44715		293.178
5.44915		290.834
5.45115		289.374
5.45315		288.568
5.45515		282.447
5.45715		268.618
5.45915		263.472
5.46115		266.451
5.46315		267.29
5.46515		271.142
5.46715		277.318
5.46915		278.877
5.47115		270.344
5.47315		257.648
5.47515		251.081
5.47715		239.528
5.47915		227.67
5.48115		232.169
5.48315		243.012
5.48515		251.446
5.48715		265.882
5.48915		276.603
5.49115		273.652
5.49315		263.333
5.49515		257.418
5.49715		252.654
5.49915		251.953
5.50115		255.929
5.50315		255.975
5.50515		249.874
5.50715		236.781
5.50915		227.226
5.51115		234.561
5.51315		255.965
5.51515		264.137
5.51715		258.227
5.51915		249.851
5.52115		242.997
5.52315		240.414
5.52515		243.886
5.52715		253.443
5.52915		264.429
5.53115		276.962
5.53315		288.419
5.53515		296.13
5.53715		298.363
5.53915		289.652
5.54115		282.257
5.54315		276.276
5.54515		271.969
5.54715		274.142
5.54915		280.843
5.55115		282.186
5.55315		276.119
5.55515		278.944
5.55715		287.932
5.55915		299.961
5.56115		315.775
5.56315		322.358
5.56515		317.909
5.56715		306.131
5.56915		295.828
5.57115		292.764
5.57315		292.852
5.57515		287.705
5.57715		284.301
5.57915		292.9
5.58115		296.576
5.58315		286.606
5.58515		277.067
5.58715		271.076
5.58915		269.671
5.59115		266.176
5.59315		267.075
5.59515		263.593
5.59715		258.981
5.59915		259.702
5.60115		268.714
5.60315		284.314
5.60515		287.741
5.60715		279.51
5.60915		271.042
5.61115		256.331
5.61315		238.667
5.61515		227.336
5.61715		214.969
5.61915		209.242
5.62115		214.007
5.62315		227.436
5.62515		242.825
5.62715		251.109
5.62915		251.386
5.63115		245.534
5.63315		241.729
5.63515		241.491
5.63715		251.305
5.63915		267.148
5.64115		277.985
5.64315		278.556
5.64515		268.106
5.64715		261.294
5.64915		261.508
5.65115		264.523
5.65315		266.482
5.65515		262.085
5.65715		259.338
5.65915		267.438
5.66115		278.522
5.66315		283.668
5.66515		277.454
5.66715		268.591
5.66915		271.742
5.67115		287.836
5.67315		293.968
5.67515		281.433
5.67715		270.257
5.67915		271.081
5.68115		271.194
5.68315		259.748
5.68515		255.841
5.68715		256.139
5.68915		252.455
5.69115		256.469
5.69315		256.859
5.69515		254.252
5.69715		256.977
5.69915		258.932
5.70115		266.604
5.70315		276.734
5.70515		281.267
5.70715		280.93
5.70915		268.964
5.71115		249.569
5.71315		238.601
5.71515		249.826
5.71715		272.098
5.71915		282.96
5.72115		273.484
5.72315		265.767
5.72515		268.542
5.72715		268.127
5.72915		266.294
5.73115		268.927
5.73315		271.961
5.73515		276.148
5.73715		281.771
5.73915		298.798
5.74115		316.192
5.74315		311.31
5.74515		298.211
5.74715		284.584
5.74915		264.265
5.75115		244.475
5.75315		237.505
5.75515		251.209
5.75715		265.828
5.75915		273.962
5.76115		289.047
5.76315		310.057
5.76515		322.56
5.76715		308.186
5.76915		282.028
5.77115		265.909
5.77315		263.893
5.77515		266.77
5.77715		270.362
5.77915		267.034
5.78115		258.383
5.78315		248.458
5.78515		239.359
5.78715		239.654
5.78915		255.619
5.79115		269.324
5.79315		271.784
5.79515		272.722
5.79715		282.969
5.79915		293.223
5.80115		296.448
5.80315		298.854
5.80515		297.964
5.80715		295.82
5.80915		292.803
5.81115		284.344
5.81315		254.715
5.81515		229.162
5.81715		232.594
5.81915		257.788
5.82115		291.129
5.82315		311.52
5.82515		313.343
5.82715		314.608
5.82915		318.896
5.83115		319.116
5.83315		322.061
5.83515		324.419
5.83715		308.299
5.83915		281.637
5.84115		261.165
5.84315		261.71
5.84515		274.972
5.84715		296.866
5.84915		322.364
5.85115		331.429
5.85315		316.413
5.85515		294.752
5.85715		283.453
5.85915		267.399
5.86115		256.789
5.86315		261.683
5.86515		268.379
5.86715		268.953
5.86915		267.678
5.87115		263.723
5.87315		264.413
5.87515		271.507
5.87715		281.958
5.87915		278.493
5.88115		261.099
5.88315		263.532
5.88515		286.181
5.88715		301.332
5.88915		301.622
5.89115		299.804
5.89315		294.187
5.89515		283.816
5.89715		282.944
5.89915		292.741
5.90115		301.075
5.90315		300.346
5.90515		287.811
5.90715		274.743
5.90915		275.25
5.91115		287.183
5.91315		287.04
5.91515		279.547
5.91715		267.466
5.91915		252.339
5.92115		247.084
5.92315		252.549
5.92515		264.431
5.92715		272.417
5.92915		267.3
5.93115		253.89
5.93315		249.74
5.93515		267.011
5.93715		294.425
5.93915		306.194
5.94115		292.779
5.94315		281.811
5.94515		291.286
5.94715		300.471
5.94915		288.956
5.95115		279.397
5.95315		284.854
5.95515		282.188
5.95715		279.464
5.95915		282.803
5.96115		286.793
5.96315		291.944
5.96515		290.268
5.96715		280.606
5.96915		282.484
5.97115		288.661
5.97315		276.727
5.97515		258.546
5.97715		263.136
5.97915		277.865
5.98115		276.391
5.98315		269.896
5.98515		277.942
5.98715		299.032
5.98915		317.211
5.99115		320.235
5.99315		309.206
5.99515		288.405
5.99715		272.671
5.99915		264.925
6.00115		265.072
6.00315		271.573
6.00515		282.22
6.00715		291.661
6.00915		293.676
6.01115		283.999
6.01315		280.668
6.01515		295.915
6.01715		309.46
6.01915		308.82
6.02115		295.093
6.02315		285.209
6.02515		281.868
6.02715		274.192
6.02915		273.187
6.03115		274.823
6.03315		261.586
6.03515		259.916
6.03715		271.713
6.03915		282.5
6.04115		282.004
6.04315		276.686
6.04515		281.947
6.04715		281.211
6.04915		276.451
6.05115		272.594
6.05315		270.746
6.05515		272.514
6.05715		275.386
6.05915		279.206
6.06115		284.067
6.06315		269.443
6.06515		250.004
6.06715		241.501
6.06915		240.044
6.07115		243.03
6.07315		242.818
6.07515		242.85
6.07715		256.302
6.07915		276.503
6.08115		281.281
6.08315		274.044
6.08515		268.736
6.08715		267.656
6.08915		272.605
6.09115		283.304
6.09315		290.521
6.09515		291.596
6.09715		298.206
6.09915		322.972
6.10115		351.023
6.10315		352.405
6.10515		327.521
6.10715		305.79
6.10915		298.065
6.11115		295.189
6.11315		297.001
6.11515		294.12
6.11715		273.185
6.11915		252.122
6.12115		246.343
6.12315		244.989
6.12515		234.683
6.12715		225.252
6.12915		231.302
6.13115		239.314
6.13315		238.854
6.13515		249.367
6.13715		265.884
6.13915		274.478
6.14115		276.305
6.14315		276.827
6.14515		276.202
6.14715		272.348
6.14915		265.042
6.15115		257.448
6.15315		252.759
6.15515		250.245
6.15715		253.565
6.15915		252.571
6.16115		246.64
6.16315		246.656
6.16515		242.76
6.16715		234.641
6.16915		236.517
6.17115		245.675
6.17315		260.51
6.17515		276.292
6.17715		284.174
6.17915		294.932
6.18115		305.04
6.18315		312.193
6.18515		311.746
6.18715		297.59
6.18915		283.464
6.19115		273.369
6.19315		265.163
6.19515		272.784
6.19715		298.473
6.19915		320.916
6.20115		324.088
6.20315		310.148
6.20515		291.712
6.20715		273.962
6.20915		267.717
6.21115		279.392
6.21315		292.25
6.21515		291.377
6.21715		278.525
6.21915		264.131
6.22115		245.386
6.22315		226.648
6.22515		222.867
6.22715		232.253
6.22915		250.872
6.23115		268.423
6.23315		267.229
6.23515		253.807
6.23715		250.447
6.23915		258.012
6.24115		261.168
6.24315		257.804
6.24515		260.457
6.24715		257.043
6.24915		244.908
6.25115		240.843
6.25315		254.91
6.25515		275.458
6.25715		287.978
6.25915		289.614
6.26115		279.847
6.26315		262.408
6.26515		248.756
6.26715		248.105
6.26915		255.36
6.27115		261.387
6.27315		267.02
6.27515		263.016
6.27715		248.457
6.27915		233.758
6.28115		232.434
6.28315		245.342
6.28515		255.716
6.28715		256.11
6.28915		257.646
6.29115		257.143
6.29315		259.717
6.29515		275.809
6.29715		297.003
6.29915		304.461
6.30115		301.308
6.30315		293.957
6.30515		282.779
6.30715		268.772
6.30915		266.588
6.31115		267.769
6.31315		270.483
6.31515		273.23
6.31715		271.458
6.31915		270.029
6.32115		266.135
6.32315		261.622
6.32515		254.622
6.32715		249.056
6.32915		237.099
6.33115		219.446
6.33315		210.766
6.33515		215.127
6.33715		229.226
6.33915		247.708
6.34115		263.736
6.34315		279.279
6.34515		291.568
6.34715		297.762
6.34915		297.317
6.35115		293.342
6.35315		287.999
6.35515		282.323
6.35715		282.915
6.35915		284.774
6.36115		282.536
6.36315		286.499
6.36515		292.739
6.36715		287.079
6.36915		272.685
6.37115		265.409
6.37315		264.191
6.37515		262.759
6.37715		268.118
6.37915		281.823
6.38115		298.277
6.38315		304.447
6.38515		290.86
6.38715		279.521
6.38915		277.068
6.39115		280.513
6.39315		294.878
6.39515		294.131
6.39715		278.486
6.39915		264.586
6.40115		254.922
6.40315		258.119
6.40515		276.36
6.40715		297.834
6.40915		303.306
6.41115		293.101
6.41315		282.55
6.41515		281.344
6.41715		289.758
6.41915		295.152
6.42115		292.919
6.42315		288.731
6.42515		283.196
6.42715		280.967
6.42915		286.251
6.43115		292.499
6.43315		293.224
6.43515		283.035
6.43715		275.356
6.43915		285.577
6.44115		311.015
6.44315		332.399
6.44515		333.884
6.44715		315.255
6.44915		293.611
6.45115		283.401
6.45315		277.499
6.45515		271.155
6.45715		269.882
6.45915		267.993
6.46115		265.452
6.46315		265.738
6.46515		266.071
6.46715		271.798
6.46915		272.218
6.47115		273.387
6.47315		278.911
6.47515		275.29
6.47715		260.143
6.47915		243.827
6.48115		240.722
6.48315		246.322
6.48515		258.701
6.48715		276.674
6.48915		291.512
6.49115		296.283
6.49315		287.78
6.49515		272.141
6.49715		259.717
6.49915		261.609
6.50115		270.679
6.50315		281.297
6.50515		293.588
6.50715		298.138
6.50915		285.995
6.51115		274.086
6.51315		265.829
6.51515		258.386
6.51715		260.621
6.51915		263.969
6.52115		253.038
6.52315		245.171
6.52515		262.26
6.52715		281.687
6.52915		292.118
6.53115		293.206
6.53315		286.926
6.53515		283.193
6.53715		290.732
6.53915		295.232
6.54115		283.747
6.54315		265.485
6.54515		264.56
6.54715		268.954
6.54915		260.577
6.55115		256.278
6.55315		263.544
6.55515		270.934
6.55715		259.454
6.55915		236.169
6.56115		220.557
6.56315		218.861
6.56515		222.244
6.56715		227.081
6.56915		237.957
6.57115		240.665
6.57315		232.804
6.57515		224.051
6.57715		216.986
6.57915		213.213
6.58115		212.822
6.58315		221.362
6.58515		229.756
6.58715		231.748
6.58915		232.543
6.59115		233.887
6.59315		242.723
6.59515		264.468
6.59715		278.915
6.59915		283.405
6.60115		284.515
6.60315		280.032
6.60515		272.072
6.60715		261.249
6.60915		256.615
6.61115		265.985
6.61315		280.732
6.61515		295.762
6.61715		303.452
6.61915		299.386
6.62115		286.421
6.62315		272.207
6.62515		254.314
6.62715		241.822
6.62915		245.752
6.63115		267.271
6.63315		297.396
6.63515		313.02
6.63715		307.6
6.63915		293.196
6.64115		282.041
6.64315		279.726
6.64515		282.997
6.64715		293.495
6.64915		306.097
6.65115		309.764
6.65315		300.973
6.65515		289.023
6.65715		275.2
6.65915		257.431
6.66115		242.517
6.66315		238.507
6.66515		244.662
6.66715		252.452
6.66915		259.756
6.67115		263.958
6.67315		273.056
6.67515		280.781
6.67715		272.894
6.67915		261.122
6.68115		260.197
6.68315		273.721
6.68515		287.782
6.68715		291.413
6.68915		288.222
6.69115		279.677
6.69315		274.655
6.69515		277.168
6.69715		289.804
6.69915		303.206
6.70115		302.162
6.70315		293.678
6.70515		283.51
6.70715		278.712
6.70915		281.838
6.71115		275.897
6.71315		258.622
6.71515		250.74
6.71715		250.005
6.71915		249.123
6.72115		244.74
6.72315		244.43
6.72515		261.436
6.72715		283.804
6.72915		294.795
6.73115		295.144
6.73315		291.317
6.73515		283.329
6.73715		276.407
6.73915		278.409
6.74115		279.522
6.74315		268.134
6.74515		251.736
6.74715		241.245
6.74915		241.11
6.75115		242.383
6.75315		241.666
6.75515		243.749
6.75715		247.493
6.75915		248.167
6.76115		245.117
6.76315		242.186
6.76515		248.497
6.76715		256.122
6.76915		257.03
6.77115		248.551
6.77315		234.201
6.77515		227.38
6.77715		234.853
6.77915		244.398
6.78115		244.132
6.78315		233.738
6.78515		217.245
6.78715		207.964
6.78915		208.216
6.79115		211.917
6.79315		222.792
6.79515		239.179
6.79715		243.156
6.79915		241.843
6.80115		250.342
6.80315		252.853
6.80515		240.795
6.80715		227.497
6.80915		217.143
6.81115		206.695
6.81315		210.705
6.81515		232.386
6.81715		251.982
6.81915		248.015
6.82115		242.689
6.82315		248.741
6.82515		258.082
6.82715		267.389
6.82915		270.492
6.83115		270.026
6.83315		266.078
6.83515		254.999
6.83715		240.957
6.83915		236.383
6.84115		248.345
6.84315		264.678
6.84515		277.919
6.84715		286.622
6.84915		290.61
6.85115		297.834
6.85315		317.817
6.85515		337.876
6.85715		339.816
6.85915		315.894
6.86115		287.661
6.86315		268.357
6.86515		255.967
6.86715		251.038
6.86915		260.587
6.87115		274.481
6.87315		280.057
6.87515		277.958
6.87715		283.563
6.87915		288.795
6.88115		289.354
6.88315		285.915
6.88515		275.997
6.88715		262.317
6.88915		252.412
6.89115		242.576
6.89315		230.223
6.89515		225.963
6.89715		231.765
6.89915		240.624
6.90115		252.999
6.90315		261.943
6.90515		260.516
6.90715		260.612
6.90915		258.347
6.91115		244.367
6.91315		231.646
6.91515		233.266
6.91715		242.276
6.91915		249.501
6.92115		246.135
6.92315		237.432
6.92515		230.174
6.92715		227.776
6.92915		237.14
6.93115		260.996
6.93315		282.773
6.93515		282.205
6.93715		262.936
6.93915		255.441
6.94115		254.61
6.94315		255.05
6.94515		264.398
6.94715		272.506
6.94915		268.792
6.95115		272.047
6.95315		284
6.95515		287.301
6.95715		290.106
6.95915		292.397
6.96115		286.113
6.96315		279.252
6.96515		274.704
6.96715		260.169
6.96915		246.564
6.97115		241.894
6.97315		241.508
6.97515		250.835
6.97715		267.473
6.97915		271.119
6.98115		260.363
6.98315		252.985
6.98515		255.932
6.98715		265.975
6.98915		267.847
6.99115		256.012
6.99315		244.942
6.99515		248.874
6.99715		255.972
6.99915		254.495
7.00115		245.697
7.00315		236.435
7.00515		235.763
7.00715		239.322
7.00915		239.099
7.01115		240.636
7.01315		245.002
7.01515		258.772
7.01715		280.805
7.01915		292.058
7.02115		282.872
7.02315		264.941
7.02515		256.234
7.02715		254.598
7.02915		254.975
7.03115		265.068
7.03315		278.891
7.03515		277.998
7.03715		267.454
7.03915		258.058
7.04115		252.41
7.04315		251.11
7.04515		247.136
7.04715		250.599
7.04915		264.633
7.05115		280.289
7.05315		291.9
7.05515		296.215
7.05715		288.241
7.05915		283.803
7.06115		282.132
7.06315		280.452
7.06515		287.022
7.06715		294.406
7.06915		305.184
7.07115		325.477
7.07315		337.479
7.07515		324.294
7.07715		299.916
7.07915		289.429
7.08115		291.867
7.08315		282.19
7.08515		269.26
7.08715		263.35
7.08915		259.323
7.09115		253.314
7.09315		247.099
7.09515		252.631
7.09715		255.804
7.09915		249.145
7.10115		239.874
7.10315		233.776
7.10515		226.973
7.10715		232.19
7.10915		252.594
7.11115		268.955
7.11315		273.106
7.11515		271.309
7.11715		270.879
7.11915		276.995
7.12115		279.205
7.12315		264.507
7.12515		258.515
7.12715		261.337
7.12915		258.432
7.13115		263.193
7.13315		269.504
7.13515		263.459
7.13715		249.056
7.13915		240.066
7.14115		242.812
7.14315		252.877
7.14515		262.833
7.14715		268.279
7.14915		260.848
7.15115		240.63
7.15315		222.986
7.15515		222.459
7.15715		227.248
7.15915		228.903
7.16115		240.899
7.16315		266.312
7.16515		280.048
7.16715		275.357
7.16915		274.473
7.17115		278.738
7.17315		280.259
7.17515		277.309
7.17715		270.21
7.17915		250.632
7.18115		236.402
7.18315		233.822
7.18515		238.757
7.18715		241.979
7.18915		245.398
7.19115		248.418
7.19315		240.502
7.19515		222.799
7.19715		206.672
7.19915		200.661
7.20115		206.136
7.20315		214.854
7.20515		226.051
7.20715		230.704
7.20915		232.881
7.21115		234.772
7.21315		232.212
7.21515		236.347
7.21715		252.76
7.21915		269.822
7.22115		276.387
7.22315		275.849
7.22515		276.334
7.22715		277.406
7.22915		270.024
7.23115		257.199
7.23315		258.093
7.23515		258.121
7.23715		246.756
7.23915		244.027
7.24115		254.865
7.24315		274.211
7.24515		286.708
7.24715		277.404
7.24915		262.179
7.25115		252.908
7.25315		247.627
7.25515		246.648
7.25715		252.426
7.25915		264.091
7.26115		267.899
7.26315		258.389
7.26515		242.721
7.26715		235.784
7.26915		242.918
7.27115		253.191
7.27315		255.414
7.27515		248.873
7.27715		238.52
7.27915		234.919
7.28115		244.775
7.28315		251.299
7.28515		254.779
7.28715		263.607
7.28915		271.383
7.29115		265.311
7.29315		244.295
7.29515		222.163
7.29715		206.499
7.29915		199.548
7.30115		205.362
7.30315		209.886
7.30515		209.98
7.30715		214.038
7.30915		223.909
7.31115		236.802
7.31315		250.873
7.31515		260.666
7.31715		270.333
7.31915		274.559
7.32115		265.633
7.32315		257.539
7.32515		254.634
7.32715		252.279
7.32915		251.401
7.33115		249.717
7.33315		249.675
7.33515		242.899
7.33715		229.632
7.33915		218.387
7.34115		211.735
7.34315		213.423
7.34515		216.056
7.34715		207.803
7.34915		202.024
7.35115		210.442
7.35315		229.61
7.35515		246.752
7.35715		253.746
7.35915		245.706
7.36115		231.041
7.36315		226.754
7.36515		229.634
7.36715		234.116
7.36915		235.069
7.37115		237.853
7.37315		247.448
7.37515		251.138
7.37715		252.879
7.37915		254.931
7.38115		247.073
7.38315		241.412
7.38515		240.243
7.38715		241.867
7.38915		243.354
7.39115		238.872
7.39315		232.233
7.39515		224.115
7.39715		220.58
7.39915		226.242
7.40115		235.868
7.40315		237.031
7.40515		208.874
7.40715		174.704
7.40915		159.711
7.41115		161.837
7.41315		167.678
7.41515		180.497
7.41715		203.204
7.41915		223.663
7.42115		233.836
7.42315		235.501
7.42515		239.393
7.42715		249.347
7.42915		254.865
7.43115		244.857
7.43315		219.665
7.43515		195.949
7.43715		190.496
7.43915		205.519
7.44115		225.508
7.44315		242.639
7.44515		249.706
7.44715		237.965
7.44915		214.271
7.45115		201.763
7.45315		201.088
7.45515		198.842
7.45715		197.996
7.45915		211.558
7.46115		230.077
7.46315		238.148
7.46515		228.42
7.46715		226.409
7.46915		233.421
7.47115		231.037
7.47315		213.483
7.47515		193.006
7.47715		180.359
7.47915		178.778
7.48115		181.074
7.48315		188.441
7.48515		198.41
7.48715		205.134
7.48915		202.524
7.49115		197.75
7.49315		198.657
7.49515		205.686
7.49715		216.845
7.49915		228.305
7.50115		239.977
7.50315		248.704
7.50515		250.246
7.50715		256.452
7.50915		269.307
7.51115		275.01
7.51315		268.288
7.51515		257.656
7.51715		251.031
7.51915		248.935
7.52115		241.83
7.52315		227.06
7.52515		211.806
7.52715		206.727
7.52915		209.264
7.53115		207.34
7.53315		197.302
7.53515		189.059
7.53715		188.059
7.53915		190.484
7.54115		192.565
7.54315		195.659
7.54515		199.298
7.54715		193.862
7.54915		186.504
7.55115		185.154
7.55315		186.95
7.55515		182.246
7.55715		168.421
7.55915		160.729
7.56115		169.468
7.56315		191.873
7.56515		200.659
7.56715		193.992
7.56915		194.461
7.57115		210.866
7.57315		231.266
7.57515		239.398
7.57715		235.734
7.57915		228.859
7.58115		223.131
7.58315		218.536
7.58515		205.719
7.58715		193.362
7.58915		196.677
7.59115		208.443
7.59315		210.937
7.59515		202.423
7.59715		197.875
7.59915		200.394
7.60115		205.819
7.60315		212.931
7.60515		214.94
7.60715		219.068
7.60915		225.223
7.61115		220.333
7.61315		214.627
7.61515		204.535
7.61715		194.986
7.61915		189.029
7.62115		183.366
7.62315		182.647
7.62515		182.551
7.62715		179.27
7.62915		188.112
7.63115		196.391
7.63315		189.049
7.63515		175.662
7.63715		162.615
7.63915		151.161
7.64115		141.846
7.64315		140.575
7.64515		144.371
7.64715		151.163
7.64915		159.578
7.65115		170.762
7.65315		184.2
7.65515		189.33
7.65715		179.606
7.65915		169.523
7.66115		161.844
7.66315		154.09
7.66515		151.911
7.66715		159.131
7.66915		173.756
7.67115		192.833
7.67315		212.801
7.67515		231.502
7.67715		239.508
7.67915		221.06
7.68115		201.655
7.68315		199.609
7.68515		206.424
7.68715		210.747
7.68915		211.162
7.69115		216.129
7.69315		224.568
7.69515		228.263
7.69715		217.111
7.69915		199.518
7.70115		192.435
7.70315		200.111
7.70515		214.765
7.70715		220.709
7.70915		212.513
7.71115		202.548
7.71315		195.377
7.71515		193.187
7.71715		199.687
7.71915		205.616
7.72115		202.236
7.72315		193.445
7.72515		179.784
7.72715		157.503
7.72915		142.41
7.73115		145.449
7.73315		155.765
7.73515		166.756
7.73715		167.077
7.73915		159.387
7.74115		163.387
7.74315		171.653
7.74515		173.66
7.74715		173.119
7.74915		170.584
7.75115		166.439
7.75315		164.954
7.75515		161.953
7.75715		168.364
7.75915		177.861
7.76115		178.815
7.76315		173.718
7.76515		167.569
7.76715		153.663
7.76915		142.609
7.77115		139.982
7.77315		140.737
7.77515		141.859
7.77715		145.28
7.77915		157.606
7.78115		168.748
7.78315		168.031
7.78515		159.773
7.78715		155.984
7.78915		162.543
7.79115		173.119
7.79315		174.938
7.79515		175.194
7.79715		164.185
7.79915		150.338
7.80115		150.837
7.80315		164.55
7.80515		176.617
7.80715		176.185
7.80915		168.991
7.81115		163.733
7.81315		153.708
7.81515		148.233
7.81715		153.798
7.81915		165.141
7.82115		183.269
7.82315		206.155
7.82515		207.699
7.82715		191.175
7.82915		173.102
7.83115		159.385
7.83315		156.661
7.83515		157.787
7.83715		158.73
7.83915		162.014
7.84115		167.866
7.84315		180.138
7.84515		194.126
7.84715		202.16
7.84915		188.727
7.85115		165.349
7.85315		158.313
7.85515		167.686
7.85715		176.31
7.85915		178.708
7.86115		188.825
7.86315		191.857
7.86515		176.416
7.86715		153.617
7.86915		140.15
7.87115		141.143
7.87315		146.056
7.87515		149.848
7.87715		153.163
7.87915		154.43
7.88115		150.131
7.88315		141.305
7.88515		136.797
7.88715		141.438
7.88915		156.738
7.89115		178.103
7.89315		193.042
7.89515		195.103
7.89715		182.332
7.89915		157.756
7.90115		133.097
7.90315		122.892
7.90515		125.362
7.90715		134.233
7.90915		142.22
7.91115		148.153
7.91315		152.1
7.91515		152.826
7.91715		147.877
7.91915		149.465
7.92115		166.129
7.92315		177.032
7.92515		171.81
7.92715		165.991
7.92915		168.834
7.93115		169.392
7.93315		170.911
7.93515		174.556
7.93715		175.738
7.93915		172.843
7.94115		167.464
7.94315		162.989
7.94515		163.829
7.94715		173.601
7.94915		180.478
7.95115		172.034
7.95315		149.332
7.95515		133.283
7.95715		131.328
7.95915		133.23
7.96115		139.937
7.96315		147.621
7.96515		148.056
7.96715		134.49
7.96915		121.359
7.97115		113.533
7.97315		110.863
7.97515		109.012
7.97715		107.662
7.97915		115.7
7.98115		132.705
7.98315		147.91
7.98515		148.282
7.98715		141.343
7.98915		142.262
7.99115		154.213
7.99315		161.096
7.99515		154.273
7.99715		140.937
7.99915		127.919
8.00115		121.865
8.00315		128.352
8.00515		142.257
8.00715		151.812
8.00915		142.714
8.01115		135.59
8.01315		142.728
8.01515		153.074
8.01715		154.316
8.01915		154.396
8.02115		161.212
8.02315		169.031
8.02515		174.342
8.02715		172.177
8.02915		165.797
8.03115		160.469
8.03315		159.736
8.03515		154.452
8.03715		142.057
8.03915		127.575
8.04115		119.015
8.04315		124.422
8.04515		136.357
8.04715		140.076
8.04915		135.052
8.05115		129.405
8.05315		121.119
8.05515		119.575
8.05715		128.823
8.05915		133.517
8.06115		132.389
8.06315		135.686
8.06515		131.46
8.06715		119.782
8.06915		109.814
8.07115		106.899
8.07315		108.19
8.07515		111.201
8.07715		122.403
8.07915		138.914
8.08115		144.149
8.08315		137.162
8.08515		126.891
8.08715		117.165
8.08915		107.1
8.09115		100.288
8.09315		99.2975
8.09515		101.706
8.09715		103.202
8.09915		105.881
8.10115		108.184
8.10315		103.709
8.10515		102.326
8.10715		110.929
8.10915		119.153
8.11115		120.954
8.11315		121.511
8.11515		126.335
8.11715		130.957
8.11915		134.268
8.12115		140.812
8.12315		146.463
8.12515		154.49
8.12715		159.124
8.12915		159.345
8.13115		164.183
8.13315		168.083
8.13515		161.173
8.13715		148.025
8.13915		134.61
8.14115		120.275
8.14315		116.592
8.14515		122.098
8.14715		123.046
8.14915		115.907
8.15115		111.143
8.15315		109.616
8.15515		105.869
8.15715		101.328
8.15915		97.8158
8.16115		95.2186
8.16315		95.8842
8.16515		103.13
8.16715		107.723
8.16915		102.653
8.17115		105.216
8.17315		118.223
8.17515		122.983
8.17715		116.772
8.17915		116.709
8.18115		128.835
8.18315		139.173
8.18515		138.323
8.18715		135.925
8.18915		133.53
8.19115		136.249
8.19315		139.795
8.19515		140.179
8.19715		143.883
8.19915		145.674
8.20115		143.555
8.20315		135.717
8.20515		127.485
8.20715		125.577
8.20915		124.653
8.21115		118.933
8.21315		115.014
8.21515		116.267
8.21715		127.454
8.21915		137.783
8.22115		137.981
8.22315		128.829
8.22515		121.845
8.22715		123.57
8.22915		130.165
8.23115		137.306
8.23315		140.106
8.23515		138.661
8.23715		128.043
8.23915		114.935
8.24115		104.075
8.24315		98.6531
8.24515		100.77
8.24715		103.735
8.24915		104.208
8.25115		100.678
8.25315		96.3002
8.25515		93.1846
8.25715		99.8345
8.25915		113.108
8.26115		118.115
8.26315		109.791
8.26515		105.662
8.26715		107.533
8.26915		107.541
8.27115		114.588
8.27315		124.322
8.27515		127.191
8.27715		120.223
8.27915		108.66
8.28115		95.0972
8.28315		83.7602
8.28515		79.3289
8.28715		78.491
8.28915		79.9646
8.29115		86.7724
8.29315		99.1024
8.29515		113.786
8.29715		126.995
8.29915		127.463
8.30115		118.393
8.30315		113.02
8.30515		118.984
8.30715		133.044
8.30915		138.431
8.31115		132.974
8.31315		125.692
8.31515		116.275
8.31715		108.591
8.31915		109.472
8.32115		117.853
8.32315		122.868
8.32515		127.539
8.32715		132.26
8.32915		122.608
8.33115		107.969
8.33315		105.734
8.33515		109.988
8.33715		106.791
8.33915		97.4595
8.34115		92.9745
8.34315		96.2396
8.34515		102.877
8.34715		100.1
8.34915		95.3419
8.35115		99.1953
8.35315		101.876
8.35515		103.347
8.35715		111.784
8.35915		122.285
8.36115		123.112
8.36315		119.657
8.36515		118.391
8.36715		123.957
8.36915		124.516
8.37115		111.139
8.37315		91.2278
8.37515		78.2306
8.37715		74.2742
8.37915		75.9927
8.38115		85.1594
8.38315		91.055
8.38515		90.6643
8.38715		91.5482
8.38915		92.8405
8.39115		95.2881
8.39315		95.8981
8.39515		96.1845
8.39715		89.7016
8.39915		74.7303
8.40115		63.846
8.40315		63.6388
8.40515		72.6301
8.40715		83.2665
8.40915		89.6186
8.41115		93.1124
8.41315		100.869
8.41515		112.228
8.41715		121.162
8.41915		128.45
8.42115		127.508
8.42315		119.412
8.42515		115.671
8.42715		114.389
8.42915		110.015
8.43115		105.358
8.43315		101.33
8.43515		97.6823
8.43715		96.0781
8.43915		92.9723
8.44115		91.6254
8.44315		100.655
8.44515		115.336
8.44715		120.726
8.44915		115.877
8.45115		102.764
8.45315		87.309
8.45515		82.172
8.45715		84.9701
8.45915		80.4227
8.46115		75.1038
8.46315		76.7406
8.46515		74.2221
8.46715		66.5303
8.46915		64.6731
8.47115		71.8808
8.47315		78.1717
8.47515		72.6598
8.47715		61.5477
8.47915		56.7953
8.48115		62.1179
8.48315		75.3537
8.48515		88.6232
8.48715		102.887
8.48915		110.43
8.49115		103.752
8.49315		98.6768
8.49515		97.9491
8.49715		97.8347
8.49915		93.5385
8.50115		79.6803
8.50315		63.1173
8.50515		54.5925
8.50715		52.4393
8.50915		50.2664
8.51115		50.6913
8.51315		58.297
8.51515		71.8092
8.51715		85.3718
8.51915		100.081
8.52115		115.174
8.52315		122.865
8.52515		116.852
8.52715		109.56
8.52915		106.378
8.53115		103.943
8.53315		96.8187
8.53515		85.2083
8.53715		76.5246
8.53915		75.8961
8.54115		78.2086
8.54315		76.505
8.54515		76.2615
8.54715		82.6998
8.54915		89.3535
8.55115		88.8768
8.55315		81.8292
8.55515		78.2851
8.55715		76.4036
8.55915		65.924
8.56115		56.5156
8.56315		56.2207
8.56515		60.6618
8.56715		59.796
8.56915		60.0456
8.57115		69.1867
8.57315		77.0146
8.57515		68.7949
8.57715		56.2559
8.57915		52.1431
8.58115		56.849
8.58315		64.0604
8.58515		68.3327
8.58715		71.0948
8.58915		70.4566
8.59115		68.7215
8.59315		64.644
8.59515		61.8269
8.59715		64.7581
8.59915		67.7037
8.60115		70.2585
8.60315		74.2115
8.60515		73.4422
8.60715		71.735
8.60915		76.207
8.61115		85.3144
8.61315		93.8541
8.61515		104.694
8.61715		114.474
8.61915		117.066
8.62115		110.973
8.62315		98.1176
8.62515		88.4381
8.62715		80.3372
8.62915		69.8917
8.63115		61.8618
8.63315		59.0964
8.63515		58.1762
8.63715		59.4677
8.63915		60.3243
8.64115		60.0487
8.64315		63.4059
8.64515		72.4338
8.64715		83.4195
8.64915		89.9711
8.65115		92.5855
8.65315		98.3859
8.65515		98.8626
8.65715		89.1971
8.65915		81.3341
8.66115		74.2625
8.66315		69.3733
8.66515		68.9535
8.66715		64.6955
8.66915		59.5745
8.67115		55.531
8.67315		53.6456
8.67515		52.3007
8.67715		56.0903
8.67915		66.2508
8.68115		72.4592
8.68315		71.4898
8.68515		74.3699
8.68715		83.8734
8.68915		94.5494
8.69115		105.834
8.69315		110.267
8.69515		111.879
8.69715		109.67
8.69915		98.6511
8.70115		82.2723
8.70315		68.9829
8.70515		65.2265
8.70715		67.123
8.70915		74.0897
8.71115		91.2202
8.71315		108.045
8.71515		108.766
8.71715		102.547
8.71915		99.5544
8.72115		100.565
8.72315		96.4425
8.72515		85.04
8.72715		72.2294
8.72915		68.9861
8.73115		77.4824
8.73315		86.4965
8.73515		82.845
8.73715		76.8721
8.73915		78.9535
8.74115		81.9877
8.74315		76.4614
8.74515		66.2066
8.74715		62.5096
8.74915		67.9756
8.75115		75.6118
8.75315		81.2462
8.75515		90.5049
8.75715		107.044
8.75915		122.82
8.76115		127.29
8.76315		123.767
8.76515		111.906
8.76715		106.158
8.76915		112.475
8.77115		116.879
8.77315		119.536
8.77515		122.345
8.77715		116.179
8.77915		108.779
8.78115		95.6465
8.78315		80.626
8.78515		75.5095
8.78715		82.0661
8.78915		89.4532
8.79115		89.6297
8.79315		89.5174
8.79515		93.0787
8.79715		94.2658
8.79915		90.7775
8.80115		88.794
8.80315		91.6319
8.80515		93.2591
8.80715		89.8843
8.80915		92.0164
8.81115		100.294
8.81315		104.874
8.81515		107.134
8.81715		104.294
8.81915		97.7954
8.82115		91.7919
8.82315		86.8037
8.82515		86.7279
8.82715		91.9789
8.82915		103.676
8.83115		115.777
8.83315		116.945
8.83515		115.472
8.83715		119.26
8.83915		125.26
8.84115		122.819
8.84315		113.25
8.84515		113.562
8.84715		123.967
8.84915		135.292
8.85115		138.734
8.85315		130.346
8.85515		112.241
8.85715		93.5596
8.85915		79.6286
8.86115		75.1356
8.86315		79.6357
8.86515		86.7362
8.86715		91.4766
8.86915		88.094
8.87115		81.3427
8.87315		78.9912
8.87515		82.427
8.87715		89.3413
8.87915		94.5307
8.88115		98.809
8.88315		106.884
8.88515		117.201
8.88715		118.692
8.88915		108.811
8.89115		103.664
8.89315		104.851
8.89515		106.917
8.89715		111.07
8.89915		118.479
8.90115		124.976
8.90315		123.054
8.90515		114.38
8.90715		105.438
8.90915		101.16
8.91115		100.903
8.91315		102.889
8.91515		104.918
8.91715		98.6962
8.91915		95.4957
8.92115		101
8.92315		104.707
8.92515		99.9402
8.92715		88.1112
8.92915		81.7541
8.93115		85.0788
8.93315		91.6695
8.93515		97.7993
8.93715		101.028
8.93915		99.9711
8.94115		93.622
8.94315		91.4469
8.94515		94.9404
8.94715		99.1038
8.94915		98.3914
8.95115		95.8818
8.95315		97.0227
8.95515		95.1833
8.95715		86.543
8.95915		75.3904
8.96115		67.7885
8.96315		69.5977
8.96515		75.8186
8.96715		79.6804
8.96915		83.3814
8.97115		85.8477
8.97315		85.2324
8.97515		86.6057
8.97715		90.5764
8.97915		90.8635
8.98115		90.5374
8.98315		94.5702
8.98515		103.04
8.98715		111.291
8.98915		111.497
8.99115		105.62
8.99315		107.696
8.99515		113.081
8.99715		113.293
8.99915		108.831
9.00115		100.24
9.00315		90.4029
9.00515		84.7026
9.00715		82.5164
9.00915		77.7964
9.01115		74.3108
9.01315		76.2342
9.01515		83.6139
9.01715		88.3328
9.01915		91.1168
9.02115		96.5164
9.02315		102.181
9.02515		97.9332
9.02715		94.8166
9.02915		99.1019
9.03115		97.3351
9.03315		93.496
9.03515		97.8944
9.03715		103.459
9.03915		99.0871
9.04115		84.7869
9.04315		70.3776
9.04515		59.5706
9.04715		55.2863
9.04915		59.0959
9.05115		63.3845
9.05315		61.3262
9.05515		58.2842
9.05715		56.7919
9.05915		62.5356
9.06115		76.9428
9.06315		98.0721
9.06515		122.657
9.06715		131.083
9.06915		114.944
9.07115		93.4057
9.07315		82.1019
9.07515		81.7242
9.07715		79.4339
9.07915		72.6993
9.08115		72.9523
9.08315		82.3688
9.08515		89.963
9.08715		86.9704
9.08915		76.3693
9.09115		73.7822
9.09315		82.0703
9.09515		91.5298
9.09715		91.3193
9.09915		85.3168
9.10115		81.8686
9.10315		78.0495
9.10515		69.3373
9.10715		65.0249
9.10915		71.861
9.11115		85.0078
9.11315		95.4369
9.11515		102.033
9.11715		105.304
9.11915		105.078
9.12115		96.1363
9.12315		86.3476
9.12515		78.3706
9.12715		69.6855
9.12915		58.719
9.13115		50.174
9.13315		49.0624
9.13515		52.4594
9.13715		53.6305
9.13915		52.4815
9.14115		53.0822
9.14315		52.9263
9.14515		49.7567
9.14715		43.7055
9.14915		36.2942
9.15115		32.261
9.15315		33.1482
9.15515		39.3704
9.15715		50.0819
9.15915		57.9828
9.16115		61.3188
9.16315		64.5342
9.16515		62.8645
9.16715		57.158
9.16915		55.4862
9.17115		54.9334
9.17315		50.4374
9.17515		47.9388
9.17715		51.6114
9.17915		57.4028
9.18115		63.6336
9.18315		68.5331
9.18515		74.4709
9.18715		81.4753
9.18915		76.1682
9.19115		64.659
9.19315		59.639
9.19515		58.8346
9.19715		61.21
9.19915		65.9154
9.20115		71.2417
9.20315		72.6855
9.20515		65.2989
9.20715		54.8652
9.20915		50.6102
9.21115		53.9252
9.21315		60.0526
9.21515		67.6442
9.21715		73.5303
9.21915		75.0445
9.22115		74.5373
9.22315		75.0118
9.22515		86.0539
9.22715		110.391
9.22915		135.977
9.23115		144.888
9.23315		138.979
9.23515		139.243
9.23715		146.56
9.23915		144.456
9.24115		131.63
9.24315		123.308
9.24515		120.873
9.24715		118.139
9.24915		103.205
9.25115		81.0526
9.25315		66.8175
9.25515		64.8985
9.25715		69.9687
9.25915		70.4821
9.26115		65.5385
9.26315		60.5769
9.26515		57.1206
9.26715		59.68
9.26915		69.1151
9.27115		83.9165
9.27315		98.9259
9.27515		91.8629
9.27715		69.3789
9.27915		53.275
9.28115		47.733
9.28315		48.1287
9.28515		47.5726
9.28715		44.2611
9.28915		40.3725
9.29115		41.4401
9.29315		47.0564
9.29515		49.4515
9.29715		46.694
9.29915		46.9041
9.30115		50.5784
9.30315		53.2551
9.30515		54.9463
9.30715		58.0585
9.30915		62.0612
9.31115		64.0521
9.31315		62.6318
9.31515		66.6721
9.31715		73.4059
9.31915		73.9729
9.32115		72.7395
9.32315		71.3626
9.32515		69.7438
9.32715		69.4224
9.32915		67.5153
9.33115		69.2199
9.33315		71.1085
9.33515		71.2654
9.33715		74.3703
9.33915		79.7613
9.34115		76.9794
9.34315		65.7736
9.34515		57.6119
9.34715		58.4288
9.34915		64.3097
9.35115		72.3501
9.35315		79.4664
9.35515		85.1542
9.35715		83.6393
9.35915		73.0264
9.36115		60.5535
9.36315		50.2319
9.36515		47.1802
9.36715		53.351
9.36915		66.9431
9.37115		74.7596
9.37315		67.6659
9.37515		60.1938
9.37715		57.7741
9.37915		53.5799
9.38115		49.4562
9.38315		51.0833
9.38515		52.6203
9.38715		48.3052
9.38915		45.5905
9.39115		44.2699
9.39315		43.358
9.39515		43.3253
9.39715		42.9653
9.39915		45.1366
9.40115		47.6249
9.40315		53.0933
9.40515		58.7634
9.40715		59.2323
9.40915		59.1881
9.41115		55.5193
9.41315		52.7741
9.41515		55.3686
9.41715		60.1441
9.41915		65.4211
9.42115		67.1118
9.42315		72.3507
9.42515		77.3873
9.42715		69.9962
9.42915		58.8706
9.43115		54.7982
9.43315		54.1019
9.43515		57.0704
9.43715		60.692
9.43915		60.8329
9.44115		61.5116
9.44315		60.3509
9.44515		54.647
9.44715		48.3066
9.44915		46.2292
9.45115		44.7804
9.45315		44.6405
9.45515		45.792
9.45715		47.1851
9.45915		54.9923
9.46115		70.6955
9.46315		88.1431
9.46515		97.5629
9.46715		93.3974
9.46915		81.5795
9.47115		70.1566
9.47315		64.3812
9.47515		62.6771
9.47715		60.7462
9.47915		54.0091
9.48115		47.9791
9.48315		43.9649
9.48515		40.153
9.48715		41.534
9.48915		50.6386
9.49115		63.1429
9.49315		65.7803
9.49515		64.1328
9.49715		64.2071
9.49915		54.1149
9.50115		40.1259
9.50315		31.9349
9.50515		29.7041
9.50715		31.3389
9.50915		31.6828
9.51115		29.3655
9.51315		29.8342
9.51515		34.8635
9.51715		41.1651
9.51915		44.2058
9.52115		44.3143
9.52315		44.0575
9.52515		43.6997
9.52715		47.9223
9.52915		55.8873
9.53115		56.1785
9.53315		48.481
9.53515		45.3133
9.53715		49.6835
9.53915		53.7311
9.54115		47.9526
9.54315		36.3489
9.54515		28.3783
9.54715		24.8719
9.54915		24.6178
9.55115		27.336
9.55315		33.8641
9.55515		45.3446
9.55715		58.702
9.55915		66.8122
9.56115		69.3001
9.56315		70.2045
9.56515		78.0731
9.56715		93.7533
9.56915		103.976
9.57115		100.001
9.57315		91.3862
9.57515		89.8963
9.57715		98.7807
9.57915		99.6914
9.58115		85.8113
9.58315		77.4826
9.58515		77.9131
9.58715		76.2688
9.58915		71.1094
9.59115		66.7589
9.59315		67.0873
9.59515		68.3264
9.59715		67.0464
9.59915		63.0369
9.60115		56.2656
9.60315		55.4089
9.60515		58.5074
9.60715		60.6299
9.60915		55.9542
9.61115		44.7821
9.61315		34.3776
9.61515		29.087
9.61715		28.7295
9.61915		33.1295
9.62115		40.9131
9.62315		45.1016
9.62515		43.0368
9.62715		39.3193
9.62915		34.2414
9.63115		32.215
9.63315		35.9347
9.63515		43.3525
9.63715		45.8367
9.63915		43.4043
9.64115		46.3795
9.64315		55.8752
9.64515		58.4697
9.64715		50.1853
9.64915		46.3347
9.65115		50.9407
9.65315		56.3582
9.65515		57.526
9.65715		60.9377
9.65915		62.3578
9.66115		61.7821
9.66315		56.4358
9.66515		44.2582
9.66715		31.5398
9.66915		23.0526
9.67115		18.3029
9.67315		15.844
9.67515		14.8942
9.67715		15.2417
9.67915		17.1388
9.68115		21.1149
9.68315		26.1062
9.68515		27.6873
9.68715		28.0164
9.68915		31.7818
9.69115		36.293
9.69315		38.8958
9.69515		40.6932
9.69715		41.5072
9.69915		41.9537
9.70115		42.4523
9.70315		43.8206
9.70515		45.7975
9.70715		50.6152
9.70915		56.1401
9.71115		60.8111
9.71315		61.815
9.71515		62.4017
9.71715		64.734
9.71915		65.9668
9.72115		64.3099
9.72315		60.7848
9.72515		51.5395
9.72715		40.4445
9.72915		35.3959
9.73115		37.1328
9.73315		42.9944
9.73515		46.3398
9.73715		45.6634
9.73915		47.2746
9.74115		49.5497
9.74315		45.1539
9.74515		41.514
9.74715		39.9048
9.74915		38.1526
9.75115		40.1621
9.75315		43.6828
9.75515		47.9001
9.75715		53.1804
9.75915		53.1939
9.76115		51.824
9.76315		50.3235
9.76515		47.8808
9.76715		47.4015
9.76915		50.778
9.77115		55.1053
9.77315		57.3688
9.77515		55.2619
9.77715		55.2575
9.77915		53.1103
9.78115		48.3141
9.78315		43.3334
9.78515		40.2389
9.78715		40.6024
9.78915		40.1213
9.79115		38.5269
9.79315		35.3572
9.79515		35.6156
9.79715		42.8883
9.79915		54.8586
9.80115		61.8226
9.80315		58.4971
9.80515		48.6513
9.80715		37.8464
9.80915		28.5134
9.81115		23.7396
9.81315		23.3534
9.81515		25.3986
9.81715		24.5751
9.81915		21.0568
9.82115		19.7832
9.82315		22.0737
9.82515		26.9276
9.82715		29.811
9.82915		29.9869
9.83115		27.4133
9.83315		23.8028
9.83515		23.9461
9.83715		28.3594
9.83915		32.4509
9.84115		30.5765
9.84315		24.1074
9.84515		19.1103
9.84715		17.7641
9.84915		20.0564
9.85115		25.5897
9.85315		29.9588
9.85515		27.678
9.85715		20.5409
9.85915		14.5454
9.86115		11.2079
9.86315		9.73654
9.86515		9.65563
9.86715		11.0568
9.86915		14.2133
9.87115		17.138
9.87315		15.0838
9.87515		10.7504
9.87715		7.74661
9.87915		6.02742
9.88115		5.0307
9.88315		4.42634
9.88515		4.04832
9.88715		3.81198
9.88915		3.67246
9.89115		3.60548
9.89315		3.59837
9.89515		3.64578
9.89715		3.74783
9.89915		3.9096
9.90115		4.14184
9.90315		4.46287
9.90515		4.90258
9.90715		5.50998
9.90915		6.36816
9.91115		7.6247
9.91315		9.55638
9.91515		12.7036
9.91715		18.0686
9.91915		26.6473
9.92115		35.0299
9.92315		34.9581
9.92515		31.7224
9.92715		33.1916
9.92915		37.0295
9.93115		40.5319
9.93315		46.2688
9.93515		49.7589
9.93715		48.6466
9.93915		45.1564
9.94115		42.1006
9.94315		38.9903
9.94515		39.2564
9.94715		41.8709
9.94915		45.5128
9.95115		55.3121
9.95315		68.2565
9.95515		74.4478
9.95715		66.2592
9.95915		49.3615
9.96115		33.382
9.96315		23.1206
9.96515		17.3176
9.96715		14.1051
9.96915		12.4534
9.97115		11.916
9.97315		12.411
9.97515		14.1879
9.97715		17.9736
9.97915		25.2571
9.98115		37.6378
9.98315		50.8243
9.98515		51.8743
9.98715		39.2326
9.98915		26.0404
9.99115		18.0541
9.99315		13.8938
9.99515		12.0582
9.99715		11.954
9.99915		13.7154
10.0012		17.9037
10.0032		23.4275
10.0052		25.7031
10.0072		23.9392
10.0092		18.0793
10.0112		12.159
10.0132		8.42959
10.0152		6.2479
10.0172		4.91238
10.0192		4.04149
10.0212		3.44027
10.0232		3.00517
10.0252		2.67803
10.0272		2.42434
10.0292		2.22259
10.0312		2.0588
10.0332		1.92355
10.0352		1.81028
10.0372		1.7143
10.0392		1.6322
10.0412		1.56139
10.0432		1.49994
10.0452		1.44634
10.0472		1.3994
10.0492		1.35819
10.0512		1.32197
10.0532		1.29013
10.0552		1.26217
10.0572		1.23771
10.0592		1.2164
10.0612		1.19799
10.0632		1.18226
10.0652		1.16902
10.0672		1.15815
10.0692		1.14953
10.0712		1.14308
10.0732		1.13874
10.0752		1.1365
10.0772		1.13633
10.0792		1.13825
10.0812		1.1423
10.0832		1.14853
10.0852		1.15703
10.0872		1.16792
10.0892		1.18132
10.0912		1.19742
10.0932		1.21641
10.0952		1.23856
10.0972		1.26416
10.0992		1.29358
10.1012		1.32725
10.1032		1.3657
10.1052		1.40956
10.1072		1.4596
10.1092		1.51674
10.1112		1.58214
10.1132		1.65722
10.1152		1.74376
10.1172		1.84401
10.1192		1.96084
10.1212		2.09802
10.1232		2.2605
10.1252		2.45493
10.1272		2.69048
10.1292		2.98004
10.1312		3.34229
10.1332		3.80518
10.1352		4.41221
10.1372		5.23417
10.1392		6.39246
10.1412		8.10727
10.1432		10.7973
10.1452		15.2412
10.1472		22.4046
10.1492		31.0534
10.1512		37.6742
10.1532		43.163
10.1552		46.4491
10.1572		47.7302
10.1592		44.9279
10.1612		35.5347
10.1632		28.3976
10.1652		27.1635
10.1672		31.5221
10.1692		39.0438
10.1712		45.3405
10.1732		49.604
10.1752		48.5532
10.1772		40.3902
10.1792		33.9669
10.1812		30.2421
10.1832		24.299
10.1852		19.2079
10.1872		17.085
10.1892		17.7519
10.1912		21.2622
10.1932		26.5227
10.1952		29.2225
10.1972		31.3648
10.1992		36.9804
10.2012		42.671
10.2032		46.3928
10.2052		43.9845
10.2072		40.6688
10.2092		44.192
10.2112		50.6313
10.2132		51.4442
10.2152		44.9348
10.2172		35.2729
10.2192		25.4649
10.2212		19.3242
10.2232		16.9875
10.2252		17.8907
10.2272		21.4527
10.2292		23.9133
10.2312		23.1674
10.2332		22.5352
