1.9477		40.7141
1.9487		32.8705
1.9497		21.0743
1.9507		13.5982
1.9517		9.53703
1.9527		7.35887
1.9537		6.23935
1.9547		5.8006
1.9557		5.90627
1.9567		6.58559
1.9577		8.04944
1.9587		10.8082
1.9597		15.9292
1.9607		25.1077
1.9617		37.2849
1.9627		39.4929
1.9637		28.0392
1.9647		17.4457
1.9657		11.2115
1.9667		7.70182
1.9677		5.6306
1.9687		4.33436
1.9697		3.47976
1.9707		2.89188
1.9717		2.47373
1.9727		2.16867
1.9737		1.94208
1.9747		1.77194
1.9757		1.6438
1.9767		1.54795
1.9777		1.47769
1.9787		1.4284
1.9797		1.39688
1.9807		1.38093
1.9817		1.37917
1.9827		1.3908
1.9837		1.41559
1.9847		1.45377
1.9857		1.50606
1.9867		1.57371
1.9877		1.65859
1.9887		1.76331
1.9897		1.89143
1.9907		2.04782
1.9917		2.23915
1.9927		2.4746
1.9937		2.76715
1.9947		3.1355
1.9957		3.60736
1.9967		4.22533
1.9977		5.05753
1.9987		6.21832
1.9997		7.91036
2.0007		10.5142
2.0017		14.7772
2.0027		22.1161
2.0037		34.1486
2.0047		46.357
2.0057		44.5778
2.0067		35.6584
2.0077		32.4579
2.0087		37.1794
2.0097		49.9457
2.0107		63.7923
2.0117		67.179
2.0127		68.7519
2.0137		64.4397
2.0147		55.2173
2.0157		54.3782
2.0167		54.9408
2.0177		42.6845
2.0187		28.0047
2.0197		18.5333
2.0207		12.9962
2.0217		9.63028
2.0227		7.45715
2.0237		5.9754
2.0247		4.9186
2.0257		4.13701
2.0267		3.54171
2.0277		3.07728
2.0287		2.70771
2.0297		2.40874
2.0307		2.16354
2.0317		1.96013
2.0327		1.78976
2.0337		1.64596
2.0347		1.52383
2.0357		1.41963
2.0367		1.33046
2.0377		1.25405
2.0387		1.18865
2.0397		1.13284
2.0407		1.08554
2.0417		1.04591
2.0427		1.01331
2.0437		0.987284
2.0447		0.96754
2.0457		0.953939
2.0467		0.946497
2.0477		0.945395
2.0487		0.950997
2.0497		0.963879
2.0507		0.984882
2.0517		1.01518
2.0527		1.05638
2.0537		1.11069
2.0547		1.18112
2.0557		1.27183
2.0567		1.38868
2.0577		1.54003
2.0587		1.7381
2.0597		2.00126
2.0607		2.35802
2.0617		2.85427
2.0627		3.56721
2.0637		4.63335
2.0647		6.30748
2.0657		9.09017
2.0667		13.9795
2.0677		22.6511
2.0687		34.9859
2.0697		39.6037
2.0707		29.2028
2.0717		18.0662
2.0727		11.3524
2.0737		7.59203
2.0747		5.39657
2.0757		4.0364
2.0767		3.1464
2.0777		2.53655
2.0787		2.10243
2.0797		1.78357
2.0807		1.54322
2.0817		1.35814
2.0827		1.2131
2.0837		1.09779
2.0847		1.00507
2.0857		0.929869
2.0867		0.868513
2.0877		0.8183
2.0887		0.777215
2.0897		0.74374
2.0907		0.716722
2.0917		0.695286
2.0927		0.678768
2.0937		0.666671
2.0947		0.658635
2.0957		0.654413
2.0967		0.653855
2.0977		0.656903
2.0987		0.66358
2.0997		0.673998
2.1007		0.688354
2.1017		0.706946
2.1027		0.730184
2.1037		0.758612
2.1047		0.792937
2.1057		0.834074
2.1067		0.883203
2.1077		0.941852
2.1087		1.01201
2.1097		1.09631
2.1107		1.19826
2.1117		1.32262
2.1127		1.47598
2.1137		1.66767
2.1147		1.91118
2.1157		2.22669
2.1167		2.64535
2.1177		3.21721
2.1187		4.02637
2.1197		5.22164
2.1207		7.08142
2.1217		10.1534
2.1227		15.522
2.1237		24.904
2.1247		37.4136
2.1257		40.3117
2.1267		29.3881
2.1277		19.2262
2.1287		13.6218
2.1297		11.0785
2.1307		10.5153
2.1317		11.6854
2.1327		15.1022
2.1337		22.1358
2.1347		33.6321
2.1357		41.3779
2.1367		33.2841
2.1377		21.1447
2.1387		13.3164
2.1397		8.89726
2.1407		6.32391
2.1417		4.73205
2.1427		3.68872
2.1437		2.97044
2.1447		2.45544
2.1457		2.07364
2.1467		1.78265
2.1477		1.55571
2.1487		1.37527
2.1497		1.22946
2.1507		1.11
2.1517		1.01098
2.1527		0.928108
2.1537		0.858178
2.1547		0.79878
2.1557		0.748065
2.1567		0.7046
2.1577		0.667263
2.1587		0.635171
2.1597		0.607619
2.1607		0.584049
2.1617		0.564016
2.1627		0.547166
2.1637		0.533224
2.1647		0.521979
2.1657		0.513278
2.1667		0.507017
2.1677		0.503139
2.1687		0.501636
2.1697		0.502543
2.1707		0.505944
2.1717		0.511977
2.1727		0.520839
2.1737		0.532798
2.1747		0.548204
2.1757		0.567511
2.1767		0.591303
2.1777		0.620329
2.1787		0.655552
2.1797		0.698219
2.1807		0.74996
2.1817		0.812924
2.1827		0.88999
2.1837		0.98507
2.1847		1.10358
2.1857		1.25316
2.1867		1.44488
2.1877		1.6952
2.1887		2.02938
2.1897		2.48762
2.1907		3.13668
2.1917		4.09292
2.1927		5.57026
2.1937		7.9837
2.1947		12.1639
2.1957		19.6344
2.1967		31.4454
2.1977		39.9193
2.1987		32.5083
2.1997		20.4597
2.2007		12.6245
2.2017		8.23279
2.2027		5.70652
2.2037		4.16593
2.2047		3.1714
2.2057		2.49719
2.2067		2.02111
2.2077		1.67333
2.2087		1.41196
2.2097		1.21075
2.2107		1.05264
2.2117		0.926188
2.2127		0.823491
2.2137		0.738956
2.2147		0.66854
2.2157		0.609265
2.2167		0.558896
2.2177		0.515733
2.2187		0.478461
2.2197		0.446056
2.2207		0.417705
2.2217		0.392759
2.2227		0.370696
2.2237		0.35109
2.2247		0.333591
2.2257		0.317911
2.2267		0.303809
2.2277		0.291084
2.2287		0.279567
2.2297		0.269113
2.2307		0.2596
2.2317		0.250924
2.2327		0.242993
2.2337		0.23573
2.2347		0.229068
2.2357		0.222947
2.2367		0.217316
2.2377		0.21213
2.2387		0.207349
2.2397		0.202938
2.2407		0.198867
2.2417		0.195108
2.2427		0.191636
2.2437		0.18843
2.2447		0.18547
2.2457		0.182739
2.2467		0.180222
2.2477		0.177905
2.2487		0.175774
2.2497		0.17382
2.2507		0.172032
2.2517		0.1704
2.2527		0.168917
2.2537		0.167576
2.2547		0.166369
2.2557		0.165291
2.2567		0.164337
2.2577		0.163502
2.2587		0.162782
2.2597		0.162173
2.2607		0.161672
2.2617		0.161276
2.2627		0.160983
2.2637		0.16079
2.2647		0.160696
2.2657		0.1607
2.2667		0.1608
2.2677		0.160996
2.2687		0.161288
2.2697		0.161674
2.2707		0.162157
2.2717		0.162735
2.2727		0.16341
2.2737		0.164182
2.2747		0.165054
2.2757		0.166026
2.2767		0.167101
2.2777		0.168282
2.2787		0.16957
2.2797		0.170968
2.2807		0.172482
2.2817		0.174113
2.2827		0.175866
2.2837		0.177747
2.2847		0.17976
2.2857		0.181911
2.2867		0.184206
2.2877		0.186653
2.2887		0.189259
2.2897		0.192033
2.2907		0.194984
2.2917		0.198123
2.2927		0.20146
2.2937		0.205008
2.2947		0.208781
2.2957		0.212794
2.2967		0.217064
2.2977		0.221609
2.2987		0.22645
2.2997		0.23161
2.3007		0.237115
2.3017		0.242993
2.3027		0.249275
2.3037		0.255998
2.3047		0.263202
2.3057		0.270932
2.3067		0.27924
2.3077		0.288183
2.3087		0.297829
2.3097		0.308253
2.3107		0.319543
2.3117		0.3318
2.3127		0.345139
2.3137		0.359698
2.3147		0.375635
2.3157		0.393136
2.3167		0.412425
2.3177		0.433764
2.3187		0.457469
2.3197		0.483923
2.3207		0.513591
2.3217		0.547044
2.3227		0.584989
2.3237		0.628311
2.3247		0.678132
2.3257		0.735885
2.3267		0.803432
2.3277		0.883222
2.3287		0.97853
2.3297		1.09382
2.3307		1.23528
2.3317		1.41173
2.3327		1.63599
2.3337		1.92737
2.3347		2.31578
2.3357		2.84958
2.3367		3.61035
2.3377		4.74302
2.3387		6.51947
2.3397		9.47581
2.3407		14.6768
2.3417		23.8282
2.3427		36.1802
2.3437		39.1959
2.3447		28.0871
2.3457		17.396
2.3467		11.0863
2.3477		7.56334
2.3487		5.5124
2.3497		4.25284
2.3507		3.44381
2.3517		2.90758
2.3527		2.54665
2.3537		2.30509
2.3547		2.14986
2.3557		2.0613
2.3567		2.02822
2.3577		2.04535
2.3587		2.11218
2.3597		2.23277
2.3607		2.41649
2.3617		2.67991
2.3627		3.05048
2.3637		3.57361
2.3647		4.32631
2.3657		5.44465
2.3667		7.18175
2.3677		10.0327
2.3687		14.983
2.3697		23.7064
2.3707		36.2688
2.3717		41.6982
2.3727		32.0173
2.3737		21.4077
2.3747		15.5273
2.3757		13.1665
2.3767		13.3201
2.3777		16.0554
2.3787		22.5008
2.3797		33.6058
2.3807		42.0427
2.3817		34.7799
2.3827		22.435
2.3837		14.294
2.3847		9.70045
2.3857		7.04634
2.3867		5.42563
2.3877		4.38444
2.3887		3.68971
2.3897		3.21566
2.3907		2.89119
2.3917		2.6748
2.3927		2.54223
2.3937		2.48007
2.3947		2.48274
2.3957		2.55122
2.3967		2.69331
2.3977		2.92549
2.3987		3.27699
2.3997		3.79794
2.4007		4.57558
2.4017		5.76743
2.4027		7.67225
2.4037		10.8824
2.4047		16.5642
2.4057		26.431
2.4067		38.6246
2.4077		39.3393
2.4087		27.673
2.4097		17.8554
2.4107		12.3841
2.4117		9.61804
2.4127		8.43188
2.4137		8.36066
2.4147		9.38208
2.4157		11.9039
2.4167		16.9649
2.4177		26.2254
2.4187		38.191
2.4197		39.3959
2.4207		27.5896
2.4217		17.1688
2.4227		11.0665
2.4237		7.60935
2.4247		5.54816
2.4257		4.24183
2.4267		3.36741
2.4277		2.75464
2.4287		2.30866
2.4297		1.97373
2.4307		1.71554
2.4317		1.51211
2.4327		1.34882
2.4337		1.21567
2.4347		1.10563
2.4357		1.01363
2.4367		0.935951
2.4377		0.869812
2.4387		0.813093
2.4397		0.764159
2.4407		0.721736
2.4417		0.684816
2.4427		0.652596
2.4437		0.624432
2.4447		0.599801
2.4457		0.57828
2.4467		0.559523
2.4477		0.543251
2.4487		0.529234
2.4497		0.517289
2.4507		0.507269
2.4517		0.499063
2.4527		0.492586
2.4537		0.487782
2.4547		0.484622
2.4557		0.483098
2.4567		0.483232
2.4577		0.485069
2.4587		0.488683
2.4597		0.494181
2.4607		0.501705
2.4617		0.511439
2.4627		0.523617
2.4637		0.538534
2.4647		0.556561
2.4657		0.578161
2.4667		0.603918
2.4677		0.634568
2.4687		0.67105
2.4697		0.714566
2.4707		0.766677
2.4717		0.82943
2.4727		0.905551
2.4737		0.998727
2.4747		1.11403
2.4757		1.25861
2.4767		1.44271
2.4777		1.68152
2.4787		1.99817
2.4797		2.42919
2.4807		3.03469
2.4817		3.91838
2.4827		5.26884
2.4837		7.44822
2.4847		11.18
2.4857		17.8439
2.4867		28.9276
2.4877		39.4246
2.4887		34.9969
2.4897		22.6516
2.4907		13.9192
2.4917		8.98974
2.4927		6.18287
2.4937		4.49249
2.4947		3.4138
2.4957		2.68995
2.4967		2.18341
2.4977		1.81643
2.4987		1.54278
2.4997		1.33374
2.5007		1.17078
2.5017		1.04155
2.5027		0.937545
2.5037		0.852809
2.5047		0.783043
2.5057		0.725094
2.5067		0.676611
2.5077		0.635814
2.5087		0.601336
2.5097		0.572114
2.5107		0.547317
2.5117		0.526284
2.5127		0.508492
2.5137		0.493519
2.5147		0.481029
2.5157		0.47075
2.5167		0.462465
2.5177		0.456001
2.5187		0.451222
2.5197		0.448024
2.5207		0.446334
2.5217		0.4461
2.5227		0.447296
2.5237		0.449916
2.5247		0.45398
2.5257		0.459525
2.5267		0.466618
2.5277		0.475345
2.5287		0.485827
2.5297		0.498214
2.5307		0.512696
2.5317		0.529511
2.5327		0.548951
2.5337		0.571379
2.5347		0.597243
2.5357		0.627103
2.5367		0.661656
2.5377		0.701786
2.5387		0.748616
2.5397		0.803591
2.5407		0.868593
2.5417		0.946108
2.5427		1.03947
2.5437		1.15324
2.5447		1.29376
2.5457		1.47006
2.5467		1.69536
2.5477		1.98956
2.5487		2.38366
2.5497		2.92787
2.5507		3.7073
2.5517		4.87372
2.5527		6.71312
2.5537		9.79111
2.5547		15.2265
2.5557		24.7334
2.5567		36.981
2.5577		38.6646
2.5587		27.102
2.5597		16.7473
2.5607		10.7082
2.5617		7.32634
2.5627		5.34437
2.5637		4.11705
2.5647		3.32041
2.5657		2.78461
2.5667		2.41583
2.5677		2.15965
2.5687		1.98332
2.5697		1.86663
2.5707		1.79706
2.5717		1.76714
2.5727		1.77297
2.5737		1.81352
2.5747		1.89037
2.5757		2.00795
2.5767		2.17419
2.5777		2.4019
2.5787		2.71121
2.5797		3.13405
2.5807		3.72233
2.5817		4.5638
2.5827		5.81417
2.5837		7.76512
2.5847		10.9904
2.5857		16.6208
2.5867		26.3904
2.5877		39.011
2.5887		41.242
2.5897		30.4467
2.5907		21.2377
2.5917		17.0301
2.5927		16.7445
2.5937		20.2639
2.5947		28.6553
2.5957		39.9948
2.5967		40.5305
2.5977		28.3924
2.5987		17.8719
2.5997		11.7062
2.6007		8.19628
2.6017		6.09467
2.6027		4.76075
2.6037		3.87069
2.6047		3.2531
2.6057		2.81221
2.6067		2.49183
2.6077		2.25763
2.6087		2.08808
2.6097		1.96956
2.6107		1.89368
2.6117		1.85582
2.6127		1.85437
2.6137		1.89054
2.6147		1.96864
2.6157		2.09687
2.6167		2.28896
2.6177		2.5672
2.6187		2.96794
2.6197		3.55205
2.6207		4.42559
2.6217		5.78272
2.6227		7.99791
2.6237		11.8204
2.6247		18.6674
2.6257		29.9417
2.6267		39.982
2.6277		34.7301
2.6287		22.4118
2.6297		13.9064
2.6307		9.11525
2.6317		6.37922
2.6327		4.72569
2.6337		3.66742
2.6347		2.95592
2.6357		2.45777
2.6367		2.09733
2.6377		1.82954
2.6387		1.62637
2.6397		1.46973
2.6407		1.34754
2.6417		1.25156
2.6427		1.176
2.6437		1.11676
2.6447		1.07086
2.6457		1.03617
2.6467		1.01113
2.6477		0.994648
2.6487		0.985986
2.6497		0.984693
2.6507		0.990576
2.6517		1.00368
2.6527		1.02429
2.6537		1.05296
2.6547		1.09051
2.6557		1.13816
2.6567		1.19755
2.6577		1.27095
2.6587		1.36145
2.6597		1.47328
2.6607		1.61234
2.6617		1.78702
2.6627		2.00946
2.6637		2.29777
2.6647		2.67982
2.6657		3.20018
2.6667		3.93322
2.6677		5.00946
2.6687		6.67087
2.6697		9.39015
2.6707		14.111
2.6717		22.4715
2.6727		34.8162
2.6737		40.9078
2.6747		31.4608
2.6757		20.1681
2.6767		13.338
2.6777		9.68158
2.6787		7.77458
2.6797		6.88779
2.6807		6.7102
2.6817		7.17563
2.6827		8.42445
2.6837		10.8834
2.6847		15.4914
2.6857		23.8875
2.6867		36.1296
2.6877		41.2648
2.6887		31.1815
2.6897		19.9717
2.6907		13.2354
2.6917		9.57013
2.6927		7.57898
2.6937		6.54275
2.6947		6.13384
2.6957		6.23693
2.6967		6.886
2.6977		8.28317
2.6987		10.9108
2.6997		15.78
2.7007		24.5698
2.7017		36.8145
2.7027		40.4615
2.7037		29.5748
2.7047		18.6315
2.7057		12.1093
2.7067		8.46076
2.7077		6.33782
2.7087		5.03855
2.7097		4.21229
2.7107		3.67752
2.7117		3.33628
2.7127		3.13457
2.7137		3.04357
2.7147		3.05078
2.7157		3.15648
2.7167		3.37373
2.7177		3.73193
2.7187		4.28575
2.7197		5.13386
2.7207		6.45848
2.7217		8.61074
2.7227		12.2923
2.7237		18.8506
2.7247		29.8446
2.7257		40.8699
2.7267		37.4481
2.7277		25.392
2.7287		16.846
2.7297		12.3598
2.7307		10.3383
2.7317		9.92672
2.7327		10.9556
2.7337		13.8634
2.7347		19.8585
2.7357		30.4037
2.7367		40.9388
2.7377		36.9609
2.7387		24.4534
2.7397		15.4173
2.7407		10.2819
2.7417		7.3478
2.7427		5.57849
2.7437		4.4526
2.7447		3.70523
2.7457		3.19521
2.7467		2.84361
2.7477		2.60479
2.7487		2.45217
2.7497		2.37108
2.7507		2.35521
2.7517		2.40526
2.7527		2.52921
2.7537		2.74425
2.7547		3.08129
2.7557		3.59395
2.7567		4.37662
2.7577		5.60178
2.7587		7.60018
2.7597		11.0321
2.7607		17.1799
2.7617		27.677
2.7627		39.0441
2.7637		36.7576
2.7647		24.447
2.7657		15.0932
2.7667		9.75892
2.7677		6.73182
2.7687		4.91728
2.7697		3.76293
2.7707		2.98911
2.7717		2.4471
2.7727		2.05333
2.7737		1.75841
2.7747		1.5318
2.7757		1.35383
2.7767		1.21145
2.7777		1.09571
2.7787		1.00031
2.7797		0.920729
2.7807		0.85364
2.7817		0.796562
2.7827		0.747614
2.7837		0.705343
2.7847		0.668618
2.7857		0.636547
2.7867		0.608415
2.7877		0.58365
2.7887		0.561785
2.7897		0.54244
2.7907		0.525299
2.7917		0.510102
2.7927		0.496633
2.7937		0.484709
2.7947		0.474179
2.7957		0.464914
2.7967		0.456807
2.7977		0.449766
2.7987		0.443717
2.7997		0.438595
2.8007		0.434349
2.8017		0.430936
2.8027		0.428324
2.8037		0.426485
2.8047		0.425403
2.8057		0.425066
2.8067		0.425471
2.8077		0.426618
2.8087		0.428519
2.8097		0.431188
2.8107		0.434649
2.8117		0.438933
2.8127		0.444079
2.8137		0.450136
2.8147		0.457163
2.8157		0.465229
2.8167		0.474419
2.8177		0.484832
2.8187		0.496586
2.8197		0.50982
2.8207		0.5247
2.8217		0.541421
2.8227		0.560217
2.8237		0.581367
2.8247		0.605208
2.8257		0.632149
2.8267		0.662685
2.8277		0.697428
2.8287		0.737134
2.8297		0.78275
2.8307		0.835475
2.8317		0.89684
2.8327		0.968833
2.8337		1.05407
2.8347		1.15604
2.8357		1.27951
2.8367		1.43109
2.8377		1.62017
2.8387		1.86051
2.8397		2.17274
2.8407		2.58906
2.8417		3.16162
2.8427		3.97893
2.8437		5.19916
2.8447		7.12102
2.8457		10.3362
2.8467		16.0093
2.8477		25.8515
2.8487		38.0022
2.8497		38.6511
2.8507		26.8808
2.8517		16.9067
2.8527		11.204
2.8537		8.09015
2.8547		6.3674
2.8557		5.43743
2.8567		5.02
2.8577		5.00118
2.8587		5.37447
2.8597		6.23756
2.8607		7.8424
2.8617		10.7312
2.8627		16.0046
2.8637		25.3671
2.8647		37.5295
2.8657		39.2379
2.8667		27.6374
2.8677		17.1951
2.8687		11.0814
2.8697		7.64015
2.8707		5.60818
2.8717		4.33634
2.8727		3.49832
2.8737		2.92272
2.8747		2.51442
2.8757		2.21789
2.8767		1.99921
2.8777		1.83688
2.8787		1.71691
2.8797		1.62996
2.8807		1.56979
2.8817		1.53225
2.8827		1.51473
2.8837		1.51577
2.8847		1.53494
2.8857		1.57271
2.8867		1.63056
2.8877		1.71107
2.8887		1.81828
2.8897		1.95818
2.8907		2.13959
2.8917		2.37556
2.8927		2.68583
2.8937		3.10105
2.8947		3.67061
2.8957		4.47766
2.8967		5.66934
2.8977		7.52094
2.8987		10.5741
2.8997		15.9022
2.9007		25.2174
2.9017		37.728
2.9027		40.8321
2.9037		29.9412
2.9047		19.62
2.9057		13.7822
2.9067		10.8724
2.9077		9.65516
2.9087		9.57597
2.9097		10.5103
2.9107		12.6768
2.9117		16.7457
2.9127		24.1693
2.9137		37.3955
2.9147		56.44
2.9157		69.233
2.9167		67.1989
2.9177		50.9744
2.9187		32.6079
2.9197		20.8274
2.9207		14.0943
2.9217		10.1235
2.9227		7.64187
2.9237		6.0039
2.9247		4.87199
2.9257		4.05993
2.9267		3.45941
2.9277		3.0043
2.9287		2.65261
2.9297		2.37665
2.9307		2.15767
2.9317		1.98264
2.9327		1.84232
2.9337		1.73009
2.9347		1.64116
2.9357		1.57207
2.9367		1.52039
2.9377		1.4845
2.9387		1.46343
2.9397		1.45685
2.9407		1.46504
2.9417		1.48891
2.9427		1.53016
2.9437		1.59148
2.9447		1.67685
2.9457		1.79211
2.9467		1.94581
2.9477		2.15068
2.9487		2.42598
2.9497		2.80189
2.9507		3.32725
2.9517		4.0848
2.9527		5.2217
2.9537		7.0145
2.9547		10.0091
2.9557		15.2881
2.9567		24.5621
2.9577		36.8982
2.9587		39.4908
2.9597		28.2386
2.9607		17.6829
2.9617		11.4977
2.9627		8.06625
2.9637		6.09574
2.9647		4.92157
2.9657		4.21441
2.9667		3.80765
2.9677		3.61764
2.9687		3.60829
2.9697		3.77721
2.9707		4.15482
2.9717		4.81589
2.9727		5.91051
2.9737		7.73459
2.9747		10.8838
2.9757		16.5355
2.9767		26.3916
2.9777		38.3765
2.9787		38.5166
2.9797		26.5533
2.9807		16.5699
2.9817		10.81
2.9827		7.57404
2.9837		5.66854
2.9847		4.48602
2.9857		3.72116
2.9867		3.2138
2.9877		2.8759
2.9887		2.65745
2.9897		2.52994
2.9907		2.4782
2.9917		2.49648
2.9927		2.58707
2.9937		2.76083
2.9947		3.03997
2.9957		3.46416
2.9967		4.10286
2.9977		5.08053
2.9987		6.6299
2.9997		9.20719
3.0007		13.7261
3.0017		21.7981
3.0027		33.9626
3.0037		40.5738
3.0047		31.4434
3.0057		19.822
3.0067		12.5972
3.0077		8.56314
3.0087		6.23615
3.0097		4.81791
3.0107		3.90978
3.0117		3.30604
3.0127		2.89489
3.0137		2.61254
3.0147		2.42113
3.0157		2.29767
3.0167		2.2282
3.0177		2.20465
3.0187		2.22322
3.0197		2.28355
3.0207		2.38861
3.0217		2.54513
3.0227		2.7647
3.0237		3.06603
3.0247		3.47893
3.0257		4.05177
3.0267		4.86576
3.0277		6.06364
3.0287		7.91
3.0297		10.9212
3.0307		16.1209
3.0317		25.2157
3.0327		38.0516
3.0337		43.1556
3.0347		33.6639
3.0357		24.1401
3.0367		20.0083
3.0377		20.638
3.0387		26.2066
3.0397		36.9047
3.0407		44.0768
3.0417		35.646
3.0427		23.497
3.0437		15.8158
3.0447		11.6677
3.0457		9.52512
3.0467		8.59572
3.0477		8.57733
3.0487		9.49397
3.0497		11.7129
3.0507		16.1428
3.0517		24.4045
3.0527		36.5049
3.0537		41.3929
3.0547		31.1059
3.0557		19.7696
3.0567		12.8853
3.0577		9.02543
3.0587		6.7787
3.0597		5.40046
3.0607		4.51852
3.0617		3.94024
3.0627		3.56119
3.0637		3.32274
3.0647		3.19179
3.0657		3.15078
3.0667		3.19278
3.0677		3.31953
3.0687		3.54141
3.0697		3.87929
3.0707		4.36887
3.0717		5.06909
3.0727		6.07816
3.0737		7.56493
3.0747		9.83296
3.0757		13.4568
3.0767		19.5736
3.0777		30.407
3.0787		49.1183
3.0797		72.1695
3.0807		75.8994
3.0817		54.814
3.0827		34.0205
3.0837		21.503
3.0847		14.4508
3.0857		10.3054
3.0867		7.72013
3.0877		6.01788
3.0887		4.84459
3.0897		4.00469
3.0907		3.38438
3.0917		2.91421
3.0927		2.5501
3.0937		2.26302
3.0947		2.03328
3.0957		1.8472
3.0967		1.695
3.0977		1.56962
3.0987		1.46584
3.0997		1.37974
3.1007		1.30838
3.1017		1.24955
3.1027		1.20154
3.1037		1.16309
3.1047		1.13328
3.1057		1.11147
3.1067		1.09725
3.1077		1.09048
3.1087		1.0912
3.1097		1.09974
3.1107		1.11666
3.1117		1.14286
3.1127		1.17962
3.1137		1.22876
3.1147		1.2928
3.1157		1.37522
3.1167		1.48088
3.1177		1.6167
3.1187		1.79267
3.1197		2.02359
3.1207		2.33204
3.1217		2.75365
3.1227		3.34694
3.1237		4.21267
3.1247		5.53358
3.1257		7.65968
3.1267		11.2895
3.1277		17.7652
3.1287		28.6423
3.1297		39.5344
3.1307		35.9443
3.1317		23.6037
3.1327		14.6481
3.1337		9.58357
3.1347		6.71343
3.1357		4.99785
3.1367		3.91431
3.1377		3.19767
3.1387		2.7066
3.1397		2.36165
3.1407		2.11602
3.1417		1.94108
3.1427		1.81885
3.1437		1.73793
3.1447		1.69122
3.1457		1.67466
3.1467		1.68657
3.1477		1.72731
3.1487		1.79941
3.1497		1.90792
3.1507		2.06124
3.1517		2.2727
3.1527		2.56322
3.1537		2.96634
3.1547		3.53731
3.1557		4.3712
3.1567		5.63979
3.1577		7.67063
3.1587		11.116
3.1597		17.2444
3.1607		27.705
3.1617		39.2355
3.1627		37.3473
3.1637		25.1263
3.1647		15.7446
3.1657		10.4192
3.1667		7.43756
3.1677		5.69299
3.1687		4.62772
3.1697		3.96126
3.1707		3.54674
3.1717		3.30445
3.1727		3.19082
3.1737		3.18358
3.1747		3.27479
3.1757		3.46805
3.1767		3.77873
3.1777		4.23694
3.1787		4.89447
3.1797		5.83844
3.1807		7.21816
3.1817		9.29946
3.1827		12.5796
3.1837		18.0353
3.1847		27.6177
3.1857		44.6489
3.1867		69.2711
3.1877		79.5933
3.1887		59.398
3.1897		36.8678
3.1907		23.1928
3.1917		15.5493
3.1927		11.11
3.1937		8.38177
3.1947		6.61844
3.1957		5.4332
3.1967		4.61504
3.1977		4.0434
3.1987		3.64713
3.1997		3.3839
3.2007		3.22969
3.2017		3.17352
3.2027		3.21554
3.2037		3.3677
3.2047		3.65765
3.2057		4.13741
3.2067		4.90176
3.2077		6.12663
3.2087		8.15202
3.2097		11.659
3.2107		17.9638
3.2117		28.6569
3.2127		39.7338
3.2137		36.6535
3.2147		24.2967
3.2157		15.1621
3.2167		9.97497
3.2177		7.03026
3.2187		5.26554
3.2197		4.146
3.2207		3.40045
3.2217		2.8844
3.2227		2.51658
3.2237		2.24897
3.2247		2.05201
3.2257		1.90684
3.2267		1.80111
3.2277		1.72665
3.2287		1.67802
3.2297		1.6517
3.2307		1.64558
3.2317		1.65867
3.2327		1.69097
3.2337		1.74339
3.2347		1.81785
3.2357		1.91742
3.2367		2.04666
3.2377		2.21205
3.2387		2.42282
3.2397		2.69214
3.2407		3.03911
3.2417		3.49204
3.2427		4.09402
3.2437		4.91293
3.2447		6.06002
3.2457		7.72621
3.2467		10.2567
3.2477		14.3106
3.2487		21.1968
3.2497		33.3974
3.2507		53.6418
3.2517		74.5393
3.2527		72.7134
3.2537		50.7432
3.2547		31.5718
3.2557		20.291
3.2567		13.9398
3.2577		10.208
3.2587		7.90008
3.2597		6.41428
3.2607		5.43646
3.2617		4.79584
3.2627		4.39809
3.2637		4.19373
3.2647		4.16391
3.2657		4.31616
3.2667		4.68857
3.2677		5.36508
3.2687		6.51116
3.2697		8.45322
3.2707		11.8496
3.2717		17.983
3.2727		28.4823
3.2737		39.827
3.2747		37.489
3.2757		25.1975
3.2767		15.8986
3.2777		10.6292
3.2787		7.68058
3.2797		5.96478
3.2807		4.93716
3.2817		4.3279
3.2827		4.00229
3.2837		3.8978
3.2847		3.99799
3.2857		4.32604
3.2867		4.95409
3.2877		6.03414
3.2887		7.8707
3.2897		11.0806
3.2907		16.8788
3.2917		26.9484
3.2927		38.7039
3.2937		37.8763
3.2947		25.7135
3.2957		15.9415
3.2967		10.3194
3.2977		7.1351
3.2987		5.23287
3.2997		4.02619
3.3007		3.21895
3.3017		2.65434
3.3027		2.24459
3.3037		1.93802
3.3047		1.70273
3.3057		1.51827
3.3067		1.37105
3.3077		1.25179
3.3087		1.15396
3.3097		1.07288
3.3107		1.00512
3.3117		0.948129
3.3127		0.899966
3.3137		0.859155
3.3147		0.824552
3.3157		0.795265
3.3167		0.770595
3.3177		0.749994
3.3187		0.733033
3.3197		0.719383
3.3207		0.708792
3.3217		0.70108
3.3227		0.696128
3.3237		0.693872
3.3247		0.694301
3.3257		0.69746
3.3267		0.703449
3.3277		0.712426
3.3287		0.724623
3.3297		0.740349
3.3307		0.760013
3.3317		0.784143
3.3327		0.813418
3.3337		0.848714
3.3347		0.891161
3.3357		0.942231
3.3367		1.00386
3.3377		1.07861
3.3387		1.16997
3.3397		1.2827
3.3407		1.42347
3.3417		1.60186
3.3427		1.8319
3.3437		2.1349
3.3447		2.54423
3.3457		3.11435
3.3467		3.93831
3.3477		5.18353
3.3487		7.16829
3.3497		10.5255
3.3507		16.4912
3.3517		26.7413
3.3527		38.4685
3.3537		37.3125
3.3547		25.1494
3.3557		15.5316
3.3567		10.0281
3.3577		6.92546
3.3587		5.08466
3.3597		3.92882
3.3607		3.16668
3.3617		2.64405
3.3627		2.27472
3.3637		2.00806
3.3647		1.81299
3.3657		1.66977
3.3667		1.56549
3.3677		1.49155
3.3687		1.44221
3.3697		1.41364
3.3707		1.40345
3.3717		1.41031
3.3727		1.43381
3.3737		1.47439
3.3747		1.53334
3.3757		1.61295
3.3767		1.71674
3.3777		1.84988
3.3787		2.01983
3.3797		2.23745
3.3807		2.51876
3.3817		2.88805
3.3827		3.38328
3.3837		4.06618
3.3847		5.04194
3.3857		6.49955
3.3867		8.79808
3.3877		12.6494
3.3887		19.4157
3.3897		30.6813
3.3907		42.0952
3.3917		39.2443
3.3927		28.0336
3.3937		20.8592
3.3947		18.7578
3.3957		21.1016
3.3967		28.5583
3.3977		39.8211
3.3987		42.0346
3.3997		30.4032
3.4007		19.3924
3.4017		12.8624
3.4027		9.18623
3.4037		7.03715
3.4047		5.72843
3.4057		4.91767
3.4067		4.4303
3.4077		4.17767
3.4087		4.12069
3.4097		4.25555
3.4107		4.61301
3.4117		5.27055
3.4127		6.38541
3.4137		8.26965
3.4147		11.5535
3.4157		17.4738
3.4167		27.7005
3.4177		39.3617
3.4187		38.0737
3.4197		25.8831
3.4207		16.2919
3.4217		10.8183
3.4227		7.74968
3.4237		5.95313
3.4247		4.85707
3.4257		4.17553
3.4267		3.76089
3.4277		3.53611
3.4287		3.46385
3.4297		3.53326
3.4307		3.75635
3.4317		4.17203
3.4327		4.86017
3.4337		5.97386
3.4347		7.81035
3.4357		10.9651
3.4367		16.6132
3.4377		26.4585
3.4387		38.4648
3.4397		38.6866
3.4407		26.7449
3.4417		16.7476
3.4427		10.9787
3.4437		7.73996
3.4447		5.83463
3.4457		4.65319
3.4467		3.88905
3.4477		3.38101
3.4487		3.0399
3.4497		2.81423
3.4507		2.67336
3.4517		2.599
3.4527		2.58061
3.4537		2.61304
3.4547		2.69532
3.4557		2.83023
3.4567		3.02451
3.4577		3.2897
3.4587		3.64389
3.4597		4.11471
3.4607		4.74473
3.4617		5.60103
3.4627		6.7932
3.4637		8.50852
3.4647		11.0845
3.4657		15.1619
3.4667		21.9854
3.4677		33.6434
3.4687		50.5162
3.4697		62.2101
3.4707		65.2875
3.4717		76.0631
3.4727		87.1528
3.4737		75.3864
3.4747		50.3887
3.4757		31.7197
3.4767		20.8739
3.4777		14.5911
3.4787		10.7484
3.4797		8.25832
3.4807		6.56193
3.4817		5.35735
3.4827		4.47236
3.4837		3.80356
3.4847		3.28611
3.4857		2.87774
3.4867		2.54996
3.4877		2.28306
3.4887		2.06301
3.4897		1.87965
3.4907		1.72543
3.4917		1.59469
3.4927		1.4831
3.4937		1.38732
3.4947		1.30471
3.4957		1.23319
3.4967		1.17111
3.4977		1.11712
3.4987		1.07014
3.4997		1.02929
3.5007		0.993828
3.5017		0.963173
3.5027		0.93683
3.5037		0.914397
3.5047		0.895546
3.5057		0.880011
3.5067		0.86758
3.5077		0.85809
3.5087		0.851418
3.5097		0.847484
3.5107		0.846241
3.5117		0.847682
3.5127		0.851831
3.5137		0.858754
3.5147		0.868551
3.5157		0.881367
3.5167		0.897392
3.5177		0.916872
3.5187		0.94011
3.5197		0.967486
3.5207		0.999464
3.5217		1.03662
3.5227		1.07964
3.5237		1.1294
3.5247		1.18697
3.5257		1.25367
3.5267		1.33117
3.5277		1.4216
3.5287		1.52765
3.5297		1.65284
3.5307		1.8018
3.5317		1.98071
3.5327		2.19798
3.5337		2.46534
3.5347		2.79946
3.5357		3.22479
3.5367		3.77831
3.5377		4.51808
3.5387		5.53929
3.5397		7.00606
3.5407		9.21736
3.5417		12.7477
3.5427		18.7241
3.5437		29.0409
3.5447		43.8728
3.5457		52.4136
3.5467		49.3343
3.5477		50.1927
3.5487		52.877
3.5497		42.807
3.5507		29.0849
3.5517		20.5682
3.5527		16.4805
3.5537		15.3615
3.5547		16.8629
3.5557		21.7557
3.5567		31.4055
3.5577		42.1763
3.5587		39.4585
3.5597		26.8551
3.5607		17.3067
3.5617		11.8507
3.5627		8.7641
3.5637		6.94848
3.5647		5.85292
3.5657		5.20501
3.5667		4.87089
3.5677		4.79323
3.5687		4.96734
3.5697		5.44007
3.5707		6.33044
3.5717		7.88617
3.5727		10.6124
3.5737		15.5273
3.5747		24.3163
3.5757		36.6184
3.5767		40.5665
3.5777		29.8399
3.5787		18.8782
3.5797		12.3479
3.5807		8.72542
3.5817		6.65587
3.5827		5.43638
3.5837		4.72178
3.5847		4.34243
3.5857		4.22068
3.5867		4.33645
3.5877		4.71884
3.5887		5.45867
3.5897		6.74972
3.5907		8.98638
3.5917		12.9714
3.5927		20.1979
3.5937		31.8153
3.5947		40.6508
3.5957		33.6867
3.5967		21.5055
3.5977		13.4673
3.5987		8.94469
3.5997		6.33665
3.6007		4.74064
3.6017		3.70524
3.6027		2.99894
3.6037		2.49653
3.6047		2.1265
3.6057		1.84593
3.6067		1.62794
3.6077		1.45504
3.6087		1.31546
3.6097		1.20105
3.6107		1.10605
3.6117		1.02627
3.6127		0.958606
3.6137		0.900737
3.6147		0.850879
3.6157		0.807651
3.6167		0.769969
3.6177		0.736972
3.6187		0.707971
3.6197		0.682407
3.6207		0.659824
3.6217		0.639847
3.6227		0.622165
3.6237		0.606519
3.6247		0.592695
3.6257		0.580509
3.6267		0.569809
3.6277		0.560466
3.6287		0.552372
3.6297		0.545433
3.6307		0.539572
3.6317		0.534725
3.6327		0.530838
3.6337		0.527866
3.6347		0.525775
3.6357		0.524537
3.6367		0.524132
3.6377		0.524546
3.6387		0.525772
3.6397		0.52781
3.6407		0.530664
3.6417		0.534346
3.6427		0.538874
3.6437		0.544272
3.6447		0.550571
3.6457		0.557807
3.6467		0.566028
3.6477		0.575287
3.6487		0.585648
3.6497		0.597185
3.6507		0.609983
3.6517		0.624143
3.6527		0.639778
3.6537		0.657021
3.6547		0.676026
3.6557		0.696969
3.6567		0.720055
3.6577		0.745523
3.6587		0.773652
3.6597		0.804768
3.6607		0.839256
3.6617		0.877569
3.6627		0.920247
3.6637		0.967937
3.6647		1.02142
3.6657		1.08163
3.6667		1.14973
3.6677		1.22714
3.6687		1.31564
3.6697		1.41745
3.6707		1.53543
3.6717		1.67323
3.6727		1.83567
3.6737		2.02914
3.6747		2.2623
3.6757		2.54716
3.6767		2.90073
3.6777		3.34778
3.6787		3.92561
3.6797		4.69238
3.6807		5.74289
3.6817		7.23945
3.6827		9.47583
3.6837		13.0133
3.6847		18.9514
3.6857		29.1747
3.6867		44.1797
3.6877		53.863
3.6887		51.668
3.6897		52.9662
3.6907		56.4926
3.6917		48.0785
3.6927		37.4493
3.6937		34.7212
3.6947		40.4197
3.6957		47.7467
3.6967		41.3481
3.6977		27.7014
3.6987		18.0752
3.6997		12.5147
3.7007		9.25294
3.7017		7.23099
3.7027		5.91082
3.7037		5.01424
3.7047		4.38989
3.7057		3.95125
3.7067		3.64698
3.7077		3.44614
3.7087		3.33063
3.7097		3.29117
3.7107		3.32556
3.7117		3.43837
3.7127		3.64197
3.7137		3.95949
3.7147		4.43056
3.7157		5.12283
3.7167		6.15471
3.7177		7.74282
3.7187		10.304
3.7197		14.6672
3.7207		22.3609
3.7217		34.5911
3.7227		44.2847
3.7237		38.5707
3.7247		28.3079
3.7257		23.4427
3.7267		24.485
3.7277		31.5506
3.7287		42.2626
3.7297		42.7132
3.7307		30.4952
3.7317		19.8925
3.7327		13.767
3.7337		10.4266
3.7347		8.63236
3.7357		7.78105
3.7367		7.62854
3.7377		8.15585
3.7387		9.56156
3.7397		12.377
3.7407		17.7283
3.7417		27.302
3.7427		39.237
3.7437		39.7239
3.7447		27.7816
3.7457		17.6258
3.7467		11.7405
3.7477		8.43375
3.7487		6.49253
3.7497		5.2987
3.7507		4.54274
3.7517		4.06403
3.7527		3.77679
3.7537		3.63595
3.7547		3.62145
3.7557		3.73195
3.7567		3.98439
3.7577		4.4194
3.7587		5.11521
3.7597		6.21823
3.7607		8.00927
3.7617		11.0472
3.7627		16.4407
3.7637		25.9044
3.7647		38.2184
3.7657		40.2077
3.7667		28.8131
3.7677		18.5295
3.7687		12.6232
3.7697		9.46191
3.7707		7.8046
3.7717		7.04204
3.7727		6.91764
3.7737		7.38307
3.7747		8.57031
3.7757		10.8648
3.7767		15.1132
3.7777		22.8745
3.7787		34.938
3.7797		42.5475
3.7807		34.3597
3.7817		22.863
3.7827		15.8774
3.7837		12.4654
3.7847		11.2705
3.7857		11.7874
3.7867		14.2564
3.7877		19.7402
3.7887		29.7603
3.7897		40.8426
3.7907		38.4326
3.7917		25.9557
3.7927		16.44
3.7937		10.9874
3.7947		7.87769
3.7957		6.00649
3.7967		4.81551
3.7977		4.02154
3.7987		3.47383
3.7997		3.08774
3.8007		2.81351
3.8017		2.62089
3.8027		2.49113
3.8037		2.41271
3.8047		2.37903
3.8057		2.38715
3.8067		2.43722
3.8077		2.53249
3.8087		2.67972
3.8097		2.8903
3.8107		3.18223
3.8117		3.58376
3.8127		4.13985
3.8137		4.92438
3.8147		6.064
3.8157		7.78734
3.8167		10.5299
3.8177		15.1515
3.8187		23.2369
3.8197		36.1087
3.8207		46.952
3.8217		43.3062
3.8227		36.8627
3.8237		38.7409
3.8247		46.265
3.8257		43.8667
3.8267		30.3566
3.8277		19.3723
3.8287		12.9355
3.8297		9.22214
3.8307		6.96679
3.8317		5.51886
3.8327		4.54594
3.8337		3.87004
3.8347		3.39084
3.8357		3.04928
3.8367		2.8097
3.8377		2.6506
3.8387		2.55986
3.8397		2.53233
3.8407		2.56899
3.8417		2.67743
3.8427		2.8737
3.8437		3.18655
3.8447		3.6656
3.8457		4.3977
3.8467		5.54045
3.8477		7.39391
3.8487		10.5547
3.8497		16.1977
3.8507		26.0283
3.8517		38.0344
3.8527		38.2876
3.8537		26.3371
3.8547		16.3053
3.8557		10.5002
3.8567		7.22422
3.8577		5.27832
3.8587		4.05131
3.8597		3.23532
3.8607		2.66794
3.8617		2.25861
3.8627		1.95419
3.8637		1.72201
3.8647		1.5412
3.8657		1.39794
3.8667		1.2828
3.8677		1.18919
3.8687		1.11241
3.8697		1.04901
3.8707		0.996444
3.8717		0.952797
3.8727		0.916613
3.8737		0.886774
3.8747		0.862424
3.8757		0.842899
3.8767		0.827695
3.8777		0.816431
3.8787		0.80883
3.8797		0.804704
3.8807		0.803943
3.8817		0.806508
3.8827		0.812432
3.8837		0.821818
3.8847		0.834844
3.8857		0.851772
3.8867		0.872958
3.8877		0.898874
3.8887		0.930131
3.8897		0.967515
3.8907		1.01203
3.8917		1.06498
3.8927		1.12805
3.8937		1.20344
3.8947		1.29409
3.8957		1.40394
3.8967		1.53839
3.8977		1.705
3.8987		1.9146
3.8997		2.18314
3.9007		2.5348
3.9017		3.00769
3.9027		3.66439
3.9037		4.61267
3.9047		6.04847
3.9057		8.34813
3.9067		12.2627
3.9077		19.2117
3.9087		30.6063
3.9097		40.8177
3.9107		35.7837
3.9117		23.6982
3.9127		15.4863
3.9137		11.0915
3.9147		8.90471
3.9157		8.03839
3.9167		8.15878
3.9177		9.30794
3.9187		11.928
3.9197		17.0803
3.9207		26.4334
3.9217		38.418
3.9227		39.4907
3.9237		27.6713
3.9247		17.3244
3.9257		11.285
3.9267		7.87508
3.9277		5.85322
3.9287		4.58304
3.9297		3.74411
3.9307		3.1677
3.9317		2.75996
3.9327		2.46602
3.9337		2.25243
3.9347		2.09808
3.9357		1.98943
3.9367		1.91773
3.9377		1.87749
3.9387		1.86564
3.9397		1.88101
3.9407		1.92417
3.9417		1.99755
3.9427		2.10572
3.9437		2.25616
3.9447		2.46048
3.9457		2.73668
3.9467		3.11297
3.9477		3.63502
3.9487		4.37963
3.9497		5.48228
3.9507		7.19522
3.9517		10.0128
3.9527		14.9205
3.9537		23.5874
3.9547		36.0249
3.9557		41.1422
3.9567		31.1087
3.9577		20.0959
3.9587		13.5611
3.9597		10.0897
3.9607		8.30255
3.9617		7.49835
3.9627		7.36831
3.9637		7.82063
3.9647		8.92157
3.9657		10.9188
3.9667		14.3609
3.9677		20.381
3.9687		31.1536
3.9697		49.159
3.9707		68.8106
3.9717		72.8211
3.9727		57.2236
3.9737		36.8288
3.9747		23.2824
3.9757		15.5645
3.9767		11.0713
3.9777		8.30248
3.9787		6.49917
3.9797		5.26843
3.9807		4.39594
3.9817		3.75835
3.9827		3.28119
3.9837		2.91758
3.9847		2.63698
3.9857		2.41891
3.9867		2.24934
3.9877		2.11852
3.9887		2.01966
3.9897		1.94807
3.9907		1.90068
3.9917		1.87572
3.9927		1.87256
3.9937		1.89168
3.9947		1.93479
3.9957		2.00504
3.9967		2.10756
3.9977		2.25019
3.9987		2.44483
3.9997		2.70978
4.0007		3.0737
4.0017		3.58311
4.0027		4.3165
4.0037		5.41302
4.0047		7.13294
4.0057		9.98819
4.0067		14.9984
4.0077		23.8511
4.0087		36.2369
4.0097		40.3833
4.0107		29.7765
4.0117		18.8318
4.0127		12.3101
4.0137		8.6969
4.0147		6.629
4.0157		5.39512
4.0167		4.64082
4.0177		4.18356
4.0187		3.92564
4.0197		3.81394
4.0207		3.82078
4.0217		3.93487
4.0227		4.15737
4.0237		4.50125
4.0247		4.99358
4.0257		5.68133
4.0267		6.64345
4.0277		8.01477
4.0287		10.035
4.0297		13.1525
4.0307		18.2401
4.0317		26.9208
4.0327		40.8649
4.0337		54.6198
4.0347		55.5633
4.0357		54.7073
4.0367		63.4101
4.0377		72.0916
4.0387		73.7891
4.0397		82.4417
4.0407		89.4749
4.0417		76.2525
4.0427		51.6209
4.0437		33.0091
4.0447		22.0747
4.0457		15.6796
4.0467		11.7311
4.0477		9.14901
4.0487		7.37519
4.0497		6.10673
4.0507		5.16981
4.0517		4.45954
4.0527		3.9098
4.0537		3.47731
4.0547		3.13286
4.0557		2.85625
4.0567		2.6332
4.0577		2.45354
4.0587		2.30995
4.0597		2.19725
4.0607		2.11191
4.0617		2.05172
4.0627		2.01571
4.0637		2.00408
4.0647		2.01831
4.0657		2.06147
4.0667		2.13866
4.0677		2.25794
4.0687		2.43169
4.0697		2.67915
4.0707		3.03082
4.0717		3.5366
4.0727		4.28151
4.0737		5.41769
4.0747		7.23234
4.0757		10.294
4.0767		15.7271
4.0777		25.2457
4.0787		37.451
4.0797		38.9644
4.0807		27.3352
4.0817		16.9937
4.0827		10.9595
4.0837		7.56852
4.0847		5.56954
4.0857		4.32059
4.0867		3.49909
4.0877		2.93561
4.0887		2.53615
4.0897		2.24584
4.0907		2.03117
4.0917		1.87088
4.0927		1.75109
4.0937		1.66246
4.0947		1.59868
4.0957		1.55541
4.0967		1.52971
4.0977		1.51967
4.0987		1.52418
4.0997		1.54278
4.1007		1.57559
4.1017		1.62329
4.1027		1.68717
4.1037		1.76921
4.1047		1.87225
4.1057		2.00019
4.1067		2.15841
4.1077		2.35429
4.1087		2.59812
4.1097		2.90444
4.1107		3.29428
4.1117		3.79886
4.1127		4.4661
4.1137		5.37242
4.1147		6.64533
4.1157		8.50885
4.1167		11.3792
4.1177		16.0666
4.1187		24.1204
4.1197		37.578
4.1207		53.3192
4.1217		58.3993
4.1227		58.6436
4.1237		58.2367
4.1247		46.3316
4.1257		33.6952
4.1267		28.1076
4.1277		29.4726
4.1287		37.4346
4.1297		45.7646
4.1307		39.705
4.1317		26.4387
4.1327		17.1208
4.1337		11.7481
4.1347		8.59414
4.1357		6.63055
4.1367		5.33632
4.1377		4.4423
4.1387		3.80183
4.1397		3.33047
4.1407		2.97717
4.1417		2.70978
4.1427		2.5075
4.1437		2.35659
4.1447		2.24801
4.1457		2.17604
4.1467		2.13747
4.1477		2.13123
4.1487		2.15828
4.1497		2.22185
4.1507		2.32799
4.1517		2.48665
4.1527		2.71357
4.1537		3.03373
4.1547		3.4875
4.1557		4.14246
4.1567		5.11679
4.1577		6.62812
4.1587		9.099
4.1597		13.3747
4.1607		20.996
4.1617		32.9451
4.1627		41.2258
4.1637		33.6219
4.1647		21.7768
4.1657		14.2289
4.1667		10.1401
4.1677		7.97056
4.1687		6.89168
4.1697		6.53247
4.1707		6.77706
4.1717		7.69893
4.1727		9.60232
4.1737		13.1914
4.1747		19.8521
4.1757		30.9877
4.1767		41.0436
4.1777		35.8981
4.1787		23.5666
4.1797		15.0442
4.1807		10.2824
4.1817		7.62265
4.1827		6.09422
4.1837		5.21941
4.1847		4.76829
4.1857		4.63876
4.1867		4.80769
4.1877		5.3206
4.1887		6.31291
4.1897		8.07733
4.1907		11.2198
4.1917		16.9432
4.1927		26.9325
4.1937		38.7084
4.1947		38.0536
4.1957		25.9042
4.1967		16.0667
4.1977		10.3962
4.1987		7.182
4.1997		5.26005
4.2007		4.0391
4.2017		3.22066
4.2027		2.64671
4.2037		2.22884
4.2047		1.91496
4.2057		1.67291
4.2067		1.48208
4.2077		1.32874
4.2087		1.20352
4.2097		1.09981
4.2107		1.01286
4.2117		0.93917
4.2127		0.876136
4.2137		0.821771
4.2147		0.774541
4.2157		0.733246
4.2167		0.696939
4.2177		0.664859
4.2187		0.636394
4.2197		0.611043
4.2207		0.588394
4.2217		0.568107
4.2227		0.549899
4.2237		0.533531
4.2247		0.518801
4.2257		0.505541
4.2267		0.493604
4.2277		0.482868
4.2287		0.473226
4.2297		0.464587
4.2307		0.456874
4.2317		0.450018
4.2327		0.443964
4.2337		0.43866
4.2347		0.434065
4.2357		0.430143
4.2367		0.426865
4.2377		0.424205
4.2387		0.422143
4.2397		0.420664
4.2407		0.419756
4.2417		0.419412
4.2427		0.419627
4.2437		0.420401
4.2447		0.421737
4.2457		0.423642
4.2467		0.426127
4.2477		0.429207
4.2487		0.432898
4.2497		0.437225
4.2507		0.442214
4.2517		0.447898
4.2527		0.454314
4.2537		0.461506
4.2547		0.469524
4.2557		0.478427
4.2567		0.488282
4.2577		0.499165
4.2587		0.511165
4.2597		0.524382
4.2607		0.538933
4.2617		0.554954
4.2627		0.5726
4.2637		0.592052
4.2647		0.613521
4.2657		0.637255
4.2667		0.663544
4.2677		0.692734
4.2687		0.725233
4.2697		0.761534
4.2707		0.802231
4.2717		0.848045
4.2727		0.899865
4.2737		0.958792
4.2747		1.0262
4.2757		1.10385
4.2767		1.19399
4.2777		1.29954
4.2787		1.42441
4.2797		1.57385
4.2807		1.75512
4.2817		1.97846
4.2827		2.25873
4.2837		2.61819
4.2847		3.09134
4.2857		3.73395
4.2867		4.64048
4.2877		5.97966
4.2887		8.07039
4.2897		11.5441
4.2907		17.633
4.2917		28.0282
4.2927		40.0742
4.2937		39.4832
4.2947		27.7665
4.2957		18.6233
4.2967		13.7964
4.2977		11.6634
4.2987		11.2262
4.2997		12.1685
4.3007		14.6917
4.3017		19.6114
4.3027		28.7795
4.3037		45.458
4.3047		69.859
4.3057		80.3418
4.3067		60.2299
4.3077		37.5359
4.3087		23.7121
4.3097		15.9716
4.3107		11.4696
4.3117		8.70068
4.3127		6.91227
4.3137		5.71491
4.3147		4.89691
4.3157		4.33853
4.3167		3.97099
4.3177		3.75635
4.3187		3.67787
4.3197		3.73671
4.3207		3.95348
4.3217		4.37576
4.3227		5.09592
4.3237		6.28964
4.3247		8.29984
4.3257		11.816
4.3267		18.1689
4.3277		28.9257
4.3287		39.8386
4.3297		36.388
4.3307		23.9991
4.3317		14.9406
4.3327		9.79569
4.3337		6.86392
4.3347		5.09674
4.3357		3.96667
4.3367		3.20588
4.3377		2.67136
4.3387		2.28244
4.3397		1.99126
4.3407		1.76813
4.3417		1.5939
4.3427		1.45582
4.3437		1.34515
4.3447		1.25573
4.3457		1.18318
4.3467		1.12428
4.3477		1.07667
4.3487		1.03859
4.3497		1.00872
4.3507		0.986093
4.3517		0.970006
4.3527		0.959967
4.3537		0.955669
4.3547		0.956966
4.3557		0.96386
4.3567		0.976507
4.3577		0.995217
4.3587		1.02048
4.3597		1.05299
4.3607		1.09369
4.3617		1.14384
4.3627		1.20514
4.3637		1.2798
4.3647		1.37082
4.3657		1.48226
4.3667		1.61968
4.3677		1.79091
4.3687		2.00717
4.3697		2.28501
4.3707		2.64959
4.3717		3.14063
4.3727		3.82348
4.3737		4.81102
4.3747		6.30915
4.3757		8.71456
4.3767		12.8192
4.3777		20.0984
4.3787		31.8107
4.3797		41.3352
4.3807		35.2375
4.3817		23.3496
4.3827		15.6102
4.3837		11.6185
4.3847		9.84791
4.3857		9.5447
4.3867		10.5743
4.3877		13.3537
4.3887		19.0262
4.3897		29.1672
4.3907		40.4436
4.3917		38.3355
4.3927		25.9844
4.3937		16.5281
4.3947		11.1578
4.3957		8.15918
4.3967		6.42863
4.3977		5.41433
4.3987		4.8461
4.3997		4.59452
4.4007		4.60928
4.4017		4.89735
4.4027		5.52627
4.4037		6.6548
4.4047		8.61152
4.4057		12.0691
4.4067		18.3372
4.4077		29.0066
4.4087		40.1051
4.4097		37.0899
4.4107		24.7631
4.4117		15.6571
4.4127		10.5195
4.4137		7.64839
4.4147		5.98421
4.4157		4.9986
4.4167		4.43101
4.4177		4.15356
4.4187		4.11111
4.4197		4.29776
4.4207		4.75456
4.4217		5.58678
4.4227		7.01215
4.4237		9.47172
4.4247		13.8592
4.4257		21.7684
4.4267		33.8366
4.4277		40.747
4.4287		31.8504
4.4297		20.1207
4.4307		12.7738
4.4317		8.66533
4.4327		6.29478
4.4337		4.85066
4.4347		3.92813
4.4357		3.31904
4.4367		2.91118
4.4377		2.64167
4.4387		2.47481
4.4397		2.39116
4.4407		2.38232
4.4417		2.44886
4.4427		2.60043
4.4437		2.85832
4.4447		3.26135
4.4457		3.87805
4.4467		4.83161
4.4477		6.35254
4.4487		8.89275
4.4497		13.3577
4.4507		21.3514
4.4517		33.4677
4.4527		40.2392
4.4537		31.2264
4.4547		19.5338
4.4557		12.2261
4.4567		8.12999
4.4577		5.75215
4.4587		4.28668
4.4597		3.33078
4.4607		2.67631
4.4617		2.20975
4.4627		1.86576
4.4637		1.60488
4.4647		1.40227
4.4657		1.24167
4.4667		1.11213
4.4677		1.00605
4.4687		0.918029
4.4697		0.844149
4.4707		0.781505
4.4717		0.727914
4.4727		0.681706
4.4737		0.641586
4.4747		0.60654
4.4757		0.575762
4.4767		0.548607
4.4777		0.524552
4.4787		0.503172
4.4797		0.484116
4.4807		0.467096
4.4817		0.451869
4.4827		0.438235
4.4837		0.426025
4.4847		0.415094
4.4857		0.405324
4.4867		0.396611
4.4877		0.38887
4.4887		0.382028
4.4897		0.376024
4.4907		0.370805
4.4917		0.366332
4.4927		0.362568
4.4937		0.359487
4.4947		0.35707
4.4957		0.355301
4.4967		0.354174
4.4977		0.353687
4.4987		0.353842
4.4997		0.354652
4.5007		0.35613
4.5017		0.358302
4.5027		0.361196
4.5037		0.364851
4.5047		0.369314
4.5057		0.374642
4.5067		0.380903
4.5077		0.388179
4.5087		0.396568
4.5097		0.406184
4.5107		0.417167
4.5117		0.42968
4.5127		0.443919
4.5137		0.460122
4.5147		0.478573
4.5157		0.499617
4.5167		0.523675
4.5177		0.551268
4.5187		0.583038
4.5197		0.619791
4.5207		0.662545
4.5217		0.712602
4.5227		0.771645
4.5237		0.841885
4.5247		0.926265
4.5257		1.02877
4.5267		1.15492
4.5277		1.31247
4.5287		1.51268
4.5297		1.77224
4.5307		2.11684
4.5317		2.58734
4.5327		3.2517
4.5337		4.2285
4.5347		5.73614
4.5357		8.1989
4.5367		12.466
4.5377		20.0823
4.5387		31.9989
4.5397		40.0906
4.5407		32.2695
4.5417		20.3163
4.5427		12.6339
4.5437		8.33774
4.5447		5.87008
4.5457		4.37048
4.5467		3.40918
4.5477		2.76537
4.5487		2.31953
4.5497		2.00352
4.5507		1.7767
4.5517		1.61398
4.5527		1.4995
4.5537		1.42318
4.5547		1.37881
4.5557		1.36295
4.5567		1.37437
4.5577		1.41386
4.5587		1.48438
4.5597		1.59148
4.5607		1.74429
4.5617		1.95723
4.5627		2.25303
4.5637		2.6683
4.5647		3.26388
4.5657		4.14542
4.5667		5.50588
4.5677		7.71695
4.5687		11.5219
4.5697		18.3296
4.5707		29.5636
4.5717		39.7153
4.5727		34.6515
4.5737		22.3255
4.5747		13.7691
4.5757		8.94698
4.5767		6.19493
4.5777		4.53269
4.5787		3.46903
4.5797		2.75357
4.5807		2.25196
4.5817		1.88805
4.5827		1.61651
4.5837		1.40912
4.5847		1.24765
4.5857		1.11994
4.5867		1.01763
4.5877		0.934841
4.5887		0.86735
4.5897		0.812072
4.5907		0.766716
4.5917		0.729563
4.5927		0.699312
4.5937		0.674974
4.5947		0.655801
4.5957		0.641232
4.5967		0.630857
4.5977		0.624391
4.5987		0.621659
4.5997		0.622587
4.6007		0.627194
4.6017		0.635595
4.6027		0.648008
4.6037		0.664768
4.6047		0.686345
4.6057		0.713373
4.6067		0.746696
4.6077		0.787423
4.6087		0.83702
4.6097		0.897429
4.6107		0.971251
4.6117		1.06201
4.6127		1.17458
4.6137		1.31578
4.6147		1.49542
4.6157		1.72796
4.6167		2.03537
4.6177		2.45219
4.6187		3.03495
4.6197		3.88065
4.6207		5.16449
4.6217		7.22087
4.6227		10.7161
4.6237		16.9414
4.6247		27.5219
4.6257		38.8583
4.6267		36.4157
4.6277		24.1199
4.6287		14.8438
4.6297		9.56896
4.6307		6.5846
4.6317		4.80392
4.6327		3.67898
4.6337		2.93232
4.6347		2.41643
4.6357		2.0485
4.6367		1.77965
4.6377		1.57978
4.6387		1.42964
4.6397		1.31656
4.6407		1.23205
4.6417		1.17031
4.6427		1.12738
4.6437		1.10066
4.6447		1.08852
4.6457		1.09012
4.6467		1.10536
4.6477		1.13482
4.6487		1.17983
4.6497		1.24266
4.6507		1.32671
4.6517		1.43703
4.6527		1.58097
4.6537		1.7694
4.6547		2.01864
4.6557		2.3539
4.6567		2.81544
4.6577		3.47021
4.6587		4.43502
4.6597		5.92477
4.6607		8.35654
4.6617		12.5651
4.6627		20.0788
4.6637		31.927
4.6647		40.3338
4.6657		32.849
4.6667		20.8415
4.6677		13.0639
4.6687		8.72079
4.6697		6.23898
4.6707		4.74371
4.6717		3.79841
4.6727		3.17952
4.6737		2.76686
4.6747		2.49277
4.6757		2.31802
4.6767		2.2198
4.6777		2.18561
4.6787		2.21027
4.6797		2.29466
4.6807		2.44588
4.6817		2.67877
4.6827		3.01936
4.6837		3.51182
4.6847		4.23201
4.6857		5.31497
4.6867		7.01305
4.6877		9.8215
4.6887		14.7277
4.6897		23.4029
4.6907		35.8511
4.6917		40.9626
4.6927		30.956
4.6937		20.0251
4.6947		13.6232
4.6957		10.3667
4.6967		8.94044
4.6977		8.76312
4.6987		9.76517
4.6997		12.3505
4.7007		17.5868
4.7017		27.1201
4.7027		38.9296
4.7037		39.085
4.7047		27.033
4.7057		16.9032
4.7067		11.0269
4.7077		7.70278
4.7087		5.72661
4.7097		4.48394
4.7107		3.66517
4.7117		3.10717
4.7127		2.7195
4.7137		2.44984
4.7147		2.2672
4.7157		2.15333
4.7167		2.09835
4.7177		2.09857
4.7187		2.15581
4.7197		2.27783
4.7207		2.4801
4.7217		2.78961
4.7227		3.25229
4.7237		3.94762
4.7247		5.01832
4.7257		6.73347
4.7267		9.62471
4.7277		14.7495
4.7287		23.8107
4.7297		36.1244
4.7307		39.2569
4.7317		28.1668
4.7327		17.3895
4.7337		10.9987
4.7347		7.40899
4.7357		5.29776
4.7367		3.97911
4.7377		3.10906
4.7387		2.50774
4.7397		2.07578
4.7407		1.75534
4.7417		1.51111
4.7427		1.32066
4.7437		1.16921
4.7447		1.04675
4.7457		0.946269
4.7467		0.862772
4.7477		0.792616
4.7487		0.733095
4.7497		0.682164
4.7507		0.638256
4.7517		0.600153
4.7527		0.566899
4.7537		0.537733
4.7547		0.512045
4.7557		0.48934
4.7567		0.469215
4.7577		0.451338
4.7587		0.435436
4.7597		0.42128
4.7607		0.408682
4.7617		0.397482
4.7627		0.387546
4.7637		0.378763
4.7647		0.371039
4.7657		0.364296
4.7667		0.35847
4.7677		0.353508
4.7687		0.349367
4.7697		0.346016
4.7707		0.343429
4.7717		0.341591
4.7727		0.340495
4.7737		0.34014
4.7747		0.340534
4.7757		0.341694
4.7767		0.343645
4.7777		0.346419
4.7787		0.350061
4.7797		0.354627
4.7807		0.360185
4.7817		0.366819
4.7827		0.374628
4.7837		0.383735
4.7847		0.394285
4.7857		0.406453
4.7867		0.420452
4.7877		0.436538
4.7887		0.455021
4.7897		0.476282
4.7907		0.500787
4.7917		0.529116
4.7927		0.561991
4.7937		0.600323
4.7947		0.645273
4.7957		0.698338
4.7967		0.76147
4.7977		0.837256
4.7987		0.929179
4.7997		1.04201
4.8007		1.18242
4.8017		1.35998
4.8027		1.5887
4.8037		1.88986
4.8047		2.29677
4.8057		2.8638
4.8067		3.68383
4.8077		4.92393
4.8087		6.90173
4.8097		10.2487
4.8107		16.1988
4.8117		26.4292
4.8127		38.1639
4.8137		37.0542
4.8147		24.8904
4.8157		15.2496
4.8167		9.72662
4.8177		6.60818
4.8187		4.75288
4.8197		3.5825
4.8207		2.80508
4.8217		2.26594
4.8227		1.87854
4.8237		1.59194
4.8247		1.37472
4.8257		1.20679
4.8267		1.07482
4.8277		0.969718
4.8287		0.885134
4.8297		0.816523
4.8307		0.760578
4.8317		0.714851
4.8327		0.677511
4.8337		0.647173
4.8347		0.622783
4.8357		0.60354
4.8367		0.588837
4.8377		0.578222
4.8387		0.571371
4.8397		0.568066
4.8407		0.568185
4.8417		0.571694
4.8427		0.578643
4.8437		0.589172
4.8447		0.603517
4.8457		0.62202
4.8467		0.645154
4.8477		0.673547
4.8487		0.708025
4.8497		0.749672
4.8507		0.799904
4.8517		0.860596
4.8527		0.934243
4.8537		1.02422
4.8547		1.13515
4.8557		1.27351
4.8567		1.44855
4.8577		1.67384
4.8587		1.96989
4.8597		2.36872
4.8607		2.9224
4.8617		3.71948
4.8627		4.91853
4.8637		6.81952
4.8647		10.0173
4.8657		15.6825
4.8667		25.523
4.8677		37.59
4.8687		38.0028
4.8697		26.1145
4.8707		16.0862
4.8717		10.2927
4.8727		7.03958
4.8737		5.12303
4.8747		3.92955
4.8757		3.15048
4.8767		2.62344
4.8777		2.25839
4.8787		2.00305
4.8797		1.82595
4.8807		1.70779
4.8817		1.63683
4.8827		1.6064
4.8837		1.61364
4.8847		1.65892
4.8857		1.74596
4.8867		1.88246
4.8877		2.08166
4.8887		2.36515
4.8897		2.76822
4.8907		3.34984
4.8917		4.21253
4.8927		5.5433
4.8937		7.70172
4.8947		11.4064
4.8957		18.0302
4.8967		29.0738
4.8977		39.644
4.8987		35.3657
4.8997		23.0222
4.9007		14.2557
4.9017		9.3107
4.9027		6.50386
4.9037		4.82342
4.9047		3.76186
4.9057		3.06144
4.9067		2.5847
4.9077		2.25456
4.9087		2.02594
4.9097		1.87179
4.9107		1.77591
4.9117		1.72911
4.9127		1.72728
4.9137		1.77055
4.9147		1.86339
4.9157		2.01542
4.9167		2.24352
4.9177		2.57586
4.9187		3.05944
4.9197		3.77496
4.9207		4.86691
4.9217		6.60747
4.9227		9.53434
4.9237		14.7159
4.9247		23.8585
4.9257		36.169
4.9267		39.0446
4.9277		27.8588
4.9287		17.1554
4.9297		10.8275
4.9307		7.27374
4.9317		5.18341
4.9327		3.87797
4.9337		3.01706
4.9347		2.42257
4.9357		1.99603
4.9367		1.68008
4.9377		1.4397
4.9387		1.25263
4.9397		1.10419
4.9407		0.984441
4.9417		0.886424
4.9427		0.805183
4.9437		0.7371
4.9447		0.679488
4.9457		0.63032
4.9467		0.588042
4.9477		0.551445
4.9487		0.519582
4.9497		0.491698
4.9507		0.467189
4.9517		0.445564
4.9527		0.426423
4.9537		0.409437
4.9547		0.394333
4.9557		0.380885
4.9567		0.368903
4.9577		0.358227
4.9587		0.348721
4.9597		0.340271
4.9607		0.332781
4.9617		0.326168
4.9627		0.320361
4.9637		0.315302
4.9647		0.310941
4.9657		0.307234
4.9667		0.304148
4.9677		0.301654
4.9687		0.299728
4.9697		0.298352
4.9707		0.297516
4.9717		0.297209
4.9727		0.297429
4.9737		0.298177
4.9747		0.299457
4.9757		0.30128
4.9767		0.30366
4.9777		0.306617
4.9787		0.310175
4.9797		0.314365
4.9807		0.319225
4.9817		0.324799
4.9827		0.331139
4.9837		0.338308
4.9847		0.346379
4.9857		0.355437
4.9867		0.365583
4.9877		0.376937
4.9887		0.389638
4.9897		0.40385
4.9907		0.419772
4.9917		0.437636
4.9927		0.457725
4.9937		0.480377
4.9947		0.506006
4.9957		0.535115
4.9967		0.568329
4.9977		0.606425
4.9987		0.650379
4.9997		0.701436
5.0007		0.761198
5.0017		0.831757
5.0027		0.915885
5.0037		1.01732
5.0047		1.14119
5.0057		1.29469
5.0067		1.48815
5.0077		1.73682
5.0087		2.06392
5.0097		2.50608
5.0107		3.12352
5.0117		4.02009
5.0127		5.38454
5.0137		7.57929
5.0147		11.3282
5.0157		18.0113
5.0167		29.1163
5.0177		39.6326
5.0187		35.224
5.0197		22.9065
5.0207		14.2071
5.0217		9.31428
5.0227		6.54889
5.0237		4.90618
5.0247		3.88294
5.0257		3.22431
5.0267		2.79533
5.0277		2.52167
5.0287		2.36179
5.0297		2.29349
5.0307		2.30755
5.0317		2.40525
5.0327		2.5987
5.0337		2.91413
5.0347		3.39955
5.0357		4.14089
5.0367		5.29535
5.0377		7.16315
5.0387		10.342
5.0397		16.009
5.0407		25.8689
5.0417		37.8785
5.0427		38.0874
5.0437		26.1402
5.0447		16.1401
5.0457		10.3635
5.0467		7.11176
5.0477		5.18847
5.0487		3.98416
5.0497		3.19194
5.0507		2.65007
5.0517		2.26863
5.0527		1.9951
5.0537		1.79755
5.0547		1.65598
5.0557		1.55766
5.0567		1.49455
5.0577		1.46185
5.0587		1.45721
5.0597		1.48034
5.0607		1.53296
5.0617		1.61909
5.0627		1.74571
5.0637		1.92399
5.0647		2.17144
5.0657		2.5159
5.0667		3.00266
5.0677		3.70836
5.0687		4.7688
5.0697		6.43771
5.0707		9.21365
5.0717		14.0911
5.0727		22.7435
5.0737		35.0833
5.0747		39.7988
5.0757		29.4572
5.0767		18.3147
5.0777		11.5992
5.0787		7.85071
5.0797		5.67705
5.0807		4.34678
5.0817		3.49453
5.0827		2.93107
5.0837		2.55355
5.0847		2.30381
5.0857		2.14844
5.0867		2.06878
5.0877		2.05611
5.0887		2.10946
5.0897		2.23545
5.0907		2.44983
5.0917		2.78156
5.0927		3.28111
5.0937		4.0372
5.0947		5.21122
5.0957		7.11106
5.0967		10.3497
5.0977		16.1302
5.0987		26.147
5.0997		38.0256
5.1007		37.6053
5.1017		25.5303
5.1027		15.6817
5.1037		10.009
5.1047		6.80434
5.1057		4.89681
5.1067		3.69149
5.1077		2.88833
5.1087		2.32869
5.1097		1.92396
5.1107		1.62202
5.1117		1.39078
5.1127		1.20971
5.1137		1.06519
5.1147		0.947916
5.1157		0.851366
5.1167		0.770864
5.1177		0.702984
5.1187		0.645173
5.1197		0.595494
5.1207		0.552459
5.1217		0.514908
5.1227		0.481926
5.1237		0.452784
5.1247		0.426893
5.1257		0.403776
5.1267		0.383041
5.1277		0.364363
5.1287		0.347475
5.1297		0.332149
5.1307		0.318195
5.1317		0.305451
5.1327		0.29378
5.1337		0.283063
5.1347		0.273198
5.1357		0.264097
5.1367		0.255683
5.1377		0.24789
5.1387		0.240658
5.1397		0.233936
5.1407		0.227678
5.1417		0.221845
5.1427		0.216399
5.1437		0.21131
5.1447		0.206549
5.1457		0.202091
5.1467		0.197912
5.1477		0.193992
5.1487		0.190312
5.1497		0.186856
5.1507		0.183609
5.1517		0.180556
5.1527		0.177686
5.1537		0.174987
5.1547		0.172448
5.1557		0.17006
5.1567		0.167815
5.1577		0.165705
5.1587		0.163722
5.1597		0.161859
5.1607		0.160112
5.1617		0.158474
5.1627		0.15694
5.1637		0.155505
5.1647		0.154166
5.1657		0.152918
5.1667		0.151757
5.1677		0.150681
5.1687		0.149686
5.1697		0.14877
5.1707		0.147929
5.1717		0.147163
5.1727		0.146468
5.1737		0.145843
5.1747		0.145286
5.1757		0.144796
5.1767		0.144371
5.1777		0.14401
5.1787		0.143713
5.1797		0.143477
5.1807		0.143304
5.1817		0.143191
5.1827		0.143139
5.1837		0.143148
5.1847		0.143216
5.1857		0.143345
5.1867		0.143534
5.1877		0.143784
5.1887		0.144096
5.1897		0.144468
5.1907		0.144904
5.1917		0.145402
5.1927		0.145965
5.1937		0.146594
5.1947		0.147289
5.1957		0.148053
5.1967		0.148887
5.1977		0.149794
5.1987		0.150774
5.1997		0.151832
5.2007		0.152969
5.2017		0.154188
5.2027		0.155493
5.2037		0.156886
5.2047		0.158373
5.2057		0.159956
5.2067		0.161641
5.2077		0.163433
5.2087		0.165337
5.2097		0.167358
5.2107		0.169505
5.2117		0.171784
5.2127		0.174202
5.2137		0.176769
5.2147		0.179494
5.2157		0.182388
5.2167		0.185462
5.2177		0.188729
5.2187		0.192203
5.2197		0.1959
5.2207		0.199838
5.2217		0.204035
5.2227		0.208514
5.2237		0.213298
5.2247		0.218415
5.2257		0.223895
5.2267		0.229772
5.2277		0.236085
5.2287		0.242878
5.2297		0.250201
5.2307		0.258111
5.2317		0.266673
5.2327		0.275961
5.2337		0.286062
5.2347		0.297077
5.2357		0.309122
5.2367		0.322334
5.2377		0.336873
5.2387		0.352929
5.2397		0.370729
5.2407		0.390544
5.2417		0.4127
5.2427		0.437595
5.2437		0.465713
5.2447		0.497656
5.2457		0.53417
5.2467		0.576199
5.2477		0.62494
5.2487		0.68194
5.2497		0.749218
5.2507		0.829448
5.2517		0.926239
5.2527		1.04454
5.2537		1.19129
5.2547		1.37645
5.2557		1.61468
5.2567		1.92829
5.2577		2.35236
5.2587		2.9444
5.2597		3.80319
5.2607		5.10751
5.2617		7.19917
5.2627		10.7597
5.2637		17.1047
5.2647		27.8289
5.2657		38.9627
5.2667		35.9646
5.2677		23.637
5.2687		14.5116
5.2697		9.33438
5.2707		6.40005
5.2717		4.64434
5.2727		3.53149
5.2737		2.78984
5.2747		2.27463
5.2757		1.90442
5.2767		1.63098
5.2777		1.42448
5.2787		1.26576
5.2797		1.14207
5.2807		1.04471
5.2817		0.967596
5.2827		0.906364
5.2837		0.857858
5.2847		0.81975
5.2857		0.79031
5.2867		0.76825
5.2877		0.752609
5.2887		0.742681
5.2897		0.737961
5.2907		0.738111
5.2917		0.742934
5.2927		0.752358
5.2937		0.766433
5.2947		0.785327
5.2957		0.809335
5.2967		0.838888
5.2977		0.874584
5.2987		0.91721
5.2997		0.967796
5.3007		1.02768
5.3017		1.09859
5.3027		1.1828
5.3037		1.28329
5.3047		1.40405
5.3057		1.55047
5.3067		1.73003
5.3077		1.95326
5.3087		2.23539
5.3097		2.59914
5.3107		3.07958
5.3117		3.73298
5.3127		4.65394
5.3137		6.0101
5.3147		8.11568
5.3157		11.5889
5.3167		17.6381
5.3177		28.003
5.3187		40.6137
5.3197		41.5639
5.3207		30.9567
5.3217		23.2037
5.3227		21.2176
5.3237		24.681
5.3247		33.8843
5.3257		43.1503
5.3267		37.859
5.3277		24.9847
5.3287		15.9036
5.3297		10.7228
5.3307		7.73202
5.3317		5.9087
5.3327		4.73708
5.3337		3.95299
5.3347		3.41433
5.3357		3.04082
5.3367		2.78554
5.3377		2.6208
5.3387		2.53094
5.3397		2.50885
5.3407		2.55443
5.3417		2.67483
5.3427		2.88623
5.3437		3.21807
5.3447		3.7216
5.3457		4.48698
5.3467		5.67841
5.3477		7.60969
5.3487		10.906
5.3497		16.7915
5.3507		26.9489
5.3517		38.7242
5.3527		37.8187
5.3537		25.6803
5.3547		15.9824
5.3557		10.4235
5.3567		7.29154
5.3577		5.43655
5.3587		4.27556
5.3597		3.5145
5.3607		2.99797
5.3617		2.63934
5.3627		2.38798
5.3637		2.21314
5.3647		2.09566
5.3657		2.02348
5.3667		1.98916
5.3677		1.98849
5.3687		2.01974
5.3697		2.08326
5.3707		2.18151
5.3717		2.31924
5.3727		2.50411
5.3737		2.74774
5.3747		3.06752
5.3757		3.48959
5.3767		4.05415
5.3777		4.82492
5.3787		5.90686
5.3797		7.48114
5.3807		9.87752
5.3817		13.7285
5.3827		20.2778
5.3837		31.6881
5.3847		48.8507
5.3857		62.1221
5.3867		64.13
5.3877		58.1836
5.3887		41.4094
5.3897		26.4411
5.3907		17.4835
5.3917		12.3958
5.3927		9.40291
5.3937		7.57484
5.3947		6.4441
5.3957		5.77214
5.3967		5.44043
5.3977		5.40336
5.3987		5.67321
5.3997		6.3286
5.4007		7.55288
5.4017		9.72846
5.4027		13.6402
5.4037		20.7606
5.4047		32.3072
5.4057		41.4785
5.4067		34.9526
5.4077		22.7889
5.4087		14.7245
5.4097		10.2516
5.4107		7.76092
5.4117		6.34367
5.4127		5.55571
5.4137		5.18559
5.4147		5.14437
5.4157		5.4227
5.4167		6.08637
5.4177		7.30751
5.4187		9.45243
5.4197		13.2765
5.4207		20.2135
5.4217		31.6033
5.4227		41.3753
5.4237		35.7019
5.4247		23.5111
5.4257		15.279
5.4267		10.7582
5.4277		8.32181
5.4287		7.04482
5.4297		6.49535
5.4307		6.50575
5.4317		7.07914
5.4327		8.39097
5.4337		10.8867
5.4347		15.5157
5.4357		23.9233
5.4367		36.1712
5.4377		41.3095
5.4387		31.2284
5.4397		20.0219
5.4407		13.292
5.4417		9.63936
5.4427		7.67111
5.4437		6.67512
5.4447		6.33615
5.4457		6.56181
5.4467		7.43131
5.4477		9.24013
5.4487		12.6646
5.4497		19.0466
5.4507		29.8847
5.4517		40.3938
5.4527		36.1561
5.4537		23.7106
5.4547		14.8119
5.4557		9.75985
5.4567		6.8654
5.4577		5.10826
5.4587		3.97576
5.4597		3.20684
5.4607		2.66161
5.4617		2.26084
5.4627		1.95731
5.4637		1.72161
5.4647		1.53469
5.4657		1.38378
5.4667		1.26008
5.4677		1.15733
5.4687		1.07104
5.4697		0.997866
5.4707		0.935296
5.4717		0.881418
5.4727		0.834746
5.4737		0.794114
5.4747		0.7586
5.4757		0.727461
5.4767		0.700099
5.4777		0.676024
5.4787		0.654836
5.4797		0.636203
5.4807		0.619853
5.4817		0.605555
5.4827		0.59312
5.4837		0.582389
5.4847		0.57323
5.4857		0.565534
5.4867		0.559211
5.4877		0.554188
5.4887		0.550408
5.4897		0.547825
5.4907		0.546409
5.4917		0.54614
5.4927		0.547007
5.4937		0.549014
5.4947		0.552172
5.4957		0.556504
5.4967		0.562046
5.4977		0.568844
5.4987		0.576957
5.4997		0.586459
5.5007		0.597441
5.5017		0.610009
5.5027		0.624293
5.5037		0.640445
5.5047		0.658646
5.5057		0.679111
5.5067		0.702093
5.5077		0.727895
5.5087		0.756879
5.5097		0.789479
5.5107		0.826218
5.5117		0.867733
5.5127		0.914805
5.5137		0.968398
5.5147		1.02971
5.5157		1.10027
5.5167		1.18202
5.5177		1.27745
5.5187		1.38988
5.5197		1.52372
5.5207		1.68499
5.5217		1.88208
5.5227		2.12699
5.5237		2.43733
5.5247		2.8399
5.5257		3.37692
5.5267		4.11798
5.5277		5.18357
5.5287		6.7941
5.5297		9.37549
5.5307		13.7773
5.5317		21.5467
5.5327		33.6802
5.5337		42.2154
5.5347		34.941
5.5357		23.5175
5.5367		16.5685
5.5377		13.3796
5.5387		12.635
5.5397		13.9532
5.5407		17.8668
5.5417		25.812
5.5427		37.8879
5.5437		43.439
5.5447		33.7567
5.5457		22.7717
5.5467		16.4778
5.5477		13.6347
5.5487		13.0484
5.5497		14.4309
5.5507		18.3469
5.5517		26.2521
5.5527		38.522
5.5537		45.2091
5.5547		36.7111
5.5557		26.7826
5.5567		22.5375
5.5577		23.8153
5.5587		30.8552
5.5597		41.5993
5.5607		42.4198
5.5617		30.2042
5.5627		19.3141
5.5637		12.8776
5.5647		9.20208
5.5657		6.99929
5.5667		5.6043
5.5677		4.68093
5.5687		4.05183
5.5697		3.61874
5.5707		3.32527
5.5717		3.13878
5.5727		3.04143
5.5737		3.0258
5.5747		3.09333
5.5757		3.25481
5.5767		3.5333
5.5777		3.97058
5.5787		4.64037
5.5797		5.67544
5.5807		7.32511
5.5817		10.0795
5.5827		14.9171
5.5837		23.503
5.5847		35.9075
5.5857		41.1778
5.5867		31.2436
5.5877		20.2214
5.5887		13.719
5.5897		10.3674
5.5907		8.8296
5.5917		8.49365
5.5927		9.23704
5.5937		11.3583
5.5947		15.7337
5.5957		23.968
5.5967		36.035
5.5977		40.8245
5.5987		30.4677
5.5997		19.1127
5.6007		12.2057
5.6017		8.3102
5.6027		6.01664
5.6037		4.58086
5.6047		3.62985
5.6057		2.96919
5.6067		2.49182
5.6077		2.13553
5.6087		1.86237
5.6097		1.64824
5.6107		1.47722
5.6117		1.33851
5.6127		1.22456
5.6137		1.12994
5.6147		1.05071
5.6157		0.98394
5.6167		0.927417
5.6177		0.879452
5.6187		0.838747
5.6197		0.804295
5.6207		0.775317
5.6217		0.751212
5.6227		0.731523
5.6237		0.715914
5.6247		0.70415
5.6257		0.696089
5.6267		0.691676
5.6277		0.69094
5.6287		0.693999
5.6297		0.701065
5.6307		0.712461
5.6317		0.728638
5.6327		0.750205
5.6337		0.777969
5.6347		0.812997
5.6357		0.856691
5.6367		0.910914
5.6377		0.978156
5.6387		1.06179
5.6397		1.16645
5.6407		1.29865
5.6417		1.46771
5.6427		1.6873
5.6437		1.97813
5.6447		2.3726
5.6457		2.92346
5.6467		3.72058
5.6477		4.92517
5.6487		6.84269
5.6497		10.0794
5.6507		15.8261
5.6517		25.7836
5.6527		37.7487
5.6537		37.6627
5.6547		25.6619
5.6557		15.7458
5.6567		10.0282
5.6577		6.80543
5.6587		4.89389
5.6597		3.69127
5.6607		2.89407
5.6617		2.34203
5.6627		1.94576
5.6637		1.65278
5.6647		1.43084
5.6657		1.25933
5.6667		1.12463
5.6677		1.01747
5.6687		0.931401
5.6697		0.861808
5.6707		0.80536
5.6717		0.75961
5.6727		0.722746
5.6737		0.69342
5.6747		0.670638
5.6757		0.653674
5.6767		0.642024
5.6777		0.635366
5.6787		0.633537
5.6797		0.636528
5.6807		0.644477
5.6817		0.657685
5.6827		0.676631
5.6837		0.702005
5.6847		0.734767
5.6857		0.776213
5.6867		0.828092
5.6877		0.892763
5.6887		0.973439
5.6897		1.07455
5.6907		1.2023
5.6917		1.36557
5.6927		1.57738
5.6937		1.85734
5.6947		2.23606
5.6957		2.76308
5.6967		3.52233
5.6977		4.6634
5.6987		6.46782
5.6997		9.49205
5.7007		14.8383
5.7017		24.2197
5.7027		36.4883
5.7037		38.5555
5.7047		27.0952
5.7057		16.6134
5.7067		10.4675
5.7077		7.0148
5.7087		4.98049
5.7097		3.70835
5.7107		2.86883
5.7117		2.28909
5.7127		1.87333
5.7137		1.56563
5.7147		1.33179
5.7157		1.15004
5.7167		1.00602
5.7177		0.889982
5.7187		0.795113
5.7197		0.716553
5.7207		0.650756
5.7217		0.595089
5.7227		0.547563
5.7237		0.506657
5.7247		0.471189
5.7257		0.440228
5.7267		0.413038
5.7277		0.389026
5.7287		0.367712
5.7297		0.348706
5.7307		0.331683
5.7317		0.316377
5.7327		0.302565
5.7337		0.290059
5.7347		0.2787
5.7357		0.268354
5.7367		0.258905
5.7377		0.250254
5.7387		0.242317
5.7397		0.235021
5.7407		0.228299
5.7417		0.222098
5.7427		0.216367
5.7437		0.211064
5.7447		0.206151
5.7457		0.201594
5.7467		0.197363
5.7477		0.193433
5.7487		0.189779
5.7497		0.186381
5.7507		0.18322
5.7517		0.180279
5.7527		0.177542
5.7537		0.174997
5.7547		0.17263
5.7557		0.170432
5.7567		0.168391
5.7577		0.166499
5.7587		0.164748
5.7597		0.163129
5.7607		0.161638
5.7617		0.160267
5.7627		0.159011
5.7637		0.157865
5.7647		0.156824
5.7657		0.155886
5.7667		0.155045
5.7677		0.154299
5.7687		0.153644
5.7697		0.153079
5.7707		0.152601
5.7717		0.152208
5.7727		0.151899
5.7737		0.151671
5.7747		0.151524
5.7757		0.151456
5.7767		0.151468
5.7777		0.151557
5.7787		0.151725
5.7797		0.151971
5.7807		0.152295
5.7817		0.152697
5.7827		0.153177
5.7837		0.153738
5.7847		0.154378
5.7857		0.1551
5.7867		0.155905
5.7877		0.156794
5.7887		0.15777
5.7897		0.158833
5.7907		0.159987
5.7917		0.161233
5.7927		0.162575
5.7937		0.164016
5.7947		0.165559
5.7957		0.167207
5.7967		0.168966
5.7977		0.170838
5.7987		0.172829
5.7997		0.174944
5.8007		0.177189
5.8017		0.17957
5.8027		0.182093
5.8037		0.184766
5.8047		0.187597
5.8057		0.190595
5.8067		0.193768
5.8077		0.197128
5.8087		0.200685
5.8097		0.204451
5.8107		0.20844
5.8117		0.212667
5.8127		0.217147
5.8137		0.221897
5.8147		0.226938
5.8157		0.232291
5.8167		0.237978
5.8177		0.244025
5.8187		0.250462
5.8197		0.257319
5.8207		0.264631
5.8217		0.272439
5.8227		0.280785
5.8237		0.289718
5.8247		0.299293
5.8257		0.309572
5.8267		0.320623
5.8277		0.332526
5.8287		0.345369
5.8297		0.359253
5.8307		0.374296
5.8317		0.390629
5.8327		0.408405
5.8337		0.427801
5.8347		0.449024
5.8357		0.472312
5.8367		0.497947
5.8377		0.52626
5.8387		0.557645
5.8397		0.592571
5.8407		0.6316
5.8417		0.675416
5.8427		0.724849
5.8437		0.78092
5.8447		0.844895
5.8457		0.918361
5.8467		1.00333
5.8477		1.10236
5.8487		1.2188
5.8497		1.35704
5.8507		1.52296
5.8517		1.72455
5.8527		1.97294
5.8537		2.28395
5.8547		2.68067
5.8557		3.19786
5.8567		3.88972
5.8577		4.84423
5.8587		6.21115
5.8597		8.25929
5.8607		11.4981
5.8617		16.9286
5.8627		26.3876
5.8637		41.4528
5.8647		55.3146
5.8657		57.436
5.8667		57.5211
5.8677		50.2745
5.8687		34.0627
5.8697		21.5077
5.8707		14.1648
5.8717		9.90759
5.8727		7.30599
5.8737		5.62327
5.8747		4.48028
5.8757		3.67213
5.8767		3.08184
5.8777		2.63916
5.8787		2.30006
5.8797		2.03582
5.8807		1.82714
5.8817		1.66066
5.8827		1.52695
5.8837		1.41919
5.8847		1.33237
5.8857		1.26278
5.8867		1.20763
5.8877		1.16486
5.8887		1.13288
5.8897		1.11054
5.8907		1.09701
5.8917		1.09174
5.8927		1.09441
5.8937		1.10491
5.8947		1.12333
5.8957		1.14999
5.8967		1.18541
5.8977		1.23036
5.8987		1.28593
5.8997		1.35354
5.9007		1.43507
5.9017		1.53297
5.9027		1.65046
5.9037		1.7918
5.9047		1.96263
5.9057		2.17063
5.9067		2.4263
5.9077		2.74439
5.9087		3.14604
5.9097		3.66241
5.9107		4.34088
5.9117		5.25609
5.9127		6.53063
5.9137		8.3758
5.9147		11.1757
5.9157		15.6678
5.9167		23.3222
5.9177		36.9043
5.9187		59.1079
5.9197		79.3663
5.9207		71.0261
5.9217		47.1628
5.9227		30.0888
5.9237		20.677
5.9247		15.6982
5.9257		13.2196
5.9267		12.3702
5.9277		12.8961
5.9287		15.0218
5.9297		19.5773
5.9307		28.244
5.9317		42.1338
5.9327		53.1849
5.9337		51.4944
5.9347		50.8726
5.9357		52.9386
5.9367		42.8398
5.9377		28.0267
5.9387		18.0949
5.9397		12.3528
5.9407		8.94001
5.9417		6.7869
5.9427		5.34888
5.9437		4.34121
5.9447		3.60672
5.9457		3.05374
5.9467		2.62612
5.9477		2.28795
5.9487		2.01539
5.9497		1.79213
5.9507		1.60666
5.9517		1.4507
5.9527		1.31814
5.9537		1.2044
5.9547		1.10598
5.9557		1.02017
5.9567		0.944844
5.9577		0.878314
5.9587		0.819224
5.9597		0.766473
5.9607		0.71916
5.9617		0.676543
5.9627		0.638003
5.9637		0.603023
5.9647		0.571165
5.9657		0.54206
5.9667		0.51539
5.9677		0.490886
5.9687		0.468312
5.9697		0.447467
5.9707		0.428175
5.9717		0.410282
5.9727		0.393653
5.9737		0.378169
5.9747		0.363726
5.9757		0.350231
5.9767		0.337601
5.9777		0.325763
5.9787		0.314651
5.9797		0.304206
5.9807		0.294375
5.9817		0.285112
5.9827		0.276371
5.9837		0.268116
5.9847		0.26031
5.9857		0.252922
5.9867		0.245922
5.9877		0.239283
5.9887		0.232982
5.9897		0.226996
5.9907		0.221305
5.9917		0.215891
5.9927		0.210735
5.9937		0.205822
5.9947		0.201137
5.9957		0.196668
5.9967		0.192401
5.9977		0.188325
5.9987		0.18443
5.9997		0.180705
6.0007		0.177141
6.0017		0.173731
6.0027		0.170464
6.0037		0.167335
6.0047		0.164337
6.0057		0.161462
6.0067		0.158706
6.0077		0.156061
6.0087		0.153524
6.0097		0.151089
6.0107		0.148751
6.0117		0.146506
6.0127		0.14435
6.0137		0.142279
6.0147		0.14029
6.0157		0.138379
6.0167		0.136544
6.0177		0.13478
6.0187		0.133085
6.0197		0.131457
6.0207		0.129893
6.0217		0.128391
6.0227		0.126948
6.0237		0.125562
6.0247		0.124232
6.0257		0.122956
6.0267		0.121731
6.0277		0.120556
6.0287		0.11943
6.0297		0.118351
6.0307		0.117318
6.0317		0.116329
6.0327		0.115384
6.0337		0.11448
6.0347		0.113618
6.0357		0.112795
6.0367		0.112011
6.0377		0.111265
6.0387		0.110557
6.0397		0.109884
6.0407		0.109248
6.0417		0.108646
6.0427		0.108079
6.0437		0.107545
6.0447		0.107045
6.0457		0.106577
6.0467		0.106142
6.0477		0.105738
6.0487		0.105366
6.0497		0.105025
6.0507		0.104714
6.0517		0.104434
6.0527		0.104185
6.0537		0.103965
6.0547		0.103776
6.0557		0.103616
6.0567		0.103486
6.0577		0.103386
6.0587		0.103315
6.0597		0.103275
6.0607		0.103264
6.0617		0.103283
6.0627		0.103332
6.0637		0.103411
6.0647		0.103521
6.0657		0.103661
6.0667		0.103833
6.0677		0.104036
6.0687		0.104271
6.0697		0.104538
6.0707		0.104837
6.0717		0.10517
6.0727		0.105537
6.0737		0.105938
6.0747		0.106374
6.0757		0.106846
6.0767		0.107354
6.0777		0.1079
6.0787		0.108485
6.0797		0.109109
6.0807		0.109773
6.0817		0.110479
6.0827		0.111228
6.0837		0.11202
6.0847		0.112859
6.0857		0.113744
6.0867		0.114678
6.0877		0.115663
6.0887		0.116699
6.0897		0.11779
6.0907		0.118937
6.0917		0.120143
6.0927		0.121409
6.0937		0.122739
6.0947		0.124135
6.0957		0.1256
6.0967		0.127138
6.0977		0.128751
6.0987		0.130444
6.0997		0.13222
6.1007		0.134084
6.1017		0.13604
6.1027		0.138092
6.1037		0.140247
6.1047		0.14251
6.1057		0.144887
6.1067		0.147386
6.1077		0.150012
6.1087		0.152774
6.1097		0.155681
6.1107		0.158742
6.1117		0.161968
6.1127		0.165368
6.1137		0.168957
6.1147		0.172746
6.1157		0.176751
6.1167		0.180988
6.1177		0.185475
6.1187		0.190231
6.1197		0.195279
6.1207		0.200643
6.1217		0.20635
6.1227		0.212431
6.1237		0.218919
6.1247		0.225852
6.1257		0.233275
6.1267		0.241234
6.1277		0.249786
6.1287		0.258992
6.1297		0.268926
6.1307		0.279669
6.1317		0.291316
6.1327		0.303977
6.1337		0.31778
6.1347		0.332873
6.1357		0.349434
6.1367		0.367668
6.1377		0.387823
6.1387		0.410194
6.1397		0.435139
6.1407		0.463089
6.1417		0.494575
6.1427		0.530254
6.1437		0.570943
6.1447		0.617677
6.1457		0.671773
6.1467		0.734935
6.1477		0.809396
6.1487		0.898127
6.1497		1.00516
6.1507		1.13604
6.1517		1.29861
6.1527		1.50423
6.1537		1.76974
6.1547		2.12106
6.1557		2.59947
6.1567		3.27366
6.1577		4.26359
6.1587		5.79042
6.1597		8.28418
6.1607		12.6055
6.1617		20.312
6.1627		32.2898
6.1637		40.1411
6.1647		32.08
6.1657		20.1897
6.1667		12.6002
6.1677		8.36212
6.1687		5.93059
6.1697		4.45669
6.1707		3.51656
6.1717		2.89236
6.1727		2.46623
6.1737		2.1711
6.1747		1.96722
6.1757		1.83033
6.1767		1.74555
6.1777		1.704
6.1787		1.70104
6.1797		1.7354
6.1807		1.8089
6.1817		1.9268
6.1827		2.09873
6.1837		2.34059
6.1847		2.6781
6.1857		3.15339
6.1867		3.83749
6.1877		4.85563
6.1887		6.44006
6.1897		9.0443
6.1907		13.5755
6.1917		21.639
6.1927		33.8299
6.1937		40.6793
6.1947		31.7542
6.1957		20.1644
6.1967		12.9753
6.1977		9.01769
6.1987		6.805
6.1997		5.54047
6.2007		4.83439
6.2017		4.49796
6.2027		4.44733
6.2037		4.66457
6.2047		5.18942
6.2057		6.13636
6.2067		7.74826
6.2077		10.5217
6.2087		15.4588
6.2097		24.24
6.2107		36.6913
6.2117		41.3145
6.2127		31.077
6.2137		20.3391
6.2147		14.179
6.2157		11.1974
6.2167		10.1673
6.2177		10.6556
6.2187		12.8777
6.2197		17.7859
6.2207		26.9893
6.2217		38.8318
6.2227		39.6982
6.2237		27.7793
6.2247		17.4077
6.2257		11.348
6.2267		7.91572
6.2277		5.8722
6.2287		4.58253
6.2297		3.7267
6.2307		3.13596
6.2317		2.71638
6.2327		2.41302
6.2337		2.19242
6.2347		2.03361
6.2357		1.92325
6.2367		1.85302
6.2377		1.81809
6.2387		1.81632
6.2397		1.84794
6.2407		1.91559
6.2417		2.02475
6.2427		2.18469
6.2437		2.41016
6.2447		2.72451
6.2457		3.16529
6.2467		3.79481
6.2477		4.72104
6.2487		6.14073
6.2497		8.43231
6.2507		12.3513
6.2517		19.3237
6.2527		30.7469
6.2537		40.8895
6.2547		35.7463
6.2557		23.6992
6.2567		15.5765
6.2577		11.2927
6.2587		9.26638
6.2597		8.66149
6.2607		9.23938
6.2617		11.236
6.2627		15.4836
6.2637		23.5609
6.2647		35.5799
