-0.876856		13.9342
-0.874856		11.3089
-0.872856		7.36133
-0.870856		4.84717
-0.868856		3.4617
-0.866856		2.6896
-0.864856		2.24852
-0.862856		1.9998
-0.860856		1.87571
-0.858856		1.84491
-0.856856		1.89797
-0.854856		2.04323
-0.852856		2.31033
-0.850856		2.76375
-0.848856		3.53526
-0.846856		4.89333
-0.844856		7.33684
-0.842856		11.2457
-0.840856		14.2109
-0.838856		11.91
-0.836856		7.89687
-0.834856		5.27379
-0.832856		3.82764
-0.830856		3.02747
-0.828856		2.57588
-0.826856		2.32643
-0.824856		2.20718
-0.822856		2.18376
-0.820856		2.24317
-0.818856		2.38761
-0.816856		2.63432
-0.814856		3.02098
-0.812856		3.61959
-0.810856		4.56738
-0.808856		6.13394
-0.806856		8.85207
-0.804856		13.6005
-0.802856		20.3979
-0.800856		24.8858
-0.798856		23.1495
-0.796856		16.6844
-0.794856		10.9011
-0.792856		7.46963
-0.790856		5.56749
-0.788856		4.49859
-0.786856		3.90223
-0.784856		3.60455
-0.782856		3.52814
-0.780856		3.65392
-0.778856		4.01323
-0.776856		4.7051
-0.774856		5.94933
-0.772856		8.18554
-0.770856		12.0093
-0.768856		16.4594
-0.766856		16.8893
-0.764856		14.5728
-0.762856		14.5079
-0.760856		17.0065
-0.758856		17.5343
-0.756856		13.7359
-0.754856		10.3357
-0.752856		8.93644
-0.750856		9.32933
-0.748856		11.6071
-0.746856		15.3101
-0.744856		16.1976
-0.742856		12.4863
-0.740856		9.00813
-0.738856		7.16686
-0.736856		6.50572
-0.734856		6.73437
-0.732856		7.93536
-0.730856		10.5459
-0.728856		14.6932
-0.726856		17.12
-0.724856		14.5685
-0.722856		11.6396
-0.720856		10.8735
-0.718856		12.412
-0.716856		16.2221
-0.714856		19.7326
-0.712856		18.952
-0.710856		18.0769
-0.708856		19.7198
-0.706856		19.3055
-0.704856		15.3677
-0.702856		12.6943
-0.700856		12.7175
-0.698856		15.2589
-0.696856		17.8044
-0.694856		15.5435
-0.692856		11.4174
-0.690856		8.86807
-0.688856		7.85886
-0.686856		8.0146
-0.684856		9.38661
-0.682856		12.4498
-0.680856		17.1902
-0.678856		19.9878
-0.676856		19.1135
-0.674856		19.4649
-0.672856		19.2575
-0.670856		14.872
-0.668856		10.4075
-0.666856		7.74361
-0.664856		6.34284
-0.662856		5.68682
-0.660856		5.53457
-0.658856		5.83446
-0.656856		6.69826
-0.654856		8.45687
-0.652856		11.6721
-0.650856		16.0106
-0.648856		17.1927
-0.646856		14.0435
-0.644856		11.5402
-0.642856		11.1187
-0.640856		12.7594
-0.638856		17.0158
-0.636856		24.5956
-0.634856		31.4472
-0.632856		28.5433
-0.630856		21.9418
-0.628856		19.1805
-0.626856		20.5299
-0.624856		22.3827
-0.622856		20.3191
-0.620856		18.4272
-0.618856		19.6385
-0.616856		20.5616
-0.614856		17.0391
-0.612856		13.0988
-0.610856		11.1803
-0.608856		11.096
-0.606856		12.8007
-0.604856		16.6004
-0.602856		20.9879
-0.600856		21.4097
-0.598856		20.5101
-0.596856		22.79
-0.594856		26.1459
-0.592856		26.7675
-0.590856		29.3128
-0.588856		34.5626
-0.586856		32.7403
-0.584856		24.9296
-0.582856		20.2085
-0.580856		19.9367
-0.578856		21.238
-0.576856		18.5424
-0.574856		13.7863
-0.572856		10.6423
-0.570856		9.12002
-0.568856		8.69462
-0.566856		9.17716
-0.564856		10.7364
-0.562856		13.9786
-0.560856		19.9411
-0.558856		28.0405
-0.556856		31.0002
-0.554856		25.4377
-0.552856		19.8894
-0.550856		18.4306
-0.548856		21.3038
-0.546856		27.9522
-0.544856		31.5253
-0.542856		25.0187
-0.540856		16.9825
-0.538856		12.0116
-0.536856		9.30429
-0.534856		7.86469
-0.532856		7.17311
-0.530856		7.00345
-0.528856		7.30065
-0.526856		8.15017
-0.524856		9.82587
-0.522856		12.9263
-0.520856		18.4342
-0.518856		26.1426
-0.516856		30.4103
-0.514856		26.7177
-0.512856		20.5752
-0.510856		17.4333
-0.508856		17.822
-0.506856		21.9218
-0.504856		30.4549
-0.502856		40.427
-0.500856		41.7813
-0.498856		31.958
-0.496856		22.0509
-0.494856		16.4381
-0.492856		14.011
-0.490856		13.8454
-0.488856		15.8949
-0.486856		20.289
-0.484856		24.3278
-0.482856		24.7466
-0.480856		25.1223
-0.478856		23.5486
-0.476856		19.5438
-0.474856		17.8295
-0.472856		19.4464
-0.470856		21.741
-0.468856		19.682
-0.466856		16.0869
-0.464856		14.631
-0.462856		15.7032
-0.460856		19.3878
-0.458856		24.1687
-0.456856		25.5987
-0.454856		26.0761
-0.452856		27.6546
-0.450856		26.3927
-0.448856		25.6523
-0.446856		28.659
-0.444856		31.7967
-0.442856		33.2162
-0.440856		36.3672
-0.438856		39.2354
-0.436856		44.6598
-0.434856		50.0008
-0.432856		45.8449
-0.430856		36.1837
-0.428856		29.3642
-0.426856		28.227
-0.424856		30.8831
-0.422856		32.0824
-0.420856		32.9248
-0.418856		38.361
-0.416856		43.3287
-0.414856		40.5062
-0.412856		38.6944
-0.410856		41.5896
-0.408856		43.875
-0.406856		43.6826
-0.404856		41.5908
-0.402856		37.8095
-0.400856		32.6247
-0.398856		25.2975
-0.396856		19.7361
-0.394856		17.1223
-0.392856		16.8361
-0.390856		18.768
-0.388856		23.6272
-0.386856		32.1683
-0.384856		40.685
-0.382856		42.2167
-0.380856		41.228
-0.378856		40.9851
-0.376856		42.6836
-0.374856		49.0857
-0.372856		50.5101
-0.370856		40.5277
-0.368856		29.7267
-0.366856		24.0433
-0.364856		22.9267
-0.362856		25.6919
-0.360856		30.5798
-0.358856		33.2157
-0.356856		35.7024
-0.354856		38.9685
-0.352856		41.9022
-0.350856		44.3917
-0.348856		41.1876
-0.346856		36.3688
-0.344856		31.4443
-0.342856		24.9179
-0.340856		20.6867
-0.338856		19.7357
-0.336856		21.9032
-0.334856		26.9398
-0.332856		31.5559
-0.330856		34.068
-0.328856		39.5493
-0.326856		43.6721
-0.324856		40.3506
-0.322856		38.666
-0.320856		41.1218
-0.318856		43.401
-0.316856		45.5502
-0.314856		46.03
-0.312856		42.8975
-0.310856		35.2211
-0.308856		28.0892
-0.306856		25.4844
-0.304856		27.4599
-0.302856		31.9488
-0.300856		34.3027
-0.298856		35.6894
-0.296856		35.7897
-0.294856		35.1531
-0.292856		33.504
-0.290856		30.8016
-0.288856		31.8834
-0.286856		36.0311
-0.284856		38.9144
-0.282856		44.0958
-0.280856		53.0765
-0.278856		59.4662
-0.276856		61.4644
-0.274856		58.1554
-0.272856		48.2021
-0.270856		39.3095
-0.268856		37.415
-0.266856		41.3835
-0.264856		45.0781
-0.262856		44.688
-0.260856		44.1391
-0.258856		48.1346
-0.256856		51.7487
-0.254856		52.0971
-0.252856		51.7446
-0.250856		47.1765
-0.248856		40.8612
-0.246856		40.2011
-0.244856		44.2982
-0.242856		44.7793
-0.240856		40.4479
-0.238856		37.87
-0.236856		34.925
-0.234856		31.1835
-0.232856		31.269
-0.230856		36.9712
-0.228856		48.9104
-0.226856		62.2305
-0.224856		71.4792
-0.222856		78.4323
-0.220856		73.8154
-0.218856		64.1252
-0.216856		57.3815
-0.214856		47.7633
-0.212856		37.6029
-0.210856		32.8309
-0.208856		32.6017
-0.206856		31.0273
-0.204856		26.9216
-0.202856		25.0106
-0.200856		26.7287
-0.198856		32.46
-0.196856		41.0059
-0.194856		48.5533
-0.192856		56.0479
-0.190856		65.683
-0.188856		74.696
-0.186856		70.2997
-0.184856		58.4153
-0.182856		47.4241
-0.180856		39.476
-0.178856		37.8906
-0.176856		42.6777
-0.174856		49.9654
-0.172856		54.5614
-0.170856		58.6217
-0.168856		67.1486
-0.166856		75.0648
-0.164856		73.7378
-0.162856		67.3062
-0.160856		58.7262
-0.158856		47.4683
-0.156856		42.02
-0.154856		43.4789
-0.152856		46.7295
-0.150856		49.6518
-0.148856		52.8043
-0.146856		56.2423
-0.144856		60.4541
-0.142856		61.8151
-0.140856		52.6485
-0.138856		41.2512
-0.136856		36.1349
-0.134856		37.2546
-0.132856		40.1037
-0.130856		41.9733
-0.128856		46.1059
-0.126856		47.4189
-0.124856		43.7899
-0.122856		42.6956
-0.120856		44.4594
-0.118856		46.8974
-0.116856		54.5553
-0.114856		62.29
-0.112856		60.567
-0.110856		57.5107
-0.108856		59.5928
-0.106856		59.7582
-0.104856		53.539
-0.102856		46.8819
-0.100856		41.6805
-0.0988563		36.8284
-0.0968563		36.0067
-0.0948563		36.4718
-0.0928563		34.5866
-0.0908563		35.3303
-0.0888563		42.3583
-0.0868563		54.4942
-0.0848563		59.0038
-0.0828563		51.5603
-0.0808563		47.8786
-0.0788563		53.8457
-0.0768563		66.4671
-0.0748563		74.1246
-0.0728563		73.9283
-0.0708563		73.3535
-0.0688563		74.6585
-0.0668563		72.0696
-0.0648563		65.3488
-0.0628563		59.0049
-0.0608563		58.3242
-0.0588563		59.9115
-0.0568563		57.5888
-0.0548563		52.9375
-0.0528563		49.1207
-0.0508563		50.0991
-0.0488563		52.7661
-0.0468563		57.4521
-0.0448563		65.2457
-0.0428563		76.1065
-0.0408563		88.855
-0.0388563		93.8061
-0.0368563		81.7456
-0.0348563		67.039
-0.0328563		57.3349
-0.0308563		51.4035
-0.0288563		52.8728
-0.0268563		60.9748
-0.0248563		71.1134
-0.0228563		82.621
-0.0208563		92.3422
-0.0188563		90.713
-0.0168563		84.6868
-0.0148563		80.7979
-0.0128563		78.527
-0.0108563		83.7009
-0.00885629		89.349
-0.00685629		88.8523
-0.00485629		84.6847
-0.00285629		82.8173
-0.000856295		81.4534
0.00114371		72.1722
0.00314371		58.2017
0.00514371		50.7709
0.00714371		48.7276
0.00914371		46.8489
0.0111437		49.2815
0.0131437		58.4375
0.0151437		64.5079
0.0171437		59.2176
0.0191437		54.6789
0.0211437		57.3244
0.0231437		62.5323
0.0251437		68.3418
0.0271437		74.4393
0.0291437		81.5838
0.0311437		83.3856
0.0331437		72.9157
0.0351437		62.4796
0.0371437		56.142
0.0391437		53.334
0.0411437		54.8699
0.0431437		58.1732
0.0451437		67.3936
0.0471437		78.6116
0.0491437		80.4673
0.0511437		75.9975
0.0531437		75.3466
0.0551437		78.5868
0.0571437		81.8213
0.0591437		80.6302
0.0611437		76.4605
0.0631437		69.5996
0.0651437		68.1965
0.0671437		73.6543
0.0691437		75.9212
0.0711437		68.8183
0.0731437		58.4781
0.0751437		55.484
0.0771437		63.0592
0.0791437		81.3707
0.0811437		101.737
0.0831437		106.747
0.0851437		99.4779
0.0871437		93.8276
0.0891437		90.9364
0.0911437		90.8435
0.0931437		90.1461
0.0951437		87.1169
0.0971437		79.6692
0.0991437		74.0008
0.101144		74.7311
0.103144		80.1407
0.105144		84.5374
0.107144		80.6589
0.109144		73.1687
0.111144		73.896
0.113144		82.2268
0.115144		90.4335
0.117144		92.7117
0.119144		93.973
0.121144		93.9196
0.123144		93.5298
0.125144		96.7387
0.127144		94.8672
0.129144		92.2752
0.131144		85.5857
0.133144		71.399
0.135144		58.5648
0.137144		54.6899
0.139144		59.2851
0.141144		64.2157
0.143144		64.4905
0.145144		70.3816
0.147144		81.4653
0.149144		83.9604
0.151144		77.545
0.153144		76.6414
0.155144		81.5162
0.157144		86.8334
0.159144		89.6956
0.161144		91.6024
0.163144		87.9983
0.165144		73.4077
0.167144		60.5087
0.169144		57.289
0.171144		60.9857
0.173144		67.2846
0.175144		81.4195
0.177144		103.303
0.179144		114.379
0.181144		107.932
0.183144		100.149
0.185144		99.1869
0.187144		96.2868
0.189144		85.811
0.191144		80.3994
0.193144		86.3254
0.195144		95.1113
0.197144		99.4734
0.199144		95.8609
0.201144		87.1182
0.203144		80.2421
0.205144		75.2141
0.207144		66.3832
0.209144		61.0323
0.211144		65.4304
0.213144		77.5406
0.215144		90.5997
0.217144		97.9267
0.219144		98.5715
0.221144		101.044
0.223144		108.295
0.225144		116.759
0.227144		120.981
0.229144		113.821
0.231144		100.386
0.233144		91.9159
0.235144		87.7588
0.237144		86.7331
0.239144		92.6425
0.241144		100.664
0.243144		104.155
0.245144		105.199
0.247144		104.982
0.249144		103.864
0.251144		105.291
0.253144		108.157
0.255144		110.816
0.257144		112.58
0.259144		108.232
0.261144		98.9711
0.263144		82.0884
0.265144		66.3356
0.267144		60.5248
0.269144		64.5993
0.271144		75.3551
0.273144		90.1895
0.275144		104.353
0.277144		104.673
0.279144		100.815
0.281144		105.683
0.283144		109.234
0.285144		106.29
0.287144		111.279
0.289144		115.722
0.291144		103.905
0.293144		87.1511
0.295144		79.4372
0.297144		86.2466
0.299144		105.229
0.301144		123.521
0.303144		130.739
0.305144		128.565
0.307144		118.694
0.309144		106.123
0.311144		93.154
0.313144		85.9268
0.315144		90.2465
0.317144		100.264
0.319144		101.893
0.321144		93.2979
0.323144		90.2006
0.325144		102.556
0.327144		121.253
0.329144		128.264
0.331144		127.362
0.333144		120.331
0.335144		113.419
0.337144		114.095
0.339144		112.687
0.341144		101.443
0.343144		90.5206
0.345144		82.6336
0.347144		78.6362
0.349144		85.0302
0.351144		99.2222
0.353144		107.433
0.355144		104.533
0.357144		96.8718
0.359144		97.1616
0.361144		105.442
0.363144		117.443
0.365144		131.216
0.367144		132.847
0.369144		121.293
0.371144		112.451
0.373144		109.47
0.375144		110.102
0.377144		117.355
0.379144		125.689
0.381144		129.094
0.383144		122.573
0.385144		109.021
0.387144		100.427
0.389144		101.877
0.391144		109.482
0.393144		115.837
0.395144		114.678
0.397144		111.35
0.399144		116.947
0.401144		120.961
0.403144		116.983
0.405144		108.446
0.407144		98.8332
0.409144		95.5747
0.411144		100.772
0.413144		110.52
0.415144		119.621
0.417144		132.515
0.419144		149.3
0.421144		159.412
0.423144		154.152
0.425144		143.468
0.427144		139.33
0.429144		142.174
0.431144		146.182
0.433144		142.821
0.435144		137.198
0.437144		135.518
0.439144		137.923
0.441144		138.688
0.443144		139.366
0.445144		143.04
0.447144		143.767
0.449144		137.844
0.451144		130.598
0.453144		128.758
0.455144		127.933
0.457144		126.523
0.459144		120.021
0.461144		112.385
0.463144		109.312
0.465144		111.914
0.467144		114.668
0.469144		120.214
0.471144		129.419
0.473144		139.869
0.475144		143.203
0.477144		141.377
0.479144		137.541
0.481144		129.842
0.483144		126.001
0.485144		126.727
0.487144		131.96
0.489144		140.429
0.491144		142.644
0.493144		136.245
0.495144		125.728
0.497144		121.11
0.499144		118.792
0.501144		116.805
0.503144		119.563
0.505144		124.761
0.507144		129.647
0.509144		134.604
0.511144		142.644
0.513144		153.477
0.515144		161.313
0.517144		164.346
0.519144		162.234
0.521144		152.74
0.523144		140.327
0.525144		134.515
0.527144		138.795
0.529144		142.301
0.531144		140.562
0.533144		147.909
0.535144		160.571
0.537144		166.673
0.539144		170.185
0.541144		173.377
0.543144		169.436
0.545144		168.258
0.547144		174.678
0.549144		180.135
0.551144		169.396
0.553144		154.574
0.555144		147.784
0.557144		146.895
0.559144		152.65
0.561144		163.656
0.563144		167.367
0.565144		148.547
0.567144		128.27
0.569144		123.444
0.571144		130.224
0.573144		145.16
0.575144		160.776
0.577144		175.405
0.579144		182.951
0.581144		175.595
0.583144		164.21
0.585144		161.735
0.587144		156.503
0.589144		141.688
0.591144		129.919
0.593144		128.649
0.595144		130.001
0.597144		128.502
0.599144		127.034
0.601144		129.432
0.603144		136.04
0.605144		148.95
0.607144		155.33
0.609144		151.252
0.611144		148.787
0.613144		150.385
0.615144		153.752
0.617144		147.072
0.619144		128.707
0.621144		118.744
0.623144		122.568
0.625144		142.341
0.627144		168.311
0.629144		181.583
0.631144		175.111
0.633144		162.36
0.635144		157.246
0.637144		158.138
0.639144		168.004
0.641144		173.118
0.643144		169.577
0.645144		163.972
0.647144		163.691
0.649144		162.409
0.651144		157.679
0.653144		154.035
0.655144		158.356
0.657144		165.627
0.659144		165.967
0.661144		170.22
0.663144		171.645
0.665144		154.924
0.667144		138.191
0.669144		132.207
0.671144		137.017
0.673144		146.075
0.675144		146.648
0.677144		137.012
0.679144		122.769
0.681144		110.922
0.683144		109.59
0.685144		122.184
0.687144		138.561
0.689144		144.638
0.691144		134.819
0.693144		125.802
0.695144		134.466
0.697144		152.053
0.699144		161.495
0.701144		158.644
0.703144		161.088
0.705144		177.863
0.707144		189.61
0.709144		188.196
0.711144		175.258
0.713144		159.15
0.715144		145.333
0.717144		132.39
0.719144		127.371
0.721144		131.751
0.723144		142.828
0.725144		161.838
0.727144		175.921
0.729144		176.547
0.731144		178.404
0.733144		185.727
0.735144		180.098
0.737144		171.352
0.739144		162.401
0.741144		152.771
0.743144		157.327
0.745144		166.978
0.747144		168.24
0.749144		162.27
0.751144		154.449
0.753144		154.145
0.755144		158.121
0.757144		160.851
0.759144		162.585
0.761144		161.922
0.763144		162.667
0.765144		179.431
0.767144		195.155
0.769144		199.094
0.771144		197.318
0.773144		189.475
0.775144		183.034
0.777144		181.863
0.779144		185.724
0.781144		190.517
0.783144		189.768
0.785144		172.098
0.787144		154.479
0.789144		146.96
0.791144		142.091
0.793144		142.618
0.795144		147.163
0.797144		156.185
0.799144		168.083
0.801144		173.685
0.803144		183.151
0.805144		199.733
0.807144		204.943
0.809144		196.385
0.811144		193.464
0.813144		195.087
0.815144		194.672
0.817144		197.96
0.819144		201.816
0.821144		204.722
0.823144		209.508
0.825144		207.479
0.827144		193.171
0.829144		182.21
0.831144		182.852
0.833144		193.27
0.835144		205.966
0.837144		214.018
0.839144		215.042
0.841144		205.609
0.843144		187.51
0.845144		179.337
0.847144		177.979
0.849144		178.543
0.851144		175.747
0.853144		177.33
0.855144		184.06
0.857144		186.57
0.859144		190.793
0.861144		199.163
0.863144		205.866
0.865144		210.085
0.867144		201.743
0.869144		185.446
0.871144		175.222
0.873144		170.771
0.875144		165.059
0.877144		161.966
0.879144		164.268
0.881144		169.684
0.883144		173.856
0.885144		181.287
0.887144		188.88
0.889144		200.98
0.891144		217.986
0.893144		217.547
0.895144		199.95
0.897144		190.154
0.899144		194.86
0.901144		203.314
0.903144		207.398
0.905144		206.728
0.907144		201.651
0.909144		193.007
0.911144		179.752
0.913144		170.088
0.915144		175.859
0.917144		192.142
0.919144		202.669
0.921144		207.023
0.923144		205.471
0.925144		197.084
0.927144		194.394
0.929144		200.671
0.931144		203.36
0.933144		201.781
0.935144		197.668
0.937144		189.259
0.939144		182.211
0.941144		175.432
0.943144		178.703
0.945144		191.089
0.947144		200.215
0.949144		191.776
0.951144		181.397
0.953144		179.622
0.955144		181.319
0.957144		183.052
0.959144		192.772
0.961144		212.594
0.963144		226.818
0.965144		230.37
0.967144		234.85
0.969144		235.076
0.971144		216.287
0.973144		195.952
0.975144		194.895
0.977144		207.44
0.979144		213.819
0.981144		209.315
0.983144		197.611
0.985144		199.816
0.987144		215.454
0.989144		222.34
0.991144		211.305
0.993144		189.263
0.995144		165.803
0.997144		162.817
0.999144		179.549
1.00114		201.134
1.00314		218.388
1.00514		221.299
1.00714		214.42
1.00914		202.467
1.01114		191.519
1.01314		188.222
1.01514		193.225
1.01714		194.001
1.01914		188.825
1.02114		183.13
1.02314		177.143
1.02514		175.791
1.02714		187.378
1.02914		194.882
1.03114		189.09
1.03314		188.956
1.03514		206.76
1.03714		232.455
1.03914		251.551
1.04114		259.594
1.04314		252.322
1.04514		237.248
1.04714		218.32
1.04914		203.808
1.05114		202.524
1.05314		207.729
1.05514		200.527
1.05714		185.616
1.05914		187.228
1.06114		195.34
1.06314		194.382
1.06514		192.487
1.06714		195.671
1.06914		207.645
1.07114		219.834
1.07314		229.79
1.07514		236.862
1.07714		236.847
1.07914		232.862
1.08114		235.499
1.08314		243.216
1.08514		249.89
1.08714		250.005
1.08914		251.402
1.09114		247.95
1.09314		229.397
1.09514		217.522
1.09714		223.229
1.09914		230.017
1.10114		225.313
1.10314		215.556
1.10514		210.38
1.10714		207.437
1.10914		201.646
1.11114		198.194
1.11314		200.252
1.11514		203.949
1.11714		202.376
1.11914		198.543
1.12114		200.001
1.12314		203.333
1.12514		202.169
1.12714		204.974
1.12914		224.127
1.13114		239.001
1.13314		234.972
1.13514		227.198
1.13714		225.323
1.13914		236.938
1.14114		252.075
1.14314		259.134
1.14514		261.887
1.14714		256.214
1.14914		241.413
1.15114		231.06
1.15314		232.81
1.15514		240.175
1.15714		248.938
1.15914		255.936
1.16114		260.878
1.16314		264.563
1.16514		262.426
1.16714		254.827
1.16914		241.249
1.17114		233.661
1.17314		238.545
1.17514		251.993
1.17714		266.49
1.17914		275.778
1.18114		269.606
1.18314		246.662
1.18514		223.229
1.18714		218.884
1.18914		232.258
1.19114		240.065
1.19314		248.769
1.19514		263.208
1.19714		265.427
1.19914		258.128
1.20114		256.551
1.20314		263.876
1.20514		270.516
1.20714		267.661
1.20914		266.197
1.21114		265.723
1.21314		262.83
1.21514		273.02
1.21714		296.998
1.21914		309.259
1.22114		287.977
1.22314		258.367
1.22514		246.546
1.22714		248.654
1.22914		255.932
1.23114		265.056
1.23314		268.127
1.23514		271.352
1.23714		277.118
1.23914		279.615
1.24114		277.812
1.24314		279.626
1.24514		285.102
1.24714		293.399
1.24914		297.015
1.25114		287.417
1.25314		272.267
1.25514		263.745
1.25714		257.405
1.25914		254.205
1.26114		255.684
1.26314		258.417
1.26514		264.421
1.26714		280.185
1.26914		297.721
1.27114		301.131
1.27314		288.166
1.27514		273.735
1.27714		264.442
1.27914		263.702
1.28114		273.36
1.28314		282.808
1.28514		285.169
1.28714		286.84
1.28914		288.053
1.29114		284.025
1.29314		272.448
1.29514		259.566
1.29714		242.318
1.29914		224.951
1.30114		220.393
1.30314		229.627
1.30514		249.29
1.30714		274.371
1.30914		289.7
1.31114		295.636
1.31314		294.417
1.31514		283.726
1.31714		268.767
1.31914		257.942
1.32114		255.73
1.32314		261.007
1.32514		270.8
1.32714		282.713
1.32914		286.337
1.33114		278.512
1.33314		272.131
1.33514		275.35
1.33714		276.033
1.33914		265.981
1.34114		253.007
1.34314		248.959
1.34514		247.513
1.34714		241.853
1.34914		238.123
1.35114		239.462
1.35314		245.105
1.35514		250.694
1.35714		245.047
1.35914		235.497
1.36114		238.975
1.36314		251.762
1.36514		255.095
1.36714		250.304
1.36914		244.457
1.37114		240.717
1.37314		237.671
1.37514		230.885
1.37714		234.701
1.37914		250.792
1.38114		262.871
1.38314		270.962
1.38514		279.025
1.38714		288.763
1.38914		295.323
1.39114		292.531
1.39314		282.944
1.39514		275.605
1.39714		273.49
1.39914		276.805
1.40114		282.784
1.40314		288.783
1.40514		293.477
1.40714		292.14
1.40914		288.777
1.41114		297.493
1.41314		305.604
1.41514		305.62
1.41714		300.627
1.41914		292.631
1.42114		284.402
1.42314		283.318
1.42514		287.846
1.42714		295.373
1.42914		308.977
1.43114		322.924
1.43314		320.647
1.43514		310.461
1.43714		305.481
1.43914		306.58
1.44114		312.433
1.44314		313.932
1.44514		305.724
1.44714		298.27
1.44914		294.695
1.45114		288.731
1.45314		288.501
1.45514		291.839
1.45714		293.695
1.45914		296.221
1.46114		309.683
1.46314		321.04
1.46514		324.967
1.46714		312.678
1.46914		296.605
1.47114		292.418
1.47314		287.014
1.47514		277.065
1.47714		270.52
1.47914		269.815
1.48114		277.889
1.48314		296.409
1.48514		312.526
1.48714		320.137
1.48914		335.784
1.49114		337.37
1.49314		318.391
1.49514		309.313
1.49714		305.275
1.49914		306.748
1.50114		312.777
1.50314		312.232
1.50514		299.083
1.50714		292.101
1.50914		302.793
1.51114		323.487
1.51314		326.209
1.51514		316.383
1.51714		314.208
1.51914		314.236
1.52114		302.238
1.52314		295.398
1.52514		296
1.52714		293.026
1.52914		287.555
1.53114		293.287
1.53314		308.694
1.53514		312.734
1.53714		316.327
1.53914		332.385
1.54114		343.327
1.54314		340.599
1.54514		328.158
1.54714		308.107
1.54914		292.828
1.55114		288.429
1.55314		286.396
1.55514		282.909
1.55714		280.581
1.55914		271.493
1.56114		264.628
1.56314		272.402
1.56514		279.627
1.56714		273.799
1.56914		267.028
1.57114		265.211
1.57314		261.348
1.57514		269.68
1.57714		297.916
1.57914		316.993
1.58114		322.817
1.58314		331.147
1.58514		341.309
1.58714		333.793
1.58914		320.375
1.59114		317.088
1.59314		318.106
1.59514		316.214
1.59714		313.311
1.59914		313.855
1.60114		320.357
1.60314		329.209
1.60514		334.486
1.60714		330.165
1.60914		332.09
1.61114		352.833
1.61314		358.284
1.61514		336.277
1.61714		310.997
1.61914		294.134
1.62114		292.023
1.62314		306.551
1.62514		323.809
1.62714		335.559
1.62914		340.58
1.63114		339.898
1.63314		334.436
1.63514		324.5
1.63714		319.793
1.63914		310.262
1.64114		293.714
1.64314		292.632
1.64514		307.877
1.64714		319.743
1.64914		325.245
1.65114		329.161
1.65314		333.506
1.65514		328.333
1.65714		312.048
1.65914		304.309
1.66114		310.767
1.66314		316.112
1.66514		311.367
1.66714		299.074
1.66914		289.3
1.67114		283.062
1.67314		297.434
1.67514		333.395
1.67714		362.583
1.67914		373.37
1.68114		369.25
1.68314		353.846
1.68514		323.098
1.68714		300.068
1.68914		295.052
1.69114		308.92
1.69314		321.814
1.69514		328.922
1.69714		336.025
1.69914		331.272
1.70114		323.5
1.70314		328.722
1.70514		336.434
1.70714		339.173
1.70914		343.951
1.71114		348.265
1.71314		358.424
1.71514		371.925
1.71714		367.39
1.71914		350.28
1.72114		343.925
1.72314		357.095
1.72514		364.566
1.72714		360.135
1.72914		347.083
1.73114		335.38
1.73314		324.644
1.73514		311.859
1.73714		310.469
1.73914		319.983
1.74114		329.606
1.74314		334.076
1.74514		336.834
1.74714		340.966
1.74914		337.997
1.75114		322.961
1.75314		311.148
1.75514		302.502
1.75714		290.583
1.75914		291.803
1.76114		312.032
1.76314		336.603
1.76514		356.068
1.76714		374.302
1.76914		386.102
1.77114		380.609
1.77314		372.949
1.77514		376.095
1.77714		374.261
1.77914		358.683
1.78114		347.63
1.78314		347.019
1.78514		351.356
1.78714		357.653
1.78914		370.202
1.79114		379.214
1.79314		372.613
1.79514		364.654
1.79714		361.625
1.79914		363.365
1.80114		360.331
1.80314		339.824
1.80514		319.38
1.80714		318.704
1.80914		330.465
1.81114		331.509
1.81314		324.528
1.81514		330.051
1.81714		345.995
1.81914		355.948
1.82114		356.133
1.82314		353.389
1.82514		344.728
1.82714		330.899
1.82914		327.815
1.83114		333.906
1.83314		340.705
1.83514		338.268
1.83714		335.548
1.83914		350.279
1.84114		366.21
1.84314		355.205
1.84514		338.618
1.84714		320.181
1.84914		302.036
1.85114		301.764
1.85314		314.473
1.85514		335.311
1.85714		357.537
1.85914		361.005
1.86114		351.684
1.86314		346.362
1.86514		334.192
1.86714		316.193
1.86914		309.705
1.87114		319.632
1.87314		340.865
1.87514		359.805
1.87714		362.395
1.87914		358.305
1.88114		360.193
1.88314		362.409
1.88514		372.359
1.88714		389.207
1.88914		401
1.89114		395.238
1.89314		381.57
1.89514		363.541
1.89714		346.722
1.89914		331.837
1.90114		324.091
1.90314		327.486
1.90514		325.375
1.90714		309.443
1.90914		306.042
1.91114		316.686
1.91314		321.534
1.91514		331.715
1.91714		349.918
1.91914		360.279
1.92114		350.956
1.92314		335.762
1.92514		331.761
1.92714		328.734
1.92914		329.738
1.93114		345.787
1.93314		361.209
1.93514		365.835
1.93714		359.993
1.93914		347.191
1.94114		337.162
1.94314		347.943
1.94514		372.508
1.94714		383.422
1.94914		373.498
1.95114		360.7
1.95314		349.896
1.95514		348.578
1.95714		354.219
1.95914		352.785
1.96114		342.188
1.96314		344.918
1.96514		358.741
1.96714		365.815
1.96914		367.685
1.97114		370.739
1.97314		386.276
1.97514		406.961
1.97714		422.037
1.97914		422.261
1.98114		398.737
1.98314		368.054
1.98514		353.268
1.98714		356.74
1.98914		371.576
1.99114		381.202
1.99314		382.056
1.99514		384.404
1.99714		381.426
1.99914		376.828
2.00114		383.679
2.00314		400.379
2.00514		412.844
2.00714		417.978
2.00914		421.409
2.01114		418.936
2.01314		413.028
2.01514		405.536
2.01714		392.516
2.01914		371.492
2.02114		348.594
2.02314		339.201
2.02514		343.649
2.02714		344.315
2.02914		343.313
2.03114		347.553
2.03314		357.896
2.03514		364.109
2.03714		363.327
2.03914		375.375
2.04114		388.63
2.04314		393.35
2.04514		402.459
2.04714		398.298
2.04914		385.894
2.05114		382.972
2.05314		381.098
2.05514		374.005
2.05714		357.212
2.05914		343.252
2.06114		339.058
2.06314		335.294
2.06514		339.273
2.06714		345.167
2.06914		351.211
2.07114		358.818
2.07314		359.571
2.07514		353.284
2.07714		346.837
2.07914		346.742
2.08114		346.91
2.08314		351.065
2.08514		350.5
2.08714		350.721
2.08914		356.888
2.09114		355.568
2.09314		347.458
2.09514		345.46
2.09714		354.27
2.09914		350.477
2.10114		353.535
2.10314		376.063
2.10514		395.386
2.10714		392.851
2.10914		379.97
2.11114		382.342
2.11314		393.909
2.11514		394.376
2.11714		386.143
2.11914		379.882
2.12114		370.968
2.12314		357.044
2.12514		354.713
2.12714		362.075
2.12914		374.717
2.13114		379.666
2.13314		371.775
2.13514		357.318
2.13714		344.781
2.13914		333.588
2.14114		328.055
2.14314		330.987
2.14514		337.287
2.14714		344.153
2.14914		356.166
2.15114		378.652
2.15314		401.768
2.15514		406.368
2.15714		399.642
2.15914		388.962
2.16114		378.158
2.16314		367.217
2.16514		363.413
2.16714		365.542
2.16914		364.666
2.17114		365.817
2.17314		380.591
2.17514		405.711
2.17714		433.958
2.17914		446.333
2.18114		436.622
2.18314		413.119
2.18514		384.182
2.18714		364.177
2.18914		357.697
2.19114		352.654
2.19314		356.667
2.19514		371.484
2.19714		379.028
2.19914		378.527
2.20114		383.404
2.20314		390.094
2.20514		386.949
2.20714		387.096
2.20914		384.711
2.21114		367.83
2.21314		354.079
2.21514		360.077
2.21714		381.025
2.21914		388.348
2.22114		372.953
2.22314		359.786
2.22514		364.774
2.22714		369.202
2.22914		363.702
2.23114		353.884
2.23314		345.167
2.23514		348.946
2.23714		355.073
2.23914		362.238
2.24114		359.643
2.24314		348.961
2.24514		346.644
2.24714		349.021
2.24914		352.731
2.25114		349.918
2.25314		333.326
2.25514		326.618
2.25714		332.505
2.25914		338.03
2.26114		342.478
2.26314		340.387
2.26514		347.016
2.26714		369.794
2.26914		374.273
2.27114		360.421
2.27314		357.181
2.27514		360.189
2.27714		363.141
2.27914		367.533
2.28114		371.722
2.28314		378.764
2.28514		399.837
2.28714		422.804
2.28914		426.301
2.29114		411.243
2.29314		391.259
2.29514		379.195
2.29714		370.44
2.29914		365.927
2.30114		358.366
2.30314		350.529
2.30514		349.046
2.30714		361.612
2.30914		388.669
2.31114		411.475
2.31314		414.479
2.31514		393.367
2.31714		375.484
2.31914		375.653
2.32114		387.269
2.32314		405.785
2.32514		411.046
2.32714		398.29
2.32914		388.078
2.33114		377.912
2.33314		360.624
2.33514		341.005
2.33714		341.906
2.33914		357.251
2.34114		372.269
2.34314		384.799
2.34514		391.866
2.34714		379.943
2.34914		367.655
2.35114		379.178
2.35314		397.668
2.35514		402.874
2.35714		391.217
2.35914		393.882
2.36114		417.104
2.36314		424.41
2.36514		430.629
2.36714		450.196
2.36914		464.186
2.37114		464.846
2.37314		444.627
2.37514		408.031
2.37714		382.437
2.37914		373.235
2.38114		369.383
2.38314		373.391
2.38514		386.512
2.38714		384.913
2.38914		374.477
2.39114		358.777
2.39314		344.866
2.39514		345.443
2.39714		362.61
2.39914		382.665
2.40114		385.099
2.40314		375.659
2.40514		373.879
2.40714		391.367
2.40914		413.415
2.41114		412.954
2.41314		404.301
2.41514		395.779
2.41714		382.122
2.41914		374.359
2.42114		367.8
2.42314		359.878
2.42514		360.355
2.42714		367.098
2.42914		379.811
2.43114		397.044
2.43314		419.768
2.43514		438.446
2.43714		442.315
2.43914		424.551
2.44114		412.116
2.44314		410.693
2.44514		421.662
2.44714		443.517
2.44914		448.455
2.45114		440.403
2.45314		432.987
2.45514		427.933
2.45714		432.575
2.45914		436.631
2.46114		422.311
2.46314		405.71
2.46514		398.207
2.46714		389.587
2.46914		375.74
2.47114		371.671
2.47314		384.623
2.47514		389.359
2.47714		378.122
2.47914		368.839
2.48114		362.886
2.48314		359.919
2.48514		370.735
2.48714		385.666
2.48914		385.005
2.49114		372.099
2.49314		356.465
2.49514		347.468
2.49714		352.273
2.49914		357.232
2.50114		357.422
2.50314		361.864
2.50514		360.453
2.50714		359.957
2.50914		381.931
2.51114		415.601
2.51314		421.433
2.51514		404.439
2.51714		397.622
2.51914		404.065
2.52114		417.584
2.52314		418.797
2.52514		404.244
2.52714		384.115
2.52914		379.269
2.53114		382.664
2.53314		376.523
2.53514		364.484
2.53714		367.296
2.53914		370.917
2.54114		372.275
2.54314		378.282
2.54514		380.217
2.54714		378.347
2.54914		378.901
2.55114		379.803
2.55314		383.74
2.55514		393.278
2.55714		410.49
2.55914		403.441
2.56114		366.883
2.56314		341.773
2.56514		336.741
2.56714		339.842
2.56914		347.099
2.57114		363.634
2.57314		374.276
2.57514		376.998
2.57714		386.648
2.57914		390.459
2.58114		403.313
2.58314		416.428
2.58514		408.971
2.58714		387.481
2.58914		365.97
2.59114		352.783
2.59314		357.328
2.59514		369.67
2.59714		381.836
2.59914		395.514
2.60114		399.008
2.60314		398.331
2.60514		395.358
2.60714		382.583
2.60914		365.044
2.61114		367.552
2.61314		390.706
2.61514		419.158
2.61714		425.701
2.61914		408.79
2.62114		392.367
2.62314		374.862
2.62514		356.447
2.62714		349.101
2.62914		355.598
2.63114		357.588
2.63314		349.738
2.63514		351.596
2.63714		363.952
2.63914		375.68
2.64114		381.186
2.64314		376.236
2.64514		381.625
2.64714		399.92
2.64914		408.844
2.65114		392.613
2.65314		378.722
2.65514		381.675
2.65714		394.968
2.65914		403.681
2.66114		406.442
2.66314		405.366
2.66514		396.289
2.66714		380.968
2.66914		376.393
2.67114		376.249
2.67314		376.826
2.67514		390.557
2.67714		409.096
2.67914		416.52
2.68114		404.798
2.68314		390.794
2.68514		387.243
2.68714		383.493
2.68914		380.012
2.69114		381.676
2.69314		386.191
2.69514		382.18
2.69714		380.553
2.69914		385.266
2.70114		393.746
2.70314		405.378
2.70514		417.981
2.70714		427.151
2.70914		437.896
2.71114		441.419
2.71314		427.888
2.71514		413.983
2.71714		407.224
2.71914		398.41
2.72114		392.611
2.72314		387.163
2.72514		381.355
2.72714		378.275
2.72914		381.99
2.73114		396.282
2.73314		393.616
2.73514		379.419
2.73714		371.353
2.73914		370.845
2.74114		391.371
2.74314		418.656
2.74514		426.994
2.74714		409.611
2.74914		390.514
2.75114		386.039
2.75314		387.227
2.75514		384.776
2.75714		386.505
2.75914		402.174
2.76114		425.008
2.76314		433.728
2.76514		427.824
2.76714		426.238
2.76914		422.343
2.77114		404.956
2.77314		377.953
2.77514		354.493
2.77714		345.465
2.77914		350.279
2.78114		367.591
2.78314		383.934
2.78514		388.931
2.78714		388.951
2.78914		386.231
2.79114		384.732
2.79314		395.159
2.79514		411.833
2.79714		420.007
2.79914		418.046
2.80114		412.958
2.80314		401.916
2.80514		378.12
2.80714		357.145
2.80914		352.15
2.81114		356.938
2.81314		371.373
2.81514		395.328
2.81714		420.107
2.81914		428.034
2.82114		419.735
2.82314		414.222
2.82514		410.491
2.82714		388.351
2.82914		360.489
2.83114		347.508
2.83314		346.469
2.83514		355.905
2.83714		370.08
2.83914		369.432
2.84114		358.559
2.84314		353.496
2.84514		361.453
2.84714		374.372
2.84914		387.486
2.85114		390.145
2.85314		381.039
2.85514		373.083
2.85714		375.666
2.85914		387.148
2.86114		396.071
2.86314		392.211
2.86514		382.157
2.86714		376.662
2.86914		373.114
2.87114		366.877
2.87314		368.157
2.87514		384.241
2.87714		403.064
2.87914		413.065
2.88114		411.207
2.88314		407.046
2.88514		405.592
2.88714		393.134
2.88914		372.154
2.89114		365.047
2.89314		379.812
2.89514		392.634
2.89714		401.378
2.89914		410.717
2.90114		411.581
2.90314		404.272
2.90514		398.996
2.90714		395.892
2.90914		396.495
2.91114		394.443
2.91314		381.805
2.91514		374.257
2.91714		374.455
2.91914		375.091
2.92114		390.761
2.92314		412.835
2.92514		417.573
2.92714		419.172
2.92914		427.501
2.93114		437.394
2.93314		436.434
2.93514		422.188
2.93714		410.376
2.93914		405.621
2.94114		408.98
2.94314		404.647
2.94514		401.583
2.94714		409.367
2.94914		402.581
2.95114		375.269
2.95314		355.761
2.95514		355.625
2.95714		360.457
2.95914		359.618
2.96114		352.798
2.96314		337.331
2.96514		328.3
2.96714		347.162
2.96914		366.266
2.97114		361.126
2.97314		348.678
2.97514		345.812
2.97714		353.155
2.97914		357.459
2.98114		351.64
2.98314		345.877
2.98514		346.257
2.98714		351.355
2.98914		361.653
2.99114		388.047
2.99314		412.72
2.99514		415.044
2.99714		403.505
2.99914		393.852
3.00114		394.969
3.00314		393.534
3.00514		377.794
3.00714		358.508
3.00914		346.183
3.01114		340.043
3.01314		339.937
3.01514		336.15
3.01714		326.931
3.01914		322.229
3.02114		327.445
3.02314		343.533
3.02514		362.827
3.02714		379.822
3.02914		397.858
3.03114		398.02
3.03314		390.394
3.03514		396.057
3.03714		410.792
3.03914		413.518
3.04114		421.122
3.04314		434.372
3.04514		425.368
3.04714		393.412
3.04914		360.249
3.05114		354.006
3.05314		380.46
3.05514		398.06
3.05714		395.376
3.05914		382.779
3.06114		374.513
3.06314		375.933
3.06514		374.535
3.06714		379.414
3.06914		386.163
3.07114		385.255
3.07314		382.796
3.07514		389.074
3.07714		398.881
3.07914		396.018
3.08114		395.77
3.08314		403.175
3.08514		410.224
3.08714		411.16
3.08914		402.742
3.09114		388.838
3.09314		381.861
3.09514		383.386
3.09714		387.82
3.09914		395.021
3.10114		405.25
3.10314		405.975
3.10514		405.544
3.10714		402.027
3.10914		390.883
3.11114		390.912
3.11314		390.532
3.11514		384.608
3.11714		387.568
3.11914		403.729
3.12114		423.561
3.12314		434.118
3.12514		425.493
3.12714		412.343
3.12914		417.729
3.13114		434.853
3.13314		443.232
3.13514		437.046
3.13714		419.79
3.13914		409.675
3.14114		408.391
3.14314		405.123
3.14514		392.336
3.14714		368.524
3.14914		353.864
3.15114		371.933
3.15314		404.726
3.15514		423.656
3.15714		423.303
3.15914		400.115
3.16114		381.169
3.16314		387.084
3.16514		384.426
3.16714		364.171
3.16914		343.742
3.17114		336.623
3.17314		336.266
3.17514		341.279
3.17714		347.289
3.17914		357.967
3.18114		376.273
3.18314		395.998
3.18514		410.976
3.18714		406.346
3.18914		392.555
3.19114		382.126
3.19314		373.84
3.19514		379.183
3.19714		402.821
3.19914		419.742
3.20114		403.437
3.20314		383.498
3.20514		379.532
3.20714		377.563
3.20914		369.066
3.21114		357.665
3.21314		342.925
3.21514		332.611
3.21714		325.275
3.21914		332.694
3.22114		345.782
3.22314		345.786
3.22514		345.458
3.22714		356.252
3.22914		372.532
3.23114		387.435
3.23314		392.16
3.23514		393.012
3.23714		394.231
3.23914		392.718
3.24114		382.516
3.24314		359.804
3.24514		344.1
3.24714		342.13
3.24914		352.25
3.25114		360.075
3.25314		358.831
3.25514		357.23
3.25714		353.053
3.25914		359.564
3.26114		373.371
3.26314		369.399
3.26514		352.849
3.26714		345.092
3.26914		357.305
3.27114		378.302
3.27314		384.018
3.27514		369.869
3.27714		353.482
3.27914		343.418
3.28114		331.945
3.28314		322.917
3.28514		323.595
3.28714		324.33
3.28914		329.457
3.29114		341.92
3.29314		341.8
3.29514		336.07
3.29714		336.311
3.29914		330.725
3.30114		318.769
3.30314		306.085
3.30514		306.339
3.30714		318.169
3.30914		320.451
3.31114		319.206
3.31314		333.171
3.31514		360.786
3.31714		369.063
3.31914		356.365
3.32114		362.024
3.32314		380.314
3.32514		387.637
3.32714		381.241
3.32914		365.787
3.33114		348.531
3.33314		343.755
3.33514		347.343
3.33714		357.765
3.33914		368.334
3.34114		377.777
3.34314		384.226
3.34514		374.91
3.34714		359.712
3.34914		365.461
3.35114		382.738
3.35314		380.239
3.35514		361.829
3.35714		341.241
3.35914		329.893
3.36114		335.407
3.36314		350.18
3.36514		363.991
3.36714		362.317
3.36914		356.943
3.37114		365.3
3.37314		378.079
3.37514		372.868
3.37714		363.947
3.37914		367.367
3.38114		360.878
3.38314		342.156
3.38514		332.19
3.38714		327.141
3.38914		323.242
3.39114		313.787
3.39314		307.256
3.39514		313.975
3.39714		328.68
3.39914		332.032
3.40114		328.626
3.40314		328.957
3.40514		342.067
3.40714		358.684
3.40914		371.363
3.41114		387.766
3.41314		394.74
3.41514		379.529
3.41714		360.439
3.41914		353.393
3.42114		361.936
3.42314		367.628
3.42514		353.448
3.42714		337.784
3.42914		328.612
3.43114		320.738
3.43314		320.492
3.43514		324.137
3.43714		322.296
3.43914		312.006
3.44114		298.024
3.44314		285.164
3.44514		274.377
3.44714		274.958
3.44914		284.596
3.45114		294.873
3.45314		298.849
3.45514		302.198
3.45714		310.364
3.45914		319.688
3.46114		316.409
3.46314		307.554
3.46514		319.14
3.46714		347.898
3.46914		359.699
3.47114		353.167
3.47314		352.262
3.47514		347.409
3.47714		332.965
3.47914		322.576
3.48114		319.965
3.48314		315.981
3.48514		311.615
3.48714		313.507
3.48914		319.667
3.49114		322.837
3.49314		319.813
3.49514		312.711
3.49714		309.888
3.49914		307.866
3.50114		305.829
3.50314		312.591
3.50514		324.904
3.50714		333.29
3.50914		332.728
3.51114		329.673
3.51314		336.084
3.51514		336.004
3.51714		326.045
3.51914		320.322
3.52114		315.306
3.52314		308.527
3.52514		308.823
3.52714		311.821
3.52914		319.31
3.53114		326.212
3.53314		333.259
3.53514		345.388
3.53714		358.272
3.53914		370.846
3.54114		380.083
3.54314		373.887
3.54514		352.708
3.54714		334.884
3.54914		321.691
3.55114		309.971
3.55314		312.364
3.55514		321.197
3.55714		328.432
3.55914		344.774
3.56114		352.252
3.56314		329.236
3.56514		302.086
3.56714		294.789
3.56914		304.223
3.57114		318.797
3.57314		321.676
3.57514		318.767
3.57714		323.216
3.57914		334.073
3.58114		337.193
3.58314		326.15
3.58514		306.16
3.58714		291.656
3.58914		298.054
3.59114		307.421
3.59314		310.986
3.59514		323.906
3.59714		328.087
3.59914		319.566
3.60114		310.822
3.60314		299.077
3.60514		292.135
3.60714		282.645
3.60914		274.183
3.61114		280.066
3.61314		293.141
3.61514		304.515
3.61714		317.778
3.61914		329.167
3.62114		330.478
3.62314		328.23
3.62514		327.589
3.62714		325.103
3.62914		320.477
3.63114		316.645
3.63314		321.141
3.63514		321.868
3.63714		307.762
3.63914		286.932
3.64114		271.107
3.64314		280.631
3.64514		304.658
3.64714		317.642
3.64914		319.238
3.65114		319.118
3.65314		307.568
3.65514		292.26
3.65714		277.733
3.65914		271.246
3.66114		287.48
3.66314		301.079
3.66514		308.478
3.66714		323.622
3.66914		328.002
3.67114		317.723
3.67314		306.318
3.67514		295.389
3.67714		284.89
3.67914		281.803
3.68114		285.291
3.68314		293.249
3.68514		295.873
3.68714		290.555
3.68914		286.85
3.69114		291.886
3.69314		302.406
3.69514		307.424
3.69714		303.177
3.69914		296.514
3.70114		294.63
3.70314		305.519
3.70514		315.685
3.70714		312.577
3.70914		296.658
3.71114		282.563
3.71314		287.359
3.71514		300.765
3.71714		304.164
3.71914		298.465
3.72114		292.81
3.72314		291.823
3.72514		294.08
3.72714		299.539
3.72914		308.468
3.73114		320.744
3.73314		323.485
3.73514		319.226
3.73714		322.999
3.73914		323.744
3.74114		313.658
3.74314		305.612
3.74514		298.488
3.74714		287.333
3.74914		274.687
3.75114		269.859
3.75314		269.409
3.75514		277.897
3.75714		286.137
3.75914		281.709
3.76114		281.415
3.76314		277.24
3.76514		263.276
3.76714		256.98
3.76914		257.433
3.77114		267.057
3.77314		274.135
3.77514		275.464
3.77714		270.421
3.77914		260.4
3.78114		257.371
3.78314		261.22
3.78514		270.994
3.78714		278.83
3.78914		277.905
3.79114		268.858
3.79314		269.256
3.79514		285.634
3.79714		299.43
3.79914		292.564
3.80114		275.309
3.80314		256.74
3.80514		247.34
3.80714		251.97
3.80914		270.694
3.81114		286.343
3.81314		276.524
3.81514		255.687
3.81714		243.619
3.81914		240.513
3.82114		230.391
3.82314		222.64
3.82514		228.996
3.82714		240.093
3.82914		246.242
3.83114		252.224
3.83314		270.091
3.83514		273.425
3.83714		248.284
3.83914		227.157
3.84114		227.212
3.84314		230.799
3.84514		231.917
3.84714		250.321
3.84914		276.054
3.85114		288.853
3.85314		292.337
3.85514		292.76
3.85714		296.998
3.85914		296.898
3.86114		290.739
3.86314		282.871
3.86514		280.611
3.86714		280.008
3.86914		279.265
3.87114		287.647
3.87314		299.265
3.87514		305.45
3.87714		297.233
3.87914		280.137
3.88114		259.296
3.88314		243.822
3.88514		233.691
3.88714		223.029
3.88914		225.761
3.89114		240.809
3.89314		256.139
3.89514		268.191
3.89714		277.427
3.89914		282.194
3.90114		288.164
3.90314		290.576
3.90514		276.333
3.90714		257.176
3.90914		247.449
3.91114		253.987
3.91314		265.411
3.91514		270.306
3.91714		279.328
3.91914		296.583
3.92114		306.781
3.92314		307.581
3.92514		305.352
3.92714		301.294
3.92914		291.055
3.93114		266.702
3.93314		246.092
3.93514		241.683
3.93714		250.317
3.93914		260.449
3.94114		269.907
3.94314		276.07
3.94514		277.818
3.94714		278.616
3.94914		285.472
3.95114		288.774
3.95314		283.031
3.95514		278.821
3.95714		281.518
3.95914		287.521
3.96114		292.827
3.96314		288.394
3.96514		269.729
3.96714		253.363
3.96914		238.529
3.97114		227.887
3.97314		223.408
3.97514		221.249
3.97714		225.732
3.97914		231.8
3.98114		230.68
3.98314		230.106
3.98514		236.313
3.98714		232.118
3.98914		226.835
3.99114		233.304
3.99314		244.679
3.99514		250.197
3.99714		248.541
3.99914		243.349
4.00114		247.113
4.00314		256.231
4.00514		257.776
4.00714		261.444
4.00914		275.33
4.01114		288.33
4.01314		292.199
4.01514		290.956
4.01714		288.142
4.01914		284.911
4.02114		284.47
4.02314		283.981
4.02514		270.044
4.02714		257.827
4.02914		258.39
4.03114		264.824
4.03314		257.428
4.03514		248.247
4.03714		251.35
4.03914		260.201
4.04114		263.755
4.04314		267.331
4.04514		273.996
4.04714		265.566
4.04914		244.35
4.05114		227.174
4.05314		217.016
4.05514		220.308
4.05714		241.181
4.05914		266.831
4.06114		275.113
4.06314		278.03
4.06514		283.954
4.06714		287.356
4.06914		288.427
4.07114		287.949
4.07314		274.82
4.07514		258.326
4.07714		246.702
4.07914		240.462
4.08114		233.735
4.08314		227.647
4.08514		228.846
4.08714		235.852
4.08914		239.137
4.09114		228.304
4.09314		215.569
4.09514		206.027
4.09714		197.259
4.09914		193.813
4.10114		197.25
4.10314		199.917
4.10514		202.277
4.10714		212.69
4.10914		239.433
4.11114		274.865
4.11314		285.263
4.11514		271.838
4.11714		257.827
4.11914		240.704
4.12114		223.64
4.12314		209.101
4.12514		201.224
4.12714		189.548
4.12914		176.552
4.13114		168.549
4.13314		173.666
4.13514		194.588
4.13714		217.845
4.13914		233.132
4.14114		241.179
4.14314		243.415
4.14514		233.43
4.14714		223.414
4.14914		219.856
4.15114		224.687
4.15314		224.185
4.15514		214.12
4.15714		209.97
4.15914		219.912
4.16114		234.317
4.16314		255.373
4.16514		268.735
4.16714		260.618
4.16914		245.72
4.17114		234.97
4.17314		232.94
4.17514		237.456
4.17714		236.437
4.17914		224.187
4.18114		203.231
4.18314		184.42
4.18514		173.762
4.18714		174.072
4.18914		182.734
4.19114		197.378
4.19314		220.529
4.19514		245.579
4.19714		256.979
4.19914		259.39
4.20114		250.155
4.20314		235.045
4.20514		229.22
4.20714		225.295
4.20914		221.373
4.21114		230.602
4.21314		236.55
4.21514		227.49
4.21714		206.539
4.21914		190.513
4.22114		189.487
4.22314		193.117
4.22514		198.1
4.22714		205.492
4.22914		214.841
4.23114		233.93
4.23314		247.974
4.23514		246.503
4.23714		237.577
4.23914		220.387
4.24114		205.471
4.24314		193.574
4.24514		187.294
4.24714		191.006
4.24914		203.389
4.25114		206.323
4.25314		202.675
4.25514		202.679
4.25714		197.039
4.25914		187.151
4.26114		182.324
4.26314		186.826
4.26514		195.642
4.26714		204.945
4.26914		207.263
4.27114		202.851
4.27314		194.584
4.27514		178.175
4.27714		169.993
4.27914		178.092
4.28114		187.522
4.28314		195.565
4.28514		211.466
4.28714		219.885
4.28914		215.158
4.29114		207.814
4.29314		203.004
4.29514		193.549
4.29714		182.704
4.29914		176.399
4.30114		171.748
4.30314		173.482
4.30514		180.729
4.30714		183.457
4.30914		184.786
4.31114		192.699
4.31314		198.892
4.31514		205.178
4.31714		211.545
4.31914		220.749
4.32114		227.35
4.32314		219.455
4.32514		208.186
4.32714		194.339
4.32914		185.986
4.33114		186.284
4.33314		194.034
4.33514		204.962
4.33714		215.417
4.33914		222.168
4.34114		223.641
4.34314		211.12
4.34514		191.464
4.34714		179.69
4.34914		175.507
4.35114		179.82
4.35314		188.679
4.35514		195.137
4.35714		204.318
4.35914		210.154
4.36114		201.148
4.36314		191.402
4.36514		186.068
4.36714		179.257
4.36914		178.186
4.37114		191.172
4.37314		205.86
4.37514		208.936
4.37714		206.134
4.37914		203.776
4.38114		209.901
4.38314		219.201
4.38514		219.11
4.38714		220.405
4.38914		229.776
4.39114		231.796
4.39314		220.072
4.39514		202.116
4.39714		182.654
4.39914		169.975
4.40114		168.534
4.40314		175.822
4.40514		193.453
4.40714		216.118
4.40914		220.428
4.41114		204.03
4.41314		186.024
4.41514		169.02
4.41714		152.087
4.41914		146.326
4.42114		152.995
4.42314		161.478
4.42514		168.912
4.42714		170.688
4.42914		171.591
4.43114		178.058
4.43314		185.591
4.43514		185.628
4.43714		183.181
4.43914		189.733
4.44114		196.638
4.44314		202.445
4.44514		204.919
4.44714		191.025
4.44914		169.273
4.45114		147.956
4.45314		136.574
4.45514		141.852
4.45714		156.319
4.45914		163.917
4.46114		165.584
4.46314		174.696
4.46514		181.528
4.46714		176.146
4.46914		174.66
4.47114		172.344
4.47314		160.883
4.47514		150.893
4.47714		156.836
4.47914		171.925
4.48114		174.652
4.48314		174.308
4.48514		181.421
4.48714		182.274
4.48914		172.375
4.49114		161.237
4.49314		148.467
4.49514		142.027
4.49714		144.885
4.49914		152.628
4.50114		162.658
4.50314		167.252
4.50514		167.77
4.50714		171.635
4.50914		179.102
4.51114		173.877
4.51314		152.459
4.51514		133.642
4.51714		127.116
4.51914		130.458
4.52114		138.386
4.52314		151.87
4.52514		165.791
4.52714		174.832
4.52914		179.082
4.53114		178.658
4.53314		175.588
4.53514		171.04
4.53714		170.874
4.53914		169.104
4.54114		166.942
4.54314		172.348
4.54514		173.507
4.54714		166.506
4.54914		159.136
4.55114		151.94
4.55314		145.741
4.55514		143.484
4.55714		146.885
4.55914		156.049
4.56114		161.634
4.56314		158.594
4.56514		159.883
4.56714		165.398
4.56914		157.425
4.57114		145.623
4.57314		144.892
4.57514		149.124
4.57714		146.289
4.57914		135.076
4.58114		122.488
4.58314		116.715
4.58514		127.018
4.58714		144.837
4.58914		156.896
4.59114		164.499
4.59314		162.391
4.59514		154.808
4.59714		157.95
4.59914		159.675
4.60114		153.102
4.60314		150.787
4.60514		158.845
4.60714		164.646
4.60914		164.727
4.61114		167.642
4.61314		171.692
4.61514		174.629
4.61714		176.047
4.61914		177.139
4.62114		180.098
4.62314		172.975
4.62514		164.3
4.62714		161.433
4.62914		155.426
4.63114		148.145
4.63314		138.309
4.63514		123.256
4.63714		114.846
4.63914		115.695
4.64114		124.521
4.64314		136.096
4.64514		143.161
4.64714		143.505
4.64914		132.295
4.65114		120.998
4.65314		117.569
4.65514		123.063
4.65714		137.694
4.65914		158.295
4.66114		174.52
4.66314		172.242
4.66514		159.144
4.66714		147.535
4.66914		142.529
4.67114		137.128
4.67314		127.134
4.67514		120.603
4.67714		125.78
4.67914		136.177
4.68114		138.245
4.68314		133.006
4.68514		126.123
4.68714		116.028
4.68914		108.462
4.69114		103.114
4.69314		104.757
4.69514		112.311
4.69714		121.927
4.69914		131.572
4.70114		141.65
4.70314		155.148
4.70514		168.423
4.70714		166.811
4.70914		154.047
4.71114		135.772
4.71314		117.758
4.71514		111.201
4.71714		116.649
4.71914		122.142
4.72114		124.153
4.72314		133.494
4.72514		142.696
4.72714		140.984
4.72914		138.995
4.73114		136.566
4.73314		128.681
4.73514		125.84
4.73714		125.286
4.73914		120.68
4.74114		114.005
4.74314		112.178
4.74514		113.952
4.74714		115.768
4.74914		114.222
4.75114		108.773
4.75314		107.306
4.75514		109.889
4.75714		118.035
4.75914		124.053
4.76114		124.482
4.76314		121.568
4.76514		121.299
4.76714		114.254
4.76914		109.217
4.77114		115.176
4.77314		117.502
4.77514		115.906
4.77714		126.169
4.77914		144.77
4.78114		160.891
4.78314		164.237
4.78514		159.809
4.78714		152.472
4.78914		145.005
4.79114		134.106
4.79314		120.788
4.79514		113.021
4.79714		112.172
4.79914		117.734
4.80114		123.747
4.80314		123.921
4.80514		123.06
4.80714		123.174
4.80914		126.071
4.81114		135.526
4.81314		152.775
4.81514		164.297
4.81714		156.68
4.81914		147.594
4.82114		146.246
4.82314		140.368
4.82514		132.517
4.82714		127.121
4.82914		120.833
4.83114		113.444
4.83314		106.142
4.83514		102.468
4.83714		100.654
4.83914		98.3587
4.84114		93.7183
4.84314		88.2664
4.84514		92.7232
4.84714		105.129
4.84914		114.526
4.85114		117.991
4.85314		111.987
4.85514		97.8775
4.85714		84.6209
4.85914		81.7042
4.86114		84.4509
4.86314		87.5286
4.86514		98.9354
4.86714		113.482
4.86914		116.067
4.87114		113.744
4.87314		116.527
4.87514		122.756
4.87714		118.57
4.87914		103.333
4.88114		91.537
4.88314		82.5194
4.88514		71.2962
4.88714		65.648
4.88914		68.4393
4.89114		72.7556
4.89314		75.7759
4.89514		85.1686
4.89714		101.623
4.89914		114.399
4.90114		122.931
4.90314		124.402
4.90514		109.645
4.90714		95.8213
4.90914		93.499
4.91114		102.856
4.91314		113.821
4.91514		113.699
4.91714		105.823
4.91914		103.112
4.92114		99.1812
4.92314		96.8793
4.92514		97.9266
4.92714		91.1122
4.92914		80.8712
4.93114		80.6715
4.93314		93.9395
4.93514		108.885
4.93714		107.532
4.93914		93.0581
4.94114		84.3352
4.94314		83.9748
4.94514		95.3954
4.94714		118.117
4.94914		126.895
4.95114		114.873
4.95314		105.535
4.95514		105.749
4.95714		111.81
4.95914		115.848
4.96114		119.046
4.96314		120.662
4.96514		117.964
4.96714		110.687
4.96914		102.477
4.97114		93.4748
4.97314		89.4416
4.97514		89.4889
4.97714		90.7299
4.97914		94.5832
4.98114		95.8592
4.98314		96.1593
4.98514		96.8988
4.98714		94.793
4.98914		89.857
4.99114		87.2797
4.99314		84.6562
4.99514		78.6296
4.99714		75.2439
4.99914		77.7921
5.00114		79.9206
5.00314		85.2044
5.00514		95.9953
5.00714		102.316
5.00914		104.95
5.01114		109.388
5.01314		108.901
5.01514		107.958
5.01714		109.76
5.01914		102.826
5.02114		89.5444
5.02314		82.4655
5.02514		80.9881
5.02714		81.817
5.02914		82.4553
5.03114		81.1008
5.03314		79.702
5.03514		83.9687
5.03714		85.6095
5.03914		78.4498
5.04114		67.0644
5.04314		56.7445
5.04514		53.1174
5.04714		57.2843
5.04914		65.2969
5.05114		75.7483
5.05314		85.7285
5.05514		88.7917
5.05714		95.5961
5.05914		104.126
5.06114		107.341
5.06314		109.833
5.06514		105.51
5.06714		98.1937
5.06914		101.558
5.07114		106.269
5.07314		100.703
5.07514		98.1339
5.07714		99.6219
5.07914		104.57
5.08114		113.322
5.08314		109.223
5.08514		87.9139
5.08714		68.6448
5.08914		60.9106
5.09114		61.0184
5.09314		63.4479
5.09514		71.0294
5.09714		82.4495
5.09914		89.4489
5.10114		88.7244
5.10314		92.2899
5.10514		90.6463
5.10714		77.8447
5.10914		71.8091
5.11114		78.5413
5.11314		89.3643
5.11514		93.5108
5.11714		88.2821
5.11914		79.2983
5.12114		76.1231
5.12314		81.3981
5.12514		85.1267
5.12714		81.9276
5.12914		71.5695
5.13114		63.6314
5.13314		64.3784
5.13514		69.2942
5.13714		74.4408
5.13914		77.2723
5.14114		79.3043
5.14314		79.1824
5.14514		76.9317
5.14714		75.7936
5.14914		72.9106
5.15114		74.9109
5.15314		85.2449
5.15514		91.8581
5.15714		89.6997
5.15914		83.5124
5.16114		80.862
5.16314		83.6111
5.16514		90.1939
5.16714		94.3625
5.16914		86.3706
5.17114		72.4198
5.17314		62.9054
5.17514		57.0284
5.17714		57.1236
5.17914		62.9534
5.18114		66.2494
5.18314		61.9052
5.18514		57.7419
5.18714		56.5051
5.18914		57.4161
5.19114		60.5001
5.19314		66.1952
5.19514		70.6573
5.19714		67.6935
5.19914		65.9072
5.20114		71.9844
5.20314		84.0625
5.20514		95.5976
5.20714		91.6341
5.20914		78.0493
5.21114		64.4951
5.21314		56.14
5.21514		50.7514
5.21714		51.3058
5.21914		54.1445
5.22114		51.5976
5.22314		48.0495
5.22514		45.5147
5.22714		43.8844
5.22914		47.3852
5.23114		52.9005
5.23314		56.0984
5.23514		57.6429
5.23714		57.6151
5.23914		54.4858
5.24114		48.7097
5.24314		43.4596
5.24514		43.4617
5.24714		46.0937
5.24914		48.471
5.25114		54.1698
5.25314		61.7944
5.25514		71.6004
5.25714		80.1157
5.25914		85.2097
5.26114		85.3636
5.26314		79.3844
5.26514		72.0566
5.26714		70.4672
5.26914		76.9641
5.27114		83.4647
5.27314		87.88
5.27514		86.4211
5.27714		82.2222
5.27914		75.3116
5.28114		65.3979
5.28314		59.4454
5.28514		58.7603
5.28714		60.4385
5.28914		64.925
5.29114		69.0721
5.29314		73.7153
5.29514		78.935
5.29714		84.9483
5.29914		92.6955
5.30114		96.3403
5.30314		89.719
5.30514		77.6223
5.30714		71.158
5.30914		65.3217
5.31114		56.6268
5.31314		47.8807
5.31514		45.2139
5.31714		50.6751
5.31914		56.3129
5.32114		48.3782
5.32314		35.2201
5.32514		26.5302
5.32714		22.0848
5.32914		20.3907
5.33114		20.8436
5.33314		23.6863
5.33514		29.7343
5.33714		38.1739
5.33914		43.8485
5.34114		45.1835
5.34314		48.5104
5.34514		59.4002
5.34714		67.6289
5.34914		59.1255
5.35114		45.8488
5.35314		39.9533
5.35514		41.9668
5.35714		47.04
5.35914		49.0053
5.36114		46.7846
5.36314		41.8894
5.36514		38.804
5.36714		37.2723
5.36914		34.5263
5.37114		35.0249
5.37314		38.4547
5.37514		40.6168
5.37714		43.0624
5.37914		43.217
5.38114		39.1141
5.38314		34.8703
5.38514		35.7438
5.38714		43.4909
5.38914		58.1254
5.39114		73.7899
5.39314		87.0927
5.39514		92.3849
5.39714		79.0697
5.39914		58.3977
5.40114		42.0342
5.40314		33.4202
5.40514		31.0953
5.40714		32.0582
5.40914		30.5773
5.41114		27.4814
5.41314		27.6496
5.41514		31.8142
5.41714		36.5404
5.41914		39.741
5.42114		44.5812
5.42314		46.5011
5.42514		44.7852
5.42714		47.0234
5.42914		51.4899
5.43114		49.2747
5.43314		43.7551
5.43514		38.2309
5.43714		35.956
5.43914		33.1242
5.44114		29.357
5.44314		29.2454
5.44514		33.0639
5.44714		36.4946
5.44914		39.0169
5.45114		45.4073
5.45314		51.9189
5.45514		54.4583
5.45714		55.5307
5.45914		58.1935
5.46114		62.5217
5.46314		61.4046
5.46514		54.5241
5.46714		47.5654
5.46914		43.1467
5.47114		43.2442
5.47314		43.8559
5.47514		47.1088
5.47714		50.89
5.47914		48.0699
5.48114		46.5731
5.48314		48.4612
5.48514		51.2382
5.48714		53.9364
5.48914		52.6156
5.49114		47.421
5.49314		42.4538
5.49514		39.4985
5.49714		35.571
5.49914		34.8839
5.50114		40.9131
5.50314		53.6132
5.50514		63.9547
5.50714		62.9605
5.50914		56.1027
5.51114		44.1686
5.51314		34.3734
5.51514		30.7251
5.51714		33.0971
5.51914		41.9367
5.52114		54.7002
5.52314		59.6876
5.52514		50.5931
5.52714		37.5579
5.52914		30.2421
5.53114		28.9902
5.53314		30.3286
5.53514		28.8208
5.53714		27.3007
5.53914		30.3717
5.54114		37.0766
5.54314		38.0944
5.54514		31.7152
5.54714		28.0547
5.54914		29.1503
5.55114		30.2895
5.55314		29.3192
5.55514		30.5887
5.55714		31.6474
5.55914		31.0394
5.56114		30.5548
5.56314		27.5569
5.56514		26.0372
5.56714		28.0453
5.56914		29.0451
5.57114		28.1656
5.57314		29.8324
5.57514		31.1594
5.57714		30.6931
5.57914		30.2058
5.58114		26.9211
5.58314		24.7232
5.58514		27.0106
5.58714		34.9782
5.58914		46.9619
5.59114		50.296
5.59314		41.6328
5.59514		35.8569
5.59714		37.1654
5.59914		40.5104
5.60114		40.3663
5.60314		37.6069
5.60514		35.5189
5.60714		32.2021
5.60914		31.194
5.61114		35.5425
5.61314		39.3716
5.61514		35.117
5.61714		30.2055
5.61914		28.5713
5.62114		24.9191
5.62314		20.2385
5.62514		18.5065
5.62714		20.2528
5.62914		23.6202
5.63114		23.7939
5.63314		22.7381
5.63514		22.6333
5.63714		18.9174
5.63914		13.6239
5.64114		10.0671
5.64314		8.05556
5.64514		6.9503
5.64714		6.39708
5.64914		6.24961
5.65114		6.4974
5.65314		7.26456
5.65514		8.87607
5.65714		11.8874
5.65914		16.0665
5.66114		17.2743
5.66314		13.8701
5.66514		10.7506
5.66714		9.36462
5.66914		9.37205
5.67114		10.7028
5.67314		13.734
5.67514		18.262
5.67714		20.3198
5.67914		18.13
5.68114		16.9096
5.68314		18.9157
5.68514		24.8379
5.68714		34.0927
5.68914		42.1592
5.69114		45.6873
5.69314		42.5692
5.69514		34.7248
5.69714		25.807
5.69914		20.53
5.70114		19.5738
5.70314		21.569
5.70514		21.7204
5.70714		17.8636
5.70914		14.8134
5.71114		14.2665
5.71314		16.3563
5.71514		21.5543
5.71714		28.3066
5.71914		30.0399
5.72114		24.6003
5.72314		18.2876
5.72514		15.0939
5.72714		14.9643
5.72914		17.6531
5.73114		21.6337
5.73314		22.2349
5.73514		21.3
5.73714		21.8796
5.73914		19.4054
5.74114		14.4532
5.74314		11.0353
5.74514		9.3962
5.74714		8.97862
5.74914		9.56975
5.75114		11.356
5.75314		15.0207
5.75514		21.8614
5.75714		32.2249
5.75914		39.5492
5.76114		35.8043
5.76314		25.4058
5.76514		16.8161
5.76714		11.779
5.76914		8.97953
5.77114		7.40805
5.77314		6.55043
5.77514		6.16577
5.77714		6.16037
5.77914		6.54104
5.78114		7.42066
5.78314		9.07873
5.78514		12.0916
5.78714		17.3397
5.78914		24.3981
5.79114		29.1817
5.79314		31.0585
5.79514		30.042
5.79714		26.3589
5.79914		19.6641
5.80114		14.0232
5.80314		10.9071
5.80514		9.59062
5.80714		9.59572
5.80914		10.9708
5.81114		14.1265
5.81314		18.2966
5.81514		18.8385
5.81714		15.8726
5.81914		14.3584
5.82114		15.594
5.82314		20.0676
5.82514		28.2883
5.82714		37.3285
5.82914		42.2028
5.83114		40.092
5.83314		34.21
5.83514		27.3172
5.83714		19.1505
5.83914		13.2637
5.84114		9.89269
5.84314		8.09104
5.84514		7.30014
5.84714		7.36053
5.84914		8.45137
5.85114		11.0428
5.85314		14.7915
5.85514		15.4299
5.85714		11.4716
5.85914		7.74956
5.86114		5.5178
5.86314		4.23266
5.86514		3.45451
5.86714		2.95518
5.86914		2.61968
5.87114		2.38772
5.87314		2.22626
5.87514		2.11678
5.87714		2.04925
5.87914		2.01928
5.88114		2.02707
5.88314		2.0776
5.88514		2.18227
5.88714		2.36263
5.88914		2.65848
5.89114		3.14502
5.89314		3.97018
5.89514		5.43091
5.89714		8.05721
5.89914		12.0781
5.90114		14.4439
5.90314		11.532
5.90514		7.61855
5.90714		5.16426
5.90914		3.79908
5.91114		3.02077
5.91314		2.55749
5.91514		2.27439
5.91714		2.10317
5.91914		2.0085
5.92114		1.9727
5.92314		1.98903
5.92514		2.05927
5.92714		2.19426
5.92914		2.41776
5.93114		2.7758
5.93314		3.35753
5.93514		4.34065
5.93714		6.0794
5.93914		9.14234
5.94114		13.2841
5.94314		14.3327
5.94514		10.6789
5.94714		7.17215
5.94914		5.14364
5.95114		4.0674
5.95314		3.51232
5.95514		3.26267
5.95714		3.22268
5.95914		3.36265
5.96114		3.70113
5.96314		4.31272
5.96514		5.3661
5.96714		7.20805
5.96914		10.4294
5.97114		15.0619
5.97314		17.4531
5.97514		15.3834
5.97714		14.0767
5.97914		15.7958
5.98114		18.4881
5.98314		16.9538
5.98514		13.2688
5.98714		11.4415
5.98914		11.9433
5.99114		15.0056
5.99314		21.1559
5.99514		27.7135
5.99714		27.0743
5.99914		19.9227
6.00114		13.7028
6.00314		10.2875
6.00514		8.81104
6.00714		8.68902
6.00914		9.89947
6.01114		12.8613
6.01314		17.3371
6.01514		19.317
6.01714		17.515
6.01914		17.4008
6.02114		20.112
6.02314		21.093
6.02514		19.1683
6.02714		19.2055
6.02914		19.3147
6.03114		15.1448
6.03314		10.4184
6.03514		7.4549
6.03714		5.78465
6.03914		4.83982
6.04114		4.31499
6.04314		4.06266
6.04514		4.01768
6.04714		4.16385
6.04914		4.52466
6.05114		5.1713
6.05314		6.25269
6.05514		8.06657
6.05714		11.2103
6.05914		16.7918
6.06114		25.8286
6.06314		34.7764
6.06514		35.7814
6.06714		29.2722
6.06914		20.0351
6.07114		13.2263
6.07314		9.3069
6.07514		7.11525
6.07714		5.8847
6.07914		5.23745
6.08114		5.01083
6.08314		5.17612
6.08514		5.83205
6.08714		7.26385
6.08914		10.0026
6.09114		14.107
6.09314		16.0368
6.09514		12.9103
6.09714		9.38669
6.09914		7.47469
6.10114		6.78334
6.10314		6.95268
6.10514		7.95258
6.10714		10.0898
6.10914		14.0426
6.11114		20.0707
6.11314		24.9841
6.11514		27.2079
6.11714		29.9187
6.11914		30.4526
6.12114		28.1925
6.12314		23.6123
6.12514		21.6425
6.12714		23.2268
6.12914		23.3729
6.13114		21.1424
6.13314		21.9271
6.13514		26.4281
6.13714		29.0128
