1.57876		40.7661
1.57976		32.9297
1.58076		21.1426
1.58176		13.6783
1.58276		9.63289
1.58376		7.47661
1.58476		6.38852
1.58576		5.99695
1.58676		6.17706
1.58776		6.98067
1.58876		8.66528
1.58976		11.8382
1.59076		17.7355
1.59176		27.9956
1.59276		39.4387
1.59376		37.5881
1.59476		25.281
1.59576		15.7661
1.59676		10.3257
1.59776		7.2438
1.59876		5.40437
1.59976		4.24315
1.60076		3.47465
1.60176		2.9473
1.60276		2.57619
1.60376		2.31138
1.60476		2.12234
1.60576		1.98979
1.60676		1.90145
1.60776		1.84949
1.60876		1.8292
1.60976		1.8382
1.61076		1.87605
1.61176		1.94417
1.61276		2.04602
1.61376		2.18757
1.61476		2.37827
1.61576		2.63265
1.61676		2.97322
1.61776		3.43564
1.61876		4.07832
1.61976		5.00129
1.62076		6.38488
1.62176		8.57251
1.62276		12.247
1.62376		18.7251
1.62476		29.6145
1.62576		41.0218
1.62676		38.4176
1.62776		26.4733
1.62876		17.8131
1.62976		13.2716
1.63076		11.2202
1.63176		10.7216
1.63276		11.4715
1.63376		13.6372
1.63476		17.936
1.63576		25.8878
1.63676		38.9772
1.63776		51.1934
1.63876		49.923
1.63976		46.4144
1.64076		51.2911
1.64176		54.4295
1.64276		44.8852
1.64376		36.0833
1.64476		35.7328
1.64576		43.0649
1.64676		47.4822
1.64776		37.062
1.64876		24.0555
1.64976		15.762
1.65076		10.9707
1.65176		8.08906
1.65276		6.24516
1.65376		4.9965
1.65476		4.11022
1.65576		3.45665
1.65676		2.95945
1.65776		2.57143
1.65876		2.26213
1.65976		2.01113
1.66076		1.80436
1.66176		1.6318
1.66276		1.48618
1.66376		1.36209
1.66476		1.25546
1.66576		1.16315
1.66676		1.08272
1.66776		1.01224
1.66876		0.950162
1.66976		0.895259
1.67076		0.846518
1.67176		0.80311
1.67276		0.764352
1.67376		0.729675
1.67476		0.698603
1.67576		0.670737
1.67676		0.64574
1.67776		0.623328
1.67876		0.60326
1.67976		0.585332
1.68076		0.569372
1.68176		0.555235
1.68276		0.5428
1.68376		0.531969
1.68476		0.522661
1.68576		0.514813
1.68676		0.508381
1.68776		0.503333
1.68876		0.499656
1.68976		0.497351
1.69076		0.496437
1.69176		0.496947
1.69276		0.498936
1.69376		0.50248
1.69476		0.507675
1.69576		0.51465
1.69676		0.52356
1.69776		0.534605
1.69876		0.548027
1.69976		0.564127
1.70076		0.583279
1.70176		0.605943
1.70276		0.632697
1.70376		0.664264
1.70476		0.70156
1.70576		0.745754
1.70676		0.798358
1.70776		0.861347
1.70876		0.937341
1.70976		1.02987
1.71076		1.14378
1.71176		1.28585
1.71276		1.4658
1.71376		1.69792
1.71476		2.00389
1.71576		2.41773
1.71676		2.99507
1.71776		3.83111
1.71876		5.09756
1.71976		7.12156
1.72076		10.5543
1.72176		16.6625
1.72276		27.0968
1.72376		38.6189
1.72476		36.7448
1.72576		24.4971
1.72676		15.0682
1.72776		9.69195
1.72876		6.65471
1.72976		4.84653
1.73076		3.70681
1.73176		2.95203
1.73276		2.43176
1.73376		2.06168
1.73476		1.79216
1.73576		1.59264
1.73676		1.44365
1.73776		1.33241
1.73876		1.25038
1.73976		1.19177
1.74076		1.15268
1.74176		1.13056
1.74276		1.12393
1.74376		1.13213
1.74476		1.15529
1.74576		1.1943
1.74676		1.25094
1.74776		1.32806
1.74876		1.42994
1.74976		1.56283
1.75076		1.73591
1.75176		1.96285
1.75276		2.26441
1.75376		2.67314
1.75476		3.24205
1.75576		4.06134
1.75676		5.29263
1.75776		7.2418
1.75876		10.5154
1.75976		16.3042
1.76076		26.3114
1.76176		38.3533
1.76276		38.3855
1.76376		26.4971
1.76476		16.7051
1.76576		11.1494
1.76676		8.13994
1.76776		6.51154
1.76876		5.69212
1.76976		5.42794
1.77076		5.64361
1.77176		6.4014
1.77276		7.93475
1.77376		10.7771
1.77476		16.0269
1.77576		25.3847
1.77676		37.5051
1.77776		39.0719
1.77876		27.4141
1.77976		16.9807
1.78076		10.8706
1.78176		7.42253
1.78276		5.37803
1.78376		4.09056
1.78476		3.23493
1.78576		2.64013
1.78676		2.2111
1.78776		1.89219
1.78876		1.64925
1.78976		1.46049
1.79076		1.31151
1.79176		1.19251
1.79276		1.09665
1.79376		1.01909
1.79476		0.956293
1.79576		0.905713
1.79676		0.865471
1.79776		0.834203
1.79876		0.81094
1.79976		0.795033
1.80076		0.786103
1.80176		0.784018
1.80276		0.788881
1.80376		0.801043
1.80476		0.821133
1.80576		0.850109
1.80676		0.889344
1.80776		0.940753
1.80876		1.00698
1.80976		1.0917
1.81076		1.20004
1.81176		1.3393
1.81276		1.52008
1.81376		1.75814
1.81476		2.07762
1.81576		2.51689
1.81676		3.1394
1.81776		4.05523
1.81876		5.46576
1.81976		7.7599
1.82076		11.7156
1.82176		18.7897
1.82276		30.277
1.82376		39.8036
1.82476		33.7376
1.82576		21.4939
1.82676		13.2356
1.82776		8.59387
1.82876		5.93595
1.82976		4.32368
1.83076		3.28763
1.83176		2.58785
1.83276		2.0951
1.83376		1.73591
1.83476		1.46637
1.83576		1.25909
1.83676		1.09631
1.83776		0.966169
1.83876		0.860474
1.83976		0.773452
1.84076		0.700933
1.84176		0.639849
1.84276		0.587903
1.84376		0.543348
1.84476		0.504836
1.84576		0.471314
1.84676		0.441952
1.84776		0.416084
1.84876		0.393175
1.84976		0.372789
1.85076		0.354568
1.85176		0.338219
1.85276		0.323493
1.85376		0.310187
1.85476		0.298125
1.85576		0.287161
1.85676		0.27717
1.85776		0.268043
1.85876		0.259689
1.85976		0.252028
1.86076		0.24499
1.86176		0.238515
1.86276		0.23255
1.86376		0.22705
1.86476		0.221973
1.86576		0.217283
1.86676		0.212949
1.86776		0.208942
1.86876		0.205237
1.86976		0.201813
1.87076		0.198649
1.87176		0.195727
1.87276		0.193031
1.87376		0.190548
1.87476		0.188263
1.87576		0.186167
1.87676		0.184248
1.87776		0.182497
1.87876		0.180906
1.87976		0.179467
1.88076		0.178174
1.88176		0.177021
1.88276		0.176002
1.88376		0.175113
1.88476		0.174349
1.88576		0.173707
1.88676		0.173184
1.88776		0.172778
1.88876		0.172485
1.88976		0.172304
1.89076		0.172234
1.89176		0.172274
1.89276		0.172422
1.89376		0.172679
1.89476		0.173044
1.89576		0.173518
1.89676		0.174102
1.89776		0.174797
1.89876		0.175604
1.89976		0.176524
1.90076		0.177561
1.90176		0.178717
1.90276		0.179995
1.90376		0.181398
1.90476		0.182931
1.90576		0.184597
1.90676		0.186403
1.90776		0.188353
1.90876		0.190453
1.90976		0.192711
1.91076		0.195134
1.91176		0.197731
1.91276		0.200511
1.91376		0.203484
1.91476		0.206662
1.91576		0.210058
1.91676		0.213685
1.91776		0.217559
1.91876		0.221698
1.91976		0.22612
1.92076		0.230846
1.92176		0.235901
1.92276		0.241311
1.92376		0.247106
1.92476		0.25332
1.92576		0.259989
1.92676		0.267156
1.92776		0.274869
1.92876		0.283183
1.92976		0.292159
1.93076		0.30187
1.93176		0.312395
1.93276		0.32383
1.93376		0.336283
1.93476		0.349881
1.93576		0.364771
1.93676		0.381128
1.93776		0.399158
1.93876		0.419104
1.93976		0.44126
1.94076		0.46598
1.94176		0.493691
1.94276		0.52492
1.94376		0.560316
1.94476		0.600689
1.94576		0.647061
1.94676		0.700737
1.94776		0.7634
1.94876		0.837255
1.94976		0.925239
1.95076		1.03132
1.95176		1.16098
1.95276		1.32194
1.95376		1.52535
1.95476		1.78779
1.95576		2.13468
1.95676		2.60645
1.95776		3.27028
1.95876		4.24318
1.95976		5.74043
1.96076		8.17975
1.96176		12.3971
1.96276		19.9224
1.96376		31.7784
1.96476		40.1589
1.96576		32.6438
1.96676		20.6386
1.96776		12.8655
1.96876		8.52101
1.96976		6.03284
1.97076		4.52715
1.97176		3.56742
1.97276		2.9297
1.97376		2.49297
1.97476		2.18839
1.97576		1.97499
1.97676		1.82762
1.97776		1.73045
1.97876		1.67357
1.97976		1.65101
1.98076		1.65964
1.98176		1.69868
1.98276		1.76946
1.98376		1.8756
1.98476		2.02356
1.98576		2.2236
1.98676		2.49165
1.98776		2.85247
1.98876		3.34548
1.98976		4.0356
1.99076		5.03467
1.99176		6.54562
1.99276		8.95734
1.99376		13.0438
1.99476		20.2577
1.99576		31.9744
1.99676		42.2185
1.99776		37.1893
1.99876		25.8242
1.99976		18.8456
2.00076		16.3937
2.00176		17.5766
2.00276		22.8633
2.00376		33.1621
2.00476		42.4506
2.00576		36.6018
2.00676		23.9735
2.00776		15.2836
2.00876		10.359
2.00976		7.52825
2.01076		5.81399
2.01176		4.72577
2.01276		4.01336
2.01376		3.54332
2.01476		3.24204
2.01576		3.06889
2.01676		3.00355
2.01776		3.04028
2.01876		3.18652
2.01976		3.46524
2.02076		3.92195
2.02176		4.64019
2.02276		5.77425
2.02376		7.61953
2.02476		10.7643
2.02576		16.3696
2.02676		26.1453
2.02776		38.2546
2.02876		38.9061
2.02976		27.1021
2.03076		17.0705
2.03176		11.3124
2.03276		8.14431
2.03376		6.36349
2.03476		5.36596
2.03576		4.86364
2.03676		4.7299
2.03776		4.9356
2.03876		5.53506
2.03976		6.6926
2.04076		8.76746
2.04176		12.5063
2.04276		19.3325
2.04376		30.6026
2.04476		40.3747
2.04576		34.7379
2.04676		22.3923
2.04776		13.9384
2.04876		9.16679
2.04976		6.4269
2.05076		4.75883
2.05176		3.68169
2.05276		2.94977
2.05376		2.43083
2.05476		2.0497
2.05576		1.76143
2.05676		1.53795
2.05776		1.36105
2.05876		1.21851
2.05976		1.10189
2.06076		1.00521
2.06176		0.924159
2.06276		0.855533
2.06376		0.796933
2.06476		0.746527
2.06576		0.702896
2.06676		0.664929
2.06776		0.631745
2.06876		0.602638
2.06976		0.57704
2.07076		0.554487
2.07176		0.534601
2.07276		0.51707
2.07376		0.501635
2.07476		0.488084
2.07576		0.476241
2.07676		0.465958
2.07776		0.457117
2.07876		0.449619
2.07976		0.443387
2.08076		0.43836
2.08176		0.434492
2.08276		0.431754
2.08376		0.430129
2.08476		0.429615
2.08576		0.430223
2.08676		0.431977
2.08776		0.434919
2.08876		0.439105
2.08976		0.44461
2.09076		0.45153
2.09176		0.459986
2.09276		0.470125
2.09376		0.48213
2.09476		0.496223
2.09576		0.512679
2.09676		0.531832
2.09776		0.554095
2.09876		0.579981
2.09976		0.610125
2.10076		0.64533
2.10176		0.686612
2.10276		0.735275
2.10376		0.793006
2.10476		0.862028
2.10576		0.945303
2.10676		1.04685
2.10776		1.17224
2.10876		1.32933
2.10976		1.52948
2.11076		1.78967
2.11176		2.13593
2.11276		2.60984
2.11376		3.28064
2.11476		4.26939
2.11576		5.79948
2.11676		8.30569
2.11776		12.6581
2.11876		20.4247
2.11976		32.4347
2.12076		40.0638
2.12176		31.7893
2.12276		19.9325
2.12376		12.397
2.12476		8.18184
2.12576		5.75262
2.12676		4.26946
2.12776		3.31277
2.12876		2.6665
2.12976		2.21329
2.13076		1.88591
2.13176		1.64397
2.13276		1.46219
2.13376		1.32417
2.13476		1.21901
2.13576		1.13929
2.13676		1.07989
2.13776		1.03728
2.13876		1.00908
2.13976		0.993719
2.14076		0.990356
2.14176		0.998719
2.14276		1.0191
2.14376		1.0524
2.14476		1.10018
2.14576		1.16489
2.14676		1.2501
2.14776		1.36098
2.14876		1.50504
2.14976		1.69331
2.15076		1.94234
2.15176		2.2777
2.15276		2.74026
2.15376		3.39809
2.15476		4.37011
2.15576		5.87555
2.15676		8.34058
2.15776		12.6182
2.15876		20.2576
2.15976		32.1879
2.16076		40.1898
2.16176		32.2774
2.16276		20.3376
2.16376		12.6789
2.16476		8.39389
2.16576		5.92922
2.16676		4.42816
2.16776		3.46275
2.16876		2.81293
2.16976		2.35939
2.17076		2.03391
2.17176		1.79559
2.17276		1.6189
2.17376		1.48736
2.17476		1.39006
2.17576		1.31964
2.17676		1.27113
2.17776		1.24117
2.17876		1.22762
2.17976		1.22927
2.18076		1.24568
2.18176		1.27712
2.18276		1.32459
2.18376		1.3899
2.18476		1.47585
2.18576		1.58654
2.18676		1.72785
2.18776		1.90822
2.18876		2.13993
2.18976		2.4412
2.19076		2.83988
2.19176		3.38
2.19276		4.13414
2.19376		5.22803
2.19476		6.89154
2.19576		9.56864
2.19676		14.1426
2.19776		22.2022
2.19876		34.6195
2.19976		42.8585
2.20076		35.4581
2.20176		24.8856
2.20276		19.4164
2.20376		18.7349
2.20476		22.6168
2.20576		31.8211
2.20676		42.0221
2.20776		38.4596
2.20876		25.6704
2.20976		16.1784
2.21076		10.7284
2.21176		7.58855
2.21276		5.67411
2.21376		4.43614
2.21476		3.59434
2.21576		2.99808
2.21676		2.56178
2.21776		2.23426
2.21876		1.98355
2.21976		1.7889
2.22076		1.63646
2.22176		1.51671
2.22276		1.42302
2.22376		1.35075
2.22476		1.29665
2.22576		1.25849
2.22676		1.23489
2.22776		1.22515
2.22876		1.22922
2.22976		1.24766
2.23076		1.28179
2.23176		1.33377
2.23276		1.40691
2.23376		1.50608
2.23476		1.63843
2.23576		1.81448
2.23676		2.05008
2.23776		2.36964
2.23876		2.81209
2.23976		3.44205
2.24076		4.37191
2.24176		5.80776
2.24276		8.14835
2.24376		12.1917
2.24476		19.4208
2.24576		31.0445
2.24676		40.1899
2.24776		33.5946
2.24876		21.4254
2.24976		13.343
2.25076		8.81213
2.25176		6.22038
2.25276		4.65276
2.25376		3.65192
2.25476		2.98387
2.25576		2.52261
2.25676		2.19662
2.25776		1.96348
2.25876		1.79711
2.25976		1.68113
2.26076		1.60522
2.26176		1.56316
2.26276		1.55165
2.26376		1.56982
2.26476		1.61907
2.26576		1.70328
2.26676		1.82948
2.26776		2.00916
2.26876		2.2605
2.26976		2.61257
2.27076		3.11301
2.27176		3.84286
2.27276		4.9466
2.27376		6.69583
2.27476		9.6266
2.27576		14.804
2.27676		23.9334
2.27776		36.2585
2.27876		39.2319
2.27976		28.0895
2.28076		17.3737
2.28176		11.0371
2.28276		7.48357
2.28376		5.39851
2.28476		4.10106
2.28576		3.24978
2.28676		2.66605
2.28776		2.25122
2.28876		1.94785
2.28976		1.72092
2.29076		1.54822
2.29176		1.41516
2.29276		1.31188
2.29376		1.23156
2.29476		1.16938
2.29576		1.12188
2.29676		1.08656
2.29776		1.06161
2.29876		1.04573
2.29976		1.038
2.30076		1.03781
2.30176		1.04481
2.30276		1.05886
2.30376		1.08005
2.30476		1.10865
2.30576		1.14514
2.30676		1.19026
2.30776		1.245
2.30876		1.3107
2.30976		1.38911
2.31076		1.48253
2.31176		1.59397
2.31276		1.72744
2.31376		1.88826
2.31476		2.08372
2.31576		2.32388
2.31676		2.623
2.31776		3.00181
2.31876		3.49138
2.31976		4.13997
2.32076		5.02571
2.32176		6.2814
2.32276		8.14528
2.32376		11.0694
2.32476		15.9434
2.32576		24.3997
2.32676		37.7791
2.32776		49.1479
2.32876		46.5525
2.32976		42.4324
2.33076		46.7556
2.33176		50.1213
2.33276		39.5668
2.33376		26.6647
2.33476		18.8251
2.33576		14.8938
2.33676		13.3941
2.33776		13.7514
2.33876		16.1596
2.33976		21.6461
2.34076		31.7928
2.34176		43.7156
2.34276		43.1103
2.34376		32.2607
2.34476		25.1135
2.34576		24.1106
2.34676		29.1669
2.34776		39.4529
2.34876		44.0647
2.34976		33.5486
2.35076		21.4857
2.35176		14.0016
2.35276		9.72312
2.35376		7.16947
2.35476		5.54783
2.35576		4.45821
2.35676		3.69091
2.35776		3.12958
2.35876		2.7061
2.35976		2.37855
2.36076		2.12006
2.36176		1.91274
2.36276		1.74435
2.36376		1.60627
2.36476		1.4923
2.36576		1.39793
2.36676		1.31982
2.36776		1.25546
2.36876		1.20304
2.36976		1.16119
2.37076		1.12898
2.37176		1.10579
2.37276		1.09133
2.37376		1.08558
2.37476		1.08883
2.37576		1.10171
2.37676		1.12523
2.37776		1.16092
2.37876		1.21093
2.37976		1.27832
2.38076		1.36738
2.38176		1.48421
2.38276		1.63759
2.38376		1.84049
2.38476		2.1125
2.38576		2.48424
2.38676		3.00535
2.38776		3.76002
2.38876		4.89838
2.38976		6.70315
2.39076		9.73329
2.39176		15.0956
2.39276		24.5037
2.39376		36.7583
2.39476		38.7082
2.39576		27.209
2.39676		16.7541
2.39776		10.6292
2.39876		7.18707
2.39976		5.15758
2.40076		3.88753
2.40176		3.04885
2.40276		2.46937
2.40376		2.05364
2.40476		1.74591
2.40576		1.5121
2.40676		1.33049
2.40776		1.18675
2.40876		1.07117
2.40976		0.976929
2.41076		0.899192
2.41176		0.834419
2.41276		0.779983
2.41376		0.733901
2.41476		0.694659
2.41576		0.66108
2.41676		0.632244
2.41776		0.60742
2.41876		0.586025
2.41976		0.567589
2.42076		0.551733
2.42176		0.538146
2.42276		0.526574
2.42376		0.51681
2.42476		0.508685
2.42576		0.502058
2.42676		0.496816
2.42776		0.49287
2.42876		0.490146
2.42976		0.48859
2.43076		0.488161
2.43176		0.488833
2.43276		0.490591
2.43376		0.493434
2.43476		0.49737
2.43576		0.50242
2.43676		0.508619
2.43776		0.51601
2.43876		0.524652
2.43976		0.53462
2.44076		0.546
2.44176		0.558901
2.44276		0.57345
2.44376		0.589797
2.44476		0.608121
2.44576		0.628633
2.44676		0.651581
2.44776		0.67726
2.44876		0.706021
2.44976		0.738282
2.45076		0.774544
2.45176		0.815411
2.45276		0.861616
2.45376		0.914056
2.45476		0.973834
2.45576		1.04232
2.45676		1.12125
2.45776		1.21279
2.45876		1.31977
2.45976		1.44584
2.46076		1.59585
2.46176		1.77631
2.46276		1.99615
2.46376		2.26791
2.46476		2.60958
2.46576		3.04778
2.46676		3.62318
2.46776		4.40045
2.46876		5.48698
2.46976		7.07054
2.47076		9.4983
2.47176		13.4447
2.47276		20.2206
2.47376		31.7828
2.47476		46.6044
2.47576		51.7325
2.47676		48.4008
2.47776		50.7827
2.47876		50.1921
2.47976		36.9084
2.48076		23.8524
2.48176		15.9713
2.48276		11.5507
2.48376		9.03493
2.48476		7.61576
2.48576		6.91115
2.48676		6.7681
2.48776		7.18836
2.48876		8.33583
2.48976		10.6315
2.49076		14.98
2.49176		22.9913
2.49276		35.0453
2.49376		41.0422
2.49476		31.4469
2.49576		19.836
2.49676		12.652
2.49776		8.60896
2.49876		6.24394
2.49976		4.77426
2.50076		3.80821
2.50176		3.14258
2.50276		2.66604
2.50376		2.31426
2.50476		2.04819
2.50576		1.84315
2.50676		1.68298
2.50776		1.55677
2.50876		1.45699
2.50976		1.37832
2.51076		1.31701
2.51176		1.27034
2.51276		1.23642
2.51376		1.21395
2.51476		1.20212
2.51576		1.20055
2.51676		1.20922
2.51776		1.22853
2.51876		1.25926
2.51976		1.3027
2.52076		1.36075
2.52176		1.4361
2.52276		1.53253
2.52376		1.65534
2.52476		1.8121
2.52576		2.01374
2.52676		2.27646
2.52776		2.62501
2.52876		3.09851
2.52976		3.76142
2.53076		4.72519
2.53176		6.19313
2.53276		8.55691
2.53376		12.5988
2.53476		19.7814
2.53576		31.3979
2.53676		41.0413
2.53776		35.1173
2.53876		23.1184
2.53976		15.1898
2.54076		10.9842
2.54176		8.92848
2.54276		8.18657
2.54376		8.47128
2.54476		9.89018
2.54576		13.0067
2.54676		19.0799
2.54776		29.6367
2.54876		40.4147
2.54976		36.8767
2.55076		24.4117
2.55176		15.2923
2.55276		10.103
2.55376		7.13981
2.55476		5.35097
2.55576		4.20694
2.55676		3.43849
2.55776		2.90169
2.55876		2.51528
2.55976		2.23105
2.56076		2.01918
2.56176		1.86059
2.56276		1.74277
2.56376		1.65742
2.56476		1.59908
2.56576		1.56427
2.56676		1.55107
2.56776		1.55886
2.56876		1.58823
2.56976		1.64105
2.57076		1.72077
2.57176		1.83289
2.57276		1.98578
2.57376		2.19215
2.57476		2.47152
2.57576		2.85456
2.57676		3.39117
2.57776		4.16605
2.57876		5.33022
2.57976		7.16807
2.58076		10.2416
2.58176		15.6631
2.58276		25.1473
2.58376		37.4485
2.58476		39.3598
2.58576		27.9102
2.58676		17.5838
2.58776		11.6054
2.58876		8.33098
2.58976		6.50622
2.59076		5.49736
2.59176		5.00316
2.59276		4.89275
2.59376		5.13859
2.59476		5.80292
2.59576		7.06866
2.59676		9.33534
2.59776		13.4317
2.59876		20.886
2.59976		32.6762
2.60076		40.8204
2.60176		33.07
2.60276		21.032
2.60376		13.2553
2.60476		8.89067
2.60576		6.37237
2.60676		4.83273
2.60776		3.83801
2.60876		3.1652
2.60976		2.69345
2.61076		2.35366
2.61176		2.10447
2.61276		1.92011
2.61376		1.78409
2.61476		1.68563
2.61576		1.6177
2.61676		1.57587
2.61776		1.5576
2.61876		1.56191
2.61976		1.58928
2.62076		1.64165
2.62176		1.72281
2.62276		1.83886
2.62376		1.9993
2.62476		2.21871
2.62576		2.51981
2.62676		2.9389
2.62776		3.53606
2.62876		4.41533
2.62976		5.76624
2.63076		7.9532
2.63176		11.7045
2.63276		18.407
2.63376		29.5335
2.63476		39.9547
2.63576		35.3766
2.63676		23.0448
2.63776		14.3686
2.63876		9.48065
2.63976		6.70446
2.64076		5.04061
2.64176		3.98799
2.64276		3.29168
2.64376		2.81536
2.64476		2.48216
2.64576		2.24668
2.64676		2.08106
2.64776		1.96778
2.64876		1.89568
2.64976		1.85775
2.65076		1.84992
2.65176		1.87032
2.65276		1.919
2.65376		1.99785
2.65476		2.11088
2.65576		2.26479
2.65676		2.46997
2.65776		2.74238
2.65876		3.10675
2.65976		3.6024
2.66076		4.29413
2.66176		5.29376
2.66276		6.80461
2.66376		9.21722
2.66476		13.3099
2.66576		20.5404
2.66676		32.2436
2.66776		42.2278
2.66876		36.7871
2.66976		25.133
2.67076		17.6805
2.67176		14.2783
2.67276		13.5891
2.67376		15.263
2.67476		19.9982
2.67576		29.2678
2.67676		41.049
2.67776		41.436
2.67876		29.6065
2.67976		19.7485
2.68076		14.3122
2.68176		11.6612
2.68276		10.6959
2.68376		11.0037
2.68476		12.668
2.68576		16.3088
2.68676		23.309
2.68776		35.0796
2.68876		45.9233
2.68976		42.1266
2.69076		32.7321
2.69176		29.5705
2.69276		34.1888
2.69376		43.6378
2.69476		43.6904
2.69576		31.0372
2.69676		19.8971
2.69776		13.2978
2.69876		9.50816
2.69976		7.22168
2.70076		5.76271
2.70176		4.7883
2.70276		4.11661
2.70376		3.64631
2.70476		3.31876
2.70576		3.09962
2.70676		2.96955
2.70776		2.91974
2.70876		2.95015
2.70976		3.06976
2.71076		3.29912
2.71176		3.67629
2.71276		4.26882
2.71376		5.1985
2.71476		6.69343
2.71576		9.20086
2.71676		13.6174
2.71776		21.5386
2.71876		33.6162
2.71976		40.5782
2.72076		31.7185
2.72176		19.974
2.72276		12.6036
2.72376		8.47128
2.72476		6.07392
2.72576		4.59768
2.72676		3.63582
2.72776		2.9783
2.72876		2.51065
2.72976		2.16705
2.73076		1.90775
2.73176		1.70775
2.73276		1.55072
2.73376		1.42567
2.73476		1.32499
2.73576		1.24328
2.73676		1.17665
2.73776		1.12224
2.73876		1.07791
2.73976		1.04205
2.74076		1.01347
2.74176		0.991237
2.74276		0.974666
2.74376		0.963246
2.74476		0.956616
2.74576		0.954537
2.74676		0.956881
2.74776		0.96362
2.74876		0.974821
2.74976		0.99065
2.75076		1.01138
2.75176		1.03739
2.75276		1.06919
2.75376		1.10748
2.75476		1.1531
2.75576		1.20718
2.75676		1.27112
2.75776		1.34675
2.75876		1.4364
2.75976		1.54314
2.76076		1.671
2.76176		1.8254
2.76276		2.0137
2.76376		2.24617
2.76476		2.53739
2.76576		2.90869
2.76676		3.39225
2.76776		4.03835
2.76876		4.92899
2.76976		6.20457
2.77076		8.11893
2.77176		11.1568
2.77276		16.2737
2.77376		25.1803
2.77476		38.8864
2.77576		49.0015
2.77676		45.2587
2.77776		41.8721
2.77876		46.7294
2.77976		48.2262
2.78076		36.0527
2.78176		23.2586
2.78276		15.4201
2.78376		10.9715
2.78476		8.36547
2.78576		6.77955
2.78676		5.80184
2.78776		5.22352
2.78876		4.94136
2.78976		4.91547
2.79076		5.15539
2.79176		5.72587
2.79276		6.7768
2.79376		8.61701
2.79476		11.8782
2.79576		17.8033
2.79676		28.0531
2.79776		39.6282
2.79876		38.1029
2.79976		25.8626
2.80076		16.3045
2.80176		10.8453
2.80276		7.77079
2.80376		5.95518
2.80476		4.82973
2.80576		4.10812
2.80676		3.6401
2.80776		3.34362
2.80876		3.17325
2.80976		3.1051
2.81076		3.1297
2.81176		3.24942
2.81276		3.47908
2.81376		3.85013
2.81476		4.42028
2.81576		5.2938
2.81676		6.66428
2.81776		8.90715
2.81876		12.7748
2.81976		19.6897
2.82076		31.043
2.82176		41.0885
2.82276		35.8147
2.82376		23.6009
2.82476		15.2429
2.82576		10.6118
2.82676		8.05696
2.82776		6.61766
2.82876		5.81937
2.82976		5.42926
2.83076		5.33523
2.83176		5.49228
2.83276		5.90113
2.83376		6.60485
2.83476		7.70033
2.83576		9.37041
2.83676		11.9549
2.83776		16.1051
2.83876		23.1161
2.83976		35.5114
2.84076		56.7062
2.84176		81.0699
2.84276		80.0696
2.84376		58.3216
2.84476		43.755
2.84576		41.0249
2.84676		47.045
2.84776		49.3068
2.84876		37.367
2.84976		24.3282
2.85076		16.1806
2.85176		11.4447
2.85276		8.56624
2.85376		6.70756
2.85476		5.4411
2.85576		4.53955
2.85676		3.875
2.85776		3.37144
2.85876		2.98151
2.85976		2.67452
2.86076		2.42986
2.86176		2.23333
2.86276		2.07496
2.86376		1.94764
2.86476		1.84627
2.86576		1.76726
2.86676		1.70815
2.86776		1.66744
2.86876		1.64444
2.86976		1.63926
2.87076		1.65289
2.87176		1.68731
2.87276		1.74579
2.87376		1.83334
2.87476		1.95748
2.87576		2.12949
2.87676		2.36655
2.87776		2.69543
2.87876		3.15932
2.87976		3.83064
2.88076		4.8369
2.88176		6.41482
2.88276		9.02727
2.88376		13.5998
2.88476		21.7546
2.88576		33.9516
2.88676		40.2973
2.88776		30.9655
2.88876		19.3969
2.88976		12.233
2.89076		8.22415
2.89176		5.89922
2.89276		4.4695
2.89376		3.54078
2.89476		2.90914
2.89576		2.46323
2.89676		2.13895
2.89776		1.89759
2.89876		1.71482
2.89976		1.5748
2.90076		1.46693
2.90176		1.38394
2.90276		1.32077
2.90376		1.27387
2.90476		1.24076
2.90576		1.21975
2.90676		1.20974
2.90776		1.21014
2.90876		1.22081
2.90976		1.24201
2.91076		1.27446
2.91176		1.31939
2.91276		1.37864
2.91376		1.45489
2.91476		1.55191
2.91576		1.67504
2.91676		1.83194
2.91776		2.03378
2.91876		2.2972
2.91976		2.64783
2.92076		3.12645
2.92176		3.80086
2.92276		4.78927
2.92376		6.30916
2.92476		8.78278
2.92576		13.0549
2.92676		20.6657
2.92776		32.5928
2.92876		40.8257
2.92976		33.1561
2.93076		21.2347
2.93176		13.5796
2.93276		9.33645
2.93376		6.94456
2.93476		5.54171
2.93576		4.69966
2.93676		4.2017
2.93776		3.93486
2.93876		3.84055
2.93976		3.89183
2.94076		4.08356
2.94176		4.42957
2.94276		4.96535
2.94376		5.75718
2.94476		6.92184
2.94576		8.66748
2.94676		11.3795
2.94776		15.805
2.94876		23.4195
2.94976		36.7591
2.95076		56.6471
2.95176		71.6801
2.95276		69.2439
2.95376		51.3224
2.95476		33.1998
2.95576		22.1937
2.95676		16.276
2.95776		13.2802
2.95876		12.1576
2.95976		12.6236
2.96076		15.0206
2.96176		20.4615
2.96276		30.4641
2.96376		41.3355
2.96476		38.4975
2.96576		25.9201
2.96676		16.431
2.96776		10.9796
2.96876		7.84601
2.96976		5.93862
2.97076		4.70538
2.97176		3.8655
2.97276		3.26873
2.97376		2.83007
2.97476		2.49887
2.97576		2.24357
2.97676		2.04373
2.97776		1.88566
2.97876		1.75999
2.97976		1.66015
2.98076		1.58148
2.98176		1.52066
2.98276		1.47538
2.98376		1.44407
2.98476		1.42576
2.98576		1.42003
2.98676		1.42695
2.98776		1.44711
2.98876		1.48167
2.98976		1.53249
2.99076		1.60233
2.99176		1.69518
2.99276		1.81672
2.99376		1.97517
2.99476		2.18258
2.99576		2.45703
2.99676		2.82648
2.99776		3.33572
2.99876		4.05969
2.99976		5.1301
3.00076		6.79141
3.00176		9.52163
3.00276		14.2747
3.00376		22.6973
3.00476		35.0545
3.00576		40.8912
3.00676		31.274
3.00776		20.0354
3.00876		13.2679
3.00976		9.65085
3.01076		7.77587
3.01176		6.92985
3.01276		6.82017
3.01376		7.41063
3.01476		8.90049
3.01576		11.8385
3.01676		17.3867
3.01776		27.2178
3.01876		38.9952
3.01976		38.5783
3.02076		26.4479
3.02176		16.5177
3.02276		10.7836
3.02376		7.53651
3.02476		5.59958
3.02576		4.37427
3.02676		3.55841
3.02776		2.99211
3.02876		2.58599
3.02976		2.28743
3.03076		2.0641
3.03176		1.89533
3.03276		1.76754
3.03376		1.67161
3.03476		1.6013
3.03576		1.55239
3.03676		1.52206
3.03776		1.50859
3.03876		1.51113
3.03976		1.52959
3.04076		1.56467
3.04176		1.6179
3.04276		1.69181
3.04376		1.79026
3.04476		1.91889
3.04576		2.08594
3.04676		2.30358
3.04776		2.59013
3.04876		2.97396
3.04976		3.50057
3.05076		4.24616
3.05176		5.34475
3.05276		7.04535
3.05376		9.83527
3.05476		14.6862
3.05576		23.2581
3.05676		35.6807
3.05776		41.1465
3.05876		31.3226
3.05976		20.245
3.06076		13.6591
3.06176		10.1996
3.06276		8.49052
3.06376		7.85536
3.06476		8.0508
3.06576		9.12819
3.06676		11.4628
3.06776		15.9551
3.06876		24.2201
3.06976		36.4375
3.07076		41.9717
3.07176		32.1533
3.07276		20.9039
3.07376		14.1457
3.07476		10.5263
3.07576		8.63716
3.07676		7.75596
3.07776		7.56354
3.07876		7.96398
3.07976		9.02505
3.08076		11.0054
3.08176		14.4844
3.08276		20.6508
3.08376		31.5657
3.08476		47.799
3.08576		59.2445
3.08676		60.2129
3.08776		58.3427
3.08876		45.205
3.08976		29.2336
3.09076		18.874
3.09176		12.9203
3.09276		9.39088
3.09376		7.17436
3.09476		5.70533
3.09576		4.68734
3.09676		3.9564
3.09776		3.41688
3.09876		3.01038
3.09976		2.69982
3.10076		2.46093
3.10176		2.2775
3.10276		2.13859
3.10376		2.03694
3.10476		1.96793
3.10576		1.9291
3.10676		1.91984
3.10776		1.94145
3.10876		1.99738
3.10976		2.09386
3.11076		2.24102
3.11176		2.45488
3.11276		2.76093
3.11376		3.20052
3.11476		3.84327
3.11576		4.81161
3.11676		6.33232
3.11776		8.84778
3.11876		13.2435
3.11976		21.1038
3.12076		33.1595
3.12176		40.4171
3.12276		31.8082
3.12376		20.0168
3.12476		12.5787
3.12576		8.4138
3.12676		6.00538
3.12776		4.5286
3.12876		3.57129
3.12976		2.92091
3.13076		2.4618
3.13176		2.12757
3.13276		1.87824
3.13376		1.68873
3.13476		1.54272
3.13576		1.42929
3.13676		1.34092
3.13776		1.27237
3.13876		1.21994
3.13976		1.18096
3.14076		1.15357
3.14176		1.13648
3.14276		1.12883
3.14376		1.13016
3.14476		1.14034
3.14576		1.15951
3.14676		1.18815
3.14776		1.22707
3.14876		1.27747
3.14976		1.34102
3.15076		1.41998
3.15176		1.51742
3.15276		1.63746
3.15376		1.78571
3.15476		1.96989
3.15576		2.20081
3.15676		2.49395
3.15776		2.87199
3.15876		3.36923
3.15976		4.03937
3.16076		4.97007
3.16176		6.31142
3.16276		8.33464
3.16376		11.5571
3.16476		16.9963
3.16576		26.4679
3.16676		41.0365
3.16776		52.2398
3.16876		50.9625
3.16976		51.1433
3.17076		51.9621
3.17176		40.1006
3.17276		25.7444
3.17376		16.5659
3.17476		11.2948
3.17576		8.15998
3.17676		6.18307
3.17776		4.86668
3.17876		3.94928
3.17976		3.28561
3.18076		2.79058
3.18176		2.41187
3.18276		2.11598
3.18376		1.88069
3.18476		1.69076
3.18576		1.53552
3.18676		1.40727
3.18776		1.30038
3.18876		1.21063
3.18976		1.13486
3.19076		1.07059
3.19176		1.01593
3.19276		0.969389
3.19376		0.929783
3.19476		0.896175
3.19576		0.867816
3.19676		0.844107
3.19776		0.824575
3.19876		0.808844
3.19976		0.796626
3.20076		0.787706
3.20176		0.781933
3.20276		0.779218
3.20376		0.779526
3.20476		0.782882
3.20576		0.789369
3.20676		0.799133
3.20776		0.812389
3.20876		0.829437
3.20976		0.850673
3.21076		0.876615
3.21176		0.907929
3.21276		0.945474
3.21376		0.990359
3.21476		1.04403
3.21576		1.10836
3.21676		1.18587
3.21776		1.27993
3.21876		1.39514
3.21976		1.53793
3.22076		1.71747
3.22176		1.94718
3.22276		2.24726
3.22376		2.64922
3.22476		3.20416
3.22576		3.99878
3.22676		5.18794
3.22776		7.06386
3.22876		10.2051
3.22976		15.7537
3.23076		25.4231
3.23176		37.6156
3.23276		38.7515
3.23376		27.0516
3.23476		16.8637
3.23576		10.9609
3.23676		7.66628
3.23776		5.74748
3.23876		4.57446
3.23976		3.83134
3.24076		3.35315
3.24176		3.04971
3.24276		2.87015
3.24376		2.7857
3.24476		2.78122
3.24576		2.85096
3.24676		2.99691
3.24776		3.22875
3.24876		3.56553
3.24976		4.03953
3.25076		4.70367
3.25176		5.64558
3.25276		7.01514
3.25376		9.08044
3.25476		12.3464
3.25576		17.805
3.25676		27.3563
3.25776		43.4321
3.25876		62.3073
3.25976		69.7209
3.26076		62.1356
3.26176		43.2147
3.26276		27.2169
3.26376		17.7263
3.26476		12.2995
3.26576		9.04842
3.26676		6.98817
3.26776		5.61699
3.26876		4.66782
3.26976		3.99065
3.27076		3.49691
3.27176		3.13202
3.27276		2.86115
3.27376		2.66153
3.27476		2.51802
3.27576		2.42061
3.27676		2.36288
3.27776		2.3411
3.27876		2.35378
3.27976		2.4015
3.28076		2.48699
3.28176		2.61555
3.28276		2.79586
3.28376		3.04141
3.28476		3.373
3.28576		3.82324
3.28676		4.44465
3.28776		5.32537
3.28876		6.62065
3.28976		8.61956
3.29076		11.8881
3.29176		17.541
3.29276		27.3223
3.29376		40.2248
3.29476		43.358
3.29576		33.2163
3.29676		24.5884
3.29776		21.472
3.29876		23.2434
3.29976		30.3472
3.30076		42.4101
3.30176		48.6111
3.30276		40.7715
3.30376		33.7288
3.30476		34.8787
3.30576		43.059
3.30676		46.341
3.30776		35.0496
3.30876		22.633
3.30976		14.9465
3.31076		10.533
3.31176		7.88723
3.31276		6.20366
3.31376		5.07401
3.31476		4.28297
3.31576		3.71046
3.31676		3.28587
3.31776		2.96568
3.31876		2.72205
3.31976		2.53661
3.32076		2.39701
3.32176		2.29485
3.32276		2.22452
3.32376		2.18244
3.32476		2.1666
3.32576		2.1764
3.32676		2.21257
3.32776		2.27729
3.32876		2.37446
3.32976		2.51031
3.33076		2.69429
3.33176		2.94068
3.33276		3.27141
3.33376		3.7209
3.33476		4.34521
3.33576		5.23973
3.33676		6.57531
3.33776		8.6754
3.33876		12.181
3.33976		18.3402
3.34076		28.8347
3.34176		40.7987
3.34276		39.8656
3.34376		28.1376
3.34476		19.1535
3.34576		14.4944
3.34676		12.5644
3.34776		12.4358
3.34876		13.9148
3.34976		17.4494
3.35076		24.3239
3.35176		36.6749
3.35276		53.468
3.35376		62.4362
3.35476		62.7226
3.35576		56.5194
3.35676		39.9186
3.35776		25.6693
3.35876		17.1807
3.35976		12.3077
3.36076		9.38585
3.36176		7.54589
3.36276		6.34453
3.36376		5.54678
3.36476		5.02271
3.36576		4.69894
3.36676		4.53517
3.36776		4.51285
3.36876		4.63042
3.36976		4.90293
3.37076		5.36597
3.37176		6.08554
3.37276		7.17873
3.37376		8.85615
3.37476		11.5118
3.37576		15.9149
3.37676		23.5657
3.37776		36.7558
3.37876		54.3171
3.37976		63.8144
3.38076		63.8066
3.38176		54.2884
3.38276		36.7161
3.38376		23.5206
3.38476		15.8635
3.38576		11.4536
3.38676		8.79168
3.38776		7.1099
3.38876		6.01553
3.38976		5.29983
3.39076		4.84854
3.39176		4.60013
3.39276		4.5263
3.39376		4.62428
3.39476		4.91704
3.39576		5.4619
3.39676		6.37267
3.39776		7.86877
3.39876		10.3832
3.39976		14.7853
3.40076		22.6475
3.40176		34.8566
3.40276		42.9722
3.40376		35.3491
3.40476		24.2461
3.40576		17.8913
3.40676		15.65
3.40776		16.6431
3.40876		21.31
3.40976		30.8582
3.41076		41.5438
3.41176		38.72
3.41276		26.0648
3.41376		16.4761
3.41476		10.9592
3.41576		7.78547
3.41676		5.85219
3.41776		4.60089
3.41876		3.74723
3.41976		3.13891
3.42076		2.68968
3.42176		2.34805
3.42276		2.08189
3.42376		1.87033
3.42476		1.69931
3.42576		1.55914
3.42676		1.44291
3.42776		1.3456
3.42876		1.26353
3.42976		1.19388
3.43076		1.13454
3.43176		1.08386
3.43276		1.04056
3.43376		1.00362
3.43476		0.972261
3.43576		0.945851
3.43676		0.923901
3.43776		0.906034
3.43876		0.891965
3.43976		0.881491
3.44076		0.874485
3.44176		0.870888
3.44276		0.870707
3.44376		0.874021
3.44476		0.880982
3.44576		0.891825
3.44676		0.906884
3.44776		0.926605
3.44876		0.951579
3.44976		0.982576
3.45076		1.0206
3.45176		1.06695
3.45276		1.12335
3.45376		1.19208
3.45476		1.27618
3.45576		1.37983
3.45676		1.50881
3.45776		1.67131
3.45876		1.87924
3.45976		2.15041
3.46076		2.51228
3.46176		3.00886
3.46276		3.71382
3.46376		4.75668
3.46476		6.37796
3.46576		9.04816
3.46676		13.7074
3.46776		21.9903
3.46876		34.2516
3.46976		40.288
3.47076		30.7481
3.47176		19.2917
3.47276		12.2526
3.47376		8.33013
3.47476		6.07019
3.47576		4.6972
3.47676		3.82406
3.47776		3.25102
3.47876		2.86983
3.47976		2.61926
3.48076		2.46388
3.48176		2.38339
3.48276		2.36737
3.48376		2.4127
3.48476		2.52282
3.48576		2.70854
3.48676		2.99056
3.48776		3.40485
3.48876		4.01334
3.48976		4.92538
3.49076		6.3426
3.49176		8.65565
3.49276		12.6469
3.49376		19.7792
3.49476		31.3288
3.49576		40.8072
3.49676		34.6634
3.49776		22.4925
3.49876		14.3432
3.49976		9.80918
3.50076		7.26496
3.50176		5.7817
3.50276		4.89805
3.50376		4.38276
3.50476		4.11771
3.50576		4.04493
3.50676		4.14334
3.50776		4.42065
3.50876		4.91545
3.50976		5.71074
3.51076		6.96678
3.51176		8.99432
3.51276		12.4132
3.51376		18.4388
3.51476		28.7917
3.51576		41.1753
3.51676		41.5188
3.51776		30.4765
3.51876		22.1771
3.51976		19.0345
3.52076		20.2
3.52176		26.056
3.52276		36.9313
3.52376		44.2727
3.52476		35.9978
3.52576		23.9753
3.52676		16.454
3.52776		12.5425
3.52876		10.7696
3.52976		10.4497
3.53076		11.4965
3.53176		14.3829
3.53276		20.3278
3.53376		30.8144
3.53476		41.4024
3.53576		37.5689
3.53676		25.0501
3.53776		15.9597
3.53876		10.7896
3.53976		7.83813
3.54076		6.0622
3.54176		4.93735
3.54276		4.19752
3.54376		3.70147
3.54476		3.37098
3.54576		3.16182
3.54676		3.04977
3.54776		3.02377
3.54876		3.08323
3.54976		3.23795
3.55076		3.5108
3.55176		3.94447
3.55276		4.6153
3.55376		5.66216
3.55476		7.34791
3.55576		10.1925
3.55676		15.232
3.55776		24.1616
3.55876		36.5013
3.55976		40.1627
3.56076		29.3087
3.56176		18.428
3.56276		11.9564
3.56376		8.34338
3.56476		6.24453
3.56576		4.96013
3.56676		4.14023
3.56776		3.60303
3.56876		3.2494
3.56976		3.0231
3.57076		2.89162
3.57176		2.83669
3.57276		2.84938
3.57376		2.9279
3.57476		3.07703
3.57576		3.30902
3.57676		3.6462
3.57776		4.1264
3.57876		4.81361
3.57976		5.81912
3.58076		7.34535
3.58176		9.78012
3.58276		13.8945
3.58376		21.138
3.58476		32.9223
3.58576		43.4613
3.58676		38.8901
3.58776		27.9231
3.58876		21.5858
3.58976		20.3577
3.59076		23.851
3.59176		32.768
3.59276		43.5091
3.59376		41.3867
3.59476		29.0346
3.59576		19.7076
3.59676		14.7486
3.59776		12.5424
3.59876		12.1871
3.59976		13.5608
3.60076		17.2772
3.60176		24.7864
3.60276		36.6201
3.60376		43.3312
3.60476		34.3775
3.60576		22.814
3.60676		15.7921
3.60776		12.204
3.60876		10.6571
3.60976		10.5405
3.61076		11.8371
3.61176		15.1172
3.61276		21.7264
3.61376		32.8793
3.61476		42.0795
3.61576		35.7271
3.61676		23.3492
3.61776		15.0156
3.61876		10.3224
3.61976		7.63624
3.62076		6.02132
3.62176		5.01072
3.62276		4.36814
3.62376		3.97015
3.62476		3.75242
3.62576		3.68535
3.62676		3.76409
3.62776		4.00713
3.62876		4.46288
3.62976		5.22778
3.63076		6.487
3.63176		8.60397
3.63276		12.3105
3.63376		19.0012
3.63476		30.1253
3.63576		40.3812
3.63676		35.5416
3.63776		23.1755
3.63876		14.5214
3.63976		9.63414
3.64076		6.84205
3.64176		5.15398
3.64276		4.07289
3.64376		3.34557
3.64476		2.83622
3.64576		2.46793
3.64676		2.19496
3.64776		1.98887
3.64876		1.83132
3.64976		1.71014
3.65076		1.61703
3.65176		1.54623
3.65276		1.49368
3.65376		1.45654
3.65476		1.43281
3.65576		1.42114
3.65676		1.42072
3.65776		1.43113
3.65876		1.45233
3.65976		1.48467
3.66076		1.52883
3.66176		1.58591
3.66276		1.65748
3.66376		1.7457
3.66476		1.85345
3.66576		1.9846
3.66676		2.1443
3.66776		2.33956
3.66876		2.57997
3.66976		2.8789
3.67076		3.25542
3.67176		3.73741
3.67276		4.36685
3.67376		5.2092
3.67476		6.37071
3.67576		8.03209
3.67676		10.5173
3.67776		14.4399
3.67876		21.0122
3.67976		32.5451
3.68076		51.7871
3.68176		73.0342
3.68276		75.4496
3.68376		56.438
3.68476		36.8524
3.68576		25.2564
3.68676		19.4438
3.68776		17.1698
3.68876		17.5897
3.68976		21.0161
3.69076		28.7946
3.69176		41.0143
3.69276		47.0888
3.69376		38.5622
3.69476		29.8668
3.69576		27.9941
3.69676		33.2716
3.69776		43.0925
3.69876		43.5821
3.69976		31.075
3.70076		19.8717
3.70176		13.1987
3.70276		9.34672
3.70376		7.00203
3.70476		5.4835
3.70576		4.44491
3.70676		3.70185
3.70776		3.15036
3.70876		2.72859
3.70976		2.39795
3.71076		2.13338
3.71176		1.918
3.71276		1.74009
3.71376		1.5913
3.71476		1.46555
3.71576		1.35831
3.71676		1.26615
3.71776		1.18644
3.71876		1.11712
3.71976		1.05657
3.72076		1.0035
3.72176		0.956874
3.72276		0.915852
3.72376		0.879753
3.72476		0.848018
3.72576		0.820193
3.72676		0.795907
3.72776		0.77486
3.72876		0.756814
3.72976		0.741581
3.73076		0.729024
3.73176		0.719047
3.73276		0.711598
3.73376		0.706663
3.73476		0.704274
3.73576		0.704506
3.73676		0.707482
3.73776		0.713384
3.73876		0.722458
3.73976		0.735027
3.74076		0.751513
3.74176		0.772456
3.74276		0.798552
3.74376		0.830691
3.74476		0.870027
3.74576		0.918062
3.74676		0.97677
3.74776		1.04879
3.74876		1.13767
3.74976		1.24832
3.75076		1.38762
3.75176		1.56545
3.75276		1.79636
3.75376		2.10247
3.75476		2.51862
3.75576		3.10183
3.75676		3.95001
3.75776		5.2402
3.75876		7.31063
3.75976		10.8355
3.76076		17.1187
3.76176		27.7702
3.76276		38.9993
3.76376		36.262
3.76476		23.9435
3.76576		14.7415
3.76676		9.51336
3.76776		6.55065
3.76876		4.77836
3.76976		3.6549
3.77076		2.90583
3.77176		2.38505
3.77276		2.0104
3.77376		1.73332
3.77476		1.52377
3.77576		1.36248
3.77676		1.23666
3.77776		1.1376
3.77876		1.05922
3.77976		0.997198
3.78076		0.948427
3.78176		0.910656
3.78276		0.882256
3.78376		0.862064
3.78476		0.849285
3.78576		0.84342
3.78676		0.844232
3.78776		0.851723
3.78876		0.866134
3.78976		0.887969
3.79076		0.918025
3.79176		0.957468
3.79276		1.00793
3.79376		1.07166
3.79476		1.15175
3.79576		1.25253
3.79676		1.38004
3.79776		1.54298
3.79876		1.75406
3.79976		2.03246
3.80076		2.40804
3.80176		2.92905
3.80276		3.67703
3.80376		4.79688
3.80476		6.56058
3.80576		9.50456
3.80676		14.6943
3.80776		23.8354
3.80876		36.1699
3.80976		39.1478
3.81076		28.012
3.81176		17.3051
3.81276		10.9768
3.81376		7.43082
3.81476		5.35284
3.81576		4.06223
3.81676		3.21767
3.81776		2.64066
3.81876		2.23264
3.81976		1.93628
3.82076		1.71668
3.82176		1.55174
3.82276		1.42699
3.82376		1.33274
3.82476		1.26233
3.82576		1.21114
3.82676		1.17598
3.82776		1.15463
3.82876		1.14566
3.82976		1.14819
3.83076		1.16188
3.83176		1.18682
3.83276		1.22353
3.83376		1.27303
3.83476		1.33687
3.83576		1.41726
3.83676		1.51727
3.83776		1.64109
3.83876		1.7945
3.83976		1.98549
3.84076		2.2253
3.84176		2.53006
3.84276		2.92352
3.84376		3.44165
3.84476		4.14091
3.84576		5.1137
3.84676		6.51864
3.84776		8.64311
3.84876		12.0365
3.84976		17.7786
3.85076		27.7695
3.85176		42.9166
3.85276		54.136
3.85376		53.6699
3.85476		54.517
3.85576		50.7596
3.85676		35.7978
3.85776		22.6977
3.85876		14.874
3.85976		10.3631
3.86076		7.63331
3.86176		5.88383
3.86276		4.70499
3.86376		3.87757
3.86476		3.27766
3.86576		2.83155
3.86676		2.49342
3.86776		2.2337
3.86876		2.03275
3.86976		1.87722
3.87076		1.75792
3.87176		1.66852
3.87276		1.60475
3.87376		1.56392
3.87476		1.5446
3.87576		1.54658
3.87676		1.57081
3.87776		1.61962
3.87876		1.69702
3.87976		1.80937
3.88076		1.96637
3.88176		2.18291
3.88276		2.4821
3.88376		2.90095
3.88476		3.50077
3.88576		4.38791
3.88676		5.75657
3.88776		7.9809
3.88876		11.8091
3.88976		18.6568
3.89076		29.9313
3.89176		40.003
3.89276		34.7978
3.89376		22.4859
3.89476		13.9781
3.89576		9.18899
3.89676		6.45829
3.89776		4.81195
3.89876		3.76201
3.89976		3.05968
3.90076		2.57149
3.90176		2.22181
3.90276		1.96567
3.90376		1.77515
3.90476		1.63232
3.90576		1.52531
3.90676		1.44609
3.90776		1.38917
3.90876		1.35077
3.90976		1.32834
3.91076		1.32024
3.91176		1.32554
3.91276		1.3439
3.91376		1.37556
3.91476		1.42129
3.91576		1.48248
3.91676		1.56124
3.91776		1.66055
3.91876		1.78461
3.91976		1.93921
3.92076		2.13247
3.92176		2.37585
3.92276		2.68591
3.92376		3.08716
3.92476		3.617
3.92576		4.33462
3.92676		5.33784
3.92776		6.79654
3.92876		9.02246
3.92976		12.6181
3.93076		18.7636
3.93176		29.373
3.93276		44.0729
3.93376		51.0917
3.93476		47.2254
3.93576		48.2018
3.93676		50.9383
3.93776		40.6821
3.93876		26.4773
3.93976		17.1717
3.94076		11.8488
3.94176		8.72435
3.94276		6.79214
3.94376		5.54222
3.94476		4.70937
3.94576		4.14919
3.94676		3.78025
3.94776		3.55649
3.94876		3.45383
3.94976		3.46404
3.95076		3.59318
3.95176		3.8638
3.95276		4.32229
3.95376		5.05509
3.95476		6.22321
3.95576		8.13668
3.95676		11.4149
3.95776		17.2732
3.95876		27.3999
3.95976		39.2598
3.96076		38.6098
3.96176		26.5657
3.96276		16.8938
3.96376		11.4009
3.96476		8.38349
3.96576		6.69305
3.96676		5.75691
3.96776		5.30181
3.96876		5.20772
3.96976		5.44764
3.97076		6.07452
3.97176		7.24637
3.97276		9.30681
3.97376		12.9686
3.97476		19.6061
3.97576		30.6995
3.97676		41.211
3.97776		36.8144
3.97876		24.5793
3.97976		16.0132
3.98076		11.3022
3.98176		8.78286
3.98276		7.47474
3.98376		6.91107
3.98476		6.89427
3.98576		7.38376
3.98676		8.46819
3.98776		10.4027
3.98876		13.7341
3.98976		19.5758
3.99076		29.9298
3.99176		45.9798
3.99276		59.1507
3.99376		61.1129
3.99476		59.1056
3.99576		45.9534
3.99676		29.666
3.99776		19.0247
3.99876		12.9053
3.99976		9.27937
4.00076		7.00123
4.00176		5.48811
4.00276		4.43474
4.00376		3.67244
4.00476		3.1028
4.00576		2.66562
4.00676		2.32246
4.00776		2.0479
4.00876		1.8246
4.00976		1.64038
4.01076		1.48649
4.01176		1.35655
4.01276		1.24574
4.01376		1.15046
4.01476		1.06788
4.01576		0.995833
4.01676		0.932581
4.01776		0.876746
4.01876		0.827214
4.01976		0.783076
4.02076		0.743588
4.02176		0.708133
4.02276		0.676197
4.02376		0.64735
4.02476		0.621229
4.02576		0.597525
4.02676		0.575975
4.02776		0.556356
4.02876		0.538473
4.02976		0.522161
4.03076		0.507275
4.03176		0.493691
4.03276		0.481301
4.03376		0.470009
4.03476		0.459735
4.03576		0.450407
4.03676		0.441963
4.03776		0.43435
4.03876		0.427522
4.03976		0.421439
4.04076		0.41607
4.04176		0.411385
4.04276		0.407363
4.04376		0.403987
4.04476		0.401244
4.04576		0.399126
4.04676		0.39763
4.04776		0.396758
4.04876		0.396514
4.04976		0.396911
4.05076		0.397963
4.05176		0.399693
4.05276		0.402127
4.05376		0.4053
4.05476		0.409254
4.05576		0.414037
4.05676		0.41971
4.05776		0.426342
4.05876		0.434016
4.05976		0.44283
4.06076		0.4529
4.06176		0.46436
4.06276		0.477374
4.06376		0.492131
4.06476		0.508862
4.06576		0.52784
4.06676		0.549396
4.06776		0.573931
4.06876		0.601935
4.06976		0.634013
4.07076		0.670915
4.07176		0.713583
4.07276		0.763213
4.07376		0.82134
4.07476		0.889958
4.07576		0.971703
4.07676		1.07011
4.07776		1.19001
4.07876		1.33813
4.07976		1.5241
4.08076		1.76202
4.08176		2.07321
4.08276		2.491
4.08376		3.06972
4.08476		3.90205
4.08576		5.1545
4.08676		7.14329
4.08776		10.4968
4.08876		16.4434
4.08976		26.6649
4.09076		38.4673
4.09176		37.5354
4.09276		25.4345
4.09376		15.8074
4.09476		10.3192
4.09576		7.25991
4.09676		5.48561
4.09776		4.41949
4.09876		3.7744
4.09976		3.4041
4.10076		3.23505
4.10176		3.23632
4.10276		3.40798
4.10376		3.78114
4.10476		4.4296
4.10576		5.50011
4.10676		7.28076
4.10776		10.3504
4.10876		15.8564
4.10976		25.5083
4.11076		37.5988
4.11176		38.4469
4.11276		26.6254
4.11376		16.4285
4.11476		10.5011
4.11576		7.15894
4.11676		5.17733
4.11776		3.93005
4.11876		3.10192
4.11976		2.52693
4.12076		2.11267
4.12176		1.80498
4.12276		1.57058
4.12376		1.38824
4.12476		1.2439
4.12576		1.12797
4.12676		1.03375
4.12776		0.956435
4.12876		0.892532
4.12976		0.839437
4.13076		0.795189
4.13176		0.758293
4.13276		0.727596
4.13376		0.702203
4.13476		0.681418
4.13576		0.664697
4.13676		0.651616
4.13776		0.641853
4.13876		0.635163
4.13976		0.631375
4.14076		0.630374
4.14176		0.632104
4.14276		0.636558
4.14376		0.64378
4.14476		0.653867
4.14576		0.66697
4.14676		0.683301
4.14776		0.703141
4.14876		0.726851
4.14976		0.754886
4.15076		0.787822
4.15176		0.826377
4.15276		0.871454
4.15376		0.92419
4.15476		0.986031
4.15576		1.05882
4.15676		1.14496
4.15776		1.24759
4.15876		1.37087
4.15976		1.52045
4.16076		1.70413
4.16176		1.9329
4.16276		2.22266
4.16376		2.59714
4.16476		3.09298
4.16576		3.76903
4.16676		4.72437
4.16776		6.13479
4.16876		8.33029
4.16976		11.9604
4.17076		18.287
4.17176		29.0425
4.17276		41.5994
4.17376		41.7924
4.17476		31.5501
4.17576		25.0972
4.17676		25.2592
4.17776		32.0276
4.17876		42.1788
4.17976		41.1571
4.18076		28.4242
4.18176		17.9061
4.18276		11.7555
4.18376		8.22164
4.18476		6.07941
4.18576		4.70073
4.18676		3.766
4.18776		3.1045
4.18876		2.61977
4.18976		2.25438
4.19076		1.97252
4.19176		1.75096
4.19276		1.57411
4.19376		1.4312
4.19476		1.31461
4.19576		1.2188
4.19676		1.13971
4.19776		1.07429
4.19876		1.02025
4.19976		0.975802
4.20076		0.939612
4.20176		0.910638
4.20276		0.888088
4.20376		0.871367
4.20476		0.860046
4.20576		0.853836
4.20676		0.852574
4.20776		0.856213
4.20876		0.864821
4.20976		0.878587
4.21076		0.897826
4.21176		0.923001
4.21276		0.954747
4.21376		0.99391
4.21476		1.0416
4.21576		1.09927
4.21676		1.16883
4.21776		1.25277
4.21876		1.35446
4.21976		1.4784
4.22076		1.6308
4.22176		1.82036
4.22276		2.0596
4.22376		2.36696
4.22476		2.77059
4.22576		3.31505
4.22676		4.074
4.22776		5.1755
4.22876		6.85478
4.22976		9.56792
4.23076		14.2233
4.23176		22.4327
4.23276		34.8681
4.23376		42.2832
4.23476		34.0445
4.23576		23.198
4.23676		17.1732
4.23776		15.1774
4.23876		16.3966
4.23976		21.3438
4.24076		31.1931
4.24176		41.603
4.24276		37.929
4.24376		25.2769
4.24476		15.9861
4.24576		10.6821
4.24676		7.64704
4.24776		5.81607
4.24876		4.65214
4.24976		3.88211
4.25076		3.36041
4.25176		3.0058
4.25276		2.77155
4.25376		2.63088
4.25476		2.56976
4.25576		2.58347
4.25676		2.67565
4.25776		2.85929
4.25876		3.16019
4.25976		3.62433
4.26076		4.33289
4.26176		5.43319
4.26276		7.20451
4.26376		10.2005
4.26476		15.5193
4.26576		24.8734
4.26676		37.1528
4.26776		39.3169
4.26876		27.9044
4.26976		17.4307
4.27076		11.3085
4.27176		7.90083
4.27276		5.93219
4.27376		4.7481
4.27476		4.02363
4.27576		3.59355
4.27676		3.37377
4.27776		3.32615
4.27876		3.44426
4.27976		3.751
4.28076		4.30707
4.28176		5.23513
4.28276		6.77485
4.28376		9.40457
4.28476		14.0856
4.28576		22.469
4.28676		34.7131
4.28776		40.0917
4.28876		30.1085
4.28976		18.7388
4.29076		11.797
4.29176		7.90158
4.29276		5.62572
4.29376		4.21329
4.29476		3.28598
4.29576		2.64733
4.29676		2.18961
4.29776		1.8505
4.29876		1.59216
4.29976		1.39067
4.30076		1.23033
4.30176		1.10051
4.30276		0.993817
4.30376		0.904978
4.30476		0.830151
4.30576		0.766484
4.30676		0.711826
4.30776		0.664527
4.30876		0.623305
4.30976		0.58715
4.31076		0.555259
4.31176		0.526988
4.31276		0.501812
4.31376		0.479302
4.31476		0.459104
4.31576		0.440923
4.31676		0.424515
4.31776		0.40967
4.31876		0.396215
4.31976		0.383999
4.32076		0.372895
4.32176		0.362794
4.32276		0.353601
4.32376		0.345235
4.32476		0.337625
4.32576		0.33071
4.32676		0.324436
4.32776		0.318758
4.32876		0.313634
4.32976		0.309031
4.33076		0.304917
4.33176		0.301266
4.33276		0.298056
4.33376		0.295269
4.33476		0.292887
4.33576		0.290897
4.33676		0.289289
4.33776		0.288055
4.33876		0.287189
4.33976		0.286688
4.34076		0.286549
4.34176		0.286774
4.34276		0.287366
4.34376		0.28833
4.34476		0.289673
4.34576		0.291406
4.34676		0.293541
4.34776		0.296094
4.34876		0.299082
4.34976		0.302526
4.35076		0.306452
4.35176		0.310889
4.35276		0.31587
4.35376		0.321432
4.35476		0.327619
4.35576		0.334482
4.35676		0.342078
4.35776		0.350472
4.35876		0.359741
4.35976		0.36997
4.36076		0.38126
4.36176		0.393728
4.36276		0.407508
4.36376		0.422756
4.36476		0.439657
4.36576		0.458426
4.36676		0.47932
4.36776		0.502642
4.36876		0.528755
4.36976		0.558097
4.37076		0.5912
4.37176		0.628713
4.37276		0.671439
4.37376		0.720377
4.37476		0.776788
4.37576		0.842277
4.37676		0.918916
4.37776		1.00942
4.37876		1.11741
4.37976		1.24778
4.38076		1.40732
4.38176		1.60562
4.38276		1.85663
4.38376		2.18125
4.38476		2.61188
4.38576		3.20079
4.38676		4.0363
4.38776		5.27556
4.38876		7.21432
4.38976		10.4368
4.39076		16.0935
4.39176		25.9036
4.39276		38.2261
4.39376		39.445
4.39476		27.9729
4.39576		18.1634
4.39676		12.7773
4.39776		10.2196
4.39876		9.41431
4.39976		10.021
4.40076		12.2941
4.40176		17.1951
4.40276		26.3455
4.40376		38.2553
4.40476		39.4734
4.40576		27.6549
4.40676		17.2018
4.40776		11.0771
4.40876		7.60711
4.40976		5.53929
4.41076		4.23021
4.41176		3.35567
4.41276		2.74469
4.41376		2.30197
4.41476		1.97148
4.41576		1.71876
4.41676		1.52171
4.41776		1.36567
4.41876		1.24064
4.41976		1.1396
4.42076		1.05755
4.42176		0.990856
4.42276		0.936847
4.42376		0.893557
4.42476		0.859541
4.42576		0.83376
4.42676		0.815495
4.42776		0.804301
4.42876		0.799976
4.42976		0.80255
4.43076		0.81229
4.43176		0.829726
4.43276		0.855691
4.43376		0.891401
4.43476		0.938556
4.43576		0.999513
4.43676		1.07753
4.43776		1.17716
4.43876		1.3048
4.43976		1.46972
4.44076		1.68552
4.44176		1.97285
4.44276		2.36404
4.44376		2.91179
4.44476		3.70588
4.44576		4.90738
4.44676		6.82153
4.44776		10.0542
4.44876		15.7954
4.44976		25.7463
4.45076		37.7124
4.45176		37.6408
4.45276		25.6409
4.45376		15.7181
4.45476		9.99497
4.45576		6.76814
4.45676		4.85316
4.45776		3.64738
4.45876		2.84705
4.45976		2.29181
4.46076		1.89219
4.46176		1.59565
4.46276		1.36989
4.46376		1.19425
4.46476		1.05507
4.46576		0.94301
4.46676		0.851561
4.46776		0.776048
4.46876		0.713059
4.46976		0.660056
4.47076		0.615122
4.47176		0.576787
4.47276		0.54391
4.47376		0.515596
4.47476		0.491138
4.47576		0.469966
4.47676		0.451626
4.47776		0.435746
4.47876		0.422026
4.47976		0.410219
4.48076		0.400125
4.48176		0.39158
4.48276		0.38445
4.48376		0.378628
4.48476		0.37403
4.48576		0.370589
4.48676		0.368258
4.48776		0.367006
4.48876		0.366815
4.48976		0.367683
4.49076		0.369624
4.49176		0.372663
4.49276		0.376844
4.49376		0.382226
4.49476		0.388889
4.49576		0.396932
4.49676		0.406481
4.49776		0.417688
4.49876		0.430744
4.49976		0.445879
4.50076		0.463377
4.50176		0.483583
4.50276		0.506926
4.50376		0.533935
4.50476		0.565271
4.50576		0.601766
4.50676		0.644474
4.50776		0.694752
4.50876		0.754359
4.50976		0.825616
4.51076		0.911624
4.51176		1.0166
4.51276		1.14641
4.51376		1.30935
4.51476		1.51749
4.51576		1.78889
4.51676		2.15147
4.51776		2.65004
4.51876		3.35977
4.51976		4.41311
4.52076		6.05662
4.52176		8.77348
4.52276		13.5285
4.52376		21.9752
4.52476		34.2754
4.52576		39.7072
4.52676		29.7705
4.52776		18.4401
4.52876		11.534
4.52976		7.67179
4.53076		5.42713
4.53176		4.04422
4.53276		3.14509
4.53376		2.53365
4.53476		2.10247
4.53576		1.78956
4.53676		1.5574
4.53776		1.38238
4.53876		1.24915
4.53976		1.14741
4.54076		1.07018
4.54176		1.01263
4.54276		0.971428
4.54376		0.944346
4.54476		0.929972
4.54576		0.927566
4.54676		0.936984
4.54776		0.95866
4.54876		0.993654
4.54976		1.04376
4.55076		1.11172
4.55176		1.20152
4.55276		1.31897
4.55376		1.47252
4.55476		1.67466
4.55576		1.94433
4.55676		2.31106
4.55776		2.82269
4.55876		3.56006
4.55976		4.6668
4.56076		6.41237
4.56176		9.32801
4.56276		14.4696
4.56376		23.5399
4.56476		35.8766
4.56576		39.0806
4.56676		28.029
4.56776		17.2545
4.56876		10.8672
4.56976		7.28518
4.57076		5.18367
4.57176		3.87541
4.57276		3.01581
4.57376		2.42475
4.57476		2.00278
4.57576		1.69202
4.57676		1.45721
4.57776		1.27593
4.57876		1.13345
4.57976		1.01979
4.58076		0.928
4.58176		0.853121
4.58276		0.791557
4.58376		0.740648
4.58476		0.698394
4.58576		0.663277
4.58676		0.634128
4.58776		0.610043
4.58876		0.590316
4.58976		0.574396
4.59076		0.561853
4.59176		0.552354
4.59276		0.545646
4.59376		0.541542
4.59476		0.539911
4.59576		0.540674
4.59676		0.543799
4.59776		0.549298
4.59876		0.557226
4.59976		0.567686
4.60076		0.580829
4.60176		0.59686
4.60276		0.616051
4.60376		0.638743
4.60476		0.66537
4.60576		0.696475
4.60676		0.732738
4.60776		0.775015
4.60876		0.824384
4.60976		0.88222
4.61076		0.950292
4.61176		1.0309
4.61276		1.12707
4.61376		1.24286
4.61476		1.38381
4.61576		1.55763
4.61676		1.77529
4.61776		2.05288
4.61876		2.41469
4.61976		2.89879
4.62076		3.56734
4.62176		4.52685
4.62276		5.96991
4.62376		8.26472
4.62476		12.1442
4.62576		19.0015
4.62676		30.3277
4.62776		41.0558
4.62876		36.9062
4.62976		25.0907
4.63076		17.1436
4.63176		13.3642
4.63276		12.3514
4.63376		13.649
4.63476		17.8374
4.63576		26.3708
4.63676		38.1729
4.63776		40.3513
4.63876		28.7795
4.63976		17.9683
4.64076		11.5622
4.64176		7.92874
4.64276		5.76398
4.64376		4.39302
4.64476		3.47591
4.64576		2.83365
4.64676		2.36662
4.64776		2.01631
4.64876		1.7467
4.64976		1.53471
4.65076		1.36497
4.65176		1.22697
4.65276		1.11329
4.65376		1.01861
4.65476		0.938991
4.65576		0.871495
4.65676		0.813882
4.65776		0.764423
4.65876		0.721767
4.65976		0.684846
4.66076		0.652807
4.66176		0.624963
4.66276		0.600757
4.66376		0.579736
4.66476		0.561528
4.66576		0.545828
4.66676		0.532386
4.66776		0.520997
4.66876		0.511493
4.66976		0.50374
4.67076		0.497631
4.67176		0.493087
4.67276		0.490048
4.67376		0.488478
4.67476		0.48836
4.67576		0.489698
4.67676		0.492516
4.67776		0.496859
4.67876		0.502796
4.67976		0.51042
4.68076		0.519856
4.68176		0.531261
4.68276		0.544832
4.68376		0.560814
4.68476		0.579512
4.68576		0.601303
4.68676		0.626657
4.68776		0.656157
4.68876		0.690539
4.68976		0.730734
4.69076		0.77793
4.69176		0.833664
4.69276		0.899945
4.69376		0.97944
4.69476		1.07574
4.69576		1.19379
4.69676		1.34051
4.69776		1.52581
4.69876		1.76433
4.69976		2.07825
4.70076		2.50252
4.70176		3.09435
4.70276		3.95197
4.70376		5.25302
4.70476		7.33696
4.70576		10.8805
4.70676		17.1913
4.70776		27.8747
4.70876		39.0806
4.70976		36.2648
4.71076		23.952
4.71176		14.7854
4.71276		9.58478
4.71376		6.64293
4.71476		4.88853
4.71576		3.78203
4.71676		3.0501
4.71776		2.54725
4.71876		2.19178
4.71976		1.93548
4.72076		1.74869
4.72176		1.61252
4.72276		1.51463
4.72376		1.44684
4.72476		1.40372
4.72576		1.38174
4.72676		1.3788
4.72776		1.39389
4.72876		1.427
4.72976		1.47906
4.73076		1.55206
4.73176		1.64919
4.73276		1.7753
4.73376		1.93746
4.73476		2.14599
4.73576		2.41617
4.73676		2.77111
4.73776		3.24682
4.73876		3.90166
4.73976		4.83452
4.74076		6.22205
4.74176		8.39782
4.74276		12.0213
4.74376		18.371
4.74476		29.133
4.74576		41.2147
4.74676		40.2336
4.74776		29.0956
4.74876		21.3405
4.74976		18.7918
4.75076		20.7628
4.75176		27.8286
4.75276		39.0382
4.75376		42.1874
4.75476		30.919
4.75576		19.6006
4.75676		12.7924
4.75776		8.93131
4.75876		6.64195
4.75976		5.20396
4.76076		4.25435
4.76176		3.60246
4.76276		3.14256
4.76376		2.81295
4.76476		2.57611
4.76576		2.40849
4.76676		2.29509
4.76776		2.22646
4.76876		2.19693
4.76976		2.20373
4.77076		2.24652
4.77176		2.32727
4.77276		2.45055
4.77376		2.62413
4.77476		2.86015
4.77576		3.17721
4.77676		3.60394
4.77776		4.18537
4.77876		4.99477
4.77976		6.15662
4.78076		7.89358
4.78176		10.6263
4.78276		15.1819
4.78376		23.1114
4.78476		36.0198
4.78576		48.5085
4.78676		47.504
4.78776		43.1345
4.78876		46.8229
4.78976		49.3804
4.79076		38.1215
4.79176		24.7942
4.79276		16.4305
4.79376		11.7046
4.79476		8.97744
4.79576		7.36258
4.79676		6.42225
4.79776		5.94503
4.79876		5.84359
4.79976		6.1172
4.80076		6.8548
4.80176		8.28135
4.80276		10.8789
4.80376		15.635
4.80476		24.2178
4.80576		36.4751
4.80676		40.9652
4.80776		30.4954
4.80876		19.369
4.80976		12.6867
4.81076		8.97327
4.81176		6.84622
4.81276		5.58289
4.81376		4.82642
4.81476		4.39826
4.81576		4.21097
4.81676		4.23026
4.81776		4.46141
4.81876		4.9513
4.81976		5.80757
4.82076		7.24692
4.82176		9.70433
4.82276		14.0591
4.82376		21.8907
4.82476		33.9431
4.82576		41.274
4.82676		32.7509
4.82776		21.0118
4.82876		13.6475
4.82976		9.59428
4.83076		7.34224
4.83176		6.07808
4.83276		5.40967
4.83376		5.15724
4.83476		5.25942
4.83576		5.74305
4.83676		6.73624
4.83776		8.53371
4.83876		11.7553
4.83976		17.6316
4.84076		27.8276
4.84176		39.4593
4.84276		38.1376
4.84376		25.934
4.84476		16.3424
4.84576		10.8734
4.84676		7.81526
4.84776		6.03714
4.84876		4.97033
4.84976		4.33306
4.85076		3.98415
4.85176		3.8568
4.85276		3.93066
4.85376		4.22391
4.85476		4.80054
4.85576		5.79732
4.85676		7.48789
4.85776		10.425
4.85876		15.7114
4.85976		25.0572
4.86076		37.2551
4.86176		39.1452
4.86276		27.6013
4.86376		17.1142
4.86476		10.9611
4.86576		7.4933
4.86676		5.44073
4.86776		4.15003
4.86876		3.29289
4.86976		2.69689
4.87076		2.26636
4.87176		1.94534
4.87276		1.69957
4.87376		1.50718
4.87476		1.35373
4.87576		1.22936
4.87676		1.12718
4.87776		1.04227
4.87876		0.971017
4.87976		0.910729
4.88076		0.859376
4.88176		0.815399
4.88276		0.777584
4.88376		0.74498
4.88476		0.716829
4.88576		0.69253
4.88676		0.671596
4.88776		0.653637
4.88876		0.638335
4.88976		0.625434
4.89076		0.61473
4.89176		0.606059
4.89276		0.599295
4.89376		0.594341
4.89476		0.591132
4.89576		0.589625
4.89676		0.589805
4.89776		0.591681
4.89876		0.595284
4.89976		0.600674
4.90076		0.607938
4.90176		0.617194
4.90276		0.628595
4.90376		0.642337
4.90476		0.658665
4.90576		0.677885
4.90676		0.700375
4.90776		0.726608
4.90876		0.757172
4.90976		0.792807
4.91076		0.834448
4.91176		0.883291
4.91276		0.940877
4.91376		1.00922
4.91476		1.09098
4.91576		1.18977
4.91676		1.31049
4.91776		1.46005
4.91876		1.64832
4.91976		1.88983
4.92076		2.20661
4.92176		2.63328
4.92276		3.22647
4.92376		4.08325
4.92476		5.37893
4.92576		7.44807
4.92676		10.9571
4.92776		17.1975
4.92876		27.7945
4.92976		39.148
4.93076		36.7231
4.93176		24.4485
4.93276		15.1965
4.93376		9.94823
4.93476		6.99352
4.93576		5.2462
4.93676		4.15906
4.93776		3.45558
4.93876		2.98938
4.93976		2.67911
4.94076		2.47779
4.94176		2.35782
4.94276		2.30327
4.94376		2.30607
4.94476		2.36403
4.94576		2.48042
4.94676		2.66452
4.94776		2.93365
4.94876		3.31727
4.94976		3.865
4.95076		4.66233
4.95176		5.8628
4.95276		7.75639
4.95376		10.9169
4.95476		16.4775
4.95576		26.1553
4.95676		38.4817
4.95776		40.0064
4.95876		28.5399
4.95976		18.496
4.96076		12.8183
4.96176		9.86485
4.96276		8.4341
4.96376		7.95838
4.96476		8.23756
4.96576		9.32152
4.96676		11.5351
4.96776		15.6538
4.96876		23.1743
4.96976		35.28
4.97076		44.8768
4.97176		39.089
4.97276		28.7748
4.97376		23.8576
4.97476		24.8211
4.97576		31.785
4.97676		42.6703
4.97776		43.9064
4.97876		32.1106
4.97976		21.7045
4.98076		16.0033
4.98176		13.4721
4.98276		13.1047
4.98376		14.807
4.98476		19.3788
4.98576		28.3535
4.98676		40.061
4.98776		40.8889
4.98876		28.9291
4.98976		18.5192
4.99076		12.4518
4.99176		9.04331
4.99276		7.05461
4.99376		5.85364
4.99476		5.12714
4.99576		4.71791
4.99676		4.55049
4.99776		4.59955
4.99876		4.88019
4.99976		5.45414
5.00076		6.45582
5.00176		8.15513
5.00276		11.0973
5.00376		16.3708
5.00476		25.6872
5.00576		38.022
5.00676		40.4465
5.00776		29.2091
5.00876		18.8531
5.00976		12.9333
5.01076		9.85721
5.01176		8.40074
5.01276		8.00986
5.01376		8.55225
5.01476		10.2414
5.01576		13.7575
5.01676		20.4993
5.01776		31.7309
5.01876		41.0792
5.01976		34.8822
5.02076		22.5084
5.02176		14.1371
5.02276		9.40277
5.02376		6.66799
5.02476		4.99083
5.02576		3.89924
5.02676		3.1514
5.02776		2.61673
5.02876		2.22069
5.02976		1.91856
5.03076		1.68229
5.03176		1.49362
5.03276		1.34022
5.03376		1.21358
5.03476		1.10762
5.03576		1.01792
5.03676		0.941208
5.03776		0.875011
5.03876		0.817432
5.03976		0.766995
5.04076		0.722537
5.04176		0.68313
5.04276		0.648029
5.04376		0.616626
5.04476		0.588421
5.04576		0.563005
5.04676		0.540033
5.04776		0.519218
5.04876		0.500318
5.04976		0.483128
5.05076		0.467473
5.05176		0.453204
5.05276		0.440194
5.05376		0.428332
5.05476		0.417525
5.05576		0.407692
5.05676		0.398763
5.05776		0.390678
5.05876		0.383387
5.05976		0.376847
5.06076		0.371023
5.06176		0.365884
5.06276		0.361409
5.06376		0.357579
5.06476		0.354383
5.06576		0.351814
5.06676		0.349869
5.06776		0.348555
5.06876		0.347879
5.06976		0.347857
5.07076		0.348512
5.07176		0.349871
5.07276		0.35197
5.07376		0.354855
5.07476		0.35858
5.07576		0.36321
5.07676		0.368824
5.07776		0.375516
5.07876		0.383398
5.07976		0.392603
5.08076		0.403291
5.08176		0.415653
5.08276		0.42992
5.08376		0.44637
5.08476		0.465342
5.08576		0.487249
5.08676		0.5126
5.08776		0.54203
5.08876		0.576331
5.08976		0.616507
5.09076		0.663842
5.09176		0.720001
5.09276		0.787167
5.09376		0.868252
5.09476		0.967201
5.09576		1.08946
5.09676		1.24273
5.09776		1.43813
5.09876		1.6922
5.09976		2.03031
5.10076		2.49285
5.10176		3.14695
5.10276		4.10956
5.10376		5.59589
5.10476		8.02356
5.10576		12.2285
5.10676		19.7403
5.10776		31.5819
5.10876		39.9481
5.10976		32.4175
5.11076		20.3943
5.11176		12.6017
5.11276		8.23594
5.11376		5.72462
5.11476		4.19351
5.11576		3.20573
5.11676		2.53691
5.11776		2.06552
5.11876		1.72208
5.11976		1.46489
5.12076		1.26785
5.12176		1.11399
5.12276		0.991911
5.12376		0.893771
5.12476		0.814022
5.12576		0.748664
5.12676		0.694763
5.12776		0.650129
5.12876		0.613112
5.12976		0.582452
5.13076		0.557184
5.13176		0.536566
5.13276		0.520026
5.13376		0.507131
5.13476		0.49756
5.13576		0.491083
5.13676		0.487554
5.13776		0.486898
5.13876		0.489112
5.13976		0.494259
5.14076		0.502479
5.14176		0.513988
5.14276		0.529097
5.14376		0.548223
5.14476		0.571919
5.14576		0.600904
5.14676		0.636114
5.14776		0.678769
5.14876		0.730465
5.14976		0.79332
5.15076		0.870164
5.15176		0.964853
5.15276		1.08271
5.15376		1.23128
5.15476		1.42143
5.15576		1.66933
5.15676		1.99976
5.15776		2.4521
5.15876		3.09163
5.15976		4.03183
5.16076		5.4809
5.16176		7.84186
5.16276		11.9213
5.16376		19.2132
5.16476		30.8869
5.16576		39.8572
5.16676		33.0361
5.16776		20.8909
5.16876		12.8683
5.16976		8.36723
5.17076		5.78397
5.17176		4.21284
5.17276		3.20106
5.17376		2.51662
5.17476		2.03421
5.17576		1.6824
5.17676		1.4184
5.17776		1.21545
5.17876		1.0562
5.17976		0.929012
5.18076		0.825859
5.18176		0.741068
5.18276		0.670544
5.18376		0.611269
5.18476		0.560983
5.18576		0.517967
5.18676		0.480892
5.18776		0.448724
5.18876		0.420642
5.18976		0.395992
5.19076		0.374247
5.19176		0.354979
5.19276		0.337834
5.19376		0.322524
5.19476		0.308806
5.19576		0.296479
5.19676		0.285371
5.19776		0.275339
5.19876		0.26626
5.19976		0.258029
5.20076		0.250556
5.20176		0.243763
5.20276		0.237583
5.20376		0.231958
5.20476		0.226837
5.20576		0.222175
5.20676		0.217933
5.20776		0.214077
5.20876		0.210577
5.20976		0.207407
5.21076		0.204542
5.21176		0.201964
5.21276		0.199652
5.21376		0.197591
5.21476		0.195767
5.21576		0.194168
5.21676		0.192782
5.21776		0.1916
5.21876		0.190613
5.21976		0.189815
5.22076		0.189199
5.22176		0.188759
5.22276		0.188493
5.22376		0.188395
5.22476		0.188463
5.22576		0.188697
5.22676		0.189093
5.22776		0.189653
5.22876		0.190375
5.22976		0.191261
5.23076		0.192313
5.23176		0.193533
5.23276		0.194924
5.23376		0.19649
5.23476		0.198235
5.23576		0.200164
5.23676		0.202284
5.23776		0.204601
5.23876		0.207124
5.23976		0.209861
5.24076		0.212823
5.24176		0.216021
5.24276		0.219467
5.24376		0.223175
5.24476		0.227161
5.24576		0.231442
5.24676		0.236037
5.24776		0.240968
5.24876		0.246258
5.24976		0.251933
5.25076		0.258022
5.25176		0.26456
5.25276		0.271581
5.25376		0.279128
5.25476		0.287246
5.25576		0.295986
5.25676		0.305408
5.25776		0.315576
5.25876		0.326566
5.25976		0.338461
5.26076		0.35136
5.26176		0.365371
5.26276		0.380623
5.26376		0.397261
5.26476		0.415454
5.26576		0.4354
5.26676		0.457328
5.26776		0.481509
5.26876		0.50826
5.26976		0.53796
5.27076		0.571062
5.27176		0.608108
5.27276		0.649759
5.27376		0.696818
5.27476		0.750277
5.27576		0.81137
5.27676		0.881644
5.27776		0.963069
5.27876		1.05818
5.27976		1.17027
5.28076		1.30371
5.28176		1.46442
5.28276		1.66048
5.28376		1.90327
5.28476		2.20921
5.28576		2.60263
5.28676		3.12088
5.28776		3.82356
5.28876		4.81024
5.28976		6.25609
5.29076		8.4871
5.29176		12.1406
5.29276		18.4577
5.29376		29.2488
5.29476		42.638
5.29576		45.0269
5.29676		36.8784
5.29776		33.6826
5.29876		39.1283
5.29976		46.1223
5.30076		39.2846
5.30176		25.7509
5.30276		16.3608
5.30376		10.9666
5.30476		7.81022
5.30576		5.8527
5.30676		4.56735
5.30776		3.68162
5.30876		3.04674
5.30976		2.57687
5.31076		2.21997
5.31176		1.94303
5.31276		1.72437
5.31376		1.54925
5.31476		1.40739
5.31576		1.29142
5.31676		1.19598
5.31776		1.1171
5.31876		1.05177
5.31976		0.997689
5.32076		0.953103
5.32176		0.916637
5.32276		0.887223
5.32376		0.864028
5.32476		0.846405
5.32576		0.833859
5.32676		0.826019
5.32776		0.822622
5.32876		0.823495
5.32976		0.828553
5.33076		0.837785
5.33176		0.851262
5.33276		0.86913
5.33376		0.891619
5.33476		0.919048
5.33576		0.95184
5.33676		0.990536
5.33776		1.03582
5.33876		1.08853
5.33976		1.14975
5.34076		1.22079
5.34176		1.30332
5.34276		1.39944
5.34376		1.51183
5.34476		1.64392
5.34576		1.80019
5.34676		1.98657
5.34776		2.211
5.34876		2.48437
5.34976		2.82196
5.35076		3.24565
5.35176		3.7879
5.35276		4.49836
5.35376		5.45624
5.35476		6.79395
5.35576		8.74487
5.35676		11.7444
5.35776		16.6412
5.35876		25.0334
5.35976		38.7468
5.36076		53.2064
5.36176		55.5996
5.36276		55.216
5.36376		59.253
5.36476		53.6919
5.36576		43.211
5.36676		40.6747
5.36776		47.0439
5.36876		51.835
5.36976		42.4899
5.37076		31.012
5.37176		25.578
5.37276		26.1609
5.37376		32.8401
5.37476		43.0957
5.37576		42.8688
5.37676		30.2114
5.37776		19.3258
5.37876		12.879
5.37976		9.1432
5.38076		6.85501
5.38176		5.3631
5.38276		4.33585
5.38376		3.59609
5.38476		3.04357
5.38576		2.61842
5.38676		2.28313
5.38776		2.01325
5.38876		1.79223
5.38976		1.60854
5.39076		1.45393
5.39176		1.32236
5.39276		1.2093
5.39376		1.11133
5.39476		1.02579
5.39576		0.950584
5.39676		0.884066
5.39776		0.824904
5.39876		0.772021
5.39976		0.724532
5.40076		0.681708
5.40176		0.64294
5.40276		0.607718
5.40376		0.575611
5.40476		0.546254
5.40576		0.519334
5.40676		0.494582
5.40776		0.471767
5.40876		0.450686
5.40976		0.431166
5.41076		0.413053
5.41176		0.396211
5.41276		0.380524
5.41376		0.365886
5.41476		0.352204
5.41576		0.339396
5.41676		0.327387
5.41776		0.316112
5.41876		0.305512
5.41976		0.295533
5.42076		0.286127
5.42176		0.277251
5.42276		0.268866
5.42376		0.260936
5.42476		0.253429
5.42576		0.246316
5.42676		0.239568
5.42776		0.233163
5.42876		0.227076
5.42976		0.221289
5.43076		0.215781
5.43176		0.210536
5.43276		0.205537
5.43376		0.200769
5.43476		0.196219
5.43576		0.191874
5.43676		0.187723
5.43776		0.183754
5.43876		0.179958
5.43976		0.176324
5.44076		0.172846
5.44176		0.169513
5.44276		0.16632
5.44376		0.163258
5.44476		0.160321
5.44576		0.157503
5.44676		0.154799
5.44776		0.152202
5.44876		0.149709
5.44976		0.147313
5.45076		0.145011
5.45176		0.142799
5.45276		0.140672
5.45376		0.138627
5.45476		0.136661
5.45576		0.13477
5.45676		0.132951
5.45776		0.131201
5.45876		0.129518
5.45976		0.127899
5.46076		0.126342
5.46176		0.124843
5.46276		0.123402
5.46376		0.122017
5.46476		0.120684
5.46576		0.119403
5.46676		0.118171
5.46776		0.116988
5.46876		0.115851
5.46976		0.114759
5.47076		0.113711
5.47176		0.112706
5.47276		0.111741
5.47376		0.110817
5.47476		0.109932
5.47576		0.109085
5.47676		0.108275
5.47776		0.107501
5.47876		0.106763
5.47976		0.106058
5.48076		0.105388
5.48176		0.104751
5.48276		0.104146
5.48376		0.103573
5.48476		0.103032
5.48576		0.102521
5.48676		0.10204
5.48776		0.101589
5.48876		0.101168
5.48976		0.100775
5.49076		0.100412
5.49176		0.100076
5.49276		0.0997693
5.49376		0.09949
5.49476		0.0992386
5.49576		0.0990146
5.49676		0.0988182
5.49776		0.0986491
5.49876		0.0985072
5.49976		0.0983927
5.50076		0.0983054
5.50176		0.0982454
5.50276		0.0982129
5.50376		0.0982078
5.50476		0.0982303
5.50576		0.0982807
5.50676		0.0983592
5.50776		0.0984659
5.50876		0.0986012
5.50976		0.0987654
5.51076		0.0989589
5.51176		0.0991821
5.51276		0.0994355
5.51376		0.0997196
5.51476		0.100035
5.51576		0.100382
5.51676		0.100761
5.51776		0.101174
5.51876		0.101621
5.51976		0.102102
5.52076		0.102619
5.52176		0.103173
5.52276		0.103764
5.52376		0.104394
5.52476		0.105064
5.52576		0.105775
5.52676		0.106529
5.52776		0.107326
5.52876		0.108169
5.52976		0.109059
5.53076		0.109999
5.53176		0.110989
5.53276		0.112032
5.53376		0.11313
5.53476		0.114285
5.53576		0.115501
5.53676		0.116779
5.53776		0.118122
5.53876		0.119535
5.53976		0.121019
5.54076		0.122579
5.54176		0.124219
5.54276		0.125943
5.54376		0.127755
5.54476		0.12966
5.54576		0.131664
5.54676		0.133772
5.54776		0.135991
5.54876		0.138327
5.54976		0.140787
5.55076		0.143381
5.55176		0.146116
5.55276		0.149002
5.55376		0.15205
5.55476		0.155271
5.55576		0.158678
5.55676		0.162285
5.55776		0.166107
5.55876		0.170161
5.55976		0.174465
5.56076		0.179042
5.56176		0.183913
5.56276		0.189106
5.56376		0.194648
5.56476		0.200573
5.56576		0.206917
5.56676		0.213721
5.56776		0.221033
5.56876		0.228905
5.56976		0.237399
5.57076		0.246583
5.57176		0.256537
5.57276		0.267354
5.57376		0.27914
5.57476		0.29202
5.57576		0.306139
5.57676		0.321668
5.57776		0.338811
5.57876		0.357808
5.57976		0.378949
5.58076		0.402584
5.58176		0.429138
5.58276		0.459133
5.58376		0.493212
5.58476		0.532183
5.58576		0.577062
5.58676		0.629149
5.58776		0.690123
5.58876		0.762187
5.58976		0.848272
5.59076		0.95235
5.59176		1.0799
5.59276		1.23866
5.59376		1.43981
5.59476		1.69995
5.59576		2.0446
5.59676		2.51436
5.59776		3.17666
5.59876		4.14914
5.59976		5.64826
5.60076		8.09429
5.60176		12.3284
5.60276		19.8863
5.60376		31.7631
5.60476		40.0269
5.60576		32.3856
5.60676		20.3954
5.60776		12.6525
5.60876		8.32067
5.60976		5.83331
5.61076		4.3217
5.61176		3.35183
5.61276		2.70078
5.61376		2.24785
5.61476		1.92416
5.61576		1.68848
5.61676		1.51513
5.61776		1.38764
5.61876		1.29517
5.61976		1.23053
5.62076		1.18898
5.62176		1.16755
5.62276		1.16458
5.62376		1.17957
5.62476		1.21303
5.62576		1.26663
5.62676		1.34334
5.62776		1.44786
5.62876		1.5873
5.62976		1.77233
5.63076		2.01914
5.63176		2.35287
5.63276		2.81373
5.63376		3.4687
5.63476		4.4347
5.63576		5.92691
5.63676		8.36299
5.63776		12.5789
5.63876		20.1044
5.63976		31.963
5.64076		40.351
5.64176		32.8464
5.64276		20.8521
5.64376		13.0932
5.64476		8.7675
5.64576		6.30363
5.64676		4.82883
5.64776		3.90821
5.64876		3.32005
5.64976		2.94641
5.65076		2.72278
5.65176		2.61438
5.65276		2.60503
5.65376		2.69238
5.65476		2.88722
5.65576		3.21653
5.65676		3.73179
5.65776		4.52674
5.65876		5.77507
5.65976		7.81174
5.66076		11.3069
5.66176		17.5591
5.66276		28.1832
5.66376		39.4547
5.66476		36.8312
5.66576		24.5412
5.66676		15.3442
5.66776		10.141
5.66876		7.22415
5.66976		5.51731
5.67076		4.48029
5.67176		3.84277
5.67276		3.46552
5.67376		3.27682
5.67476		3.24394
5.67576		3.36129
5.67676		3.64851
5.67776		4.15737
5.67876		4.99136
5.67976		6.35006
5.68076		8.62696
5.68176		12.615
5.68276		19.7924
5.68376		31.3752
5.68476		40.5385
5.68576		33.9803
5.68676		21.7954
5.68776		13.6937
5.68876		9.15556
5.68976		6.56664
5.69076		5.01004
5.69176		4.02783
5.69276		3.38634
5.69376		2.96051
5.69476		2.68041
5.69576		2.50592
5.69676		2.41422
5.69776		2.39355
5.69876		2.44026
5.69976		2.55786
5.70076		2.75772
5.70176		3.06162
5.70276		3.50739
5.70376		4.15982
5.70476		5.13288
5.70576		6.63597
5.70676		9.07351
5.70776		13.2528
5.70876		20.6705
5.70976		32.5424
5.71076		41.9693
5.71176		35.773
5.71276		24.2666
5.71376		17.1816
5.71476		14.196
5.71576		14.148
5.71676		17.0223
5.71776		23.9587
5.71876		35.377
