-3.64008		13.4285
-3.63808		10.7763
-3.63608		6.79779
-3.63408		4.24762
-3.63208		2.81971
-3.63008		1.99691
-3.62808		1.49424
-3.62608		1.16934
-3.62408		0.948962
-3.62208		0.793353
-3.62008		0.679759
-3.61808		0.594496
-3.61608		0.52898
-3.61408		0.477626
-3.61208		0.436679
-3.61008		0.403545
-3.60808		0.376386
-3.60608		0.353874
-3.60408		0.335028
-3.60208		0.319114
-3.60008		0.305571
-3.59808		0.293967
-3.59608		0.283965
-3.59408		0.275296
-3.59208		0.267748
-3.59008		0.261148
-3.58808		0.255355
-3.58608		0.250256
-3.58408		0.245756
-3.58208		0.241775
-3.58008		0.238247
-3.57808		0.235117
-3.57608		0.232339
-3.57408		0.229871
-3.57208		0.227681
-3.57008		0.225738
-3.56808		0.224018
-3.56608		0.222499
-3.56408		0.221161
-3.56208		0.21999
-3.56008		0.21897
-3.55808		0.21809
-3.55608		0.217338
-3.55408		0.216705
-3.55208		0.216183
-3.55008		0.215765
-3.54808		0.215445
-3.54608		0.215217
-3.54408		0.215077
-3.54208		0.215022
-3.54008		0.215046
-3.53808		0.215149
-3.53608		0.215328
-3.53408		0.215581
-3.53208		0.215907
-3.53008		0.216305
-3.52808		0.216776
-3.52608		0.217319
-3.52408		0.217936
-3.52208		0.218626
-3.52008		0.219392
-3.51808		0.220237
-3.51608		0.221162
-3.51408		0.22217
-3.51208		0.223266
-3.51008		0.224454
-3.50808		0.22574
-3.50608		0.227128
-3.50408		0.228626
-3.50208		0.230243
-3.50008		0.231986
-3.49808		0.233867
-3.49608		0.235897
-3.49408		0.238091
-3.49208		0.240462
-3.49008		0.24303
-3.48808		0.245816
-3.48608		0.248843
-3.48408		0.252138
-3.48208		0.255735
-3.48008		0.259671
-3.47808		0.26399
-3.47608		0.268745
-3.47408		0.273998
-3.47208		0.279821
-3.47008		0.286304
-3.46808		0.293554
-3.46608		0.3017
-3.46408		0.310901
-3.46208		0.321354
-3.46008		0.333303
-3.45808		0.347057
-3.45608		0.363008
-3.45408		0.381662
-3.45208		0.40368
-3.45008		0.429935
-3.44808		0.461606
-3.44608		0.500308
-3.44408		0.548301
-3.44208		0.608827
-3.44008		0.68665
-3.43808		0.788999
-3.43608		0.927224
-3.43408		1.11988
-3.43208		1.39873
-3.43008		1.82108
-3.42808		2.4961
-3.42608		3.64116
-3.42408		5.67896
-3.42208		9.15924
-3.42008		12.9955
-3.41808		12.3584
-3.41608		8.27338
-3.41408		5.13191
-3.41208		3.3401
-3.41008		2.32669
-3.40808		1.72216
-3.40608		1.33985
-3.40408		1.08535
-3.40208		0.908524
-3.40008		0.781235
-3.39808		0.686887
-3.39608		0.61523
-3.39408		0.559686
-3.39208		0.515885
-3.39008		0.480844
-3.38808		0.452468
-3.38608		0.429254
-3.38408		0.410105
-3.38208		0.394202
-3.38008		0.380928
-3.37808		0.36981
-3.37608		0.36048
-3.37408		0.35265
-3.37208		0.346094
-3.37008		0.34063
-3.36808		0.336113
-3.36608		0.332428
-3.36408		0.32948
-3.36208		0.327194
-3.36008		0.32551
-3.35808		0.324381
-3.35608		0.32377
-3.35408		0.32365
-3.35208		0.324002
-3.35008		0.324814
-3.34808		0.326083
-3.34608		0.327812
-3.34408		0.33001
-3.34208		0.332695
-3.34008		0.335892
-3.33808		0.339636
-3.33608		0.343971
-3.33408		0.348951
-3.33208		0.354647
-3.33008		0.361143
-3.32808		0.368547
-3.32608		0.376987
-3.32408		0.386626
-3.32208		0.397665
-3.32008		0.410358
-3.31808		0.425022
-3.31608		0.442067
-3.31408		0.462018
-3.31208		0.485565
-3.31008		0.513621
-3.30808		0.547419
-3.30608		0.588652
-3.30408		0.639696
-3.30208		0.703961
-3.30008		0.786482
-3.29808		0.894919
-3.29608		1.04135
-3.29408		1.24562
-3.29208		1.54193
-3.29008		1.99234
-3.28808		2.71593
-3.28608		3.95042
-3.28408		6.15058
-3.28208		9.82234
-3.28008		13.3836
-3.27808		12.0283
-3.27608		7.91934
-3.27408		4.98528
-3.27208		3.33192
-3.27008		2.39689
-3.26808		1.84041
-3.26608		1.49207
-3.26408		1.26547
-3.26208		1.11469
-3.26008		1.01417
-3.25808		0.949198
-3.25608		0.911271
-3.25408		0.895744
-3.25208		0.900684
-3.25008		0.926413
-3.24808		0.975586
-3.24608		1.05381
-3.24408		1.17108
-3.24208		1.3446
-3.24008		1.60452
-3.23808		2.00563
-3.23608		2.65253
-3.23408		3.75352
-3.23208		5.71642
-3.23008		9.10232
-3.22808		13.0302
-3.22608		12.7354
-3.22408		8.69038
-3.22208		5.45581
-3.22008		3.60092
-3.21808		2.55503
-3.21608		1.93451
-3.21408		1.54488
-3.21208		1.28798
-3.21008		1.11192
-3.20808		0.987729
-3.20608		0.898415
-3.20408		0.833604
-3.20208		0.786751
-3.20008		0.753645
-3.19808		0.73157
-3.19608		0.718821
-3.19408		0.714437
-3.19208		0.718049
-3.19008		0.729831
-3.18808		0.750528
-3.18608		0.781562
-3.18408		0.825258
-3.18208		0.885245
-3.18008		0.967148
-3.17808		1.07982
-3.17608		1.23759
-3.17408		1.46454
-3.17208		1.8031
-3.17008		2.33208
-3.16808		3.20558
-3.16608		4.73176
-3.16408		7.45099
-3.16208		11.5192
-3.16008		13.6462
-3.15808		10.5451
-3.15608		6.69053
-3.15408		4.30391
-3.15208		2.97
-3.15008		2.19806
-3.14808		1.72489
-3.14608		1.41893
-3.14408		1.21216
-3.14208		1.06743
-3.14008		0.963372
-3.13808		0.887084
-3.13608		0.830466
-3.13408		0.788254
-3.13208		0.756929
-3.13008		0.734089
-3.12808		0.718073
-3.12608		0.707724
-3.12408		0.702247
-3.12208		0.70111
-3.12008		0.703993
-3.11808		0.710744
-3.11608		0.721367
-3.11408		0.736015
-3.11208		0.754998
-3.11008		0.778808
-3.10808		0.808159
-3.10608		0.84405
-3.10408		0.887868
-3.10208		0.941541
-3.10008		1.00778
-3.09808		1.09048
-3.09608		1.19534
-3.09408		1.331
-3.09208		1.511
-3.09008		1.75745
-3.08808		2.10833
-3.08608		2.63247
-3.08408		3.46173
-3.08208		4.85846
-3.08008		7.31269
-3.07808		11.2656
-3.07608		14.6166
-3.07408		12.8323
-3.07208		9.06369
-3.07008		6.76776
-3.06808		5.93334
-3.06608		6.22798
-3.06408		7.75192
-3.06208		10.9155
-3.06008		14.7525
-3.05808		14.4647
-3.05608		10.5699
-3.05408		7.64967
-3.05208		6.33957
-3.05008		6.23637
-3.04808		7.2983
-3.04608		9.89458
-3.04408		13.7892
-3.04208		14.9414
-3.04008		11.2945
-3.03808		7.65811
-3.03608		5.54855
-3.03408		4.45927
-3.03208		3.95595
-3.03008		3.83589
-3.02808		4.04197
-3.02608		4.62894
-3.02408		5.79274
-3.02208		7.95674
-3.02008		11.679
-3.01808		15.8366
-3.01608		15.6576
-3.01408		12.48
-3.01208		10.8932
-3.01008		11.7754
-3.00808		15.509
-3.00608		22.3877
-3.00408		27.9039
-3.00208		24.1895
-3.00008		16.2089
-2.99808		10.5637
-2.99608		7.38531
-2.99408		5.62031
-2.99208		4.63473
-2.99008		4.12404
-2.98808		3.96094
-2.98608		4.12964
-2.98408		4.72365
-2.98208		6.00187
-2.98008		8.46792
-2.97808		12.3986
-2.97608		14.9546
-2.97408		12.2498
-2.97208		8.35703
-2.97008		5.96496
-2.96808		4.77664
-2.96608		4.33135
-2.96408		4.4491
-2.96208		5.19253
-2.96008		6.88916
-2.95808		10.0645
-2.95608		13.9133
-2.95408		13.7067
-2.95208		9.62481
-2.95008		6.29558
-2.94808		4.37391
-2.94608		3.2887
-2.94408		2.64793
-2.94208		2.25272
-2.94008		2.0035
-2.93808		1.84883
-2.93608		1.76189
-2.93408		1.72974
-2.93208		1.74881
-2.93008		1.82378
-2.92808		1.96925
-2.92608		2.21522
-2.92408		2.61971
-2.92208		3.29643
-2.92008		4.4744
-2.91808		6.59593
-2.91608		10.1853
-2.91408		13.8454
-2.91208		12.7342
-2.91008		8.61864
-2.90808		5.60635
-2.90608		3.90261
-2.90408		2.94042
-2.90208		2.36944
-2.90008		2.0136
-2.89808		1.78372
-2.89608		1.63251
-2.89408		1.53362
-2.89208		1.47187
-2.89008		1.43836
-2.88808		1.42808
-2.88608		1.4386
-2.88408		1.46954
-2.88208		1.52242
-2.88008		1.60092
-2.87808		1.71167
-2.87608		1.8658
-2.87408		2.08193
-2.87208		2.3921
-2.87008		2.8539
-2.86808		3.57647
-2.86608		4.7759
-2.86408		6.87227
-2.86208		10.4273
-2.86008		14.4602
-2.85808		14.1802
-2.85608		10.3849
-2.85408		7.58869
-2.85208		6.34606
-2.85008		6.23069
-2.84808		7.15474
-2.84608		9.45074
-2.84408		13.3559
-2.84208		16.1466
-2.84008		13.7839
-2.83808		10.2227
-2.83608		8.38434
-2.83408		8.19862
-2.83208		9.58009
-2.83008		12.8087
-2.82808		16.6598
-2.82608		16.2926
-2.82408		12.9023
-2.82208		11.091
-2.82008		11.7169
-2.81808		14.6652
-2.81608		17.5795
-2.81408		15.688
-2.81208		11.9052
-2.81008		9.80394
-2.80808		9.50051
-2.80608		10.8698
-2.80408		14.3334
-2.80208		19.928
-2.80008		24.112
-2.79808		24.6292
-2.79608		22.0662
-2.79408		16.4802
-2.79208		12.2624
-2.79008		10.3441
-2.78808		10.2068
-2.78608		11.7833
-2.78408		15.3784
-2.78208		19.5387
-2.78008		19.6009
-2.77808		17.8585
-2.77608		19.0111
-2.77408		22.337
-2.77208		22.8307
-2.77008		21.9146
-2.76808		24.455
-2.76608		28.3518
-2.76408		28.4502
-2.76208		23.842
-2.76008		17.2367
-2.75808		12.82
-2.75608		10.7302
-2.75408		10.2618
-2.75208		11.2034
-2.75008		13.9288
-2.74808		19.4095
-2.74608		27.8722
-2.74408		33.5597
-2.74208		31.0116
-2.74008		27.9974
-2.73808		27.3413
-2.73608		24.7813
-2.73408		23.1086
-2.73208		21.6253
-2.73008		16.4161
-2.72808		11.2135
-2.72608		7.9459
-2.72408		6.01861
-2.72208		4.83288
-2.72008		4.06405
-2.71808		3.54493
-2.71608		3.18635
-2.71408		2.93882
-2.71208		2.77452
-2.71008		2.67886
-2.70808		2.6467
-2.70608		2.68169
-2.70408		2.79822
-2.70208		3.02745
-2.70008		3.431
-2.69808		4.13135
-2.69608		5.37629
-2.69408		7.63662
-2.69208		11.3802
-2.69008		14.7276
-2.68808		12.9883
-2.68608		8.88947
-2.68408		6.06575
-2.68208		4.48791
-2.68008		3.60302
-2.67808		3.08709
-2.67608		2.77839
-2.67408		2.5952
-2.67208		2.49463
-2.67008		2.45363
-2.66808		2.46011
-2.66608		2.50873
-2.66408		2.59898
-2.66208		2.73466
-2.66008		2.9243
-2.65808		3.18277
-2.65608		3.53458
-2.65408		4.02025
-2.65208		4.70891
-2.65008		5.72394
-2.64808		7.29774
-2.64608		9.88788
-2.64408		14.374
-2.64208		21.8733
-2.64008		30.1469
-2.63808		29.8753
-2.63608		23.5387
-2.63408		20.2646
-2.63208		21.5369
-2.63008		24.9311
-2.62808		25.5233
-2.62608		26.1331
-2.62408		30.3163
-2.62208		32.6505
-2.62008		27.9634
-2.61808		20.7556
-2.61608		16.3829
-2.61408		15.2546
-2.61208		16.9865
-2.61008		20.8131
-2.60808		22.4417
-2.60608		20.5345
-2.60408		20.5836
-2.60208		24.4069
-2.60008		28.9441
-2.59808		31.4917
-2.59608		35.0432
-2.59408		33.2939
-2.59208		24.4467
-2.59008		16.8864
-2.58808		12.5477
-2.58608		10.2814
-2.58408		9.22459
-2.58208		8.98178
-2.58008		9.45103
-2.57808		10.7663
-2.57608		13.3584
-2.57408		18.002
-2.57208		24.7288
-2.57008		29.9997
-2.56808		33.8186
-2.56608		39.3465
-2.56408		43.5821
-2.56208		43.0224
-2.56008		35.9297
-2.55808		31.2085
-2.55608		33.447
-2.55408		41.7983
-2.55208		47.3717
-2.55008		39.9957
-2.54808		28.4377
-2.54608		21.3246
-2.54408		18.6006
-2.54208		19.401
-2.54008		23.6919
-2.53808		29.5246
-2.53608		30.9805
-2.53408		26.1781
-2.53208		19.7333
-2.53008		16.0899
-2.52808		15.49
-2.52608		17.6327
-2.52408		21.1478
-2.52208		21.1351
-2.52008		18.3123
-2.51808		17.6793
-2.51608		20.1724
-2.51408		22.8624
-2.51208		21.279
-2.51008		19.2403
-2.50808		20.5147
-2.50608		26.1085
-2.50408		35.2052
-2.50208		40.5464
-2.50008		38.7696
-2.49808		34.6913
-2.49608		30.3344
-2.49408		29.649
-2.49208		29.4921
-2.49008		27.6442
-2.48808		26.1926
-2.48608		21.6092
-2.48408		16.3472
-2.48208		13.4281
-2.48008		12.7382
-2.47808		14.1297
-2.47608		17.9193
-2.47408		22.8058
-2.47208		24.4222
-2.47008		24.0593
-2.46808		21.1161
-2.46608		15.3713
-2.46408		10.9951
-2.46208		8.47861
-2.46008		7.08759
-2.45808		6.33801
-2.45608		5.99503
-2.45408		5.96318
-2.45208		6.23646
-2.45008		6.89732
-2.44808		8.16323
-2.44608		10.4805
-2.44408		14.4
-2.44208		18.6066
-2.44008		18.3462
-2.43808		15.4825
-2.43608		14.4918
-2.43408		16.2607
-2.43208		21.2817
-2.43008		28.9748
-2.42808		32.8106
-2.42608		28.2418
-2.42408		22.626
-2.42208		20.9777
-2.42008		23.7923
-2.41808		30.754
-2.41608		36.8274
-2.41408		35.0663
-2.41208		31.3955
-2.41008		30.8592
-2.40808		28.9984
-2.40608		27.0622
-2.40408		29.5413
-2.40208		34.655
-2.40008		35.6111
-2.39808		30.9972
-2.39608		27.025
-2.39408		27.1812
-2.39208		27.3327
-2.39008		24.1495
-2.38808		22.3147
-2.38608		24.3013
-2.38408		30.3329
-2.38208		37.7241
-2.38008		43.0861
-2.37808		46.8843
-2.37608		48.3782
-2.37408		46.9977
-2.37208		44.0222
-2.37008		42.3362
-2.36808		40.2585
-2.36608		37.8602
-2.36408		34.0254
-2.36208		33.3047
-2.36008		38.9196
-2.35808		49.4774
-2.35608		58.8245
-2.35408		62.5006
-2.35208		58.754
-2.35008		49.2643
-2.34808		41.0535
-2.34608		35.1629
-2.34408		27.9837
-2.34208		22.9125
-2.34008		21.4417
-2.33808		23.4122
-2.33608		28.0814
-2.33408		31.3586
-2.33208		32.6878
-2.33008		35.107
-2.32808		35.8997
-2.32608		36.2344
-2.32408		35.1493
-2.32208		36.7497
-2.32008		44.4458
-2.31808		50.2962
-2.31608		43.1946
-2.31408		31.6368
-2.31208		24.5434
-2.31008		21.9231
-2.30808		22.8374
-2.30608		27.5545
-2.30408		36.5836
-2.30208		44.9393
-2.30008		45.1731
-2.29808		43.8235
-2.29608		42.9031
-2.29408		46.2647
-2.29208		57.0722
-2.29008		67.6775
-2.28808		70.0882
-2.28608		60.1108
-2.28408		47.4146
-2.28208		37.4796
-2.28008		27.5852
-2.27808		20.4707
-2.27608		16.3862
-2.27408		14.2473
-2.27208		13.3841
-2.27008		13.5688
-2.26808		14.93
-2.26608		18.0103
-2.26408		23.7169
-2.26208		31.4949
-2.26008		36.8092
-2.25808		38.0143
-2.25608		37.5274
-2.25408		38.1008
-2.25208		38.348
-2.25008		42.6851
-2.24808		48.6014
-2.24608		46.5828
-2.24408		38.2768
-2.24208		30.0871
-2.24008		26.5801
-2.23808		28.2274
-2.23608		34.6387
-2.23408		40.8215
-2.23208		38.831
-2.23008		35.1849
-2.22808		35.9288
-2.22608		36.9268
-2.22408		37.1873
-2.22208		37.0019
-2.22008		36.5524
-2.21808		39.1983
-2.21608		41.4728
-2.21408		42.4341
-2.21208		41.7961
-2.21008		39.9289
-2.20808		37.3016
-2.20608		34.3813
-2.20408		29.6235
-2.20208		27.5017
-2.20008		30.0523
-2.19808		36.019
-2.19608		40.2847
-2.19408		40.7019
-2.19208		39.622
-2.19008		42.8819
-2.18808		48.6354
-2.18608		49.9293
-2.18408		50.4777
-2.18208		57.604
-2.18008		66.1278
-2.17808		69.2888
-2.17608		70.5168
-2.17408		69.6853
-2.17208		69.0935
-2.17008		71.2641
-2.16808		67.846
-2.16608		55.7186
-2.16408		42.6661
-2.16208		36.1409
-2.16008		36.317
-2.15808		42.7222
-2.15608		52.5373
-2.15408		59.0608
-2.15208		60.0668
-2.15008		53.7587
-2.14808		47.5326
-2.14608		49.9428
-2.14408		59.7268
-2.14208		63.7467
-2.14008		57.9848
-2.13808		54.2936
-2.13608		49.6478
-2.13408		41.5113
-2.13208		36.0391
-2.13008		36.4595
-2.12808		41.351
-2.12608		45.9333
-2.12408		50.1691
-2.12208		54.7231
-2.12008		60.9173
-2.11808		69.3049
-2.11608		77.7972
-2.11408		78.8377
-2.11208		76.0961
-2.11008		77.9206
-2.10808		77.3566
-2.10608		65.4436
-2.10408		51.4427
-2.10208		44.9102
-2.10008		46.1543
-2.09808		50.372
-2.09608		55.4944
-2.09408		62.8775
-2.09208		67.5475
-2.09008		63.0301
-2.08808		53.6537
-2.08608		50.3767
-2.08408		51.9683
-2.08208		55.1566
-2.08008		58.5331
-2.07808		55.6947
-2.07608		50.8042
-2.07408		46.8027
-2.07208		49.376
-2.07008		62.1933
-2.06808		81.9469
-2.06608		89.0392
-2.06408		73.6309
-2.06208		53.7792
-2.06008		41.849
-2.05808		38.152
-2.05608		41.5712
-2.05408		51.7442
-2.05208		63.2029
-2.05008		66.5434
-2.04808		62.5446
-2.04608		58.0937
-2.04408		53.234
-2.04208		43.1953
-2.04008		34.2649
-2.03808		30.4206
-2.03608		31.4
-2.03408		37.5653
-2.03208		49.8166
-2.03008		64.3811
-2.02808		71.6836
-2.02608		68.7874
-2.02408		64.6673
-2.02208		60.5803
-2.02008		50.5872
-2.01808		38.3742
-2.01608		31.2639
-2.01408		29.5731
-2.01208		32.6659
-2.01008		38.8692
-2.00808		41.9045
-2.00608		38.6424
-2.00408		34.8348
-2.00208		36.3108
-2.00008		45.0301
-1.99808		60.5052
-1.99608		71.8618
-1.99408		67.3708
-1.99208		51.7778
-1.99008		37.9191
-1.98808		30.4649
-1.98608		27.8605
-1.98408		29.0067
-1.98208		34.1511
-1.98008		43.5704
-1.97808		53.3804
-1.97608		58.7381
-1.97408		60.6165
-1.97208		64.1741
-1.97008		73.6239
-1.96808		81.3751
-1.96608		84.6431
-1.96408		85.5373
-1.96208		87.4456
-1.96008		91.3017
-1.95808		86.9392
-1.95608		73.6275
-1.95408		60.7607
-1.95208		57.2743
-1.95008		64.939
-1.94808		83.8307
-1.94608		105.064
-1.94408		110.95
-1.94208		98.9016
-1.94008		87.5603
-1.93808		91.542
-1.93608		106.214
-1.93408		113.908
-1.93208		106.229
-1.93008		96.6381
-1.92808		89.2958
-1.92608		80.4657
-1.92408		77.5162
-1.92208		80.1212
-1.92008		84.0135
-1.91808		94.1777
-1.91608		101.862
-1.91408		94.8632
-1.91208		86.6281
-1.91008		83.8464
-1.90808		76.4661
-1.90608		69.418
-1.90408		70.6053
-1.90208		74.2713
-1.90008		71.0615
-1.89808		59.4276
-1.89608		50.0692
-1.89408		48.4167
-1.89208		51.4914
-1.89008		54.5019
-1.88808		58.9134
-1.88608		65.2122
-1.88408		76.4576
-1.88208		89.2345
-1.88008		94.165
-1.87808		90.1126
-1.87608		87.1663
-1.87408		79.9212
-1.87208		71.3515
-1.87008		67.6424
-1.86808		66.8271
-1.86608		63.035
-1.86408		56.666
-1.86208		56.3805
-1.86008		60.5517
-1.85808		68.1681
-1.85608		82.5642
-1.85408		93.6817
-1.85208		92.669
-1.85008		87.3686
-1.84808		87.9476
-1.84608		91.1975
-1.84408		101.303
-1.84208		108.165
-1.84008		102.836
-1.83808		91.0817
-1.83608		76.4857
-1.83408		65.4421
-1.83208		59.425
-1.83008		59.7137
-1.82808		59.3771
-1.82608		55.6228
-1.82408		55.7574
-1.82208		64.0748
-1.82008		73.6956
-1.81808		74.9368
-1.81608		76.4136
-1.81408		86.6489
-1.81208		95.9406
-1.81008		101.123
-1.80808		109.637
-1.80608		115.565
-1.80408		110.16
-1.80208		97.9689
-1.80008		83.4183
-1.79808		71.246
-1.79608		67.9578
-1.79408		66.5223
-1.79208		61.0306
-1.79008		59.956
-1.78808		61.5867
-1.78608		60.1745
-1.78408		59.3335
-1.78208		62.5434
-1.78008		68.2535
-1.77808		78.7975
-1.77608		91.2987
-1.77408		99.5146
-1.77208		105.122
-1.77008		116.382
-1.76808		127.195
-1.76608		120.312
-1.76408		98.6694
-1.76208		77.9141
-1.76008		67.8928
-1.75808		69.9015
-1.75608		78.2971
-1.75408		83.6717
-1.75208		81.3274
-1.75008		79.6489
-1.74808		89.0738
-1.74608		104.479
-1.74408		106.392
-1.74208		93.2178
-1.74008		82.5778
-1.73808		78.9257
-1.73608		78.6196
-1.73408		81.4756
-1.73208		84.5002
-1.73008		85.6708
-1.72808		86.3955
-1.72608		88.5691
-1.72408		101.498
-1.72208		119.835
-1.72008		134.51
-1.71808		137.255
-1.71608		129.086
-1.71408		115.681
-1.71208		101.827
-1.71008		95.0806
-1.70808		97.7671
-1.70608		102.223
-1.70408		109.077
-1.70208		115.776
-1.70008		117.653
-1.69808		114.53
-1.69608		110.77
-1.69408		107.788
-1.69208		107.578
-1.69008		114.34
-1.68808		125.638
-1.68608		131.168
-1.68408		126.461
-1.68208		115.792
-1.68008		108.709
-1.67808		111.228
-1.67608		115.504
-1.67408		112.679
-1.67208		111.963
-1.67008		115.081
-1.66808		122.022
-1.66608		121.595
-1.66408		113.065
-1.66208		106.269
-1.66008		101.645
-1.65808		101.303
-1.65608		109.805
-1.65408		119.348
-1.65208		116.322
-1.65008		107.211
-1.64808		103.598
-1.64608		104.617
-1.64408		114.801
-1.64208		120.97
-1.64008		113.518
-1.63808		111.421
-1.63608		119.926
-1.63408		135.47
-1.63208		147.109
-1.63008		143.847
-1.62808		131.82
-1.62608		124.21
-1.62408		123.312
-1.62208		119.217
-1.62008		108.726
-1.61808		104.203
-1.61608		106.306
-1.61408		105.208
-1.61208		101.206
-1.61008		97.2728
-1.60808		94.4778
-1.60608		94.6528
-1.60408		88.6338
-1.60208		74.8225
-1.60008		61.9155
-1.59808		55.612
-1.59608		57.2992
-1.59408		60.2783
-1.59208		55.981
-1.59008		51.3584
-1.58808		53.3605
-1.58608		63.8602
-1.58408		82.5133
-1.58208		100.097
-1.58008		108.649
-1.57808		112.985
-1.57608		116.894
-1.57408		118.641
-1.57208		118.317
-1.57008		118.972
-1.56808		116.08
-1.56608		111.894
-1.56408		113.068
-1.56208		122.662
-1.56008		128.068
-1.55808		126.156
-1.55608		130.453
-1.55408		140.221
-1.55208		143.789
-1.55008		137.303
-1.54808		129.561
-1.54608		128.684
-1.54408		135.563
-1.54208		146.443
-1.54008		149.555
-1.53808		146.047
-1.53608		140.067
-1.53408		133.723
-1.53208		135.647
-1.53008		138.961
-1.52808		141.372
-1.52608		149.625
-1.52408		159.081
-1.52208		162.199
-1.52008		162.253
-1.51808		156.951
-1.51608		152.148
-1.51408		146.778
-1.51208		136.354
-1.51008		126.853
-1.50808		128.198
-1.50608		143.365
-1.50408		164.268
-1.50208		182.099
-1.50008		185.167
-1.49808		182.761
-1.49608		183.796
-1.49408		181.561
-1.49208		177.891
-1.49008		167.721
-1.48808		148.029
-1.48608		130.54
-1.48408		124.215
-1.48208		124.698
-1.48008		118.376
-1.47808		107.612
-1.47608		104.411
-1.47408		104.403
-1.47208		108.852
-1.47008		117.798
-1.46808		127.263
-1.46608		134.945
-1.46408		147.934
-1.46208		160.611
-1.46008		156.743
-1.45808		141.247
-1.45608		128.237
-1.45408		120.775
-1.45208		119.959
-1.45008		121.549
-1.44808		122.565
-1.44608		123.219
-1.44408		124.765
-1.44208		121.586
-1.44008		119.272
-1.43808		119.706
-1.43608		119.167
-1.43408		119.084
-1.43208		124.07
-1.43008		125.819
-1.42808		119.781
-1.42608		117.768
-1.42408		122.531
-1.42208		121.626
-1.42008		117.057
-1.41808		118.702
-1.41608		131.785
-1.41408		155.035
-1.41208		171.046
-1.41008		179.379
-1.40808		185.363
-1.40608		184.712
-1.40408		186.496
-1.40208		185.777
-1.40008		169.844
-1.39808		158.553
-1.39608		154.92
-1.39408		157.592
-1.39208		159.477
-1.39008		160.328
-1.38808		171.426
-1.38608		184.912
-1.38408		184.073
-1.38208		167.659
-1.38008		160.882
-1.37808		165.54
-1.37608		171.123
-1.37408		171.81
-1.37208		173.326
-1.37008		181.326
-1.36808		185.481
-1.36608		177.1
-1.36408		164.412
-1.36208		155.99
-1.36008		159.151
-1.35808		166.973
-1.35608		171.397
-1.35408		164.465
-1.35208		141.625
-1.35008		121.282
-1.34808		112.085
-1.34608		107.101
-1.34408		103.753
-1.34208		109.484
-1.34008		120.115
-1.33808		126.793
-1.33608		131.601
-1.33408		136.442
-1.33208		141.19
-1.33008		142.899
-1.32808		139.583
-1.32608		137.03
-1.32408		142.333
-1.32208		152.037
-1.32008		156.791
-1.31808		161.505
-1.31608		167.423
-1.31408		166.106
-1.31208		158.94
-1.31008		161.525
-1.30808		176.493
-1.30608		184.667
-1.30408		179.083
-1.30208		172.391
-1.30008		168.645
-1.29808		165.396
-1.29608		162.555
-1.29408		170.483
-1.29208		182.407
-1.29008		187.904
-1.28808		195.916
-1.28608		205.663
-1.28408		202.756
-1.28208		196.931
-1.28008		198.483
-1.27808		207.614
-1.27608		221.031
-1.27408		238.512
-1.27208		247.456
-1.27008		226.54
-1.26808		194.223
-1.26608		179.043
-1.26408		179.053
-1.26208		180.721
-1.26008		184.388
-1.25808		188.767
-1.25608		190
-1.25408		199.279
-1.25208		212.916
-1.25008		216.849
-1.24808		207.736
-1.24608		194.553
-1.24408		187.479
-1.24208		179.485
-1.24008		176.003
-1.23808		183.94
-1.23608		195.029
-1.23408		198.977
-1.23208		194.303
-1.23008		196.58
-1.22808		214.461
-1.22608		221.896
-1.22408		214.147
-1.22208		196.093
-1.22008		174.116
-1.21808		160.617
-1.21608		155.796
-1.21408		163.169
-1.21208		175.249
-1.21008		168.503
-1.20808		155.516
-1.20608		145.66
-1.20408		135.367
-1.20208		134.647
-1.20008		142.188
-1.19808		155.484
-1.19608		166.591
-1.19408		167.057
-1.19208		171.854
-1.19008		185.615
-1.18808		184.985
-1.18608		171.978
-1.18408		166.059
-1.18208		160.423
-1.18008		152.466
-1.17808		149.328
-1.17608		152.354
-1.17408		159.38
-1.17208		165.594
-1.17008		173.519
-1.16808		185.703
-1.16608		192.007
-1.16408		190.873
-1.16208		184.702
-1.16008		178.897
-1.15808		176.983
-1.15608		180.292
-1.15408		194.79
-1.15208		222.2
-1.15008		235.758
-1.14808		219.804
-1.14608		206.126
-1.14408		204.094
-1.14208		198.627
-1.14008		185.232
-1.13808		178.025
-1.13608		182.068
-1.13408		191.472
-1.13208		200.851
-1.13008		209.248
-1.12808		220.219
-1.12608		225.593
-1.12408		218.694
-1.12208		213.112
-1.12008		216.857
-1.11808		226.763
-1.11608		220.083
-1.11408		203.475
-1.11208		193.503
-1.11008		187.508
-1.10808		185.39
-1.10608		183.154
-1.10408		178.05
-1.10208		183.372
-1.10008		200.923
-1.09808		224.118
-1.09608		233.964
-1.09408		225.446
-1.09208		205.276
-1.09008		190.057
-1.08808		193.487
-1.08608		207.588
-1.08408		219.535
-1.08208		223.856
-1.08008		212.896
-1.07808		199.731
-1.07608		205.051
-1.07408		217.389
-1.07208		225.313
-1.07008		235.794
-1.06808		238.156
-1.06608		224.373
-1.06408		211.786
-1.06208		209.917
-1.06008		216.462
-1.05808		226.68
-1.05608		239.002
-1.05408		247.113
-1.05208		246.721
-1.05008		238.093
-1.04808		215.239
-1.04608		185.522
-1.04408		167.698
-1.04208		161.409
-1.04008		162.622
-1.03808		162.798
-1.03608		155.662
-1.03408		154.249
-1.03208		162.447
-1.03008		179.441
-1.02808		198.931
-1.02608		214.279
-1.02408		219.965
-1.02208		217.051
-1.02008		216.654
-1.01808		218.328
-1.01608		216.879
-1.01408		213.217
-1.01208		215.538
-1.01008		223.481
-1.00808		231.091
-1.00608		239.39
-1.00408		251.187
-1.00208		271.243
-1.00008		281.416
-0.998078		284.225
-0.996078		288.663
-0.994078		285.714
-0.992078		275.582
-0.990078		261.692
-0.988078		248.525
-0.986078		243.93
-0.984078		245.558
-0.982078		247.565
-0.980078		248.958
-0.978078		254.423
-0.976078		264.098
-0.974078		265.816
-0.972078		256.896
-0.970078		245.881
-0.968078		235.858
-0.966078		234.394
-0.964078		241.203
-0.962078		246.447
-0.960078		242.664
-0.958078		233.592
-0.956078		236.546
-0.954078		250.332
-0.952078		252.924
-0.950078		241.503
-0.948078		231.797
-0.946078		214.811
-0.944078		195.984
-0.942078		186.395
-0.940078		191.749
-0.938078		208.82
-0.936078		233.394
-0.934078		259.412
-0.932078		268.6
-0.930078		262.184
-0.928078		246.234
-0.926078		224.107
-0.924078		210.15
-0.922078		211.505
-0.920078		214.606
-0.918078		209.431
-0.916078		192.568
-0.914078		179.145
-0.912078		181.802
-0.910078		202.348
-0.908078		228.101
-0.906078		243.203
-0.904078		248.079
-0.902078		249.518
-0.900078		234.659
-0.898078		216.864
-0.896078		219.823
-0.894078		241.896
-0.892078		257.762
-0.890078		261.184
-0.888078		253.757
-0.886078		242.147
-0.884078		231.994
-0.882078		228.591
-0.880078		235.857
-0.878078		254.668
-0.876078		279.725
-0.874078		302.591
-0.872078		308.797
-0.870078		299.626
-0.868078		294.498
-0.866078		302.109
-0.864078		310.137
-0.862078		306.775
-0.860078		302.919
-0.858078		305.363
-0.856078		313.233
-0.854078		310.28
-0.852078		295.471
-0.850078		280.597
-0.848078		274.389
-0.846078		278.81
-0.844078		282.182
-0.842078		279.372
-0.840078		283.409
-0.838078		286.754
-0.836078		274.673
-0.834078		257.631
-0.832078		251.894
-0.830078		259.661
-0.828078		273.056
-0.826078		287.51
-0.824078		292.13
-0.822078		288.783
-0.820078		283.383
-0.818078		275.566
-0.816078		267.302
-0.814078		252.373
-0.812078		241.762
-0.810078		240.952
-0.808078		244.693
-0.806078		255.952
-0.804078		268.992
-0.802078		266.945
-0.800078		260.654
-0.798078		267.966
-0.796078		290.341
-0.794078		304.298
-0.792078		300.7
-0.790078		295.846
-0.788078		281.882
-0.786078		266.415
-0.784078		260.959
-0.782078		258.518
-0.780078		254.244
-0.778078		253.703
-0.776078		254.467
-0.774078		249.153
-0.772078		252.036
-0.770078		264.729
-0.768078		278.747
-0.766078		275.354
-0.764078		259.062
-0.762078		243.249
-0.760078		230.483
-0.758078		223.543
-0.756078		231.289
-0.754078		243.27
-0.752078		252.842
-0.750078		266.91
-0.748078		281.114
-0.746078		284.904
-0.744078		270.71
-0.742078		252.172
-0.740078		237.957
-0.738078		237.047
-0.736078		245.686
-0.734078		260.674
-0.732078		281.646
-0.730078		293.237
-0.728078		287.031
-0.726078		273.634
-0.724078		274.8
-0.722078		297.088
-0.720078		320.764
-0.718078		337.126
-0.716078		346.153
-0.714078		341.529
-0.712078		323.179
-0.710078		310.509
-0.708078		303.438
-0.706078		288.169
-0.704078		283.917
-0.702078		296.99
-0.700078		314.824
-0.698078		319.627
-0.696078		313.176
-0.694078		313.835
-0.692078		325.658
-0.690078		329.423
-0.688078		317.572
-0.686078		298.444
-0.684078		285.096
-0.682078		283.718
-0.680078		293.118
-0.678078		302.13
-0.676078		305.749
-0.674078		301.687
-0.672078		281.898
-0.670078		269.02
-0.668078		273.616
-0.666078		287.049
-0.664078		298.867
-0.662078		296.229
-0.660078		281.457
-0.658078		275.238
-0.656078		282.141
-0.654078		281.904
-0.652078		270.154
-0.650078		267.575
-0.648078		277.41
-0.646078		270.617
-0.644078		259.597
-0.642078		264.419
-0.640078		274.058
-0.638078		283.971
-0.636078		296.462
-0.634078		302.544
-0.632078		305.356
-0.630078		317.361
-0.628078		331.076
-0.626078		340.268
-0.624078		332.725
-0.622078		319.378
-0.620078		311.753
-0.618078		293.147
-0.616078		285.64
-0.614078		296.577
-0.612078		314.601
-0.610078		339.878
-0.608078		363.822
-0.606078		380.277
-0.604078		394.168
-0.602078		379.723
-0.600078		346.385
-0.598078		336.675
-0.596078		347.344
-0.594078		361.46
-0.592078		354.352
-0.590078		324.35
-0.588078		295.516
-0.586078		287.753
-0.584078		303.35
-0.582078		331.179
-0.580078		350.284
-0.578078		356.49
-0.576078		361.392
-0.574078		365.311
-0.572078		365.751
-0.570078		365.164
-0.568078		358.391
-0.566078		354.931
-0.564078		355.168
-0.562078		343.038
-0.560078		332.557
-0.558078		330.116
-0.556078		326.737
-0.554078		320.872
-0.552078		313.52
-0.550078		310.386
-0.548078		311.112
-0.546078		316.419
-0.544078		323.871
-0.542078		328.936
-0.540078		327.793
-0.538078		319.189
-0.536078		309.413
-0.534078		309.264
-0.532078		304.694
-0.530078		289.988
-0.528078		282.574
-0.526078		295.188
-0.524078		319.358
-0.522078		341.083
-0.520078		345.166
-0.518078		330.801
-0.516078		317.913
-0.514078		312.562
-0.512078		323.055
-0.510078		347.508
-0.508078		359.846
-0.506078		342.471
-0.504078		316.132
-0.502078		301.773
-0.500078		308.956
-0.498078		326.411
-0.496078		345.869
-0.494078		362.713
-0.492078		368.661
-0.490078		366.599
-0.488078		361.513
-0.486078		367.271
-0.484078		369.56
-0.482078		354.357
-0.480078		333.961
-0.478078		316.317
-0.476078		299.532
-0.474078		289.84
-0.472078		292.984
-0.470078		299.567
-0.468078		299.175
-0.466078		299.038
-0.464078		316.143
-0.462078		351.824
-0.460078		383.768
-0.458078		396.196
-0.456078		377.499
-0.454078		338.245
-0.452078		306.119
-0.450078		292.827
-0.448078		306.073
-0.446078		330.613
-0.444078		350.511
-0.442078		368.228
-0.440078		379.34
-0.438078		369.194
-0.436078		339.316
-0.434078		319.271
-0.432078		319.917
-0.430078		330.151
-0.428078		339.007
-0.426078		348.641
-0.424078		352.75
-0.422078		343
-0.420078		337.5
-0.418078		344.991
-0.416078		344.798
-0.414078		339.013
-0.412078		344.464
-0.410078		348.262
-0.408078		343.909
-0.406078		343.057
-0.404078		352.897
-0.402078		375.511
-0.400078		395.341
-0.398078		396.266
-0.396078		394.477
-0.394078		393.24
-0.392078		375.305
-0.390078		357.206
-0.388078		346.04
-0.386078		341.913
-0.384078		347.097
-0.382078		354.123
-0.380078		366.993
-0.378078		382.654
-0.376078		387.985
-0.374078		382.678
-0.372078		375.145
-0.370078		376.69
-0.368078		379.111
-0.366078		373.108
-0.364078		351.393
-0.362078		327.967
-0.360078		298.021
-0.358078		257.851
-0.356078		219.725
-0.354078		199.683
-0.352078		202.674
-0.350078		229.504
-0.348078		274.397
-0.346078		316.343
-0.344078		342.834
-0.342078		364.859
-0.340078		388.596
-0.338078		409.721
-0.336078		402.754
-0.334078		377.543
-0.332078		363.726
-0.330078		355.875
-0.328078		346.108
-0.326078		333.901
-0.324078		325.106
-0.322078		328.518
-0.320078		340.219
-0.318078		350.501
-0.316078		362.591
-0.314078		374.376
-0.312078		376.814
-0.310078		373.908
-0.308078		365.122
-0.306078		363.999
-0.304078		384.746
-0.302078		411.239
-0.300078		429.049
-0.298078		436.398
-0.296078		431.529
-0.294078		421.739
-0.292078		405.352
-0.290078		395.101
-0.288078		410.332
-0.286078		419.283
-0.284078		390.284
-0.282078		347.467
-0.280078		318.289
-0.278078		316.026
-0.276078		340.189
-0.274078		359.159
-0.272078		371.198
-0.270078		381.439
-0.268078		390.597
-0.266078		397.062
-0.264078		399.811
-0.262078		403.362
-0.260078		398.977
-0.258078		379.355
-0.256078		357.214
-0.254078		352.434
-0.252078		352.558
-0.250078		347.196
-0.248078		347.36
-0.246078		363.745
-0.244078		380.891
-0.242078		382.86
-0.240078		377.098
-0.238078		369.145
-0.236078		375.559
-0.234078		391.226
-0.232078		411.617
-0.230078		424.361
-0.228078		411.589
-0.226078		380.868
-0.224078		359.244
-0.222078		350.381
-0.220078		351.651
-0.218078		358.369
-0.216078		351.449
-0.214078		344.355
-0.212078		341.826
-0.210078		344.48
-0.208078		346.131
-0.206078		344.255
-0.204078		342.311
-0.202078		338.35
-0.200078		334.65
-0.198078		334.289
-0.196078		336.002
-0.194078		346.616
-0.192078		353.325
-0.190078		337.89
-0.188078		313.711
-0.186078		308.506
-0.184078		336.709
-0.182078		399.034
-0.180078		463.872
-0.178078		491.463
-0.176078		474.252
-0.174078		435.898
-0.172078		397.779
-0.170078		380.344
-0.168078		380.933
-0.166078		382.647
-0.164078		382.542
-0.162078		392.248
-0.160078		416.153
-0.158078		430.874
-0.156078		435.773
-0.154078		435.186
-0.152078		427.247
-0.150078		421.713
-0.148078		412.815
-0.146078		392.673
-0.144078		378.752
-0.142078		384.243
-0.140078		403.203
-0.138078		424.392
-0.136078		443.091
-0.134078		464.476
-0.132078		483.294
-0.130078		484.256
-0.128078		480.373
-0.126078		461.352
-0.124078		441.082
-0.122078		431.316
-0.120078		408.639
-0.118078		379.632
-0.116078		369.785
-0.114078		373.569
-0.112078		383.86
-0.110078		392.065
-0.108078		381.466
-0.106078		371.163
-0.104078		374.575
-0.102078		382.867
-0.100078		384.304
-0.0980782		373.699
-0.0960782		356.715
-0.0940782		353.201
-0.0920782		356.27
-0.0900782		357.448
-0.0880782		360.872
-0.0860782		359.302
-0.0840782		345.49
-0.0820782		334.64
-0.0800782		341.513
-0.0780782		359.429
-0.0760782		377.045
-0.0740782		382.158
-0.0720782		372.229
-0.0700782		363.087
-0.0680782		371.366
-0.0660782		387.34
-0.0640782		394.763
-0.0620782		399.395
-0.0600782		414.311
-0.0580782		424.889
-0.0560782		416.701
-0.0540782		399.159
-0.0520782		379.372
-0.0500782		368.924
-0.0480782		370.969
-0.0460782		377.429
-0.0440782		396.378
-0.0420782		415.82
-0.0400782		420.783
-0.0380782		423.456
-0.0360782		430.837
-0.0340782		442.129
-0.0320782		441.804
-0.0300782		426.045
-0.0280782		415.855
-0.0260782		425.104
-0.0240782		446.629
-0.0220782		469.923
-0.0200782		497.154
-0.0180782		520.098
-0.0160782		523.426
-0.0140782		520.848
-0.0120782		523.32
-0.0100782		515.255
-0.00807825		491.22
-0.00607825		465.174
-0.00407825		437.927
-0.00207825		415.486
-7.82465e-05		394.7
0.00192175		365.928
0.00392175		345.805
0.00592175		345.275
0.00792175		366.402
0.00992175		397.516
0.0119218		418.844
0.0139218		418.753
0.0159218		407.758
0.0179218		383.463
0.0199218		352.787
0.0219218		340.199
0.0239218		347.892
0.0259218		369.729
0.0279218		393.104
0.0299218		408.094
0.0319218		409.965
0.0339218		399.445
0.0359218		386.653
0.0379218		385.04
0.0399218		403.82
0.0419218		420.607
0.0439218		427.13
0.0459218		425.532
0.0479218		423.64
0.0499218		427.918
0.0519218		433.494
0.0539218		434.53
0.0559218		435.857
0.0579218		440.855
0.0599218		432.01
0.0619218		415.456
0.0639218		408.957
0.0659218		408.759
0.0679218		401.962
0.0699218		392.756
0.0719218		387.361
0.0739218		392.422
0.0759218		409.396
0.0779218		422.588
0.0799218		416.349
0.0819218		404.223
0.0839218		397.102
0.0859218		394.682
0.0879218		383.608
0.0899218		360.645
0.0919218		346.476
0.0939218		344.279
0.0959218		352.793
0.0979218		372.764
0.0999218		402.775
0.101922		429.443
0.103922		441.005
0.105922		451.637
0.107922		447.162
0.109922		432.168
0.111922		423.421
0.113922		417.987
0.115922		407.594
0.117922		410.971
0.119922		417.658
0.121922		426.115
0.123922		434.559
0.125922		416.377
0.127922		380.664
0.129922		364.525
0.131922		366.34
0.133922		370.264
0.135922		389.155
0.137922		425.203
0.139922		450.425
0.141922		460.272
0.143922		469.707
0.145922		482.374
0.147922		499.17
0.149922		511.192
0.151922		513.185
0.153922		492.562
0.155922		454.179
0.157922		428.422
0.159922		432.506
0.161922		445.198
0.163922		454.966
0.165922		460.615
0.167922		463.417
0.169922		470.017
0.171922		478.397
0.173922		476.215
0.175922		463.544
0.177922		448.63
0.179922		440.866
0.181922		433.475
0.183922		426.428
0.185922		423.754
0.187922		424.924
0.189922		415.311
0.191922		395.187
0.193922		384.651
0.195922		382.427
0.197922		377.197
0.199922		366.042
0.201922		356.818
0.203922		357.705
0.205922		360.383
0.207922		368.325
0.209922		389.675
0.211922		403.075
0.213922		411.489
0.215922		416.404
0.217922		415.466
0.219922		424.582
0.221922		444.712
0.223922		459.357
0.225922		463.517
0.227922		444.567
0.229922		431.721
0.231922		450.262
0.233922		480.25
0.235922		489.261
0.237922		474.718
0.239922		448.768
0.241922		422.315
0.243922		399.845
0.245922		398.523
0.247922		422.416
0.249922		443.998
0.251922		444.246
0.253922		433.641
0.255922		419.257
0.257922		414.456
0.259922		414.512
0.261922		423.202
0.263922		456.339
0.265922		511.139
0.267922		549.098
0.269922		552.403
0.271922		525.475
0.273922		498.602
0.275922		491.799
0.277922		492.477
0.279922		485.442
0.281922		483.359
0.283922		496.633
0.285922		517.02
0.287922		517.516
0.289922		494.775
0.291922		469.934
0.293922		446.462
0.295922		427.194
0.297922		418.166
0.299922		414.309
0.301922		423.378
0.303922		438.747
0.305922		457.254
0.307922		468.396
0.309922		453.811
0.311922		426.077
0.313922		406.786
0.315922		399.108
0.317922		395.958
0.319922		388.518
0.321922		376.084
0.323922		367.89
0.325922		370.535
0.327922		377.597
0.329922		393.346
0.331922		419.872
0.333922		443.99
0.335922		461.335
0.337922		464.062
0.339922		456.006
0.341922		452.331
0.343922		457.153
0.345922		452.256
0.347922		429.805
0.349922		406.278
0.351922		395.341
0.353922		389.594
0.355922		386.393
0.357922		380.016
0.359922		380.841
0.361922		396.911
0.363922		397.298
0.365922		389.604
0.367922		403.411
0.369922		426.25
0.371922		430.949
0.373922		419.28
0.375922		408.07
0.377922		399.938
0.379922		400.232
0.381922		404.673
0.383922		408.727
0.385922		415.861
0.387922		435.334
0.389922		463.212
0.391922		487.991
0.393922		501.574
0.395922		499.235
0.397922		486.879
0.399922		469.314
0.401922		459.076
0.403922		471.782
0.405922		486.189
0.407922		477.816
0.409922		457.412
0.411922		442.955
0.413922		435.185
0.415922		430.563
0.417922		427.492
0.419922		425.985
0.421922		424.626
0.423922		422.046
0.425922		414.837
0.427922		409.113
0.429922		408.98
0.431922		414.952
0.433922		426.384
0.435922		435.784
0.437922		441.429
0.439922		438.63
0.441922		436.549
0.443922		438.736
0.445922		428.838
0.447922		428.294
0.449922		434.259
0.451922		431.864
0.453922		435.598
0.455922		441.135
0.457922		446.2
0.459922		449.711
0.461922		438.06
0.463922		407.592
0.465922		389.001
0.467922		389.791
0.469922		388.269
0.471922		383.961
0.473922		379.141
0.475922		377.501
0.477922		387.883
0.479922		416.286
0.481922		441.429
0.483922		445.802
0.485922		436.292
0.487922		417.496
0.489922		397.27
0.491922		385.759
0.493922		385.872
0.495922		388.374
0.497922		390.295
0.499922		402.513
0.501922		410.974
0.503922		401.247
0.505922		394.924
0.507922		395.851
0.509922		397.209
0.511922		411.919
0.513922		439.984
0.515922		472.099
0.517922		487.818
0.519922		484.188
0.521922		488.556
0.523922		487.043
0.525922		480.427
0.527922		474.911
0.529922		471.762
0.531922		474.559
0.533922		477.697
0.535922		472.885
0.537922		467.247
0.539922		467.515
0.541922		468.772
0.543922		467.298
0.545922		461.688
0.547922		460.076
0.549922		481.83
0.551922		525.294
0.553922		556.788
0.555922		537.076
0.557922		483.29
0.559922		439.962
0.561922		432.994
0.563922		440.745
0.565922		441.947
0.567922		439.291
0.569922		428.244
0.571922		412.41
0.573922		400.204
0.575922		406.016
0.577922		422.482
0.579922		430.792
0.581922		435.317
0.583922		428.779
0.585922		414.525
0.587922		406.909
0.589922		422.855
0.591922		458.069
0.593922		488.565
0.595922		498.58
0.597922		498.265
0.599922		488.448
0.601922		452.793
0.603922		408.653
0.605922		385.126
0.607922		390.373
0.609922		399.577
0.611922		399.219
0.613922		403.8
0.615922		425.743
0.617922		450.589
0.619922		456.552
0.621922		463.175
0.623922		469.594
0.625922		455.679
0.627922		428.92
0.629922		402.928
0.631922		387.259
0.633922		373.605
0.635922		370.38
0.637922		396.146
0.639922		441.006
0.641922		464.679
0.643922		441.371
0.645922		405.916
0.647922		386.418
0.649922		372.964
0.651922		366.238
0.653922		382.117
0.655922		413.48
0.657922		442.549
0.659922		450.246
0.661922		438.573
0.663922		446.714
0.665922		477.888
0.667922		494.331
0.669922		490.338
0.671922		489.681
0.673922		495.348
0.675922		502.372
0.677922		499.597
0.679922		481.892
0.681922		460.039
0.683922		437.073
0.685922		414.06
0.687922		396.988
0.689922		389.88
0.691922		394.796
0.693922		407.092
0.695922		405.065
0.697922		388.526
0.699922		379.173
0.701922		386.226
0.703922		415.675
0.705922		451.9
0.707922		469.966
0.709922		473.756
0.711922		471.098
0.713922		454.08
0.715922		431.344
0.717922		408.771
0.719922		397.207
0.721922		402.082
0.723922		411.445
0.725922		421.064
0.727922		427.546
0.729922		420.041
0.731922		425.858
0.733922		449.035
0.735922		476.527
0.737922		498.104
0.739922		481.521
0.741922		451.268
0.743922		441.341
0.745922		439.231
0.747922		435.738
0.749922		437.22
0.751922		439.481
0.753922		441.939
0.755922		443.035
0.757922		443.159
0.759922		437.367
0.761922		427.91
0.763922		429.46
0.765922		433.776
0.767922		419.586
0.769922		386.979
0.771922		347.494
0.773922		325.012
0.775922		326.265
0.777922		340.313
0.779922		361.895
0.781922		395.743
0.783922		433.957
0.785922		459.604
0.787922		472.183
0.789922		461.464
0.791922		428.718
0.793922		404.592
0.795922		386.693
0.797922		379.12
0.799922		390.777
0.801922		414.222
0.803922		419.84
0.805922		401.797
0.807922		394.129
0.809922		409.129
0.811922		441.755
0.813922		465.584
0.815922		465.677
0.817922		450.459
0.819922		430.525
0.821922		425.233
0.823922		442.036
0.825922		466.984
0.827922		479.103
0.829922		469.356
0.831922		458.39
0.833922		467.114
0.835922		481.358
0.837922		499.139
0.839922		509.52
0.841922		501
0.843922		488.241
0.845922		471.971
0.847922		438.534
0.849922		402.958
0.851922		386.356
0.853922		386.193
0.855922		377.111
0.857922		366.742
0.859922		367.492
0.861922		382.274
0.863922		392.583
0.865922		400.982
0.867922		422.58
0.869922		449.246
0.871922		464.642
0.873922		460.735
0.875922		433.79
0.877922		404.827
0.879922		382.283
0.881922		363.398
0.883922		349.244
0.885922		331.847
0.887922		331.49
0.889922		360.851
0.891922		383.556
0.893922		384.46
0.895922		388.968
0.897922		412.911
0.899922		442.184
0.901922		461.82
0.903922		461.225
0.905922		444.219
0.907922		421.21
0.909922		398.209
0.911922		380.456
0.913922		368.977
0.915922		364.859
0.917922		368.898
0.919922		368.193
0.921922		369.518
0.923922		383.733
0.925922		409.115
0.927922		423.247
0.929922		417.696
0.931922		406.169
0.933922		407.634
0.935922		419.893
0.937922		430.427
0.939922		438.692
0.941922		438.776
0.943922		448.518
0.945922		464.734
0.947922		480.594
0.949922		500.082
0.951922		501.938
0.953922		482.254
0.955922		466.919
0.957922		451.471
0.959922		440.907
0.961922		439.771
0.963922		433.405
0.965922		419.65
0.967922		399.266
0.969922		379.934
0.971922		374.649
0.973922		378.916
0.975922		385.629
0.977922		400.58
0.979922		429.975
0.981922		446.197
0.983922		434.408
0.985922		411.114
0.987922		397.641
0.989922		405.273
0.991922		412.731
0.993922		415.459
0.995922		426.467
0.997922		434.037
0.999922		434.783
1.00192		425.633
1.00392		419.539
1.00592		427.114
1.00792		441.489
1.00992		439.044
1.01192		419.44
1.01392		412.469
1.01592		419.313
1.01792		427.448
1.01992		422.3
1.02192		400.176
1.02392		381.745
1.02592		379.412
1.02792		389.62
1.02992		404.178
1.03192		409.059
1.03392		401.5
1.03592		381.269
1.03792		365.39
1.03992		359.483
1.04192		357.538
1.04392		358.228
1.04592		355.257
1.04792		353.41
1.04992		350.46
1.05192		341.788
1.05392		346.561
1.05592		359.326
1.05792		370.152
1.05992		382.467
1.06192		402.491
1.06392		423.689
1.06592		436.638
1.06792		448.115
1.06992		447.936
1.07192		432.819
1.07392		406.414
1.07592		376.233
1.07792		366.058
1.07992		367.639
1.08192		369.778
1.08392		380.284
1.08592		388.944
1.08792		391.69
1.08992		396.323
1.09192		400.747
1.09392		411.526
1.09592		430.853
1.09792		438.744
1.09992		423.487
1.10192		397.403
1.10392		383.967
1.10592		389.602
1.10792		401.156
1.10992		424.935
1.11192		454.49
1.11392		462.658
1.11592		459.72
1.11792		451.025
1.11992		435.779
1.12192		416.546
1.12392		398.363
1.12592		393.295
1.12792		406.3
1.12992		429.508
1.13192		442.687
1.13392		434.605
1.13592		412.619
1.13792		404.13
1.13992		415.345
1.14192		421.488
1.14392		411.781
1.14592		404.047
1.14792		404.915
1.14992		399.172
1.15192		394.18
1.15392		384.029
1.15592		360.884
1.15792		332.079
1.15992		308.919
1.16192		293.71
1.16392		282.16
1.16592		273.26
1.16792		273.842
1.16992		289.534
1.17192		312.655
1.17392		337.717
1.17592		368.236
1.17792		400.746
1.17992		412.531
1.18192		379.664
1.18392		336.883
1.18592		327.805
1.18792		342.838
1.18992		354.618
1.19192		357.282
1.19392		366.941
1.19592		375.42
1.19792		363.724
1.19992		351.001
1.20192		352.906
1.20392		357.414
1.20592		353.012
1.20792		325.639
1.20992		305.235
1.21192		317.993
1.21392		337.912
1.21592		338.511
1.21792		331.037
1.21992		324.952
1.22192		337.892
1.22392		365.862
1.22592		386.735
1.22792		398.933
1.22992		422.731
1.23192		450.649
1.23392		462.546
1.23592		466.582
1.23792		452.628
1.23992		424.087
1.24192		404.582
1.24392		391.902
1.24592		375.306
1.24792		362.114
1.24992		358.664
1.25192		359.752
1.25392		359.781
1.25592		349.734
1.25792		343.456
1.25992		341.903
1.26192		338.754
1.26392		334.944
1.26592		341.79
1.26792		349.586
1.26992		341.772
1.27192		332.323
1.27392		332.03
1.27592		334.595
1.27792		331.063
1.27992		334.587
1.28192		353.366
1.28392		366.346
1.28592		366.091
1.28792		368.55
1.28992		377.149
1.29192		369.741
1.29392		350.695
1.29592		340.03
1.29792		340.583
1.29992		350.184
1.30192		362.393
1.30392		363.913
1.30592		355.248
1.30792		351.353
1.30992		360.849
1.31192		376.652
1.31392		377.023
1.31592		361.861
1.31792		343.955
1.31992		340.421
1.32192		337.098
1.32392		327.982
1.32592		314.533
1.32792		307.165
1.32992		310.193
1.33192		312.999
1.33392		311.304
1.33592		313.396
1.33792		315.178
1.33992		313.293
1.34192		321.965
1.34392		344.925
1.34592		371.977
1.34792		390.39
1.34992		374.579
1.35192		350.605
1.35392		346.076
1.35592		352.587
1.35792		353.124
1.35992		349.11
1.36192		349.452
1.36392		350.268
1.36592		344.39
1.36792		339.013
1.36992		335.786
1.37192		332.182
1.37392		312.486
1.37592		292.178
1.37792		293.995
1.37992		315.421
1.38192		345.772
1.38392		364.498
1.38592		374.334
1.38792		373.14
1.38992		364.505
1.39192		358.293
1.39392		361.568
1.39592		371.814
1.39792		371.3
1.39992		363.578
1.40192		358.277
1.40392		358.671
1.40592		368.712
1.40792		378.966
1.40992		385.006
1.41192		382.437
1.41392		369.275
1.41592		356.883
1.41792		346.433
1.41992		335.136
1.42192		325.982
1.42392		330.031
1.42592		334.509
1.42792		329.546
1.42992		323.98
1.43192		329.44
1.43392		335.91
1.43592		335.678
1.43792		335.915
1.43992		345.984
1.44192		355.531
1.44392		358.651
1.44592		359.296
1.44792		340.089
1.44992		305.726
1.45192		284.846
1.45392		281.81
1.45592		273.796
1.45792		253.586
1.45992		252.421
1.46192		284.01
1.46392		328.622
1.46592		359.064
1.46792		355.77
1.46992		337.96
1.47192		323.696
1.47392		309.667
1.47592		296.786
1.47792		290.337
1.47992		292.732
1.48192		296.068
1.48392		289.395
1.48592		273.558
1.48792		268.341
1.48992		279.513
1.49192		291.891
1.49392		296.515
1.49592		299.306
1.49792		309.417
1.49992		325.187
1.50192		335.977
1.50392		327.157
1.50592		312.998
1.50792		309.057
1.50992		307.884
1.51192		308.237
1.51392		315.182
1.51592		328.764
1.51792		340.749
1.51992		346.185
1.52192		344.673
1.52392		337.246
1.52592		323.33
1.52792		309.785
1.52992		298.535
1.53192		293.315
1.53392		297.507
1.53592		306.711
1.53792		313.249
1.53992		309.804
1.54192		306.315
1.54392		314.182
1.54592		322.533
1.54792		331.85
1.54992		333.714
1.55192		332.995
1.55392		324.163
1.55592		313.041
1.55792		316.511
1.55992		320.566
1.56192		310.912
1.56392		295.854
1.56592		282.245
1.56792		270.018
1.56992		264.686
1.57192		268.512
1.57392		280.137
1.57592		298.863
1.57792		300.95
1.57992		296.216
1.58192		300.482
1.58392		302.408
1.58592		294.57
1.58792		287.418
1.58992		290.154
1.59192		288.101
1.59392		279.421
1.59592		272.08
1.59792		265.326
1.59992		252.222
1.60192		231.814
1.60392		210.677
1.60592		200.484
1.60792		202.173
1.60992		219.519
1.61192		238.365
1.61392		248.229
1.61592		250.884
1.61792		248.569
1.61992		257.422
1.62192		272.846
1.62392		284.649
1.62592		293.557
1.62792		299.621
1.62992		294.269
1.63192		285.68
1.63392		277.417
1.63592		271.578
1.63792		281.891
1.63992		304.924
1.64192		320.43
1.64392		332.21
1.64592		343.965
1.64792		347.572
1.64992		336.918
1.65192		309.772
1.65392		287.385
1.65592		274.72
1.65792		257.507
1.65992		245.192
1.66192		251.612
1.66392		264.704
1.66592		283.051
1.66792		305.168
1.66992		326.564
1.67192		334.985
1.67392		327.627
1.67592		322.147
1.67792		327.623
1.67992		331.586
1.68192		332.644
1.68392		329.435
1.68592		322.383
1.68792		317.208
1.68992		321.334
1.69192		328.389
1.69392		339.271
1.69592		339.715
1.69792		317.261
1.69992		294.061
1.70192		283.166
1.70392		280.055
1.70592		283.924
1.70792		290.397
1.70992		283.217
1.71192		265.845
1.71392		250.559
1.71592		243.72
1.71792		250.472
1.71992		265.286
1.72192		274.374
1.72392		260.846
1.72592		241.045
1.72792		240.81
1.72992		252.305
1.73192		257.751
1.73392		252.916
1.73592		239.123
1.73792		230.826
1.73992		238.401
1.74192		253.989
1.74392		263.149
1.74592		262.418
1.74792		260.985
1.74992		254.694
1.75192		248.454
1.75392		249.465
1.75592		253.936
1.75792		253.729
1.75992		245.856
1.76192		230.179
1.76392		216.521
1.76592		212.686
1.76792		215.76
1.76992		225.322
1.77192		240.571
1.77392		267.745
1.77592		295.902
1.77792		304.303
1.77992		302.416
1.78192		303.69
1.78392		305.116
1.78592		310.99
1.78792		318.838
1.78992		321.179
1.79192		309.496
1.79392		293.166
1.79592		287.164
1.79792		288.355
1.79992		296.261
1.80192		297.83
1.80392		293.211
1.80592		285.823
1.80792		292.476
1.80992		304.136
1.81192		297.9
1.81392		284.495
1.81592		274.619
1.81792		254.056
1.81992		223.19
1.82192		204.122
1.82392		205.372
1.82592		217.326
1.82792		227.449
1.82992		237.993
1.83192		253.748
1.83392		261.922
1.83592		253.506
1.83792		241.776
1.83992		228.082
1.84192		216.678
1.84392		221.028
1.84592		238.208
1.84792		259.988
1.84992		282.077
1.85192		292.67
1.85392		293.022
1.85592		287.666
1.85792		281.258
1.85992		266.095
1.86192		247.172
1.86392		238.146
1.86592		238.654
1.86792		236.662
1.86992		225.278
1.87192		211.639
1.87392		208.283
1.87592		216.677
1.87792		225.27
1.87992		225.559
1.88192		220.82
1.88392		216.422
1.88592		216.22
1.88792		225.762
1.88992		240.99
1.89192		241.626
1.89392		219.764
1.89592		191.139
1.89792		173.132
1.89992		167.966
1.90192		176.965
1.90392		190.069
1.90592		203.753
1.90792		227.835
1.90992		255.539
1.91192		262.08
1.91392		247.481
1.91592		236.364
1.91792		241.414
1.91992		254.932
1.92192		261.279
1.92392		258.257
1.92592		251.758
1.92792		249.481
1.92992		246.294
1.93192		234.888
1.93392		217.051
1.93592		194.973
1.93792		181.894
1.93992		182.178
1.94192		189.871
1.94392		207.749
1.94592		225.771
1.94792		230.121
1.94992		223.435
1.95192		221.609
1.95392		235.874
1.95592		251.967
1.95792		255.594
1.95992		248.234
1.96192		236.133
1.96392		231.78
1.96592		245.252
1.96792		264.474
1.96992		273.883
1.97192		268.06
1.97392		255.025
1.97592		236.615
1.97792		217.012
1.97992		201.539
1.98192		195.681
1.98392		197.35
1.98592		194.654
1.98792		180.7
1.98992		170.16
1.99192		179.215
1.99392		202.545
1.99592		214.057
1.99792		212.268
1.99992		215.861
2.00192		218.784
2.00392		214.336
2.00592		211.72
2.00792		211.686
2.00992		203.696
2.01192		185.555
2.01392		168.867
2.01592		156.953
2.01792		143.148
2.01992		129.983
2.02192		124.01
2.02392		129.105
2.02592		145.059
2.02792		168.388
2.02992		195.928
2.03192		222.672
2.03392		240.501
2.03592		243.801
2.03792		230.126
2.03992		205.234
2.04192		182.237
2.04392		163.511
2.04592		150.519
2.04792		148.56
2.04992		151.829
2.05192		159.969
2.05392		182.317
2.05592		206.734
2.05792		216.255
2.05992		210.395
2.06192		202.52
2.06392		214.396
2.06592		240.838
2.06792		261.4
2.06992		265.892
2.07192		264.456
2.07392		259.631
2.07592		252.965
2.07792		242.882
2.07992		231.709
2.08192		226.085
2.08392		230.576
2.08592		239.638
2.08792		245.547
2.08992		248.008
2.09192		247.596
2.09392		234.055
2.09592		211.038
2.09792		194.631
2.09992		181.89
2.10192		173.701
2.10392		179.488
2.10592		191.538
2.10792		202.972
2.10992		212.192
2.11192		211.593
2.11392		207.385
2.11592		210.676
2.11792		213.307
2.11992		203.603
2.12192		188.15
2.12392		180.764
2.12592		187.475
2.12792		192.969
2.12992		185.266
2.13192		175.571
2.13392		177.259
2.13592		188.988
2.13792		196.195
2.13992		192.405
2.14192		181.105
2.14392		172.859
2.14592		169.258
2.14792		156.198
2.14992		136.825
2.15192		127.701
2.15392		134.674
2.15592		146.635
2.15792		141.31
2.15992		127.794
2.16192		120.943
2.16392		121.805
2.16592		125.187
2.16792		128.619
2.16992		133.048
2.17192		144.065
2.17392		160.666
2.17592		176.239
2.17792		190.342
2.17992		200.554
2.18192		193.95
2.18392		171.255
2.18592		151.867
2.18792		148.879
2.18992		155.785
2.19192		167.032
2.19392		177.681
2.19592		182.556
2.19792		190.529
2.19992		205.695
2.20192		211.085
2.20392		204.22
2.20592		194.138
2.20792		195.285
2.20992		203.306
2.21192		201.252
2.21392		190.647
2.21592		178.517
2.21792		172.645
2.21992		174.976
2.22192		181.195
2.22392		194.771
2.22592		202.584
2.22792		199.148
2.22992		187.913
2.23192		178.094
2.23392		176.891
2.23592		179.852
2.23792		175.969
2.23992		169.884
2.24192		174.132
2.24392		181.031
2.24592		176.126
2.24792		166.005
2.24992		156.81
2.25192		146.019
2.25392		144.672
2.25592		151.691
2.25792		158.876
2.25992		158.875
2.26192		154.035
2.26392		155.672
2.26592		166.101
2.26792		177.65
2.26992		178.667
2.27192		175.137
2.27392		180.252
2.27592		190.349
2.27792		189.067
2.27992		175.098
2.28192		156.717
2.28392		137.334
2.28592		119.518
2.28792		108.29
2.28992		105.319
2.29192		106.807
2.29392		109.253
2.29592		117.531
2.29792		132.697
2.29992		144.519
2.30192		152.179
2.30392		158.691
2.30592		151.981
2.30792		129.253
2.30992		112.963
2.31192		109.632
2.31392		117.462
2.31592		126.016
2.31792		125.205
2.31992		118.039
2.32192		117.271
2.32392		122.373
2.32592		129.882
2.32792		146.748
2.32992		162.008
2.33192		163.477
2.33392		159.426
2.33592		158.605
2.33792		155.349
2.33992		146.968
2.34192		139.083
2.34392		133.472
2.34592		129.836
2.34792		130.539
2.34992		133.644
2.35192		137.776
2.35392		145.032
2.35592		152.309
2.35792		164.101
2.35992		168.5
2.36192		160.89
2.36392		160.998
2.36592		161.167
2.36792		145.547
2.36992		132.346
2.37192		129.312
2.37392		130.826
2.37592		134.951
2.37792		135.503
2.37992		127.026
2.38192		120.061
2.38392		128.971
2.38592		144.024
2.38792		143.137
2.38992		133.097
2.39192		129.171
2.39392		131.082
2.39592		138.01
2.39792		139.971
2.39992		128.974
2.40192		120.934
2.40392		124.135
2.40592		137.7
2.40792		151.065
2.40992		147.176
2.41192		128.489
2.41392		110.756
2.41592		101.711
2.41792		102.795
2.41992		109.886
2.42192		121.201
2.42392		131.57
2.42592		133.447
2.42792		128.04
2.42992		118.3
2.43192		114.284
2.43392		123.646
2.43592		140.752
2.43792		152.012
2.43992		146.915
2.44192		127.789
2.44392		115.262
2.44592		115.692
2.44792		118.551
2.44992		118.65
2.45192		112.781
2.45392		103.588
2.45592		99.1739
2.45792		101.626
2.45992		106.661
2.46192		113.607
2.46392		129.619
2.46592		150.588
2.46792		159.04
2.46992		161.322
2.47192		168.795
2.47392		168.233
2.47592		151.382
2.47792		133.41
2.47992		131.319
2.48192		143.672
2.48392		161.535
2.48592		175.848
2.48792		174.072
2.48992		156.905
2.49192		133.664
2.49392		111.802
2.49592		97.3068
2.49792		92.4573
2.49992		94.0387
2.50192		100.849
2.50392		110.075
2.50592		116.009
2.50792		120.21
2.50992		118.325
2.51192		114.215
2.51392		116.959
2.51592		118.944
2.51792		124.984
2.51992		138.921
2.52192		147.275
2.52392		146.352
2.52592		143.452
2.52792		135.526
2.52992		127.216
2.53192		124.293
2.53392		129.315
2.53592		134.302
2.53792		136.051
2.53992		131.17
2.54192		124.487
2.54392		123.712
2.54592		120.86
2.54792		106.472
2.54992		93.3671
2.55192		86.7385
2.55392		85.2291
2.55592		90.5787
2.55792		102.911
2.55992		113.288
2.56192		119.801
2.56392		119.799
2.56592		110.625
2.56792		101.057
2.56992		101.259
2.57192		101.192
2.57392		98.3164
2.57592		91.8564
2.57792		80.8831
2.57992		75.6565
2.58192		75.3079
2.58392		78.4191
2.58592		85.8624
2.58792		101.345
2.58992		124.13
2.59192		142.243
2.59392		145.725
2.59592		138.377
2.59792		122.93
2.59992		106.96
2.60192		91.2056
2.60392		82.4632
2.60592		82.7141
2.60792		83.9017
2.60992		86.6508
2.61192		90.3955
2.61392		95.8314
2.61592		108.715
2.61792		118.839
2.61992		118.021
2.62192		112.096
2.62392		112.877
2.62592		121.042
2.62792		123.899
2.62992		117.924
2.63192		115.231
2.63392		112.426
2.63592		100.127
2.63792		89.3538
2.63992		86.9657
2.64192		91.0869
2.64392		96.8637
2.64592		105.73
2.64792		112.368
2.64992		112.912
2.65192		105.356
2.65392		91.5817
2.65592		84.1467
2.65792		88.99
2.65992		93.112
2.66192		92.1545
2.66392		98.3375
2.66592		106.959
2.66792		111.718
2.66992		109.872
2.67192		99.6226
2.67392		88.9874
2.67592		82.966
2.67792		81.4106
2.67992		86.863
2.68192		99.8392
2.68392		103.968
2.68592		100.479
2.68792		99.1919
2.68992		96.9353
2.69192		88.5053
2.69392		73.034
2.69592		62.4604
2.69792		61.686
2.69992		65.4326
2.70192		70.3213
2.70392		74.8568
2.70592		76.2162
2.70792		77.025
2.70992		72.7968
2.71192		59.5423
2.71392		50.9567
2.71592		51.5392
2.71792		57.3998
2.71992		59.4288
2.72192		57.996
2.72392		56.7278
2.72592		55.9576
2.72792		56.1672
2.72992		60.5476
2.73192		63.4637
2.73392		62.5439
2.73592		64.2415
2.73792		68.4847
2.73992		70.7734
2.74192		66.1383
2.74392		61.662
2.74592		66.2361
2.74792		81.9527
2.74992		99.019
2.75192		103.915
2.75392		101.092
2.75592		97.2119
2.75792		95.2216
2.75992		90.4801
2.76192		85.1031
2.76392		82.3369
2.76592		76.0061
2.76792		70.4665
2.76992		70.1184
2.77192		67.3716
2.77392		65.2055
2.77592		70.6248
2.77792		80.7785
2.77992		93.9832
2.78192		103.635
2.78392		105.534
2.78592		106.11
2.78792		102.745
2.78992		91.5495
2.79192		76.7263
2.79392		64.1398
2.79592		55.4997
2.79792		48.3054
2.79992		45.5634
2.80192		45.8955
2.80392		45.0588
2.80592		47.532
2.80792		55.3107
2.80992		60.6923
2.81192		62.2776
2.81392		69.0886
2.81592		80.4
2.81792		91.3258
2.81992		92.0679
2.82192		90.233
2.82392		95.164
2.82592		95.5054
2.82792		90.93
2.82992		88.3471
2.83192		88.1806
2.83392		85.686
2.83592		84.8661
2.83792		92.1589
2.83992		96.6901
2.84192		88.3344
2.84392		71.341
2.84592		58.8419
2.84792		55.7486
2.84992		56.0663
2.85192		54.2645
2.85392		52.6851
2.85592		54.1109
2.85792		50.7905
2.85992		44.5297
2.86192		41.6677
2.86392		38.1705
2.86592		34.9285
2.86792		36.0268
2.86992		39.9728
2.87192		42.2342
2.87392		46.1984
2.87592		53.9522
2.87792		60.7242
2.87992		67.5464
2.88192		81.1678
2.88392		95.5479
2.88592		96.7137
2.88792		84.2934
2.88992		67.4141
2.89192		57.1197
2.89392		57.7608
2.89592		66.6281
2.89792		75.638
2.89992		82.7139
2.90192		85.9796
2.90392		82.0747
2.90592		70.5928
2.90792		57.2536
2.90992		46.0789
2.91192		41.113
2.91392		42.2736
2.91592		44.8695
2.91792		47.3724
2.91992		56.2956
2.92192		70.1253
2.92392		72.5001
2.92592		62.845
2.92792		57.7758
2.92992		60.9635
2.93192		62.6372
2.93392		62.1103
2.93592		64.3647
2.93792		67.2115
2.93992		66.6907
2.94192		67.5412
2.94392		69.2691
2.94592		63.8855
2.94792		57.9873
2.94992		61.423
2.95192		74.1058
2.95392		85.4324
2.95592		81.6886
2.95792		65.7657
2.95992		50.2856
2.96192		42.1343
2.96392		42.2848
2.96592		47.5851
2.96792		48.08
2.96992		43.0518
2.97192		38.6193
2.97392		32.6119
2.97592		28.3487
2.97792		28.2661
2.97992		32.4908
2.98192		39.1618
2.98392		44.5318
2.98592		50.6675
2.98792		56.6139
2.98992		60.337
2.99192		58.7081
2.99392		52.5905
2.99592		48.7102
2.99792		46.2076
2.99992		47.6762
3.00192		51.4005
3.00392		52.7091
3.00592		53.9227
3.00792		56.886
3.00992		57.3241
3.01192		59.3102
3.01392		60.2836
3.01592		49.686
3.01792		37.1658
3.01992		30.7654
3.02192		29.8241
3.02392		29.8144
3.02592		25.9653
3.02792		22.001
3.02992		20.5903
3.03192		21.7759
3.03392		25.9499
3.03592		34.2638
3.03792		45.8504
3.03992		53.2203
3.04192		56.3454
3.04392		58.3577
3.04592		57.0179
3.04792		60.6559
3.04992		65.8036
3.05192		61.3723
3.05392		53.123
3.05592		45.5538
3.05792		42.872
3.05992		48.8314
3.06192		64.0207
3.06392		79.1753
3.06592		78.8377
3.06792		66.9822
3.06992		51.0791
3.07192		41.0663
3.07392		38.9281
3.07592		39.2727
3.07792		36.9352
3.07992		31.0291
3.08192		23.9152
3.08392		19.36
3.08592		17.3123
3.08792		17.1036
3.08992		18.6229
3.09192		22.4332
3.09392		29.9126
3.09592		42.1258
3.09792		52.9798
3.09992		52.2472
3.10192		47.7334
3.10392		48.8484
3.10592		52.9397
3.10792		57.9953
3.10992		58.9055
3.11192		57.7393
3.11392		52.7595
3.11592		46.9072
3.11792		46.0442
3.11992		40.8727
3.12192		30.1212
3.12392		22.1048
3.12592		17.8446
3.12792		16.2012
3.12992		16.7164
3.13192		19.4257
3.13392		22.469
3.13592		20.9644
3.13792		17.1813
3.13992		15.0804
3.14192		14.9565
3.14392		16.7054
3.14592		20.9012
3.14792		28.7629
3.14992		39.3539
3.15192		44.2454
3.15392		43.0476
3.15592		41.4208
3.15792		40.632
3.15992		41.299
3.16192		42.4146
3.16392		45.0605
3.16592		44.5078
3.16792		40.7894
3.16992		35.8124
3.17192		29.9354
3.17392		27.673
3.17592		30.0121
3.17792		33.2994
3.17992		34.5578
3.18192		38.1094
3.18392		42.1854
3.18592		43.6949
3.18792		43.4796
3.18992		43.1844
3.19192		43.3983
3.19392		43.1925
3.19592		36.4348
3.19792		28.0704
3.19992		23.8849
3.20192		24.1174
3.20392		26.7403
3.20592		26.4819
3.20792		24.0854
3.20992		24.712
3.21192		29.9449
3.21392		37.9751
3.21592		41.2004
3.21792		38.7883
3.21992		36.9587
3.22192		34.1616
3.22392		33.4844
3.22592		38.958
3.22792		47.6759
3.22992		51.1185
3.23192		51.2613
3.23392		47.7983
3.23592		40.9541
3.23792		37.955
3.23992		36.4573
3.24192		34.7563
3.24392		34.7644
3.24592		33.2356
3.24792		31.8086
3.24992		28.3934
3.25192		23.8068
3.25392		22.2895
3.25592		24.8949
3.25792		32.1376
3.25992		41.1956
3.26192		43.2368
3.26392		39.164
3.26592		33.006
3.26792		29.5018
3.26992		29.8739
3.27192		28.8034
3.27392		26.7926
3.27592		27.2612
3.27792		25.9479
3.27992		22.1189
3.28192		20.5259
3.28392		22.6492
3.28592		29.0069
3.28792		37.4311
3.28992		39.4317
3.29192		36.764
3.29392		38.4575
3.29592		40.709
3.29792		35.7181
3.29992		30.0113
3.30192		28.4071
3.30392		25.9476
3.30592		20.7669
3.30792		17.1623
3.30992		16.0578
3.31192		17.2076
3.31392		21.0005
3.31592		28.2479
3.31792		37.0698
3.31992		41.5356
3.32192		41.5934
3.32392		41.2194
3.32592		41.5702
3.32792		46.6895
3.32992		50.1275
3.33192		43.3041
3.33392		32.4413
3.33592		25.4787
3.33792		23.6338
3.33992		26.1917
3.34192		30.8244
3.34392		33.0533
3.34592		33.9485
3.34792		33.2324
3.34992		34.5825
3.35192		37.4181
3.35392		32.31
3.35592		23.0405
3.35792		16.6713
3.35992		13.2587
3.36192		11.6626
3.36392		11.2749
3.36592		11.9522
3.36792		13.946
3.36992		18.0068
3.37192		25.3198
3.37392		35.254
3.37592		42.3688
3.37792		40.6471
3.37992		31.8793
3.38192		26.2933
3.38392		26.5982
3.38592		32.1866
3.38792		39.079
3.38992		41.6634
3.39192		37.7523
3.39392		30.1504
3.39592		25.7515
3.39792		24.6184
3.39992		20.7301
3.40192		14.9045
3.40392		10.7873
3.40592		8.34891
3.40792		6.89127
3.40992		5.99114
3.41192		5.43219
3.41392		5.1051
3.41592		4.95694
3.41792		4.96912
3.41992		5.15042
3.42192		5.54047
3.42392		6.22579
3.42592		7.37875
3.42792		9.34408
3.42992		12.8102
3.43192		18.9236
3.43392		27.5744
3.43592		31.1864
3.43792		25.397
3.43992		20.0681
3.44192		19.1324
3.44392		21.1522
3.44592		20.7895
3.44792		16.9854
3.44992		14.5467
3.45192		14.8089
3.45392		18.0539
3.45592		24.599
3.45792		30.8986
3.45992		29.7189
3.46192		23.6913
3.46392		20.3921
3.46592		20.9731
3.46792		20.7984
3.46992		16.432
3.47192		12.2209
3.47392		9.90837
3.47592		9.01909
3.47792		9.20147
3.47992		10.5201
3.48192		13.4953
3.48392		18.912
3.48592		25.4867
3.48792		27.9868
3.48992		24.5485
3.49192		18.2207
3.49392		13.8629
3.49592		12.0104
3.49792		12.0398
3.49992		13.8772
3.50192		18.0225
3.50392		24.2008
3.50592		28.6145
3.50792		31.9327
3.50992		38.4276
3.51192		44.4287
3.51392		46.0937
3.51592		41.1173
3.51792		31.4554
3.51992		21.3651
3.52192		14.6239
3.52392		10.7191
3.52592		8.44044
3.52792		7.07777
3.52992		6.2751
3.53192		5.86204
3.53392		5.77379
3.53592		6.0264
3.53792		6.73267
3.53992		8.16668
3.54192		10.8548
3.54392		15.1757
3.54592		18.5933
3.54792		17.1657
3.54992		15.0733
3.55192		15.8812
3.55392		20.2229
3.55592		26.3864
3.55792		28.3399
3.55992		23.6497
3.56192		16.8686
3.56392		12.5197
3.56592		10.6405
3.56792		10.6165
3.56992		12.4572
3.57192		16.3992
3.57392		20.2091
3.57592		19.8742
3.57792		19.2968
3.57992		20.038
3.58192		17.0937
3.58392		12.1178
3.58592		8.72371
3.58792		6.86971
3.58992		5.94143
3.59192		5.60602
3.59392		5.76152
3.59592		6.48903
3.59792		8.09365
3.59992		11.1242
3.60192		15.3594
3.60392		16.6857
3.60592		13.4606
3.60792		10.6398
3.60992		9.81071
3.61192		10.8789
3.61392		14.033
3.61592		18.4125
3.61792		19.4348
3.61992		17.583
3.62192		18.288
3.62392		22.725
3.62592		27.1259
3.62792		26.3908
3.62992		20.3815
3.63192		13.7854
3.63392		9.60953
3.63592		7.28922
3.63792		6.02502
3.63992		5.39106
3.64192		5.20705
3.64392		5.44661
3.64592		6.22829
3.64792		7.87912
3.64992		10.9612
3.65192		15.2315
3.65392		16.5413
3.65592		13.4063
3.65792		10.8493
3.65992		10.5322
3.66192		12.5166
3.66392		16.3901
3.66592		18.2594
3.66792		15.8616
3.66992		14.4014
3.67192		15.938
3.67392		17.5496
3.67592		14.4444
3.67792		9.9331
3.67992		6.98919
3.68192		5.33423
3.68392		4.40414
3.68592		3.8856
3.68792		3.62779
3.68992		3.56488
3.69192		3.68208
3.69392		4.00822
3.69592		4.63039
3.69792		5.73952
3.69992		7.72222
3.70192		11.1773
3.70392		15.701
3.70592		16.9426
3.70792		14.2342
3.70992		12.7582
3.71192		14.1973
3.71392		18.4451
3.71592		22.3941
3.71792		22.8505
3.71992		22.2548
3.72192		18.2242
3.72392		13.0723
3.72592		10.0704
3.72792		9.16687
3.72992		10.1317
3.73192		13.0493
3.73392		15.9533
3.73592		13.9929
3.73792		9.62455
3.73992		6.56485
3.74192		4.81372
3.74392		3.80149
3.74592		3.19016
3.74792		2.80995
3.74992		2.57492
3.75192		2.44063
3.75392		2.38463
3.75592		2.39784
3.75792		2.48106
3.75992		2.64473
3.76192		2.91165
3.76392		3.32371
3.76592		3.95642
3.76792		4.94947
3.76992		6.5727
3.77192		9.36182
3.77392		14.2902
3.77592		22.0584
3.77792		28.5074
3.77992		26.133
3.78192		20.0237
3.78392		17.4211
3.78592		18.3159
3.78792		17.4955
3.78992		12.6777
3.79192		8.38155
3.79392		5.77789
3.79592		4.24693
3.79792		3.29854
3.79992		2.67477
3.80192		2.24261
3.80392		1.9302
3.80592		1.69642
3.80792		1.51648
3.80992		1.37472
3.81192		1.26084
3.81392		1.16787
3.81592		1.09091
3.81792		1.02645
3.81992		0.971927
3.82192		0.925426
3.82392		0.885492
3.82592		0.851006
3.82792		0.8211
3.82992		0.795089
3.83192		0.772434
3.83392		0.752704
3.83592		0.735559
3.83792		0.720726
3.83992		0.707991
3.84192		0.697191
3.84392		0.688201
3.84592		0.680938
3.84792		0.675349
3.84992		0.67142
3.85192		0.669168
3.85392		0.668647
3.85592		0.669952
3.85792		0.673227
3.85992		0.67867
3.86192		0.686552
3.86392		0.697233
3.86592		0.711192
3.86792		0.729067
3.86992		0.751711
3.87192		0.780283
3.87392		0.816376
3.87592		0.862222
3.87792		0.921017
3.87992		0.997452
3.88192		1.09862
3.88392		1.23564
3.88592		1.42661
3.88792		1.70241
3.88992		2.11852
3.89192		2.78031
3.89392		3.89712
3.89592		5.87823
3.89792		9.28442
3.89992		13.2204
3.90192		12.9156
3.90392		8.88423
3.90592		5.67604
3.90792		3.8484
3.90992		2.83136
3.91192		2.24347
3.91392		1.89233
3.91592		1.68214
3.91792		1.56399
3.91992		1.51308
3.92192		1.51849
3.92392		1.5791
3.92592		1.70298
3.92792		1.91008
3.92992		2.23967
3.93192		2.7671
3.93392		3.64074
3.93592		5.15777
3.93792		7.85069
3.93992		11.9812
3.94192		14.5982
3.94392		12.0011
3.94592		8.43804
3.94792		6.54514
3.94992		6.15361
3.95192		7.12298
3.95392		9.74787
3.95592		13.5156
3.95792		14.002
3.95992		10.0311
3.96192		6.41779
3.96392		4.27901
3.96592		3.05961
3.96792		2.32837
3.96992		1.86239
3.97192		1.54902
3.97392		1.32876
3.97592		1.1683
3.97792		1.04805
3.97992		0.955893
3.98192		0.884051
3.98392		0.827365
3.98592		0.782318
3.98792		0.746462
3.98992		0.718073
3.99192		0.695934
3.99392		0.6792
3.99592		0.667305
3.99792		0.659918
3.99992		0.656905
4.00192		0.658331
4.00392		0.664463
4.00592		0.675806
4.00792		0.693158
4.00992		0.717712
4.01192		0.751211
4.01392		0.796194
4.01592		0.856416
4.01792		0.937532
4.01992		1.04831
4.02192		1.20279
4.02392		1.42447
4.02592		1.75454
4.02792		2.26919
4.02992		3.11704
4.03192		4.5954
4.03392		7.23448
4.03592		11.2648
4.03792		13.6408
4.03992		10.7346
4.04192		6.81826
4.04392		4.35644
4.04592		2.97945
4.04792		2.18415
4.04992		1.69756
4.05192		1.38334
4.05392		1.17116
4.05592		1.02278
4.05792		0.916304
4.05992		0.838591
4.06192		0.781469
4.06392		0.739712
4.06592		0.709927
4.06792		0.689925
4.06992		0.678357
4.07192		0.674498
4.07392		0.678154
4.07592		0.689624
4.07792		0.709749
4.07992		0.740029
4.08192		0.782863
4.08392		0.841947
4.08592		0.92299
4.08792		1.03495
4.08992		1.19233
4.09192		1.4195
4.09392		1.75941
4.09592		2.29191
4.09792		3.17327
4.09992		4.71586
4.10192		7.46366
4.10392		11.5419
4.10592		13.5697
4.10792		10.3983
4.10992		6.56696
4.11192		4.20718
4.11392		2.88846
4.11592		2.12493
4.11792		1.65711
4.11992		1.35536
4.12192		1.15266
4.12392		1.0125
4.12592		0.914011
4.12792		0.844752
4.12992		0.797149
4.13192		0.766583
4.13392		0.750368
4.13592		0.747224
4.13792		0.757035
4.13992		0.780825
4.14192		0.820955
4.14392		0.881585
4.14592		0.969573
4.14792		1.09614
4.14992		1.28006
4.15192		1.55381
4.15392		1.97649
4.15592		2.6612
4.15792		3.83366
4.15992		5.93019
4.16192		9.48504
4.16392		13.2072
