-0.0102542		15.1343
-0.00825424		12.7393
-0.00625424		9.10668
-0.00425424		7.04071
-0.00225424		6.32522
-0.000254239		6.61485
0.00174576		7.96189
0.00374576		10.8079
0.00574576		15.2604
0.00774576		17.989
0.00974576		16.1227
0.0117458		14.6814
0.0137458		16.3805
0.0157458		19.8011
0.0177458		19.929
0.0197458		18.1967
0.0217458		19.0281
0.0237458		19.5652
0.0257458		15.8238
0.0277458		11.9129
0.0297458		10.148
0.0317458		10.4123
0.0337458		12.7305
0.0357458		16.2874
0.0377458		16.4225
0.0397458		12.4431
0.0417458		9.11196
0.0437458		7.3728
0.0457458		6.70886
0.0477458		6.80193
0.0497458		7.63131
0.0517458		9.47059
0.0537458		12.9363
0.0557458		18.359
0.0577458		22.7787
0.0597458		23.7092
0.0617458		24.5507
0.0637458		22.8218
0.0657458		20.1728
0.0677458		21.0328
0.0697458		24.4268
0.0717458		25.3939
0.0737458		24.839
0.0757458		22.403
0.0777458		17.0636
0.0797458		13.1455
0.0817458		11.6377
0.0837458		12.2232
0.0857458		14.9934
0.0877458		19.0571
0.0897458		19.7941
0.0917458		17.4997
0.0937458		17.4051
0.0957458		19.8464
0.0977458		19.9247
0.0997458		16.3223
0.101746		13.9083
0.103746		14.1607
0.105746		17.4031
0.107746		24.142
0.109746		30.7781
0.111746		28.0937
0.113746		20.5214
0.115746		15.8619
0.117746		14.826
0.119746		16.7449
0.121746		18.907
0.123746		16.3726
0.125746		11.9711
0.127746		9.10739
0.129746		7.67143
0.131746		7.14141
0.133746		7.28494
0.135746		8.12919
0.137746		9.97091
0.139746		13.4113
0.141746		18.5323
0.143746		21.8137
0.145746		21.5323
0.147746		23.4595
0.149746		28.8543
0.151746		31.1197
0.153746		25.6611
0.155746		18.3712
0.157746		13.8839
0.159746		11.9458
0.161746		11.8251
0.163746		13.4334
0.165746		17.201
0.167746		22.5564
0.169746		25.3071
0.171746		26.3469
0.173746		30.8667
0.175746		35.7311
0.177746		35.0661
0.179746		31.5889
0.181746		29.6802
0.183746		25.872
0.185746		22.2394
0.187746		22.5515
0.189746		26.332
0.191746		28.9421
0.193746		28.8291
0.195746		26.1733
0.197746		21.5192
0.199746		19.5588
0.201746		21.5066
0.203746		25.811
0.205746		27.9074
0.207746		29.8813
0.209746		34.2301
0.211746		31.7482
0.213746		22.5168
0.215746		15.3274
0.217746		11.2072
0.219746		8.92442
0.221746		7.66709
0.223746		7.04019
0.225746		6.87837
0.227746		7.16012
0.229746		8.00259
0.231746		9.72572
0.233746		12.9028
0.235746		17.5072
0.237746		19.7745
0.239746		17.612
0.241746		16.2055
0.243746		17.9541
0.245746		23.196
0.247746		29.6281
0.249746		31.9948
0.251746		29.4777
0.253746		26.4427
0.255746		26.4879
0.257746		25.0399
0.259746		21.341
0.261746		20.1094
0.263746		22.8698
0.265746		30.1783
0.267746		39.1447
0.269746		41.1081
0.271746		40.4582
0.273746		42.3473
0.275746		38.927
0.277746		32.6702
0.279746		28.9522
0.281746		23.3161
0.283746		16.8623
0.285746		12.6296
0.287746		10.2836
0.289746		9.08759
0.291746		8.65371
0.293746		8.86094
0.295746		9.79796
0.297746		11.8154
0.299746		15.6801
0.301746		22.4062
0.303746		30.2566
0.305746		31.4253
0.307746		25.7371
0.309746		21.737
0.311746		22.2766
0.313746		25.3583
0.315746		25.8682
0.317746		25.2179
0.319746		24.166
0.321746		19.4635
0.323746		14.943
0.325746		12.6068
0.327746		12.0151
0.329746		12.8759
0.331746		15.4711
0.333746		20.7207
0.335746		29.1815
0.337746		35.3002
0.339746		31.534
0.341746		26.3653
0.343746		26.0814
0.345746		31.6415
0.347746		42.6539
0.349746		50.4709
0.351746		45.5854
0.353746		38.6458
0.355746		38.6924
0.357746		42.9532
0.359746		43.8373
0.361746		38.8537
0.363746		29.6435
0.365746		21.4055
0.367746		16.5437
0.369746		14.1415
0.371746		13.3376
0.373746		13.846
0.375746		15.8747
0.377746		19.9319
0.379746		25.0298
0.381746		26.6403
0.383746		26.4626
0.385746		30.166
0.387746		39.9225
0.389746		53.1496
0.391746		58.9316
0.393746		57.7132
0.395746		58.6746
0.397746		59.345
0.399746		60.411
0.401746		65.0539
0.403746		65.4073
0.405746		59.3282
0.407746		50.6446
0.409746		40.8165
0.411746		31.1727
0.413746		25.4254
0.415746		23.8828
0.417746		26.3009
0.419746		33.2411
0.421746		42.4295
0.423746		45.0182
0.425746		43.5498
0.427746		42.3481
0.429746		37.5935
0.431746		29.9742
0.433746		24.7547
0.435746		23.7509
0.437746		27.0027
0.439746		34.5379
0.441746		41.5509
0.443746		40.599
0.445746		39.1115
0.447746		44.755
0.449746		53.128
0.451746		50.6805
0.453746		41.349
0.455746		37.5094
0.457746		38.4554
0.459746		37.1623
0.461746		31.2185
0.463746		23.98
0.465746		19.613
0.467746		18.2199
0.469746		19.3939
0.471746		23.4623
0.473746		30.2389
0.475746		35.8465
0.477746		38.3806
0.479746		38.9976
0.481746		42.1649
0.483746		47.0548
0.485746		45.7448
0.487746		39.4602
0.489746		31.5896
0.491746		27.1163
0.493746		27.6218
0.495746		31.4027
0.497746		33.5788
0.499746		34.8278
0.501746		36.2453
0.503746		35.9878
0.505746		34.9152
0.507746		32.2152
0.509746		33.0197
0.511746		39.0242
0.513746		42.9088
0.515746		38.2443
0.517746		34.5998
0.519746		37.6265
0.521746		48.0396
0.523746		59.9796
0.525746		60.4306
0.527746		54.8829
0.529746		50.568
0.531746		50.677
0.533746		53.8718
0.535746		58.1617
0.537746		60.2129
0.539746		57.3026
0.541746		52.0781
0.543746		46.4817
0.545746		42.9123
0.547746		41.0463
0.549746		38.9574
0.551746		41.8364
0.553746		50.2417
0.555746		55.3133
0.557746		52.462
0.559746		48.3464
0.561746		50.505
0.563746		55.9655
0.565746		55.7197
0.567746		50.823
0.569746		45.4748
0.571746		39.6804
0.573746		36.4505
0.575746		38.7699
0.577746		42.3721
0.579746		41.1401
0.581746		36.3229
0.583746		34.501
0.585746		37.9533
0.587746		43.088
0.589746		48.0057
0.591746		56.4888
0.593746		66.5775
0.595746		73.9408
0.597746		73.2407
0.599746		67.6669
0.601746		62.2504
0.603746		52.5348
0.605746		44.0522
0.607746		42.5667
0.609746		45.0322
0.611746		47.4238
0.613746		55.1867
0.615746		70.3376
0.617746		81.1253
0.619746		77.4095
0.621746		66.569
0.623746		56.421
0.625746		50.2106
0.627746		47.3077
0.629746		44.8786
0.631746		43.8003
0.633746		42.0477
0.635746		44.5184
0.637746		54.2428
0.639746		64.2529
0.641746		64.4196
0.643746		56.8775
0.645746		50.1815
0.647746		51.5869
0.649746		59.6411
0.651746		68.2146
0.653746		73.1212
0.655746		68.7777
0.657746		58.7993
0.659746		53.1014
0.661746		50.2576
0.663746		50.5777
0.665746		58.0017
0.667746		68.5151
0.669746		76.534
0.671746		81.5091
0.673746		82.1896
0.675746		72.4938
0.677746		60.6815
0.679746		57.8104
0.681746		61.4912
0.683746		60.5524
0.685746		51.7643
0.687746		45.1425
0.689746		42.9562
0.691746		40.0595
0.693746		39.6212
0.695746		45.9384
0.697746		57.8867
0.699746		65.6055
0.701746		63.4085
0.703746		55.4451
0.705746		52.1387
0.707746		55.6175
0.709746		60.7952
0.711746		66.066
0.713746		68.2146
0.715746		65.2566
0.717746		61.5848
0.719746		59.1891
0.721746		58.1171
0.723746		57.5768
0.725746		54.8786
0.727746		53.8289
0.729746		56.9091
0.731746		57.6919
0.733746		50.5484
0.735746		42.2022
0.737746		39.9134
0.739746		40.7698
0.741746		40.3497
0.743746		43.2305
0.745746		51.0014
0.747746		57.1639
0.749746		57.8907
0.751746		55.8636
0.753746		55.142
0.755746		56.1202
0.757746		60.2032
0.759746		65.8698
0.761746		70.4526
0.763746		70.1324
0.765746		65.8966
0.767746		60.1242
0.769746		55.1533
0.771746		56.0343
0.773746		61.453
0.775746		62.4944
0.777746		63.7843
0.779746		65.4666
0.781746		64.9054
0.783746		61.6676
0.785746		54.178
0.787746		51.2009
0.789746		52.8354
0.791746		54.5013
0.793746		56.2775
0.795746		61.3645
0.797746		74.1319
0.799746		89.9784
0.801746		98.1127
0.803746		93.8297
0.805746		85.4031
0.807746		79.4279
0.809746		75.4577
0.811746		69.6802
0.813746		64.4422
0.815746		64.4289
0.817746		62.0344
0.819746		56.956
0.821746		52.4073
0.823746		49.2296
0.825746		45.8911
0.827746		44.6194
0.829746		50.5483
0.831746		64.7305
0.833746		80.6936
0.835746		86.9292
0.837746		78.9652
0.839746		64.2373
0.841746		57.1284
0.843746		59.8901
0.845746		63.107
0.847746		61.9042
0.849746		61.3107
0.851746		58.1487
0.853746		56.0003
0.855746		60.7178
0.857746		65.8402
0.859746		67.1879
0.861746		69.7271
0.863746		70.4725
0.865746		70.5523
0.867746		74.1936
0.869746		82.7202
0.871746		89.0412
0.873746		84.011
0.875746		75.2394
0.877746		73.9715
0.879746		76.0796
0.881746		77.0052
0.883746		73.8764
0.885746		71.7943
0.887746		78.6967
0.889746		87.6999
0.891746		90.9638
0.893746		90.9462
0.895746		88.1581
0.897746		87.3575
0.899746		84.2298
0.901746		75.2625
0.903746		69.1469
0.905746		66.5353
0.907746		66.5584
0.909746		67.7198
0.911746		64.4866
0.913746		60.2538
0.915746		57.6057
0.917746		59.6021
0.919746		64.7075
0.921746		68.8648
0.923746		76.5882
0.925746		89.4862
0.927746		93.7096
0.929746		86.7451
0.931746		81.5484
0.933746		81.6991
0.935746		78.6044
0.937746		74.3469
0.939746		73.2637
0.941746		78.5151
0.943746		87.9685
0.945746		89.2224
0.947746		85.9632
0.949746		87.695
0.951746		91.682
0.953746		93.3894
0.955746		89.9598
0.957746		84.0452
0.959746		80.3706
0.961746		79.3224
0.963746		79.4259
0.965746		77.4433
0.967746		74.6489
0.969746		76.1018
0.971746		76.1698
0.973746		79.478
0.975746		87.6126
0.977746		90.6544
0.979746		90.3747
0.981746		93.2878
0.983746		97.5265
0.985746		97.5201
0.987746		93.8242
0.989746		88.5113
0.991746		88.7048
0.993746		95.1753
0.995746		100.087
0.997746		97.0584
0.999746		93.3147
1.00175		94.0347
1.00375		97.6791
1.00575		96.35
1.00775		86.3298
1.00975		78.1599
1.01175		80.9729
1.01375		88.7826
1.01575		95.41
1.01775		97.4639
1.01975		88.4955
1.02175		82.9335
1.02375		88.4217
1.02575		94.6657
1.02775		95.4904
1.02975		94.4422
1.03175		90.9748
1.03375		84.1424
1.03575		85.0775
1.03775		97.442
1.03975		113.812
1.04175		123.468
1.04375		124.469
1.04575		124.114
1.04775		122.936
1.04975		110.63
1.05175		95.2831
1.05375		87.9761
1.05575		87.0603
1.05775		81.1948
1.05975		74.4738
1.06175		77.6896
1.06375		88.0631
1.06575		95.6208
1.06775		92.3329
1.06975		83.9972
1.07175		78.7328
1.07375		78.9786
1.07575		83.8846
1.07775		93.9301
1.07975		111.48
1.08175		126.89
1.08375		124.895
1.08575		115.003
1.08775		114.501
1.08975		123.245
1.09175		128.181
1.09375		124.336
1.09575		123.993
1.09775		120.707
1.09975		107.489
1.10175		101.252
1.10375		108.461
1.10575		116.538
1.10775		112.916
1.10975		103.183
1.11175		97.891
1.11375		94.8499
1.11575		95.9541
1.11775		94.4296
1.11975		92.2526
1.12175		100.233
1.12375		108.099
1.12575		104.649
1.12775		94.6796
1.12975		87.5756
1.13175		88.9769
1.13375		99.3758
1.13575		117.766
1.13775		129.995
1.13975		126.606
1.14175		109.943
1.14375		93.123
1.14575		87.1666
1.14775		88.7642
1.14975		93.2286
1.15175		93.5102
1.15375		89.7469
1.15575		89.4824
1.15775		92.8537
1.15975		95.7171
1.16175		100.617
1.16375		101.584
1.16575		95.3331
1.16775		94.4417
1.16975		100.752
1.17175		105.789
1.17375		106.801
1.17575		103.704
1.17775		99.9813
1.17975		91.7186
1.18175		82.8102
1.18375		84.6607
1.18575		93.3327
1.18775		97.9046
1.18975		97.9579
1.19175		103.526
1.19375		113.257
1.19575		119.525
1.19775		120.494
1.19975		121.9
1.20175		125.436
1.20375		124.529
1.20575		126.361
1.20775		127.631
1.20975		121.724
1.21175		124.434
1.21375		136.659
1.21575		137.414
1.21775		127.566
1.21975		126.405
1.22175		134.352
1.22375		134.36
1.22575		120.96
1.22775		104.517
1.22975		94.8603
1.23175		96.5584
1.23375		102.204
1.23575		104.234
1.23775		100.337
1.23975		96.9974
1.24175		98.2864
1.24375		100.936
1.24575		104.765
1.24775		107.009
1.24975		105.187
1.25175		109.484
1.25375		120.587
1.25575		122.517
1.25775		120.858
1.25975		120.254
1.26175		119.013
1.26375		117.226
1.26575		115.13
1.26775		114.739
1.26975		125.615
1.27175		133.568
1.27375		122.769
1.27575		106.059
1.27775		100.015
1.27975		110.126
1.28175		127.498
1.28375		142.701
1.28575		149.944
1.28775		151.4
1.28975		148.488
1.29175		143.124
1.29375		135.575
1.29575		135.731
1.29775		141.857
1.29975		146.675
1.30175		150.536
1.30375		148.645
1.30575		142.085
1.30775		132.049
1.30975		122.869
1.31175		118.337
1.31375		121.622
1.31575		133.489
1.31775		139.849
1.31975		131.697
1.32175		123.431
1.32375		126.846
1.32575		140.002
1.32775		149.217
1.32975		159.174
1.33175		166.215
1.33375		162.031
1.33575		149.167
1.33775		130.191
1.33975		119.427
1.34175		117.057
1.34375		122.642
1.34575		127.591
1.34775		122.624
1.34975		117.741
1.35175		119.55
1.35375		125.835
1.35575		125.708
1.35775		123.176
1.35975		134.049
1.36175		148.961
1.36375		154.497
1.36575		148.897
1.36775		132.631
1.36975		117.062
1.37175		108.936
1.37375		104.892
1.37575		103.28
1.37775		103.738
1.37975		111.333
1.38175		120.187
1.38375		132.852
1.38575		152.18
1.38775		163.243
1.38975		161.643
1.39175		152.896
1.39375		140.429
1.39575		129.314
1.39775		124.226
1.39975		128.511
1.40175		132.627
1.40375		133.091
1.40575		135.257
1.40775		131.862
1.40975		123.729
1.41175		121.954
1.41375		131.212
1.41575		148.432
1.41775		153.65
1.41975		144.699
1.42175		137.73
1.42375		139.644
1.42575		147.934
1.42775		159.216
1.42975		158.893
1.43175		157.342
1.43375		168.137
1.43575		173.879
1.43775		164.743
1.43975		151.077
1.44175		140.142
1.44375		133.202
1.44575		139.396
1.44775		145.733
1.44975		137.875
1.45175		134.886
1.45375		148.936
1.45575		161.315
1.45775		151.32
1.45975		130.656
1.46175		120.817
1.46375		124.432
1.46575		129.624
1.46775		135.093
1.46975		148.23
1.47175		159.345
1.47375		153.875
1.47575		143.951
1.47775		149.906
1.47975		165.337
1.48175		171.486
1.48375		165.017
1.48575		153.856
1.48775		157.395
1.48975		172.38
1.49175		175.142
1.49375		158.013
1.49575		141.911
1.49775		143.905
1.49975		163.7
1.50175		181.001
1.50375		180.688
1.50575		168.061
1.50775		152.927
1.50975		149.886
1.51175		153.072
1.51375		153.909
1.51575		148.425
1.51775		143.133
1.51975		144.914
1.52175		147.279
1.52375		152.813
1.52575		159.275
1.52775		162.666
1.52975		170.99
1.53175		180.073
1.53375		177.788
1.53575		168.936
1.53775		157.84
1.53975		139.867
1.54175		130.196
1.54375		138.397
1.54575		152.412
1.54775		159.746
1.54975		160.307
1.55175		163.074
1.55375		170.06
1.55575		176.27
1.55775		177.96
1.55975		172.082
1.56175		160.96
1.56375		151.134
1.56575		143.586
1.56775		138.389
1.56975		132.695
1.57175		130.747
1.57375		136.941
1.57575		149.155
1.57775		150.128
1.57975		136.894
1.58175		129.866
1.58375		139.181
1.58575		159.76
1.58775		173.109
1.58975		168.227
1.59175		161.11
1.59375		155.867
1.59575		156.24
1.59775		168.651
1.59975		178.17
1.60175		177.464
1.60375		176.944
1.60575		177.685
1.60775		177.008
1.60975		167.38
1.61175		154.866
1.61375		150.029
1.61575		150.639
1.61775		153.978
1.61975		164.94
1.62175		173.897
1.62375		179.005
1.62575		183.345
1.62775		188.114
1.62975		198.984
1.63175		207.539
1.63375		201.85
1.63575		192.834
1.63775		190.878
1.63975		189.508
1.64175		180.414
1.64375		168.344
1.64575		156.557
1.64775		144.321
1.64975		146.788
1.65175		159.137
1.65375		168.812
1.65575		174.385
1.65775		174.598
1.65975		172.933
1.66175		174.689
1.66375		174.054
1.66575		163.008
1.66775		156
1.66975		159.884
1.67175		166.469
1.67375		172.921
1.67575		177.313
1.67775		176.218
1.67975		172.78
1.68175		166.411
1.68375		161.974
1.68575		159.818
1.68775		159.287
1.68975		167.108
1.69175		184.199
1.69375		203.68
1.69575		209.103
1.69775		209.26
1.69975		208.212
1.70175		195.385
1.70375		184.688
1.70575		184.776
1.70775		186.742
1.70975		186.089
1.71175		184.028
1.71375		174.571
1.71575		163.565
1.71775		161.232
1.71975		172.72
1.72175		191.947
1.72375		196.074
1.72575		179.421
1.72775		165.665
1.72975		169.613
1.73175		191.276
1.73375		208.714
1.73575		209.829
1.73775		207.053
1.73975		198.071
1.74175		181.711
1.74375		170.291
1.74575		167.758
1.74775		168.301
1.74975		171.089
1.75175		178.445
1.75375		189.075
1.75575		193.567
1.75775		184.201
1.75975		173.249
1.76175		173.04
1.76375		176.598
1.76575		181.506
1.76775		187.352
1.76975		192.939
1.77175		194.546
1.77375		196.252
1.77575		198.605
1.77775		196.698
1.77975		187.331
1.78175		175.203
1.78375		171.367
1.78575		166.377
1.78775		165.164
1.78975		173.803
1.79175		182.766
1.79375		185.715
1.79575		191.563
1.79775		190.823
1.79975		184.089
1.80175		174.009
1.80375		172.058
1.80575		180.053
1.80775		178.977
1.80975		169.741
1.81175		167.233
1.81375		176.87
1.81575		188.504
1.81775		191.208
1.81975		191.198
1.82175		197.102
1.82375		202.905
1.82575		201.489
1.82775		197.011
1.82975		192.368
1.83175		182.229
1.83375		176.461
1.83575		182.879
1.83775		187.715
1.83975		186.526
1.84175		181.501
1.84375		169.95
1.84575		167.186
1.84775		186.479
1.84975		212.673
1.85175		228.685
1.85375		234.88
1.85575		231.549
1.85775		230.039
1.85975		237.746
1.86175		253.301
1.86375		257.728
1.86575		233.576
1.86775		207.053
1.86975		195.655
1.87175		190.766
1.87375		196.77
1.87575		203.909
1.87775		192.656
1.87975		172.433
1.88175		165.743
1.88375		180.861
1.88575		195.229
1.88775		193.999
1.88975		190.599
1.89175		188.334
1.89375		188.193
1.89575		190.164
1.89775		192.338
1.89975		197.853
1.90175		218.174
1.90375		241.584
1.90575		246.353
1.90775		231.385
1.90975		213.231
1.91175		202.063
1.91375		196.242
1.91575		200.042
1.91775		208.442
1.91975		215.407
1.92175		216.463
1.92375		203.036
1.92575		181.486
1.92775		169.873
1.92975		169.994
1.93175		172.164
1.93375		167.654
1.93575		163.258
1.93775		169.957
1.93975		183.885
1.94175		198.958
1.94375		211.369
1.94575		211.955
1.94775		212.169
1.94975		213.972
1.95175		203.865
1.95375		195.237
1.95575		196.753
1.95775		203.791
1.95975		215.439
1.96175		218.957
1.96375		205.02
1.96575		192.571
1.96775		194.411
1.96975		205.724
1.97175		216.13
1.97375		214.379
1.97575		207.112
1.97775		210.724
1.97975		216.641
1.98175		223.076
1.98375		236.247
1.98575		241.259
1.98775		231.406
1.98975		219.161
1.99175		207.211
1.99375		196.703
1.99575		195.798
1.99775		201.524
1.99975		204.119
2.00175		201.948
2.00375		204.605
2.00575		211.032
2.00775		215.224
2.00975		225.022
2.01175		235.084
2.01375		231.323
2.01575		226.787
2.01775		221.264
2.01975		217.941
2.02175		220.724
2.02375		227.644
2.02575		225.36
2.02775		215.582
2.02975		210.52
2.03175		205.012
2.03375		198.595
2.03575		196.811
2.03775		203.637
2.03975		209.368
2.04175		206.321
2.04375		200.026
2.04575		198.573
2.04775		196.153
2.04975		191.812
2.05175		192.246
2.05375		194.378
2.05575		191.035
2.05775		187.423
2.05975		188.509
2.06175		203.265
2.06375		222.647
2.06575		230.928
2.06775		232.695
2.06975		232.729
2.07175		225.693
2.07375		205.027
2.07575		188.01
2.07775		181.164
2.07975		180.191
2.08175		182.064
2.08375		184.007
2.08575		190.503
2.08775		194.944
2.08975		191.766
2.09175		197.636
2.09375		214.607
2.09575		229.165
2.09775		231.141
2.09975		226.648
2.10175		230.325
2.10375		243.324
2.10575		255.039
2.10775		260.968
2.10975		260.381
2.11175		255.449
2.11375		256.397
2.11575		262.71
2.11775		259.96
2.11975		253.445
2.12175		243.831
2.12375		237.345
2.12575		231.371
2.12775		224.462
2.12975		220.851
2.13175		212.635
2.13375		208.641
2.13575		215.82
2.13775		218.389
2.13975		210.343
2.14175		200.857
2.14375		197.762
2.14575		200.754
2.14775		211.06
2.14975		223.459
2.15175		235.194
2.15375		241.011
2.15575		236.169
2.15775		214.477
2.15975		194.681
2.16175		196.81
2.16375		212.647
2.16575		215.134
2.16775		199.235
2.16975		186.699
2.17175		189.675
2.17375		196.498
2.17575		206.259
2.17775		222.963
2.17975		245.799
2.18175		263.509
2.18375		269.594
2.18575		260.489
2.18775		248.911
2.18975		243.029
2.19175		235.817
2.19375		233.158
2.19575		240.088
2.19775		249.709
2.19975		251.562
2.20175		245.47
2.20375		235.555
2.20575		235.245
2.20775		237.961
2.20975		235.669
2.21175		227.232
2.21375		228.111
2.21575		234.148
2.21775		230.281
2.21975		223.472
2.22175		225.196
2.22375		224.387
2.22575		212.47
2.22775		204.22
2.22975		199.224
2.23175		192.703
2.23375		191.129
2.23575		196.582
2.23775		208.851
2.23975		218.863
2.24175		226.789
2.24375		237.566
2.24575		245.747
2.24775		251.336
2.24975		250.852
2.25175		234.645
2.25375		216.272
2.25575		199.726
2.25775		191.152
2.25975		200.523
2.26175		217.88
2.26375		223.38
2.26575		218.393
2.26775		217.875
2.26975		216.567
2.27175		209.241
2.27375		210.195
2.27575		220.276
2.27775		231.689
2.27975		238.864
2.28175		240.569
2.28375		236.069
2.28575		230.539
2.28775		230.753
2.28975		238.42
2.29175		251.052
2.29375		260.59
2.29575		245.228
2.29775		225.494
2.29975		222.123
2.30175		229.635
2.30375		241.88
2.30575		242.169
2.30775		235.451
2.30975		242.595
2.31175		257.959
2.31375		264.606
2.31575		267.628
2.31775		270.128
2.31975		266.763
2.32175		260.886
2.32375		253.303
2.32575		250.7
2.32775		259.3
2.32975		277.209
2.33175		294.007
2.33375		300.823
2.33575		301.928
2.33775		299.091
2.33975		294.292
2.34175		285.352
2.34375		273.584
2.34575		272.974
2.34775		280.642
2.34975		273.896
2.35175		259.643
2.35375		248.31
2.35575		239.072
2.35775		225.338
2.35975		216.832
2.36175		230.817
2.36375		255.336
2.36575		273.064
2.36775		286.97
2.36975		285.691
2.37175		272.509
2.37375		260.555
2.37575		264.817
2.37775		287.967
2.37975		313.859
2.38175		324.883
2.38375		312.578
2.38575		290.948
2.38775		283.882
2.38975		288.378
2.39175		288.948
2.39375		290.295
2.39575		289.534
2.39775		282.754
2.39975		275.931
2.40175		274.268
2.40375		282.872
2.40575		298.504
2.40775		300.388
2.40975		281.863
2.41175		257.967
2.41375		237.043
2.41575		220.71
2.41775		219.161
2.41975		231.176
2.42175		249.165
2.42375		269.218
2.42575		284.191
2.42775		293.001
2.42975		289.243
2.43175		276.679
2.43375		265.969
2.43575		268.922
2.43775		282.319
2.43975		284.885
2.44175		278.297
2.44375		276.068
2.44575		270.295
2.44775		267.2
2.44975		271.398
2.45175		271.702
2.45375		265.276
2.45575		263.667
2.45775		267.578
2.45975		268.414
2.46175		269.958
2.46375		272.98
2.46575		265.24
2.46775		245.79
2.46975		232.356
2.47175		224.91
2.47375		225.525
2.47575		230.998
2.47775		236.18
2.47975		240.421
2.48175		247.59
2.48375		263.758
2.48575		274.23
2.48775		268.525
2.48975		261.867
2.49175		255.138
2.49375		252.981
2.49575		266.803
2.49775		278.678
2.49975		287.659
2.50175		297.015
2.50375		294.021
2.50575		277.408
2.50775		253.592
2.50975		235.349
2.51175		226.99
2.51375		226.4
2.51575		235.559
2.51775		254.831
2.51975		276.631
2.52175		291.389
2.52375		286.963
2.52575		274.227
2.52775		256.114
2.52975		243.418
2.53175		246.316
2.53375		258.038
2.53575		264.092
2.53775		276.465
2.53975		297.845
2.54175		310.817
2.54375		302.48
2.54575		284.325
2.54775		283.592
2.54975		297.792
2.55175		303.945
2.55375		296.453
2.55575		284.834
2.55775		284.845
2.55975		284.977
2.56175		284.255
2.56375		290.225
2.56575		288.983
2.56775		276.045
2.56975		261.437
2.57175		253.02
2.57375		258.917
2.57575		274.063
2.57775		287.879
2.57975		288.863
2.58175		274.063
2.58375		264.517
2.58575		265.191
2.58775		265.598
2.58975		265.751
2.59175		271.991
2.59375		290.893
2.59575		310.381
2.59775		305.052
2.59975		283.063
2.60175		270.147
2.60375		268.732
2.60575		261.723
2.60775		260.436
2.60975		269.107
2.61175		280.561
2.61375		290.883
2.61575		291.508
2.61775		291.085
2.61975		293.718
2.62175		301.138
2.62375		304.252
2.62575		299.72
2.62775		295.148
2.62975		286.588
2.63175		282.029
2.63375		279.493
2.63575		281.361
2.63775		289.136
2.63975		296.828
2.64175		299.201
2.64375		287.832
2.64575		285.926
2.64775		290.832
2.64975		282.263
2.65175		266.122
2.65375		258.274
2.65575		251.486
2.65775		250.254
2.65975		267.694
2.66175		291.45
2.66375		299.192
2.66575		283.308
2.66775		264.029
2.66975		261.52
2.67175		267.64
2.67375		272.416
2.67575		275.542
2.67775		277.784
2.67975		269.45
2.68175		248.059
2.68375		233.389
2.68575		229.845
2.68775		229.083
2.68975		235.751
2.69175		256.405
2.69375		279.654
2.69575		292.033
2.69775		287.435
2.69975		284.238
2.70175		296.005
2.70375		306.028
2.70575		307.395
2.70775		302.437
2.70975		291.82
2.71175		293.224
2.71375		304.963
2.71575		311.351
2.71775		305.717
2.71975		294.329
2.72175		284.548
2.72375		279.272
2.72575		280.43
2.72775		267.519
2.72975		251.488
2.73175		250.867
2.73375		262.313
2.73575		278.355
2.73775		279.832
2.73975		275.994
2.74175		271.101
2.74375		267.046
2.74575		267.201
2.74775		267.594
2.74975		280.734
2.75175		302.782
2.75375		316.781
2.75575		323.373
2.75775		317.433
2.75975		308.754
2.76175		311.521
2.76375		314.944
2.76575		306.17
2.76775		297.206
2.76975		295.646
2.77175		297.367
2.77375		305.503
2.77575		319.643
2.77775		332.09
2.77975		334
2.78175		316.087
2.78375		299.84
2.78575		302.085
2.78775		305.593
2.78975		301.897
2.79175		301.359
2.79375		298.72
2.79575		297.693
2.79775		312.83
2.79975		322.369
2.80175		329.338
2.80375		342.918
2.80575		354.329
2.80775		357.227
2.80975		353.453
2.81175		342.7
2.81375		331.049
2.81575		325.968
2.81775		322.724
2.81975		318.256
2.82175		318.507
2.82375		331.175
2.82575		344.38
2.82775		341.681
2.82975		327.48
2.83175		306.447
2.83375		291.027
2.83575		297.84
2.83775		301.885
2.83975		294.232
2.84175		300.672
2.84375		320.414
2.84575		339.008
2.84775		340.56
2.84975		315.406
2.85175		295.296
2.85375		279.887
2.85575		270.507
2.85775		275.969
2.85975		276.255
2.86175		271.346
2.86375		273.602
2.86575		277.826
2.86775		283.314
2.86975		303.567
2.87175		332.154
2.87375		344.631
2.87575		334.919
2.87775		322.491
2.87975		316.293
2.88175		309.918
2.88375		301.33
2.88575		293.996
2.88775		294.122
2.88975		296.51
2.89175		299.881
2.89375		306.162
2.89575		312.469
2.89775		325.912
2.89975		341.873
2.90175		350.625
2.90375		352.012
2.90575		352.189
2.90775		344.269
2.90975		338.13
2.91175		334.261
2.91375		327.411
2.91575		313.369
2.91775		305.31
2.91975		316.958
2.92175		334.18
2.92375		339.272
2.92575		330.429
2.92775		323.222
2.92975		320.466
2.93175		324.284
2.93375		323.826
2.93575		323.636
2.93775		331.375
2.93975		337.653
2.94175		323.747
2.94375		296.255
2.94575		282.982
2.94775		296.374
2.94975		316.842
2.95175		325.587
2.95375		327.289
2.95575		324.792
2.95775		329.425
2.95975		326.448
2.96175		322.04
2.96375		319.172
2.96575		311.79
2.96775		306.486
2.96975		313.235
2.97175		322.403
2.97375		326.684
2.97575		329.652
2.97775		324.514
2.97975		320.207
2.98175		316.212
2.98375		309.229
2.98575		290.131
2.98775		271.378
2.98975		268.914
2.99175		279.051
2.99375		291.734
2.99575		302.525
2.99775		316.645
2.99975		322.046
3.00175		321.618
3.00375		312.781
3.00575		297.059
3.00775		291.196
3.00975		300.098
3.01175		298.015
3.01375		282.97
3.01575		276.34
3.01775		282.112
3.01975		291.26
3.02175		304.132
3.02375		323.618
3.02575		337.849
3.02775		348.599
3.02975		354.983
3.03175		348.025
3.03375		337.204
3.03575		335.401
3.03775		331.739
3.03975		311.654
3.04175		290.333
3.04375		286.725
3.04575		296.821
3.04775		302.178
3.04975		305.863
3.05175		310.027
3.05375		314.321
3.05575		315.245
3.05775		308.224
3.05975		290.163
3.06175		287.92
3.06375		306.187
3.06575		317.023
3.06775		319.497
3.06975		322.773
3.07175		331.868
3.07375		350.185
3.07575		372.369
3.07775		376.878
3.07975		365.17
3.08175		357.15
3.08375		360.694
3.08575		364.866
3.08775		357.708
3.08975		343.322
3.09175		337.655
3.09375		345.589
3.09575		347.89
3.09775		332.058
3.09975		314.692
3.10175		314.674
3.10375		335.189
3.10575		354.349
3.10775		349.818
3.10975		337.243
3.11175		339.29
3.11375		356.739
3.11575		369.415
3.11775		368.023
3.11975		367.603
3.12175		373.426
3.12375		360.775
3.12575		329.805
3.12775		312.367
3.12975		307.608
3.13175		295.907
3.13375		293.081
3.13575		305.658
3.13775		322.504
3.13975		334.303
3.14175		335.968
3.14375		332.946
3.14575		340.9
3.14775		347.496
3.14975		348.108
3.15175		348.624
3.15375		351.878
3.15575		349.237
3.15775		349.133
3.15975		357.836
3.16175		353.702
3.16375		338.121
3.16575		325.511
3.16775		311.09
3.16975		302.334
3.17175		302.11
3.17375		317.29
3.17575		329.459
3.17775		324.964
3.17975		310.779
3.18175		302.671
3.18375		309.559
3.18575		318.661
3.18775		323.599
3.18975		335.765
3.19175		347.053
3.19375		354.064
3.19575		360.81
3.19775		366.497
3.19975		370.554
3.20175		370.204
3.20375		372.091
3.20575		361.85
3.20775		338.536
3.20975		321.641
3.21175		320.709
3.21375		333.493
3.21575		350.579
3.21775		368.681
3.21975		373.713
3.22175		369.401
3.22375		357.453
3.22575		333.5
3.22775		303.657
3.22975		280.381
3.23175		272.397
3.23375		281.713
3.23575		300.594
3.23775		315.792
3.23975		324.962
3.24175		329.829
3.24375		328.017
3.24575		323.828
3.24775		324.223
3.24975		324.707
3.25175		328.088
3.25375		332.561
3.25575		322.989
3.25775		302.737
3.25975		289.888
3.26175		293.293
3.26375		313.084
3.26575		340.114
3.26775		349.104
3.26975		342.533
3.27175		328.919
3.27375		309.557
3.27575		299.725
3.27775		303.748
3.27975		314.762
3.28175		321.429
3.28375		318.501
3.28575		307.427
3.28775		296.405
3.28975		303.068
3.29175		318.88
3.29375		326.572
3.29575		326.721
3.29775		316.765
3.29975		316.623
3.30175		327.005
3.30375		336.371
3.30575		342.172
3.30775		345.633
3.30975		350.213
3.31175		345.676
3.31375		326.512
3.31575		316.96
3.31775		327.817
3.31975		343.182
3.32175		349.83
3.32375		354.987
3.32575		358.606
3.32775		362.283
3.32975		371.254
3.33175		377.565
3.33375		381.148
3.33575		379.824
3.33775		370.121
3.33975		350.45
3.34175		338.065
3.34375		342.983
3.34575		360.29
3.34775		379.381
3.34975		385.625
3.35175		369.03
3.35375		345.458
3.35575		320.519
3.35775		297.697
3.35975		279.634
3.36175		271.569
3.36375		271.736
3.36575		283.223
3.36775		303.17
3.36975		313.521
3.37175		302.947
3.37375		302.308
3.37575		330.713
3.37775		365.65
3.37975		374.551
3.38175		360.344
3.38375		340.316
3.38575		329.942
3.38775		332.651
3.38975		333.373
3.39175		334.797
3.39375		346.715
3.39575		351.238
3.39775		347.358
3.39975		338.112
3.40175		331.246
3.40375		343.793
3.40575		359.717
3.40775		362.571
3.40975		357.964
3.41175		353.997
3.41375		344.951
3.41575		337.109
3.41775		326.948
3.41975		309.272
3.42175		294.804
3.42375		295.941
3.42575		318.767
3.42775		342.582
3.42975		338.396
3.43175		329.226
3.43375		331.647
3.43575		334.682
3.43775		330.46
3.43975		321.796
3.44175		312.628
3.44375		317.5
3.44575		336.232
3.44775		357.005
3.44975		370.65
3.45175		366.965
3.45375		351.041
3.45575		340.402
3.45775		338.703
3.45975		338.405
3.46175		335.587
3.46375		338.123
3.46575		348.457
3.46775		355.35
3.46975		359.398
3.47175		356.934
3.47375		349.659
3.47575		340.664
3.47775		327.062
3.47975		315.796
3.48175		314.283
3.48375		313.829
3.48575		314.49
3.48775		330.263
3.48975		360.379
3.49175		379.702
3.49375		374.494
3.49575		358.184
3.49775		350.12
3.49975		347.025
3.50175		340.774
3.50375		344.589
3.50575		354.118
3.50775		364.002
3.50975		363.407
3.51175		355.719
3.51375		353.726
3.51575		352.437
3.51775		343.714
3.51975		340.421
3.52175		346.314
3.52375		356.557
3.52575		360.728
3.52775		363.004
3.52975		379.61
3.53175		389.876
3.53375		381.952
3.53575		368.912
3.53775		353.338
3.53975		339.582
3.54175		329.217
3.54375		327.358
3.54575		335.709
3.54775		348.702
3.54975		362.57
3.55175		365.686
3.55375		350.992
3.55575		336.839
3.55775		324.035
3.55975		308.929
3.56175		300.976
3.56375		294.702
3.56575		293.509
3.56775		303.536
3.56975		325.822
3.57175		336.117
3.57375		318.576
3.57575		298.879
3.57775		295.85
3.57975		315.118
3.58175		349.557
3.58375		370.35
3.58575		376.104
3.58775		371.234
3.58975		363.328
3.59175		353.605
3.59375		345.937
3.59575		335.709
3.59775		329.265
3.59975		330.751
3.60175		330.148
3.60375		325.915
3.60575		323.717
3.60775		316.994
3.60975		313.775
3.61175		314.606
3.61375		320.044
3.61575		326.413
3.61775		334.153
3.61975		357.426
3.62175		382.728
3.62375		392.853
3.62575		390.277
3.62775		375.764
3.62975		351.226
3.63175		338.323
3.63375		349.418
3.63575		364.169
3.63775		367.808
3.63975		374.88
3.64175		369.741
3.64375		349.142
3.64575		337.244
3.64775		334.062
3.64975		343.845
3.65175		364.035
3.65375		367.944
3.65575		354.68
3.65775		347.521
3.65975		346.648
3.66175		333.786
3.66375		322.091
3.66575		328.89
3.66775		339.422
3.66975		347.011
3.67175		356.702
3.67375		367.214
3.67575		366.312
3.67775		353.769
3.67975		336.813
3.68175		326.176
3.68375		325.318
3.68575		336.207
3.68775		344.474
3.68975		341.381
3.69175		344.168
3.69375		347.608
3.69575		342.945
3.69775		342.197
3.69975		340.21
3.70175		335.198
3.70375		336.95
3.70575		356.549
3.70775		381.823
3.70975		373.074
3.71175		333.955
3.71375		307.271
3.71575		299.765
3.71775		298.623
3.71975		304.21
3.72175		310.554
3.72375		312.679
3.72575		311.371
3.72775		315.757
3.72975		328.903
3.73175		342.452
3.73375		352.04
3.73575		355.716
3.73775		369.7
3.73975		386.205
3.74175		372.441
3.74375		342.726
3.74575		325.604
3.74775		326.215
3.74975		331.762
3.75175		332.781
3.75375		328.857
3.75575		323.306
3.75775		314.323
3.75975		313.196
3.76175		325.681
3.76375		343.002
3.76575		352.569
3.76775		347.962
3.76975		345.592
3.77175		343.51
3.77375		337.327
3.77575		336.843
3.77775		333.307
3.77975		319.297
3.78175		306.516
3.78375		302.894
3.78575		321.2
3.78775		344.631
3.78975		345.382
3.79175		340.86
3.79375		342.164
3.79575		332.756
3.79775		320.067
3.79975		315.839
3.80175		323.19
3.80375		335.649
3.80575		335.914
3.80775		327.621
3.80975		320.803
3.81175		322.879
3.81375		332.808
3.81575		337.494
3.81775		346.572
3.81975		362.381
3.82175		371.788
3.82375		372.42
3.82575		364.257
3.82775		351.484
3.82975		339.346
3.83175		334.8
3.83375		337.455
3.83575		342.447
3.83775		357.244
3.83975		378.016
3.84175		384.699
3.84375		378.368
3.84575		373.342
3.84775		368.804
3.84975		352.311
3.85175		329.026
3.85375		318.423
3.85575		326.916
3.85775		335.429
3.85975		336.98
3.86175		338.75
3.86375		333.53
3.86575		330.084
3.86775		338.511
3.86975		349.168
3.87175		359.066
3.87375		359.074
3.87575		348.097
3.87775		334.98
3.87975		329.839
3.88175		325.786
3.88375		316.353
3.88575		311.319
3.88775		322.865
3.88975		340.229
3.89175		356.842
3.89375		373.48
3.89575		387.676
3.89775		391.556
3.89975		383.222
3.90175		376.53
3.90375		364.696
3.90575		342.097
3.90775		321.338
3.90975		314.752
3.91175		323.99
3.91375		327.299
3.91575		315.035
3.91775		306.047
3.91975		316.213
3.92175		335.209
3.92375		344.935
3.92575		341.541
3.92775		348.333
3.92975		355.756
3.93175		348.241
3.93375		340.948
3.93575		340.204
3.93775		344.651
3.93975		340.864
3.94175		327.739
3.94375		318.177
3.94575		325.902
3.94775		348.568
3.94975		367.842
3.95175		386.667
3.95375		408.568
3.95575		414.617
3.95775		407.384
3.95975		391.103
3.96175		373.708
3.96375		358.696
3.96575		355.381
3.96775		368.262
3.96975		382.932
3.97175		389.21
3.97375		391.222
3.97575		383.044
3.97775		362.433
3.97975		345.403
3.98175		335.225
3.98375		320.479
3.98575		318.254
3.98775		338.483
3.98975		355.544
3.99175		351.635
3.99375		329.902
3.99575		311.91
3.99775		307.215
3.99975		302.641
4.00175		299.533
4.00375		308.165
4.00575		313.296
4.00775		315.559
4.00975		322.933
4.01175		330.928
4.01375		337.136
4.01575		337.509
4.01775		333.14
4.01975		331.586
4.02175		343.494
4.02375		342.516
4.02575		334.821
4.02775		337.857
4.02975		355.88
4.03175		374.538
4.03375		373.589
4.03575		359.394
4.03775		336.965
4.03975		316.312
4.04175		307.203
4.04375		314.991
4.04575		330.857
4.04775		347.706
4.04975		370.753
4.05175		395.514
4.05375		392.104
4.05575		370.203
4.05775		351.406
4.05975		343.053
4.06175		361.29
4.06375		394.502
4.06575		411.79
4.06775		402.165
4.06975		373.568
4.07175		344.864
4.07375		327.52
4.07575		328.353
4.07775		340.713
4.07975		347.269
4.08175		334.592
4.08375		313.846
4.08575		317.277
4.08775		338.238
4.08975		342.084
4.09175		332.681
4.09375		337.34
4.09575		355.536
4.09775		368.014
4.09975		362.987
4.10175		349.024
4.10375		345.848
4.10575		348.703
4.10775		342.601
4.10975		333.571
4.11175		333.372
4.11375		333.854
4.11575		332.888
4.11775		335.727
4.11975		335.606
4.12175		318.189
4.12375		298.381
4.12575		290.306
4.12775		286.178
4.12975		294.797
4.13175		313.651
4.13375		323.574
4.13575		319.929
4.13775		318.459
4.13975		331.05
4.14175		342.337
4.14375		341.716
4.14575		339.681
4.14775		340.888
4.14975		349.189
4.15175		361.822
4.15375		372.074
4.15575		368.376
4.15775		354.707
4.15975		345.665
4.16175		342.817
4.16375		342.081
4.16575		332.873
4.16775		309.552
4.16975		296.325
4.17175		297.524
4.17375		309.095
4.17575		314.923
4.17775		309.435
4.17975		310.958
4.18175		328.419
4.18375		352.249
4.18575		350.926
4.18775		332.823
4.18975		322.355
4.19175		330.715
4.19375		339.101
4.19575		333.346
4.19775		329.375
4.19975		335.319
4.20175		343.958
4.20375		352.311
4.20575		358.717
4.20775		342.435
4.20975		316.618
4.21175		303.755
4.21375		306.868
4.21575		317.615
4.21775		330.253
4.21975		338.272
4.22175		346.414
4.22375		350.589
4.22575		350.159
4.22775		337.79
4.22975		326.214
4.23175		326.231
4.23375		335.803
4.23575		338.082
4.23775		334.255
4.23975		343.541
4.24175		354.804
4.24375		355.461
4.24575		345.515
4.24775		339.233
4.24975		339.505
4.25175		338.994
4.25375		336.317
4.25575		330.256
4.25775		321.371
4.25975		323.817
4.26175		333.992
4.26375		343.273
4.26575		347.92
4.26775		346.542
4.26975		352.865
4.27175		367.522
4.27375		384.728
4.27575		387.431
4.27775		377.721
4.27975		362.438
4.28175		351.04
4.28375		341.725
4.28575		333.531
4.28775		327.951
4.28975		330.522
4.29175		335.369
4.29375		328.509
4.29575		317.313
4.29775		311.729
4.29975		309.149
4.30175		308.133
4.30375		315.942
4.30575		322.569
4.30775		325.412
4.30975		328.364
4.31175		328.348
4.31375		332.331
4.31575		342.071
4.31775		346.448
4.31975		352.169
4.32175		352.229
4.32375		345.257
4.32575		356.614
4.32775		390.806
4.32975		411.98
4.33175		404.135
4.33375		381.631
4.33575		363.237
4.33775		354.105
4.33975		354.126
4.34175		355.081
4.34375		346.747
4.34575		332.612
4.34775		331.555
4.34975		356.013
4.35175		379.269
4.35375		374.636
4.35575		357.301
4.35775		330.931
4.35975		304.755
4.36175		287.02
4.36375		277.609
4.36575		287.121
4.36775		315.167
4.36975		343.022
4.37175		363.522
4.37375		363.756
4.37575		351.188
4.37775		343.069
4.37975		335.84
4.38175		315.517
4.38375		303.413
4.38575		304.9
4.38775		305.22
4.38975		304.385
4.39175		302.822
4.39375		298.08
4.39575		302.21
4.39775		313.793
4.39975		321.228
4.40175		327.073
4.40375		325.755
4.40575		327.109
4.40775		342.613
4.40975		351.894
4.41175		342.14
4.41375		331.048
4.41575		330.839
4.41775		337.043
4.41975		334.678
4.42175		330.888
4.42375		331.164
4.42575		330.24
4.42775		330.155
4.42975		332.912
4.43175		342.601
4.43375		353.213
4.43575		354.122
4.43775		356.402
4.43975		362.68
4.44175		369.541
4.44375		370.18
4.44575		364.155
4.44775		358.077
4.44975		343.73
4.45175		333.212
4.45375		331.827
4.45575		337.327
4.45775		345.843
4.45975		349.86
4.46175		349.726
4.46375		349.984
4.46575		347.913
4.46775		331.693
4.46975		309.851
4.47175		302.741
4.47375		312.84
4.47575		317.962
4.47775		315.484
4.47975		320.314
4.48175		317.665
4.48375		310.433
4.48575		314.766
4.48775		335.127
4.48975		347.932
4.49175		342.865
4.49375		327.766
4.49575		314.002
4.49775		315.521
4.49975		324.466
4.50175		318.498
4.50375		309.192
4.50575		314.111
4.50775		333.31
4.50975		349.159
4.51175		347.292
4.51375		337.433
4.51575		328.91
4.51775		331.926
4.51975		349.318
4.52175		354.331
4.52375		341.739
4.52575		325.202
4.52775		320.352
4.52975		319.138
4.53175		317.016
4.53375		312.658
4.53575		302.138
4.53775		301.759
4.53975		320.19
4.54175		340.18
4.54375		350.479
4.54575		346.12
4.54775		333.399
4.54975		313.603
4.55175		304.717
4.55375		315.979
4.55575		327.981
4.55775		330.244
4.55975		330.081
4.56175		331.75
4.56375		332.519
4.56575		338.955
4.56775		339.234
4.56975		320.383
4.57175		292.725
4.57375		268.15
4.57575		255.001
4.57775		253.262
4.57975		260.729
4.58175		262.187
4.58375		251.059
4.58575		252.41
4.58775		266.801
4.58975		276.434
4.59175		269.792
4.59375		259.844
4.59575		265.343
4.59775		281.894
4.59975		292.532
4.60175		298.404
4.60375		303.027
4.60575		311.809
4.60775		320.738
4.60975		312.305
4.61175		292.826
4.61375		281.493
4.61575		284.493
4.61775		300.823
4.61975		316.31
4.62175		323.86
4.62375		323.806
4.62575		316.295
4.62775		307.957
4.62975		306.652
4.63175		308.946
4.63375		318.725
4.63575		333.905
4.63775		351.663
4.63975		365.866
4.64175		373.752
4.64375		358.757
4.64575		335.729
4.64775		319.646
4.64975		319.799
4.65175		327.778
4.65375		320.578
4.65575		300.51
4.65775		286.185
4.65975		287.005
4.66175		299.412
4.66375		315.186
4.66575		316.618
4.66775		321.485
4.66975		332.127
4.67175		324.473
4.67375		317.144
4.67575		333.227
4.67775		347.59
4.67975		347.743
4.68175		336.087
4.68375		314.247
4.68575		293.989
4.68775		279.275
4.68975		273.213
4.69175		283.939
4.69375		300.666
4.69575		308.702
4.69775		301.209
4.69975		283.002
4.70175		268.355
4.70375		267.145
4.70575		269.531
4.70775		266.1
4.70975		268.071
4.71175		279.994
4.71375		293.049
4.71575		294.928
4.71775		283.278
4.71975		273.532
4.72175		267.609
4.72375		275.755
4.72575		294.625
4.72775		307.891
4.72975		313.241
4.73175		317.211
4.73375		319.95
4.73575		310.991
4.73775		298.858
4.73975		292.827
4.74175		293.605
4.74375		299.548
4.74575		310.414
4.74775		316.756
4.74975		303.114
4.75175		282.293
4.75375		270.758
4.75575		259.63
4.75775		245.888
4.75975		234.948
4.76175		230.909
4.76375		246.054
4.76575		283.314
4.76775		315.058
4.76975		320.56
4.77175		310.487
4.77375		307.561
4.77575		320.223
4.77775		323.859
4.77975		308.192
4.78175		296.541
4.78375		301.031
4.78575		310.281
4.78775		311.479
4.78975		306.756
4.79175		302.671
4.79375		291.497
4.79575		278.267
4.79775		278.001
4.79975		283.118
4.80175		282.885
4.80375		280.431
4.80575		278.175
4.80775		273.753
4.80975		274.832
4.81175		282.602
4.81375		283.603
4.81575		270.111
4.81775		258.869
4.81975		259.434
4.82175		268.938
4.82375		294.277
4.82575		321.098
4.82775		341.435
4.82975		346.679
4.83175		329.507
4.83375		309.554
4.83575		300.99
4.83775		299.978
4.83975		303.324
4.84175		303.695
4.84375		298.562
4.84575		286.251
4.84775		272.088
4.84975		264.426
4.85175		261.62
4.85375		263.668
4.85575		265.984
4.85775		264.577
4.85975		257.682
4.86175		255.106
4.86375		255.386
4.86575		250.171
4.86775		248.393
4.86975		254.984
4.87175		271.573
4.87375		297.017
4.87575		311.123
4.87775		317.329
4.87975		326.641
4.88175		319.087
4.88375		304.55
4.88575		301.112
4.88775		305.983
4.88975		311.898
4.89175		307.699
4.89375		291.121
4.89575		270.834
4.89775		257.839
4.89975		254.91
4.90175		258.475
4.90375		260.787
4.90575		250.605
4.90775		242.125
4.90975		245.199
4.91175		242.869
4.91375		232.939
4.91575		233.17
4.91775		234.353
4.91975		233.878
4.92175		234.565
4.92375		237.26
4.92575		241.616
4.92775		251.056
4.92975		258.483
4.93175		259.048
4.93375		258.931
4.93575		250.935
4.93775		241.193
4.93975		245.242
4.94175		253.848
4.94375		264.138
4.94575		275.621
4.94775		288.64
4.94975		297.092
4.95175		286.692
4.95375		271.838
4.95575		269.206
4.95775		269.431
4.95975		271.378
4.96175		274.028
4.96375		270.783
4.96575		256.902
4.96775		235.879
4.96975		227.979
4.97175		231.911
4.97375		234.808
4.97575		243.896
4.97775		252.617
4.97975		250.863
4.98175		238.627
4.98375		231.108
4.98575		236.672
4.98775		257.6
4.98975		282.278
4.99175		285.586
4.99375		260.691
4.99575		236.736
4.99775		232.614
4.99975		241.525
5.00175		254.048
5.00375		268.289
5.00575		286.253
5.00775		299.562
5.00975		294.35
5.01175		267.407
5.01375		241.966
5.01575		226.968
5.01775		215.203
5.01975		209.674
5.02175		207.789
5.02375		200.562
5.02575		203.046
5.02775		215.626
5.02975		233.194
5.03175		250.081
5.03375		257.499
5.03575		254.836
5.03775		249.657
5.03975		246.435
5.04175		235.994
5.04375		224.694
5.04575		227.605
5.04775		247.208
5.04975		267.529
5.05175		270.853
5.05375		266.516
5.05575		264.56
5.05775		254.882
5.05975		238.139
5.06175		225.671
5.06375		230.566
5.06575		249.05
5.06775		264.226
5.06975		257.972
5.07175		246.865
5.07375		252.31
5.07575		260.627
5.07775		257.363
5.07975		250.372
5.08175		237.751
5.08375		225.956
5.08575		222.052
5.08775		232.293
5.08975		247.206
5.09175		239.49
5.09375		213.503
5.09575		196.879
5.09775		195.038
5.09975		204.195
5.10175		225.305
5.10375		247.997
5.10575		257.761
5.10775		253.715
5.10975		238.931
5.11175		228.6
5.11375		223.381
5.11575		225.341
5.11775		226.936
5.11975		221.924
5.12175		218.434
5.12375		221.583
5.12575		226.35
5.12775		228.634
5.12975		226.029
5.13175		214.29
5.13375		203.162
5.13575		204.379
5.13775		207.172
5.13975		208.113
5.14175		210.18
5.14375		212.746
5.14575		219.78
5.14775		238.829
5.14975		261.875
5.15175		276.092
5.15375		277.628
5.15575		269.561
5.15775		253.89
5.15975		237.515
5.16175		223.654
5.16375		210.893
5.16575		204.172
5.16775		203.64
5.16975		210.263
5.17175		211.935
5.17375		207.451
5.17575		212.637
5.17775		227.723
5.17975		228.992
5.18175		223.167
5.18375		222.928
5.18575		224.057
5.18775		228.435
5.18975		234.825
5.19175		229.762
5.19375		217.063
5.19575		205.482
5.19775		205.459
5.19975		208.544
5.20175		210.269
5.20375		222.254
5.20575		232.307
5.20775		228.728
5.20975		219.415
5.21175		211.829
5.21375		201.312
5.21575		190.446
5.21775		192.563
5.21975		200.396
5.22175		206.214
5.22375		213.421
5.22575		212.327
5.22775		210.61
5.22975		220.661
5.23175		234.7
5.23375		232.839
5.23575		224.805
5.23775		218.187
5.23975		210.023
5.24175		201.367
5.24375		196.627
5.24575		188.573
5.24775		185.078
5.24975		200.693
5.25175		227.832
5.25375		239.132
5.25575		239.931
5.25775		245.831
5.25975		258.98
5.26175		268.439
5.26375		265.148
5.26575		250.114
5.26775		234.383
5.26975		226.549
5.27175		214.11
5.27375		205.069
5.27575		206.68
5.27775		208.081
5.27975		207.073
5.28175		210.115
5.28375		214.739
5.28575		217.581
5.28775		223.24
5.28975		239.847
5.29175		251.072
5.29375		242.151
5.29575		229.229
5.29775		231.68
5.29975		229.211
5.30175		216.902
5.30375		207.983
5.30575		207.537
5.30775		204.065
5.30975		195.731
5.31175		196.041
5.31375		193.965
5.31575		180.328
5.31775		168.619
5.31975		159.731
5.32175		153.638
5.32375		159.869
5.32575		174.422
5.32775		182.397
5.32975		184.581
5.33175		190.325
5.33375		194.759
5.33575		206.271
5.33775		228.585
5.33975		240.813
5.34175		230.401
5.34375		216.897
5.34575		214.58
5.34775		214.882
5.34975		212.227
5.35175		201.741
5.35375		177.864
5.35575		162.926
5.35775		167.868
5.35975		177.515
5.36175		181.458
5.36375		188.109
5.36575		194.356
5.36775		197.073
5.36975		187.854
5.37175		170.897
5.37375		159.119
5.37575		160.048
5.37775		168.416
5.37975		171.418
5.38175		171.054
5.38375		180.015
5.38575		192.87
5.38775		193.976
5.38975		194.668
5.39175		205.975
5.39375		207.092
5.39575		195.755
5.39775		194.541
5.39975		201.119
5.40175		205.979
5.40375		204.075
5.40575		200.091
5.40775		195.477
5.40975		190.075
5.41175		184.646
5.41375		171.286
5.41575		158.671
5.41775		159.344
5.41975		168.992
5.42175		178.342
5.42375		183.11
5.42575		186.318
5.42775		201.034
5.42975		223.015
5.43175		223.707
5.43375		198.447
5.43575		174.509
5.43775		169.541
5.43975		175.332
5.44175		180.134
5.44375		182.464
5.44575		186.506
5.44775		187.373
5.44975		179.899
5.45175		179.898
5.45375		186.713
5.45575		190.685
5.45775		189.434
5.45975		177.971
5.46175		162.408
5.46375		155.554
5.46575		160.983
5.46775		175.938
5.46975		192.094
5.47175		191.938
5.47375		182.909
5.47575		175.401
5.47775		171.391
5.47975		175.725
5.48175		185.043
5.48375		185.844
5.48575		174.639
5.48775		165.548
5.48975		164.264
5.49175		165.224
5.49375		163.883
5.49575		155.617
5.49775		147.795
5.49975		147.508
5.50175		155.77
5.50375		169.546
5.50575		181.4
5.50775		189.13
5.50975		198.274
5.51175		194.991
5.51375		177.736
5.51575		167.837
5.51775		173.055
5.51975		185.901
5.52175		193.985
5.52375		185.307
5.52575		176.971
5.52775		174.678
5.52975		173.589
5.53175		186.037
5.53375		213.578
5.53575		236.695
5.53775		244.72
5.53975		232.052
5.54175		212.152
5.54375		201.337
5.54575		194.466
5.54775		185.773
5.54975		175.543
5.55175		163.862
5.55375		156.973
5.55575		164.121
5.55775		179.474
5.55975		182.987
5.56175		179.539
5.56375		179.199
5.56575		179.152
5.56775		174.336
5.56975		167.952
5.57175		164.301
5.57375		164.446
5.57575		172.33
5.57775		189.256
5.57975		196.412
5.58175		190.615
5.58375		180.238
5.58575		173.218
5.58775		164.63
5.58975		156.352
5.59175		160.29
5.59375		170.727
5.59575		176.935
5.59775		183.8
5.59975		190.454
5.60175		185.276
5.60375		174.333
5.60575		166.067
5.60775		166.342
5.60975		169.812
5.61175		170.498
5.61375		171.084
5.61575		172.967
5.61775		170.385
5.61975		161.387
5.62175		153.847
5.62375		149.424
5.62575		146.704
5.62775		145.924
5.62975		151.561
5.63175		163.833
5.63375		173.4
5.63575		177.605
5.63775		187.189
5.63975		190.884
5.64175		181.534
5.64375		174.684
5.64575		171.252
5.64775		171.188
5.64975		171.463
5.65175		170.802
5.65375		172.856
5.65575		175.29
5.65775		172.12
5.65975		172.996
5.66175		183.362
5.66375		196.326
5.66575		210.218
5.66775		211.82
5.66975		207.196
5.67175		203.115
5.67375		191.73
5.67575		182.747
5.67775		177.657
5.67975		174.452
5.68175		175.223
5.68375		172.572
5.68575		168.153
5.68775		163.8
5.68975		161.475
5.69175		160.269
5.69375		158.825
5.69575		159.532
5.69775		161.953
5.69975		163.88
5.70175		167.803
5.70375		170.872
5.70575		172.442
5.70775		173.773
5.70975		183.249
5.71175		194.023
5.71375		187.612
5.71575		167.345
5.71775		154.435
5.71975		160.331
5.72175		170.235
5.72375		169.123
5.72575		165.941
5.72775		171.117
5.72975		178.629
5.73175		181.727
5.73375		172.908
5.73575		160.976
5.73775		156.827
5.73975		159.209
5.74175		160.639
5.74375		158.632
5.74575		155.467
5.74775		153.193
5.74975		153.899
5.75175		161.412
5.75375		169.217
5.75575		169.683
5.75775		166.093
5.75975		153.52
5.76175		136.016
5.76375		130.621
5.76575		141.302
5.76775		159.73
5.76975		171.607
5.77175		169.26
5.77375		169.876
5.77575		181.694
5.77775		201.295
5.77975		216.861
5.78175		215.447
5.78375		195.923
5.78575		175.766
5.78775		160.3
5.78975		153.824
5.79175		150.307
5.79375		140.508
5.79575		131.984
5.79775		131.311
5.79975		128.418
5.80175		125.598
5.80375		124.46
5.80575		126.809
5.80775		139.051
5.80975		152.639
5.81175		155.853
5.81375		153.833
5.81575		153.967
5.81775		148.135
5.81975		132.99
5.82175		122.092
5.82375		117.727
5.82575		121.465
5.82775		132.273
5.82975		140.533
5.83175		141.742
5.83375		148.082
5.83575		155.825
5.83775		145.554
5.83975		122.27
5.84175		103.906
5.84375		97.8561
5.84575		102.781
5.84775		112.817
5.84975		120.67
5.85175		130.218
5.85375		145.191
5.85575		150.871
5.85775		147.159
5.85975		143.281
5.86175		143.795
5.86375		151.713
5.86575		160.676
5.86775		170.513
5.86975		192.072
5.87175		206.092
5.87375		196.636
5.87575		179.66
5.87775		158.676
5.87975		141.016
5.88175		133.745
5.88375		131.593
5.88575		132.736
5.88775		140.668
5.88975		146.302
5.89175		146.952
5.89375		149.801
5.89575		148.307
5.89775		135.688
5.89975		121.468
5.90175		111.424
5.90375		102.489
5.90575		97.4506
5.90775		104.221
5.90975		118.394
5.91175		122.115
5.91375		118.831
5.91575		122.679
5.91775		127.078
5.91975		127.604
5.92175		124.42
5.92375		123.66
5.92575		128.589
5.92775		130.647
5.92975		123.289
5.93175		115.815
5.93375		112.903
5.93575		118.362
5.93775		130.077
5.93975		140.306
5.94175		147.269
5.94375		149.973
5.94575		152.509
5.94775		148.9
5.94975		143.277
5.95175		143.842
5.95375		141.364
5.95575		127.757
5.95775		114.287
5.95975		109.099
5.96175		109.748
5.96375		113.141
5.96575		111.375
5.96775		101.441
5.96975		98.905
5.97175		108.745
5.97375		124.894
5.97575		137.191
5.97775		138.268
5.97975		134.743
5.98175		141.067
5.98375		150.862
5.98575		156.518
5.98775		159.56
5.98975		152.083
5.99175		142.38
5.99375		132.309
5.99575		129.767
5.99775		141.79
5.99975		153.021
6.00175		151.722
6.00375		140.296
6.00575		126.985
6.00775		119.406
6.00975		116.394
6.01175		115.502
6.01375		114.667
6.01575		110.012
6.01775		104.333
6.01975		100.168
6.02175		96.806
6.02375		98.7649
6.02575		108.715
6.02775		120.846
6.02975		125.446
6.03175		125.822
6.03375		129.473
6.03575		130.179
6.03775		119.776
6.03975		104.559
6.04175		94.8704
6.04375		92.805
6.04575		97.5724
6.04775		109.112
6.04975		123.524
6.05175		129.22
6.05375		125.428
6.05575		123.095
6.05775		124.998
6.05975		125.512
6.06175		124.373
6.06375		119.492
6.06575		111.802
6.06775		107.538
6.06975		105.482
6.07175		105.477
6.07375		107.499
6.07575		103.507
6.07775		97.2368
6.07975		92.1386
6.08175		90.5414
6.08375		91.9345
6.08575		96.0561
6.08775		102.545
6.08975		113.17
6.09175		126.063
6.09375		129.494
6.09575		123.599
6.09775		122.361
6.09975		125.159
6.10175		121.87
6.10375		109.736
6.10575		96.6042
6.10775		87.2542
6.10975		84.7515
6.11175		85.9591
6.11375		89.8919
6.11575		90.1071
6.11775		78.5761
6.11975		65.4101
6.12175		60.3236
6.12375		63.2472
6.12575		69.4183
6.12775		81.7644
6.12975		100.171
6.13175		107.762
6.13375		100.823
6.13575		93.7481
6.13775		93.9358
6.13975		100.138
6.14175		104.622
6.14375		104.766
6.14575		100.994
6.14775		97.7259
6.14975		102.939
6.15175		110.223
6.15375		116.243
6.15575		113.748
6.15775		105.511
6.15975		101.037
6.16175		97.2547
6.16375		97.5883
6.16575		106.005
6.16775		110.998
6.16975		109.608
6.17175		105.089
6.17375		98.3561
6.17575		96.9498
6.17775		99.6758
6.17975		101.099
6.18175		99.1506
6.18375		93.7449
6.18575		87.4039
6.18775		84.3444
6.18975		81.6696
6.19175		82.369
6.19375		93.9211
6.19575		111.577
6.19775		124.328
6.19975		127.709
6.20175		131.474
6.20375		138.329
6.20575		141.612
6.20775		134.351
6.20975		125.63
6.21175		125.879
6.21375		129.925
6.21575		133.729
6.21775		129.199
6.21975		119.352
6.22175		116.286
6.22375		121.363
6.22575		127.49
6.22775		127.595
6.22975		119.618
6.23175		109.437
6.23375		100.226
6.23575		89.286
6.23775		84.3688
6.23975		91.6594
6.24175		103.531
6.24375		110.407
6.24575		118.13
6.24775		136.386
6.24975		152.793
6.25175		151.288
6.25375		139.383
6.25575		129.37
6.25775		125.512
6.25975		120.682
6.26175		112.248
6.26375		106.642
6.26575		98.7449
6.26775		85.8661
6.26975		79.5302
6.27175		86.1902
6.27375		99.0833
6.27575		103.773
6.27775		94.262
6.27975		83.0248
6.28175		80.5196
6.28375		80.9146
6.28575		77.1462
6.28775		75.4602
6.28975		84.8762
6.29175		99.0209
6.29375		97.4661
6.29575		85.642
6.29775		77.8267
6.29975		69.0253
6.30175		63.7569
6.30375		63.5663
6.30575		65.8754
6.30775		72.0615
6.30975		82.1897
6.31175		95.6416
6.31375		103.599
6.31575		105.435
6.31775		103.978
6.31975		98.4397
6.32175		92.8028
6.32375		92.313
6.32575		91.27
6.32775		82.8173
6.32975		75.0109
6.33175		73.5821
6.33375		75.944
6.33575		80.0946
6.33775		82.9512
6.33975		84.0482
6.34175		84.5203
6.34375		81.5774
6.34575		78.493
6.34775		76.3166
6.34975		72.0772
6.35175		63.5039
6.35375		54.6397
6.35575		51.4735
6.35775		52.3364
6.35975		53.627
6.36175		60.5942
6.36375		74.4504
6.36575		88.1929
6.36775		92.6209
6.36975		90.3752
6.37175		90.5686
6.37375		92.0226
6.37575		89.3715
6.37775		87.9992
6.37975		92.955
6.38175		90.4585
6.38375		79.5105
6.38575		71.1678
6.38775		69.1499
6.38975		71.4101
6.39175		70.98
6.39375		75.341
6.39575		86.9018
6.39775		95.6104
6.39975		99.4033
6.40175		103.099
6.40375		104.768
6.40575		103.484
6.40775		102.52
6.40975		98.1153
6.41175		89.0388
6.41375		83.075
6.41575		78.3564
6.41775		67.5504
6.41975		54.83
6.42175		49.109
6.42375		50.7623
6.42575		54.1365
6.42775		55.7624
6.42975		56.9553
6.43175		60.1915
6.43375		62.9031
6.43575		61.2832
6.43775		57.5351
6.43975		58.1132
6.44175		61.6858
6.44375		70.7498
6.44575		81.3278
6.44775		81.3694
6.44975		68.0956
6.45175		56.557
6.45375		55.3236
6.45575		65.3542
6.45775		82.7312
6.45975		89.9649
6.46175		85.514
6.46375		81.4488
6.46575		78.5304
6.46775		77.501
6.46975		76.6831
6.47175		74.7418
6.47375		64.2144
6.47575		51.8941
6.47775		47.0821
6.47975		50.6184
6.48175		58.2603
6.48375		61.9486
6.48575		64.0485
6.48775		65.1463
6.48975		63.3778
6.49175		64.9303
6.49375		66.6991
6.49575		68.1122
6.49775		73.0786
6.49975		84.954
6.50175		100.074
6.50375		99.0502
6.50575		85.4399
6.50775		75.222
6.50975		72.7434
6.51175		73.8201
6.51375		78.9669
6.51575		87.5045
6.51775		87.6367
6.51975		75.9379
6.52175		65.091
6.52375		61.0955
6.52575		55.4434
6.52775		48.5131
6.52975		47.0021
6.53175		48.4025
6.53375		48.9139
6.53575		48.2303
6.53775		46.5397
6.53975		44.0858
6.54175		44.0191
6.54375		44.4104
6.54575		44.5884
6.54775		44.2737
6.54975		44.553
6.55175		45.3957
6.55375		47.6776
6.55575		52.2424
6.55775		52.0143
6.55975		45.7727
6.56175		37.4446
6.56375		32.7696
6.56575		33.4205
6.56775		38.8592
6.56975		45.7937
6.57175		52.3509
6.57375		61.2467
6.57575		70.3013
6.57775		75.3354
6.57975		75.874
6.58175		68.0838
6.58375		57.8385
6.58575		56.2347
6.58775		62.3151
6.58975		68.1538
6.59175		71.2747
6.59375		74.3593
6.59575		76.7837
6.59775		74.792
6.59975		71.433
6.60175		71.1792
6.60375		78.2565
6.60575		86.5735
6.60775		91.1566
6.60975		95.1808
6.61175		87.7659
6.61375		76.0627
6.61575		71.2968
6.61775		73.0422
6.61975		76.9563
6.62175		72.0263
6.62375		60.2967
6.62575		51.418
6.62775		47.9397
6.62975		44.7554
6.63175		44.7559
6.63375		51.3826
6.63575		59.2796
6.63775		61.6976
6.63975		65.2583
6.64175		71.2196
6.64375		74.712
6.64575		71.5467
6.64775		66.2475
6.64975		64.1125
6.65175		68.8929
6.65375		77.5309
6.65575		84.8009
6.65775		84.9291
6.65975		74.5318
6.66175		56.9176
6.66375		43.7617
6.66575		38.6911
6.66775		40.6178
6.66975		46.989
6.67175		50.5505
6.67375		49.625
6.67575		51.919
6.67775		57.7807
6.67975		62.837
6.68175		59.2173
6.68375		47.3388
6.68575		39.3855
6.68775		38.9707
6.68975		45.5464
6.69175		54.9629
6.69375		58.9301
6.69575		55.9444
6.69775		55.715
6.69975		59.4804
6.70175		59.098
6.70375		55.031
6.70575		51.7757
6.70775		50.2824
6.70975		52.6533
6.71175		59.2464
6.71375		57.6867
6.71575		48.3381
6.71775		43.9842
6.71975		44.9948
6.72175		43.4039
6.72375		37.176
6.72575		32.4695
6.72775		33.1055
6.72975		37.5982
6.73175		41.4497
6.73375		46.6688
6.73575		52.2939
6.73775		50.1732
6.73975		41.1677
6.74175		35.151
6.74375		36.1331
6.74575		42.6063
6.74775		47.421
6.74975		44.8185
6.75175		36.611
6.75375		29.3563
6.75575		27.1076
6.75775		29.7497
6.75975		34.1427
6.76175		34.845
6.76375		30.7667
6.76575		24.9317
6.76775		21.9905
6.76975		22.7069
6.77175		26.7327
6.77375		31.1752
6.77575		32.8597
6.77775		37.3942
6.77975		47.4508
6.78175		51.8319
6.78375		42.1563
6.78575		32.328
6.78775		28.3337
6.78975		29.7015
6.79175		36.5266
6.79375		47.7942
6.79575		56.007
6.79775		56.4263
6.79975		55.3937
6.80175		56.4208
6.80375		54.2925
6.80575		53.3542
6.80775		56.0467
6.80975		59.4176
6.81175		59.4842
6.81375		52.3571
6.81575		45.3046
6.81775		44.3076
6.81975		43.7406
6.82175		38.8816
6.82375		32.6154
6.82575		30.4111
6.82775		32.2071
6.82975		32.8042
6.83175		31.7316
6.83375		34.1727
6.83575		39.0604
6.83775		42.796
6.83975		48.6504
6.84175		56.4401
6.84375		66.3995
6.84575		71.6126
6.84775		68.334
6.84975		64.6221
6.85175		64.1173
6.85375		63.0171
6.85575		59.0614
6.85775		51.1684
6.85975		43.4248
6.86175		42.4616
6.86375		47.3544
6.86575		48.7152
6.86775		43.5716
6.86975		35.4889
6.87175		28.1553
6.87375		25.0289
6.87575		26.2175
6.87775		30.5283
6.87975		33.5988
6.88175		35.8246
6.88375		41.5349
6.88575		45.1566
6.88775		43.6324
6.88975		43.7474
6.89175		41.6441
6.89375		33.0032
6.89575		25.3519
6.89775		21.9693
6.89975		22.4245
6.90175		26.5277
6.90375		32.5275
6.90575		36.0592
6.90775		37.447
6.90975		37.3841
6.91175		39.2392
6.91375		40.8842
6.91575		41.4958
6.91775		41.7623
6.91975		43.7365
6.92175		40.1425
6.92375		31.7591
6.92575		27.2998
6.92775		27.989
6.92975		30.0651
6.93175		29.4463
6.93375		30.1246
6.93575		31.6652
6.93775		31.4015
6.93975		33.2243
6.94175		34.6979
6.94375		32.5011
6.94575		26.7163
6.94775		21.8247
6.94975		20.6594
6.95175		23.5098
6.95375		30.5829
6.95575		38.9512
6.95775		43.0023
6.95975		40.7121
6.96175		34.9824
6.96375		29.9613
6.96575		22.8652
6.96775		16.0253
6.96975		11.6651
6.97175		9.10015
6.97375		7.55075
6.97575		6.58751
6.97775		5.9927
6.97975		5.6575
6.98175		5.53368
6.98375		5.615
6.98575		5.93684
6.98775		6.59447
6.98975		7.79196
6.99175		9.94168
6.99375		13.7264
6.99575		19.1121
6.99775		22.3453
6.99975		22.4847
7.00175		23.4192
7.00375		21.8109
7.00575		18.4355
7.00775		17.862
7.00975		20.0451
7.01175		20.1278
7.01375		16.2734
7.01575		13.2736
7.01775		12.6129
7.01975		14.2833
7.02175		18.3134
7.02375		22.1785
7.02575		22.1399
7.02775		22.1194
7.02975		21.8536
7.03175		17.6184
7.03375		13.2971
7.03575		11.01
7.03775		10.3503
7.03975		11.0037
7.04175		13.1729
7.04375		17.6248
7.04575		24.9517
7.04775		31.4995
7.04975		30.5434
7.05175		24.9738
7.05375		22.1266
7.05575		24.1212
7.05775		31.1456
7.05975		39.866
7.06175		42.7957
7.06375		42.6601
7.06575		39.3905
7.06775		29.0951
7.06975		19.7248
7.07175		14.1241
7.07375		11.0316
7.07575		9.36424
7.07775		8.5825
7.07975		8.4771
7.08175		9.06354
7.08375		10.5965
7.08575		13.6316
7.08775		18.4596
7.08975		22.1333
7.09175		21.6921
7.09375		22.1516
7.09575		24.7356
7.09775		24.5182
7.09975		23.1014
7.10175		25.6011
7.10375		33.2578
7.10575		42.323
7.10775		45.4648
7.10975		42.1129
7.11175		36.5405
7.11375		29.5643
7.11575		22.4353
7.11775		18.6536
7.11975		18.4611
7.12175		21.7123
7.12375		27.0365
7.12575		29.6365
7.12775		28.2991
7.12975		23.289
7.13175		19.0871
7.13375		18.4337
7.13575		21.6541
7.13775		28.2582
7.13975		32.7792
7.14175		29.4974
7.14375		23.8232
7.14575		22.0412
7.14775		23.6461
7.14975		23.242
7.15175		20.6645
7.15375		20.662
7.15575		21.3239
7.15775		17.808
7.15975		13.4295
7.16175		11.0942
7.16375		10.7119
7.16575		12.2162
7.16775		15.9849
7.16975		20.8909
7.17175		22.5645
7.17375		22.263
7.17575		19.94
7.17775		14.2969
7.17975		9.60049
7.18175		6.78173
7.18375		5.12171
7.18575		4.08877
7.18775		3.40541
7.18975		2.92872
7.19175		2.58148
7.19375		2.31955
7.19575		2.11633
7.19775		1.95506
7.19975		1.82473
7.20175		1.71786
7.20375		1.62924
7.20575		1.55514
7.20775		1.49285
7.20975		1.44035
7.21175		1.39616
7.21375		1.35916
7.21575		1.3285
7.21775		1.3036
7.21975		1.28403
7.22175		1.26957
7.22375		1.26014
7.22575		1.2558
7.22775		1.25681
7.22975		1.26365
7.23175		1.27703
7.23375		1.29803
7.23575		1.3282
7.23775		1.36978
7.23975		1.42603
7.24175		1.50182
7.24375		1.60453
7.24575		1.74583
7.24775		1.9448
7.24975		2.23413
7.25175		2.67289
7.25375		3.37374
7.25575		4.56106
7.25775		6.66881
7.25975		10.2356
7.26175		14.0155
7.26375		13.162
7.26575		9.09777
7.26775		6.07291
7.26975		4.38634
7.27175		3.47188
7.27375		2.97517
7.27575		2.72265
7.27775		2.63428
7.27975		2.68013
7.28175		2.8648
7.28375		3.22934
7.28575		3.87206
7.28775		5.00108
7.28975		7.02964
7.29175		10.5152
7.29375		14.487
7.29575		14.1518
7.29775		10.2516
7.29975		7.29284
7.30175		5.80263
7.30375		5.27383
7.30575		5.45229
7.30775		6.39182
7.30975		8.46095
7.31175		12.1061
7.31375		15.6098
7.31575		14.1957
7.31775		10.2577
7.31975		7.6309
7.32175		6.40248
7.32375		6.0817
7.32575		6.46387
7.32775		7.63394
7.32975		9.99524
7.33175		14.2115
7.33375		19.6358
7.33575		22.0072
7.33775		22.2068
7.33975		21.98
7.34175		18.011
7.34375		13.8774
7.34575		12.0855
7.34775		12.5037
7.34975		15.2717
7.35175		21.2317
7.35375		29.5722
7.35575		31.7659
7.35775		25.5505
7.35975		20.9876
7.36175		20.9885
7.36375		22.8834
7.36575		21.1977
7.36775		18.1528
7.36975		17.978
7.37175		21.4439
7.37375		26.9859
7.37575		30.206
7.37775		31.8876
7.37975		31.4973
7.38175		28.9019
7.38375		23.3148
7.38575		18.4366
7.38775		16.944
7.38975		18.9506
7.39175		23.9552
7.39375		28.0084
7.39575		27.9367
7.39775		23.711
7.39975		18.2507
7.40175		15.5814
7.40375		16.1127
7.40575		19.1503
7.40775		20.768
7.40975		17.9342
7.41175		15.4147
7.41375		15.6562
7.41575		19.0999
7.41775		25.8559
7.41975		31.9517
7.42175		31.0556
7.42375		25.9993
7.42575		24.1399
7.42775		27.9069
7.42975		35.8343
7.43175		39.5216
7.43375		37.0406
7.43575		35.2408
7.43775		32.1068
