2.31192		40.7571
2.31292		32.9254
2.31392		21.1451
2.31492		13.6906
2.31592		9.6598
2.31692		7.5254
2.31792		6.47104
2.31892		6.13319
2.31992		6.4024
2.32092		7.36118
2.32192		9.33075
2.32292		13.0492
2.32392		19.9493
2.32492		31.3044
2.32592		40.7022
2.32692		34.5218
2.32792		22.2159
2.32892		13.916
2.32992		9.24081
2.33092		6.55663
2.33192		4.92506
2.33292		3.87622
2.33392		3.16969
2.33492		2.67584
2.33592		2.32092
2.33692		2.06091
2.33792		1.86847
2.33892		1.72601
2.33992		1.62202
2.34092		1.54885
2.34192		1.50151
2.34292		1.47687
2.34392		1.47329
2.34492		1.49036
2.34592		1.52887
2.34692		1.59094
2.34792		1.68027
2.34892		1.80265
2.34992		1.96693
2.35092		2.1865
2.35192		2.48196
2.35292		2.88582
2.35392		3.45126
2.35492		4.26907
2.35592		5.50233
2.35692		7.46035
2.35792		10.7572
2.35892		16.5972
2.35992		26.6758
2.36092		38.6226
2.36192		38.2801
2.36292		26.2856
2.36392		16.5242
2.36492		10.9503
2.36592		7.85882
2.36692		6.08244
2.36792		5.03086
2.36892		4.41038
2.36992		4.07112
2.37092		3.9368
2.37192		3.9732
2.37292		4.17493
2.37392		4.56279
2.37492		5.18999
2.37592		6.16054
2.37692		7.67082
2.37792		10.1006
2.37892		14.2061
2.37992		21.4207
2.38092		33.274
2.38192		44.66
2.38292		41.5469
2.38392		31.8026
2.38492		27.6058
2.38592		30.6125
2.38692		40.0651
2.38792		46.6444
2.38892		38.0676
2.38992		26.2027
2.39092		19.2381
2.39192		16.4434
2.39292		16.792
2.39392		20.525
2.39492		28.9133
2.39592		40.38
2.39692		41.4774
2.39792		29.5031
2.39892		18.8624
2.39992		12.6163
2.40092		9.08857
2.40192		7.01436
2.40292		5.74557
2.40392		4.95994
2.40492		4.49461
2.40592		4.26975
2.40692		4.25561
2.40792		4.46164
2.40892		4.94081
2.40992		5.81204
2.41092		7.31524
2.41192		9.9345
2.41292		14.6455
2.41392		23.1092
2.41492		35.3488
2.41592		40.3102
2.41692		30.0748
2.41792		18.7835
2.41892		11.9236
2.41992		8.06753
2.42092		5.80682
2.42192		4.39809
2.42292		3.46922
2.42392		2.82669
2.42492		2.36415
2.42592		2.01999
2.42692		1.75673
2.42792		1.55065
2.42892		1.38613
2.42992		1.25258
2.43092		1.14264
2.43192		1.05102
2.43292		0.973896
2.43392		0.908402
2.43492		0.852381
2.43592		0.80418
2.43692		0.762513
2.43792		0.72637
2.43892		0.694952
2.43992		0.667617
2.44092		0.64385
2.44192		0.623236
2.44292		0.605436
2.44392		0.590177
2.44492		0.577239
2.44592		0.566444
2.44692		0.557653
2.44792		0.550761
2.44892		0.54569
2.44992		0.542388
2.45092		0.54083
2.45192		0.541012
2.45292		0.542956
2.45392		0.546707
2.45492		0.552336
2.45592		0.55994
2.45692		0.56965
2.45792		0.581629
2.45892		0.596081
2.45992		0.613258
2.46092		0.633469
2.46192		0.65709
2.46292		0.684584
2.46392		0.716517
2.46492		0.753586
2.46592		0.796657
2.46692		0.846809
2.46792		0.905403
2.46892		0.974171
2.46992		1.05534
2.47092		1.15183
2.47192		1.26747
2.47292		1.40747
2.47392		1.57892
2.47492		1.79183
2.47592		2.06055
2.47692		2.40636
2.47792		2.86184
2.47892		3.47883
2.47992		4.34367
2.48092		5.60768
2.48192		7.55139
2.48292		10.7225
2.48392		16.2021
2.48492		25.7324
2.48592		38.7136
2.48692		42.8558
2.48792		33.2558
2.48892		24.8507
2.48992		22.5538
2.49092		26.2787
2.49192		35.8628
2.49292		43.4936
2.49392		35.7729
2.49492		23.0433
2.49592		14.6118
2.49692		9.80741
2.49792		6.99276
2.49892		5.2416
2.49992		4.0873
2.50092		3.28831
2.50192		2.71258
2.50292		2.28382
2.50392		1.9557
2.50492		1.69882
2.50592		1.49383
2.50692		1.32756
2.50792		1.19081
2.50892		1.07696
2.50992		0.981193
2.51092		0.89989
2.51192		0.830318
2.51292		0.77037
2.51392		0.718403
2.51492		0.673118
2.51592		0.633482
2.51692		0.598662
2.51792		0.567981
2.51892		0.540888
2.51992		0.516927
2.52092		0.495724
2.52192		0.476967
2.52292		0.460397
2.52392		0.445798
2.52492		0.432992
2.52592		0.421831
2.52692		0.412193
2.52792		0.40398
2.52892		0.397116
2.52992		0.39154
2.53092		0.387212
2.53192		0.384107
2.53292		0.382217
2.53392		0.381547
2.53492		0.382123
2.53592		0.383987
2.53692		0.387199
2.53792		0.391842
2.53892		0.398023
2.53992		0.405878
2.54092		0.415577
2.54192		0.42733
2.54292		0.441397
2.54392		0.458099
2.54492		0.477832
2.54592		0.50109
2.54692		0.52849
2.54792		0.560808
2.54892		0.599029
2.54992		0.644418
2.55092		0.698614
2.55192		0.763771
2.55292		0.842762
2.55392		0.939483
2.55492		1.05931
2.55592		1.20984
2.55692		1.40203
2.55792		1.65217
2.55892		1.98523
2.55992		2.44092
2.56092		3.08506
2.56192		4.03224
2.56292		5.4928
2.56392		7.87426
2.56492		11.9922
2.56592		19.352
2.56692		31.0797
2.56792		39.8667
2.56892		32.8196
2.56992		20.7095
2.57092		12.7585
2.57192		8.29963
2.57292		5.7385
2.57392		4.17937
2.57492		3.17449
2.57592		2.49424
2.57692		2.01451
2.57792		1.66448
2.57892		1.4017
2.57992		1.19961
2.58092		1.04097
2.58192		0.91422
2.58292		0.811379
2.58392		0.726806
2.58492		0.656426
2.58592		0.597238
2.58692		0.54699
2.58792		0.503973
2.58892		0.466863
2.58992		0.434629
2.59092		0.406455
2.59192		0.381688
2.59292		0.359805
2.59392		0.340377
2.59492		0.323053
2.59592		0.307544
2.59692		0.293609
2.59792		0.281046
2.59892		0.269684
2.59992		0.259381
2.60092		0.250013
2.60192		0.241474
2.60292		0.233676
2.60392		0.226539
2.60492		0.219997
2.60592		0.21399
2.60692		0.208467
2.60792		0.203383
2.60892		0.198697
2.60992		0.194377
2.61092		0.190389
2.61192		0.186708
2.61292		0.183308
2.61392		0.180168
2.61492		0.177269
2.61592		0.174593
2.61692		0.172125
2.61792		0.169851
2.61892		0.167758
2.61992		0.165836
2.62092		0.164073
2.62192		0.162462
2.62292		0.160993
2.62392		0.15966
2.62492		0.158456
2.62592		0.157374
2.62692		0.15641
2.62792		0.155559
2.62892		0.154815
2.62992		0.154177
2.63092		0.153639
2.63192		0.1532
2.63292		0.152856
2.63392		0.152605
2.63492		0.152445
2.63592		0.152375
2.63692		0.152393
2.63792		0.152498
2.63892		0.15269
2.63992		0.152967
2.64092		0.153329
2.64192		0.153777
2.64292		0.154311
2.64392		0.154931
2.64492		0.155638
2.64592		0.156432
2.64692		0.157316
2.64792		0.15829
2.64892		0.159356
2.64992		0.160516
2.65092		0.161773
2.65192		0.16313
2.65292		0.164588
2.65392		0.166151
2.65492		0.167824
2.65592		0.169609
2.65692		0.171512
2.65792		0.173536
2.65892		0.175688
2.65992		0.177974
2.66092		0.180399
2.66192		0.18297
2.66292		0.185696
2.66392		0.188584
2.66492		0.191644
2.66592		0.194885
2.66692		0.198319
2.66792		0.201957
2.66892		0.205814
2.66992		0.209902
2.67092		0.214239
2.67192		0.218842
2.67292		0.22373
2.67392		0.228926
2.67492		0.234453
2.67592		0.240337
2.67692		0.246609
2.67792		0.253302
2.67892		0.260453
2.67992		0.268104
2.68092		0.276302
2.68192		0.2851
2.68292		0.294559
2.68392		0.304748
2.68492		0.315745
2.68592		0.327641
2.68692		0.34054
2.68792		0.354561
2.68892		0.369845
2.68992		0.386555
2.69092		0.404885
2.69192		0.425061
2.69292		0.447353
2.69392		0.472087
2.69492		0.499654
2.69592		0.53053
2.69692		0.565298
2.69792		0.604683
2.69892		0.649588
2.69992		0.701159
2.70092		0.760859
2.70192		0.830587
2.70292		0.912841
2.70392		1.01096
2.70492		1.12951
2.70592		1.2748
2.70692		1.45582
2.70792		1.68571
2.70892		1.98418
2.70992		2.38191
2.71092		2.92848
2.71192		3.70782
2.71292		4.86927
2.71392		6.69379
2.71492		9.73635
2.71592		15.0963
2.71692		24.4868
2.71792		36.7944
2.71892		38.9736
2.71992		27.5771
2.72092		17.1191
2.72192		11.0061
2.72292		7.59979
2.72392		5.62343
2.72492		4.42035
2.72592		3.66218
2.72692		3.17835
2.72792		2.87649
2.72892		2.70555
2.72992		2.63815
2.73092		2.66224
2.73192		2.77765
2.73292		2.9959
2.73392		3.34321
2.73492		3.86816
2.73592		4.65762
2.73692		5.87026
2.73792		7.80834
2.73892		11.0722
2.73992		16.8425
2.74092		26.8304
2.74192		39.0127
2.74292		39.46
2.74392		27.8023
2.74492		18.1804
2.74592		12.932
2.74692		10.4431
2.74792		9.66686
2.74892		10.2766
2.74992		12.5254
2.75092		17.3602
2.75192		26.4046
2.75292		38.3827
2.75392		40.0821
2.75492		28.4233
2.75592		17.8803
2.75692		11.697
2.75792		8.21831
2.75892		6.1732
2.75992		4.90827
2.76092		4.09596
2.76192		3.5657
2.76292		3.22509
2.76392		3.02337
2.76492		2.93414
2.76592		2.94741
2.76692		3.06691
2.76792		3.31119
2.76892		3.71926
2.76992		4.3635
2.77092		5.37703
2.77192		7.01238
2.77292		9.76878
2.77392		14.6439
2.77492		23.3133
2.77592		35.6513
2.77692		40.2649
2.77792		29.8788
2.77892		18.7823
2.77992		12.1224
2.78092		8.43095
2.78192		6.32409
2.78292		5.0785
2.78392		4.33757
2.78492		3.92357
2.78592		3.75051
2.78692		3.78645
2.78792		4.04074
2.78892		4.56767
2.78992		5.48924
2.79092		7.05152
2.79192		9.75122
2.79292		14.5877
2.79392		23.2367
2.79492		35.5194
2.79592		39.9327
2.79692		29.4094
2.79792		18.2763
2.79892		11.5684
2.79992		7.80091
2.80092		5.5917
2.80192		4.2156
2.80292		3.30945
2.80392		2.68405
2.80492		2.23527
2.80592		1.9027
2.80692		1.64955
2.80792		1.45252
2.80892		1.29628
2.80992		1.17044
2.81092		1.06776
2.81192		0.98309
2.81292		0.91268
2.81392		0.853752
2.81492		0.804223
2.81592		0.762507
2.81692		0.727391
2.81792		0.697936
2.81892		0.673419
2.81992		0.653284
2.82092		0.637108
2.82192		0.624579
2.82292		0.615481
2.82392		0.609681
2.82492		0.607124
2.82592		0.607831
2.82692		0.611901
2.82792		0.619515
2.82892		0.630949
2.82992		0.64659
2.83092		0.666958
2.83192		0.692738
2.83292		0.72483
2.83392		0.764412
2.83492		0.813029
2.83592		0.872733
2.83692		0.946273
2.83792		1.03739
2.83892		1.15124
2.83992		1.29511
2.84092		1.47952
2.84192		1.72003
2.84292		2.04047
2.84392		2.47854
2.84492		3.09649
2.84592		4.00208
2.84692		5.39201
2.84792		7.64535
2.84892		11.5201
2.84992		18.4458
2.85092		29.7949
2.85192		39.695
2.85292		34.2016
2.85392		21.9082
2.85492		13.482
2.85592		8.73992
2.85692		6.0304
2.85792		4.39129
2.85892		3.34081
2.85992		2.63307
2.86092		2.13595
2.86192		1.77446
2.86292		1.50389
2.86392		1.29638
2.86492		1.13389
2.86592		1.0044
2.86692		0.899596
2.86792		0.813646
2.86892		0.742332
2.86992		0.682556
2.87092		0.632
2.87192		0.588904
2.87292		0.551912
2.87392		0.519964
2.87492		0.492227
2.87592		0.468033
2.87692		0.446849
2.87792		0.428237
2.87892		0.411844
2.87992		0.397374
2.88092		0.384586
2.88192		0.373277
2.88292		0.363276
2.88392		0.35444
2.88492		0.346649
2.88592		0.339801
2.88692		0.333807
2.88792		0.328594
2.88892		0.324098
2.88992		0.320267
2.89092		0.317054
2.89192		0.314421
2.89292		0.312335
2.89392		0.31077
2.89492		0.309704
2.89592		0.309119
2.89692		0.309003
2.89792		0.309344
2.89892		0.310137
2.89992		0.31138
2.90092		0.313073
2.90192		0.31522
2.90292		0.317828
2.90392		0.320908
2.90492		0.324474
2.90592		0.328544
2.90692		0.33314
2.90792		0.338287
2.90892		0.344018
2.90992		0.350367
2.91092		0.357377
2.91192		0.365097
2.91292		0.373583
2.91392		0.3829
2.91492		0.393123
2.91592		0.404338
2.91692		0.416646
2.91792		0.430164
2.91892		0.445027
2.91992		0.461395
2.92092		0.479453
2.92192		0.499422
2.92292		0.521562
2.92392		0.546186
2.92492		0.573667
2.92592		0.604459
2.92692		0.639112
2.92792		0.678306
2.92892		0.722885
2.92992		0.773904
2.93092		0.832706
2.93192		0.901013
2.93292		0.98107
2.93392		1.07585
2.93492		1.18933
2.93592		1.32701
2.93692		1.49656
2.93792		1.709
2.93892		1.98063
2.93992		2.33628
2.94092		2.81525
2.94192		3.48238
2.94292		4.45003
2.94392		5.92361
2.94492		8.29972
2.94592		12.3712
2.94692		19.6145
2.94792		31.2686
2.94892		40.6219
2.94992		34.292
2.95092		22.2183
2.95192		14.2278
2.95292		9.84602
2.95392		7.46789
2.95492		6.19241
2.95592		5.59174
2.95692		5.48438
2.95792		5.83619
2.95892		6.74227
2.95992		8.47771
2.96092		11.6485
2.96192		17.4733
2.96292		27.6167
2.96392		39.2655
2.96492		38.0549
2.96592		25.8525
2.96692		16.2099
2.96792		10.6963
2.96892		7.59796
2.96992		5.77597
2.97092		4.65457
2.97192		3.94458
2.97292		3.49513
2.97392		3.22501
2.97492		3.09095
2.97592		3.07286
2.97692		3.16754
2.97792		3.38779
2.97892		3.76619
2.97992		4.36569
2.98092		5.30273
2.98192		6.79684
2.98292		9.27857
2.98392		13.6119
2.98492		21.3591
2.98592		33.386
2.98692		41.2087
2.98792		33.1479
2.98892		21.3889
2.98992		13.9832
2.99092		9.9771
2.99192		7.85481
2.99292		6.81135
2.99392		6.4919
2.99492		6.79728
2.99592		7.82747
2.99692		9.93869
2.99792		13.9388
2.99892		21.3466
2.99992		33.0988
3.00092		41.0698
3.00192		33.1522
3.00292		21.1091
3.00392		13.3498
3.00492		8.98949
3.00592		6.46784
3.00692		4.92216
3.00792		3.92109
3.00892		3.24265
3.00992		2.76641
3.01092		2.42349
3.01192		2.17264
3.01292		1.98821
3.01392		1.85388
3.01492		1.75909
3.01592		1.69717
3.01692		1.66415
3.01792		1.6582
3.01892		1.67932
3.01992		1.72941
3.02092		1.81255
3.02192		1.93565
3.02292		2.10967
3.02392		2.35177
3.02492		2.6891
3.02592		3.16576
3.02692		3.85613
3.02792		4.89168
3.02892		6.51731
3.02992		9.21313
3.03092		13.9382
3.03192		22.3419
3.03292		34.6306
3.03392		40.1976
3.03492		30.3472
3.03592		18.9896
3.03692		12.0578
3.03792		8.18825
3.03892		5.94855
3.03992		4.57868
3.04092		3.69891
3.04192		3.11263
3.04292		2.71264
3.04392		2.43757
3.04492		2.25096
3.04592		2.13066
3.04692		2.06324
3.04792		2.04105
3.04892		2.0606
3.04992		2.12185
3.05092		2.22811
3.05192		2.38652
3.05292		2.60927
3.05392		2.91588
3.05492		3.33737
3.05592		3.92408
3.05692		4.76041
3.05792		5.99465
3.05892		7.90163
3.05992		11.0173
3.06092		16.4007
3.06192		25.789
3.06292		38.824
3.06392		43.633
3.06492		34.4262
3.06592		26.1416
3.06692		24.2378
3.06792		28.802
3.06892		38.8883
3.06992		43.734
3.07092		33.4098
3.07192		21.2912
3.07292		13.7545
3.07392		9.46315
3.07492		6.9189
3.07592		5.31684
3.07692		4.25112
3.07792		3.50922
3.07892		2.97354
3.07992		2.57536
3.08092		2.27257
3.08192		2.03826
3.08292		1.85463
3.08392		1.70955
3.08492		1.59458
3.08592		1.50371
3.08692		1.43262
3.08792		1.37821
3.08892		1.33824
3.08992		1.31115
3.09092		1.29592
3.09192		1.29197
3.09292		1.29913
3.09392		1.31763
3.09492		1.34809
3.09592		1.39161
3.09692		1.44982
3.09792		1.52506
3.09892		1.62057
3.09992		1.74088
3.10092		1.89226
3.10192		2.08363
3.10292		2.32781
3.10392		2.64378
3.10492		3.06049
3.10592		3.62371
3.10692		4.40905
3.10792		5.54776
3.10892		7.28061
3.10992		10.0739
3.11092		14.8544
3.11192		23.2552
3.11292		35.8766
3.11392		43.2082
3.11492		35.0641
3.11592		24.829
3.11692		19.8348
3.11792		19.6292
3.11892		24.129
3.11992		33.9765
3.12092		43.3916
3.12192		37.9841
3.12292		25.3772
3.12392		16.6756
3.12492		11.8798
3.12592		9.3304
3.12692		8.07977
3.12792		7.7167
3.12892		8.1513
3.12992		9.56585
3.13092		12.5221
3.13192		18.2233
3.13292		28.3027
3.13392		39.716
3.13492		38.018
3.13592		25.6625
3.13692		16.0173
3.13792		10.4724
3.13892		7.31012
3.13992		5.40331
3.14092		4.18125
3.14192		3.35489
3.14292		2.77047
3.14392		2.34155
3.14492		2.01692
3.14592		1.76482
3.14692		1.56477
3.14792		1.40308
3.14892		1.27032
3.14992		1.15984
3.15092		1.06682
3.15192		0.987699
3.15292		0.919798
3.15392		0.861075
3.15492		0.809943
3.15592		0.765157
3.15692		0.725726
3.15792		0.690854
3.15892		0.659895
3.15992		0.632322
3.16092		0.607698
3.16192		0.585662
3.16292		0.565911
3.16392		0.548191
3.16492		0.532288
3.16592		0.518021
3.16692		0.505234
3.16792		0.493797
3.16892		0.483596
3.16992		0.474538
3.17092		0.46654
3.17192		0.459533
3.17292		0.453461
3.17392		0.448274
3.17492		0.443933
3.17592		0.440408
3.17692		0.437674
3.17792		0.435715
3.17892		0.43452
3.17992		0.434086
3.18092		0.434417
3.18192		0.435522
3.18292		0.437419
3.18392		0.440133
3.18492		0.443696
3.18592		0.448151
3.18692		0.453549
3.18792		0.459953
3.18892		0.467439
3.18992		0.476099
3.19092		0.486042
3.19192		0.497397
3.19292		0.51032
3.19392		0.524994
3.19492		0.541641
3.19592		0.560528
3.19692		0.581976
3.19792		0.606377
3.19892		0.63421
3.19992		0.666066
3.20092		0.702682
3.20192		0.74498
3.20292		0.794136
3.20392		0.851655
3.20492		0.9195
3.20592		1.00026
3.20692		1.09742
3.20792		1.21572
3.20892		1.3618
3.20992		1.54513
3.21092		1.77957
3.21192		2.08609
3.21292		2.49747
3.21392		3.06703
3.21492		3.88567
3.21592		5.11644
3.21692		7.06853
3.21792		10.3558
3.21892		16.1819
3.21992		26.2424
3.22092		38.1694
3.22192		37.8065
3.22292		25.7813
3.22392		15.9801
3.22492		10.3588
3.22592		7.21085
3.22692		5.36636
3.22792		4.23189
3.22892		3.50947
3.22992		3.04328
3.23092		2.74852
3.23192		2.57827
3.23292		2.50775
3.23392		2.52688
3.23492		2.63746
3.23592		2.85368
3.23692		3.2061
3.23792		3.7511
3.23892		4.59067
3.23992		5.91418
3.24092		8.08873
3.24192		11.8503
3.24292		18.598
3.24392		29.7751
3.24492		40.026
3.24592		35.1474
3.24692		22.8111
3.24792		14.2017
3.24892		9.35001
3.24992		6.58646
3.25092		4.92302
3.25192		3.86443
3.25292		3.1584
3.25392		2.66975
3.25492		2.322
3.25592		2.06977
3.25692		1.88496
3.25792		1.74961
3.25892		1.65193
3.25992		1.58407
3.26092		1.54081
3.26192		1.51875
3.26292		1.51584
3.26392		1.53111
3.26492		1.56453
3.26592		1.61697
3.26692		1.69025
3.26792		1.78735
3.26892		1.91274
3.26992		2.07283
3.27092		2.27692
3.27192		2.53849
3.27292		2.87759
3.27392		3.32477
3.27492		3.92827
3.27592		4.76753
3.27692		5.97991
3.27792		7.81639
3.27892		10.7611
3.27992		15.7722
3.28092		24.527
3.28192		37.5992
3.28292		45.32
3.28392		38.1251
3.28492		30.0849
3.28592		29.1803
3.28692		35.8
3.28792		44.9073
3.28892		41.1835
3.28992		28.0837
3.29092		18.3145
3.29192		12.7794
3.29292		9.72051
3.29392		8.03657
3.29492		7.19667
3.29592		6.97799
3.29692		7.34672
3.29792		8.4434
3.29892		10.6644
3.29992		14.877
3.30092		22.6589
3.30192		34.6248
3.30292		41.4142
3.30392		32.421
3.30492		20.646
3.30592		13.2668
3.30692		9.12992
3.30792		6.73496
3.30892		5.27079
3.30992		4.33239
3.31092		3.71131
3.31192		3.29507
3.31292		3.02056
3.31392		2.852
3.31492		2.77001
3.31592		2.76646
3.31692		2.84245
3.31792		3.00864
3.31892		3.28809
3.31992		3.72275
3.32092		4.38699
3.32192		5.41518
3.32292		7.0606
3.32392		9.82268
3.32492		14.6988
3.32592		23.3639
3.32692		35.6988
3.32792		40.3231
3.32892		29.9355
3.32992		18.8191
3.33092		12.1332
3.33192		8.40951
3.33292		6.26062
3.33392		4.95884
3.33492		4.14154
3.33592		3.62216
3.33692		3.30107
3.33792		3.1245
3.33892		3.06538
3.33992		3.1147
3.34092		3.27879
3.34192		3.58119
3.34292		4.06996
3.34392		4.83437
3.34492		6.04062
3.34592		8.00907
3.34692		11.3803
3.34792		17.4049
3.34892		27.7465
3.34992		39.3824
3.35092		37.8821
3.35192		25.7057
3.35292		16.2308
3.35392		10.8567
3.35492		7.87342
3.35592		6.16244
3.35692		5.16372
3.35792		4.60255
3.35892		4.34574
3.35992		4.33788
3.36092		4.57722
3.36192		5.1149
3.36292		6.0772
3.36392		7.72552
3.36492		10.5927
3.36592		15.748
3.36692		24.8953
3.36792		37.171
3.36892		39.87
3.36992		28.6185
3.37092		17.9594
3.37192		11.6772
3.37292		8.16126
3.37392		6.10809
3.37492		4.84404
3.37592		4.03163
3.37692		3.49489
3.37792		3.1374
3.37892		2.90413
3.37992		2.76299
3.38092		2.69554
3.38192		2.69224
3.38292		2.75016
3.38392		2.87216
3.38492		3.06736
3.38592		3.35286
3.38692		3.75753
3.38792		4.32921
3.38892		5.14875
3.38992		6.35811
3.39092		8.21945
3.39192		11.2421
3.39292		16.4346
3.39392		25.5085
3.39492		38.5919
3.39592		44.8246
3.39692		36.4764
3.39792		28.2023
3.39892		26.5994
3.39992		31.9542
3.40092		42.1624
3.40192		44.0296
3.40292		32.2044
3.40392		21.0426
3.40492		14.5058
3.40592		10.9724
3.40692		9.12865
3.40792		8.3398
3.40892		8.37689
3.40992		9.29103
3.41092		11.4475
3.41192		15.7259
3.41292		23.7238
3.41392		35.754
3.41492		41.5488
3.41592		31.821
3.41692		20.2538
3.41792		13.1283
3.41892		9.132
3.41992		6.81087
3.42092		5.38948
3.42192		4.48085
3.42292		3.88572
3.42392		3.49704
3.42492		3.2559
3.42592		3.13075
3.42692		3.10767
3.42792		3.18642
3.42892		3.38053
3.42992		3.7213
3.43092		4.26781
3.43192		5.12816
3.43292		6.50476
3.43392		8.79246
3.43492		12.784
3.43592		19.9566
3.43692		31.5348
3.43792		40.737
3.43892		34.2284
3.43992		22.0417
3.44092		13.9302
3.44192		9.38876
3.44292		6.8015
3.44392		5.25025
3.44492		4.27679
3.44592		3.64796
3.44692		3.23984
3.44792		2.98429
3.44892		2.84391
3.44992		2.80007
3.45092		2.84744
3.45192		2.99263
3.45292		3.25593
3.45392		3.67726
3.45492		4.32915
3.45592		5.34387
3.45692		6.97133
3.45792		9.70473
3.45892		14.5299
3.45992		23.1147
3.46092		35.4377
3.46192		40.336
3.46292		30.0967
3.46392		18.913
3.46492		12.1634
3.46592		8.40772
3.46692		6.24655
3.46792		4.94421
3.46892		4.13496
3.46992		3.63192
3.47092		3.337
3.47192		3.19989
3.47292		3.1995
3.47392		3.33691
3.47492		3.63574
3.47592		4.15018
3.47692		4.98523
3.47792		6.34146
3.47892		8.61298
3.47992		12.5932
3.48092		19.7606
3.48192		31.3308
3.48292		40.4763
3.48392		33.8967
3.48492		21.6907
3.48592		13.5648
3.48692		8.99835
3.48792		6.37623
3.48892		4.78089
3.48992		3.75336
3.49092		3.05862
3.49192		2.56983
3.49292		2.21471
3.49392		1.95003
3.49492		1.74876
3.49592		1.59341
3.49692		1.47227
3.49792		1.37732
3.49892		1.30291
3.49992		1.24505
3.50092		1.20083
3.50192		1.16816
3.50292		1.14554
3.50392		1.13189
3.50492		1.12649
3.50592		1.12891
3.50692		1.13895
3.50792		1.15665
3.50892		1.18226
3.50992		1.21624
3.51092		1.25931
3.51192		1.31247
3.51292		1.37705
3.51392		1.45478
3.51492		1.54793
3.51592		1.65945
3.51692		1.7932
3.51792		1.95427
3.51892		2.14947
3.51992		2.38801
3.52092		2.68262
3.52192		3.05122
3.52292		3.51969
3.52392		4.12642
3.52492		4.9303
3.52592		6.02504
3.52692		7.56652
3.52792		9.82727
3.52892		13.3107
3.52992		18.9972
3.53092		28.836
3.53192		46.176
3.53292		71.515
3.53392		83.7909
3.53492		65.8977
3.53592		46.2198
3.53692		37.7394
3.53792		39.4433
3.53892		47.1563
3.53992		46.0777
3.54092		32.6887
3.54192		21.0561
3.54292		14.0999
3.54392		10.0384
3.54492		7.53632
3.54592		5.89903
3.54692		4.77025
3.54792		3.95818
3.54892		3.35348
3.54992		2.89042
3.55092		2.52758
3.55192		2.23779
3.55292		2.00263
3.55392		1.80922
3.55492		1.64835
3.55592		1.51325
3.55692		1.39889
3.55792		1.30144
3.55892		1.21796
3.55992		1.14616
3.56092		1.08424
3.56192		1.03078
3.56292		0.98462
3.56392		0.94486
3.56492		0.910767
3.56592		0.881757
3.56692		0.857371
3.56792		0.837252
3.56892		0.821135
3.56992		0.808838
3.57092		0.800252
3.57192		0.795348
3.57292		0.794168
3.57392		0.796838
3.57492		0.803573
3.57592		0.814691
3.57692		0.830635
3.57792		0.851999
3.57892		0.879572
3.57992		0.914389
3.58092		0.957815
3.58192		1.01166
3.58292		1.07833
3.58392		1.16109
3.58492		1.26442
3.58592		1.39458
3.58692		1.56054
3.58792		1.77539
3.58892		2.05891
3.58992		2.44191
3.59092		2.97431
3.59192		3.74074
3.59292		4.89211
3.59392		6.71268
3.59492		9.76453
3.59592		15.1601
3.59692		24.6134
3.59792		36.8631
3.59892		38.6847
3.59992		27.1519
3.60092		16.7408
3.60192		10.6525
3.60292		7.23396
3.60392		5.22122
3.60492		3.96464
3.60592		3.13791
3.60692		2.56975
3.60792		2.1652
3.60892		1.8688
3.60992		1.64665
3.61092		1.47719
3.61192		1.34622
3.61292		1.24414
3.61392		1.16426
3.61492		1.10188
3.61592		1.0536
3.61692		1.01694
3.61792		0.990102
3.61892		0.971777
3.61992		0.961021
3.62092		0.957181
3.62192		0.959845
3.62292		0.968801
3.62392		0.984018
3.62492		1.00564
3.62592		1.03398
3.62692		1.06955
3.62792		1.11306
3.62892		1.16548
3.62992		1.22809
3.63092		1.30253
3.63192		1.39097
3.63292		1.49623
3.63392		1.62201
3.63492		1.77328
3.63592		1.95674
3.63692		2.18167
3.63792		2.46118
3.63892		2.81427
3.63992		3.26941
3.64092		3.87074
3.64192		4.6898
3.64292		5.84826
3.64392		7.56495
3.64492		10.2563
3.64592		14.7455
3.64692		22.5543
3.64792		34.9727
3.64892		45.3157
3.64992		40.4472
3.65092		30.7595
3.65192		26.6367
3.65292		28.8513
3.65392		38.2626
3.65492		57.05
3.65592		78.3879
3.65692		75.6276
3.65792		51.8
3.65892		32.1902
3.65992		20.7625
3.66092		14.2521
3.66192		10.3459
3.66292		7.85838
3.66392		6.18871
3.66492		5.01786
3.66592		4.16674
3.66692		3.52943
3.66792		3.04039
3.66892		2.6574
3.66992		2.3523
3.67092		2.1058
3.67192		1.90428
3.67292		1.73796
3.67392		1.59965
3.67492		1.48401
3.67592		1.387
3.67692		1.30553
3.67792		1.23725
3.67892		1.18032
3.67992		1.13335
3.68092		1.0953
3.68192		1.06539
3.68292		1.0431
3.68392		1.02811
3.68492		1.02034
3.68592		1.01988
3.68692		1.02709
3.68792		1.04256
3.68892		1.06722
3.68992		1.10237
3.69092		1.14985
3.69192		1.2122
3.69292		1.29293
3.69392		1.39698
3.69492		1.5313
3.69592		1.70602
3.69692		1.93611
3.69792		2.24444
3.69892		2.66717
3.69992		3.26379
3.70092		4.13685
3.70192		5.47268
3.70292		7.62886
3.70392		11.3194
3.70492		17.9099
3.70592		28.9153
3.70692		39.5643
3.70792		35.4459
3.70892		23.0976
3.70992		14.2814
3.71092		9.3017
3.71192		6.47162
3.71292		4.77255
3.71392		3.69314
3.71492		2.97351
3.71592		2.47477
3.71692		2.11857
3.71792		1.85852
3.71892		1.666
3.71992		1.52273
3.72092		1.41678
3.72192		1.34023
3.72292		1.28788
3.72392		1.25642
3.72492		1.24398
3.72592		1.24989
3.72692		1.27458
3.72792		1.31966
3.72892		1.3881
3.72992		1.48467
3.73092		1.61663
3.73192		1.79495
3.73292		2.03636
3.73392		2.36691
3.73492		2.82855
3.73592		3.49143
3.73692		4.47873
3.73792		6.01833
3.73892		8.55465
3.73992		12.977
3.74092		20.8734
3.74192		32.9518
3.74292		40.135
3.74392		31.462
3.74492		19.6947
3.74592		12.2859
3.74692		8.13836
3.74792		5.73954
3.74892		4.26796
3.74992		3.31315
3.75092		2.66334
3.75192		2.20325
3.75292		1.86665
3.75392		1.61364
3.75492		1.4191
3.75592		1.26668
3.75692		1.14536
3.75792		1.04751
3.75892		0.967722
3.75992		0.902099
3.76092		0.847754
3.76192		0.80253
3.76292		0.764785
3.76392		0.733259
3.76492		0.706972
3.76592		0.685159
3.76692		0.667214
3.76792		0.65266
3.76892		0.64112
3.76992		0.632295
3.77092		0.625955
3.77192		0.621921
3.77292		0.620062
3.77392		0.620288
3.77492		0.622545
3.77592		0.626812
3.77692		0.633102
3.77792		0.641458
3.77892		0.65196
3.77992		0.664721
3.78092		0.679895
3.78192		0.697681
3.78292		0.718329
3.78392		0.742154
3.78492		0.769544
3.78592		0.800982
3.78692		0.837066
3.78792		0.878544
3.78892		0.926354
3.78992		0.981684
3.79092		1.04605
3.79192		1.12143
3.79292		1.2104
3.79392		1.3164
3.79492		1.44411
3.79592		1.59999
3.79692		1.79322
3.79792		2.03712
3.79892		2.35166
3.79992		2.7678
3.80092		3.33546
3.80192		4.13894
3.80292		5.32799
3.80392		7.18388
3.80492		10.2617
3.80592		15.6604
3.80692		25.0944
3.80792		37.4689
3.80892		39.7619
3.80992		28.47
3.81092		18.1154
3.81192		12.1347
3.81292		8.90018
3.81392		7.14633
3.81492		6.23467
3.81592		5.86566
3.81692		5.9151
3.81792		6.36782
3.81892		7.30728
3.81992		8.95346
3.82092		11.7737
3.82192		16.7204
3.82292		25.4789
3.82392		38.6782
3.82492		46.7929
3.82592		40.3238
3.82692		33.6236
3.82792		35.1266
3.82892		43.4524
3.82992		45.6771
3.83092		33.837
3.83192		21.8457
3.83292		14.5915
3.83392		10.4893
3.83492		8.09583
3.83592		6.65424
3.83692		5.78939
3.83792		5.31596
3.83892		5.15057
3.83992		5.27672
3.84092		5.73975
3.84192		6.66888
3.84292		8.34139
3.84392		11.3302
3.84492		16.7804
3.84592		26.3973
3.84692		38.4307
3.84792		39.162
3.84892		27.2931
3.84992		17.0966
3.85092		11.1702
3.85192		7.82712
3.85292		5.84562
3.85392		4.60125
3.85492		3.77967
3.85592		3.21534
3.85692		2.81619
3.85792		2.52841
3.85892		2.31917
3.85992		2.16774
3.86092		2.06075
3.86192		1.98949
3.86292		1.94836
3.86392		1.93396
3.86492		1.94461
3.86592		1.98003
3.86692		2.0413
3.86792		2.13094
3.86892		2.25316
3.86992		2.41438
3.87092		2.62408
3.87192		2.89623
3.87292		3.25166
3.87392		3.72228
3.87492		4.35849
3.87592		5.24352
3.87692		6.52161
3.87792		8.45718
3.87892		11.5618
3.87992		16.8459
3.88092		26.0216
3.88192		39.2088
3.88292		45.5244
3.88392		37.2112
3.88492		28.8216
3.88592		26.7184
3.88692		31.0864
3.88792		42.6769
3.88892		57.8643
3.88992		63.4505
3.89092		62.7079
3.89192		54.6179
3.89292		37.484
3.89392		23.9842
3.89492		16.018
3.89592		11.3694
3.89692		8.50788
3.89792		6.64137
3.89892		5.36141
3.89992		4.44694
3.90092		3.77144
3.90192		3.25876
3.90292		2.86091
3.90392		2.54653
3.90492		2.29439
3.90592		2.08975
3.90692		1.9221
3.90792		1.7838
3.90892		1.66921
3.90992		1.57409
3.91092		1.49524
3.91192		1.43019
3.91292		1.37706
3.91392		1.33443
3.91492		1.3012
3.91592		1.27659
3.91692		1.26003
3.91792		1.2512
3.91892		1.24996
3.91992		1.25636
3.92092		1.27066
3.92192		1.29333
3.92292		1.32511
3.92392		1.36702
3.92492		1.42049
3.92592		1.48742
3.92692		1.57037
3.92792		1.67281
3.92892		1.79948
3.92992		1.95691
3.93092		2.15438
3.93192		2.40526
3.93292		2.72949
3.93392		3.15771
3.93492		3.73892
3.93592		4.55512
3.93692		5.75069
3.93792		7.59452
3.93892		10.6139
3.93992		15.8547
3.94092		25.0224
3.94192		37.6286
3.94292		41.5649
3.94392		31.1063
3.94492		20.7896
3.94592		15.076
3.94692		12.5199
3.94792		11.971
3.94892		13.0875
3.94992		16.2157
3.95092		22.5208
3.95192		33.8023
3.95292		47.7243
3.95392		50.7856
3.95492		46.105
3.95592		48.2227
3.95692		50.532
3.95792		39.3633
3.95892		25.4885
3.95992		16.5989
3.96092		11.483
3.96192		8.43156
3.96292		6.50088
3.96392		5.2113
3.96492		4.31066
3.96592		3.65889
3.96692		3.17389
3.96792		2.80522
3.96892		2.5206
3.96992		2.2987
3.97092		2.12504
3.97192		1.98963
3.97292		1.88551
3.97392		1.80785
3.97492		1.75344
3.97592		1.72029
3.97692		1.70752
3.97792		1.71524
3.97892		1.74461
3.97992		1.79803
3.98092		1.87944
3.98192		1.99494
3.98292		2.15369
3.98392		2.36955
3.98492		2.66382
3.98592		3.07014
3.98692		3.64365
3.98792		4.47867
3.98892		5.74511
3.98992		7.76611
3.99092		11.1843
3.99192		17.2517
3.99292		27.6345
3.99392		39.3211
3.99492		37.886
3.99592		25.768
3.99692		16.3562
3.99792		11.0623
3.99892		8.18392
3.99992		6.614
4.00092		5.81113
4.00192		5.53202
4.00292		5.69836
4.00392		6.35535
4.00492		7.69535
4.00592		10.1625
4.00692		14.6863
4.00792		22.8953
4.00892		35.0657
4.00992		40.794
4.01092		31.0344
4.01192		19.5686
4.01292		12.5357
4.01392		8.60261
4.01492		6.3247
4.01592		4.93346
4.01692		4.04542
4.01792		3.46293
4.01892		3.07951
4.01992		2.83594
4.02092		2.69959
4.02192		2.65439
4.02292		2.69637
4.02392		2.83267
4.02492		3.08356
4.02592		3.48827
4.02692		4.11767
4.02792		5.10061
4.02892		6.68005
4.02992		9.33456
4.03092		14.022
4.03192		22.3908
4.03292		34.6466
4.03392		40.182
4.03492		30.3006
4.03592		18.9121
4.03692		11.949
4.03792		8.04718
4.03892		5.77371
4.03992		4.36797
4.04092		3.44957
4.04192		2.82114
4.04292		2.37457
4.04392		2.04742
4.04492		1.80186
4.04592		1.61407
4.04692		1.46849
4.04792		1.35464
4.04892		1.26537
4.04992		1.19565
4.05092		1.14195
4.05192		1.1018
4.05292		1.07349
4.05392		1.05593
4.05492		1.04851
4.05592		1.05107
4.05692		1.06389
4.05792		1.0877
4.05892		1.12375
4.05992		1.17395
4.06092		1.24109
4.06192		1.32913
4.06292		1.44373
4.06392		1.59306
4.06492		1.78914
4.06592		2.05007
4.06692		2.40397
4.06792		2.89611
4.06892		3.6026
4.06992		4.65787
4.07092		6.31252
4.07192		9.0584
4.07292		13.8769
4.07392		22.4333
4.07492		34.7513
4.07592		39.7728
4.07692		29.5922
4.07792		18.355
4.07892		11.5433
4.07992		7.72964
4.08092		5.50662
4.08192		4.13173
4.08292		3.23351
4.08392		2.6189
4.08492		2.18196
4.08592		1.86138
4.08692		1.61997
4.08792		1.43423
4.08892		1.28873
4.08992		1.17308
4.09092		1.08004
4.09192		1.00449
4.09292		0.942695
4.09392		0.891914
4.09492		0.850089
4.09592		0.815659
4.09692		0.787425
4.09792		0.76446
4.09892		0.746044
4.09992		0.731616
4.10092		0.720737
4.10192		0.71307
4.10292		0.708358
4.10392		0.706414
4.10492		0.707106
4.10592		0.710356
4.10692		0.716131
4.10792		0.724442
4.10892		0.735346
4.10992		0.748943
4.11092		0.76538
4.11192		0.784858
4.11292		0.807636
4.11392		0.834042
4.11492		0.864484
4.11592		0.899471
4.11692		0.939633
4.11792		0.985751
4.11892		1.0388
4.11992		1.10001
4.12092		1.17092
4.12192		1.25352
4.12292		1.35039
4.12392		1.46489
4.12492		1.60154
4.12592		1.76645
4.12692		1.96813
4.12792		2.21865
4.12892		2.53567
4.12992		2.94582
4.13092		3.49076
4.13192		4.23855
4.13292		5.30585
4.13392		6.904
4.13492		9.43776
4.13592		13.7113
4.13692		21.2192
4.13792		33.248
4.13892		43.2172
4.13992		37.7895
4.14092		26.9787
4.14192		21.0393
4.14292		20.2306
4.14392		24.3038
4.14492		33.841
4.14592		43.5233
4.14692		38.7341
4.14792		26.0703
4.14892		17.1457
4.14992		12.1942
4.15092		9.53057
4.15192		8.16493
4.15292		7.64603
4.15392		7.82817
4.15492		8.79069
4.15592		10.886
4.15692		14.9342
4.15792		22.4721
4.15892		34.3139
4.15992		41.8408
4.16092		33.4998
4.16192		21.5877
4.16292		14.0233
4.16392		9.80819
4.16492		7.40713
4.16592		5.98103
4.16692		5.11319
4.16792		4.59272
4.16892		4.31036
4.16992		4.211
4.17092		4.27241
4.17192		4.49687
4.17292		4.91096
4.17392		5.57305
4.17492		6.59246
4.17592		8.1709
4.17692		10.6919
4.17792		14.9111
4.17892		22.2783
4.17992		34.6523
4.18092		48.6239
4.18192		50.6733
4.18292		47.1826
4.18392		50.3705
4.18492		49.1496
4.18592		35.4863
4.18692		22.7518
4.18792		15.0771
4.18892		10.6639
4.18992		8.0079
4.19092		6.31786
4.19192		5.19049
4.19292		4.41124
4.19392		3.85977
4.19492		3.46535
4.19592		3.18492
4.19692		2.99182
4.19792		2.86972
4.19892		2.80948
4.19992		2.80743
4.20092		2.86494
4.20192		2.98875
4.20292		3.19255
4.20392		3.5002
4.20492		3.95189
4.20592		4.61621
4.20692		5.61426
4.20792		7.17026
4.20892		9.72075
4.20992		14.1389
4.21092		21.9969
4.21192		34.1215
4.21292		41.8685
4.21392		33.7545
4.21492		22.1391
4.21592		14.9176
4.21692		11.1088
4.21792		9.21832
4.21892		8.46877
4.21992		8.54163
4.22092		9.39402
4.22192		11.2223
4.22292		14.559
4.22392		20.5436
4.22492		31.2388
4.22592		47.7772
4.22692		61.2717
4.22792		63.4948
4.22892		59.2137
4.22992		43.507
4.23092		27.7683
4.23192		18.0328
4.23292		12.4404
4.23392		9.09327
4.23492		6.96925
4.23592		5.54793
4.23692		4.55396
4.23792		3.83351
4.23892		3.29601
4.23992		2.88558
4.24092		2.56638
4.24192		2.31462
4.24292		2.11406
4.24392		1.95337
4.24492		1.82452
4.24592		1.72173
4.24692		1.64089
4.24792		1.57906
4.24892		1.53428
4.24992		1.50534
4.25092		1.49175
4.25192		1.49367
4.25292		1.51199
4.25392		1.54842
4.25492		1.60575
4.25592		1.68816
4.25692		1.80185
4.25792		1.95599
4.25892		2.16428
4.25992		2.44769
4.26092		2.83931
4.26192		3.39328
4.26292		4.2022
4.26392		5.43285
4.26492		7.40223
4.26592		10.7407
4.26692		16.6804
4.26792		26.8999
4.26892		38.6488
4.26992		37.5887
4.27092		25.439
4.27192		15.7975
4.27292		10.2807
4.27392		7.17611
4.27492		5.34098
4.27592		4.19686
4.27692		3.45219
4.27792		2.9533
4.27892		2.6151
4.27992		2.38864
4.28092		2.24525
4.28192		2.16855
4.28292		2.1504
4.28392		2.18901
4.28492		2.28856
4.28592		2.46012
4.28692		2.72427
4.28792		3.11638
4.28892		3.69712
4.28992		4.5733
4.29092		5.94147
4.29192		8.1818
4.29292		12.0556
4.29392		18.9973
4.29492		30.3644
4.29592		40.1857
4.29692		34.5732
4.29792		22.2871
4.29892		13.8956
4.29992		9.17755
4.30092		6.48499
4.30192		4.86072
4.30292		3.82563
4.30392		3.1353
4.30492		2.65856
4.30592		2.32122
4.30692		2.07935
4.30792		1.90601
4.30892		1.78429
4.30992		1.70355
4.31092		1.65733
4.31192		1.64219
4.31292		1.65716
4.31392		1.70355
4.31492		1.7852
4.31592		1.90912
4.31692		2.08676
4.31792		2.33631
4.31892		2.68687
4.31992		3.18615
4.32092		3.91533
4.32192		5.01919
4.32292		6.76995
4.32392		9.70501
4.32492		14.8919
4.32592		24.0367
4.32692		36.3578
4.32792		39.2693
4.32892		28.1026
4.32992		17.4013
4.33092		11.0769
4.33192		7.52944
4.33292		5.44714
4.33392		4.15082
4.33492		3.29984
4.33592		2.71599
4.33692		2.3008
4.33792		1.99695
4.33892		1.76948
4.33992		1.59623
4.34092		1.46262
4.34192		1.35882
4.34292		1.27802
4.34392		1.21542
4.34492		1.16758
4.34592		1.13203
4.34692		1.10698
4.34792		1.09117
4.34892		1.08371
4.34992		1.08406
4.35092		1.09193
4.35192		1.10728
4.35292		1.1303
4.35392		1.16142
4.35492		1.20134
4.35592		1.25104
4.35692		1.3119
4.35792		1.38575
4.35892		1.47503
4.35992		1.58301
4.36092		1.7141
4.36192		1.87428
4.36292		2.07191
4.36392		2.31881
4.36492		2.63218
4.36592		3.03779
4.36692		3.57565
4.36792		4.31048
4.36892		5.35205
4.36992		6.89685
4.37092		9.31703
4.37192		13.3481
4.37292		20.3897
4.37392		32.024
4.37492		43.6406
4.37592		41.0039
4.37692		30.9033
4.37792		25.8839
4.37892		27.665
4.37992		36.0423
4.38092		44.9265
4.38192		39.4993
4.38292		26.6524
4.38392		17.7302
4.38492		12.8437
4.38592		10.3192
4.38692		9.21202
4.38792		9.15615
4.38892		10.1768
4.38992		12.7101
4.39092		17.82
4.39192		27.1686
4.39292		39.0584
4.39392		39.8248
4.39492		27.8988
4.39592		17.5856
4.39692		11.5699
4.39792		8.16566
4.39892		6.14179
4.39992		4.86821
4.40092		4.02764
4.40192		3.4531
4.40292		3.05206
4.40392		2.77095
4.40492		2.57785
4.40592		2.45375
4.40692		2.38797
4.40792		2.37584
4.40892		2.41788
4.40992		2.51987
4.41092		2.69424
4.41192		2.9629
4.41292		3.36302
4.41392		3.95802
4.41492		4.85971
4.41592		6.27448
4.41692		8.60285
4.41792		12.6473
4.41892		19.8969
4.41992		31.5368
4.42092		40.5678
4.42192		33.8295
4.42292		21.6683
4.42392		13.6176
4.42492		9.10283
4.42592		6.51634
4.42692		4.94871
4.42792		3.94525
4.42892		3.27311
4.42992		2.80668
4.43092		2.47446
4.43192		2.2338
4.43292		2.0582
4.43392		1.93064
4.43492		1.83995
4.43592		1.7787
4.43692		1.74193
4.43792		1.72648
4.43892		1.73043
4.43992		1.75297
4.44092		1.79414
4.44192		1.85492
4.44292		1.93719
4.44392		2.04401
4.44492		2.17983
4.44592		2.35108
4.44692		2.56693
4.44792		2.84068
4.44892		3.19193
4.44992		3.65044
4.45092		4.26301
4.45192		5.10641
4.45292		6.31306
4.45392		8.12439
4.45492		11.0056
4.45592		15.8788
4.45692		24.3753
4.45792		37.1852
4.45892		45.072
4.45992		37.5257
4.46092		27.7573
4.46192		23.4112
4.46292		24.1784
4.46392		30.2231
4.46492		43.6937
4.46592		65.6442
4.46692		80.9246
4.46792		67.8495
4.46892		44.2051
4.46992		28.0045
4.47092		18.8336
4.47192		13.5853
4.47292		10.4308
4.47392		8.45085
4.47492		7.17773
4.47592		6.36377
4.47692		5.87489
4.47792		5.64106
4.47892		5.63354
4.47992		5.85663
4.48092		6.34947
4.48192		7.19926
4.48292		8.57292
4.48392		10.7863
4.48492		14.4539
4.48592		20.7934
4.48692		31.9687
4.48792		49.2147
4.48892		63.6157
4.48992		66.0511
4.49092		58.4431
4.49192		40.663
4.49292		25.8142
4.49392		17.0039
4.49492		11.9312
4.49592		8.86403
4.49692		6.89996
4.49792		5.57778
4.49892		4.6508
4.49992		3.97976
4.50092		3.48196
4.50192		3.10618
4.50292		2.81948
4.50392		2.60017
4.50492		2.43367
4.50592		2.3102
4.50692		2.22328
4.50792		2.16898
4.50892		2.14541
4.50992		2.15257
4.51092		2.19241
4.51192		2.26922
4.51292		2.3904
4.51392		2.56774
4.51492		2.81991
4.51592		3.17665
4.51692		3.6867
4.51792		4.43308
4.51892		5.56401
4.51992		7.35862
4.52092		10.3685
4.52192		15.6872
4.52292		25.0269
4.52392		37.3366
4.52492		39.6509
4.52592		28.2987
4.52692		17.8061
4.52792		11.6703
4.52892		8.26006
4.52992		6.29366
4.53092		5.11224
4.53192		4.38777
4.53292		3.952
4.53392		3.7168
4.53492		3.63795
4.53592		3.69895
4.53692		3.90535
4.53792		4.28641
4.53892		4.90498
4.53992		5.88126
4.54092		7.44502
4.54192		10.0499
4.54292		14.6062
4.54392		22.7237
4.54492		34.9697
4.54592		41.7838
4.54692		32.868
4.54792		21.4152
4.54892		14.4058
4.54992		10.6657
4.55092		8.73191
4.55192		7.84043
4.55292		7.64959
4.55392		8.0478
4.55492		9.08352
4.55592		10.9786
4.55692		14.2323
4.55792		19.8805
4.55892		29.9949
4.55992		47.7489
4.56092		71.0948
4.56192		77.901
4.56292		58.2595
4.56392		36.736
4.56492		23.5267
4.56592		16.1515
4.56692		11.9197
4.56792		9.3965
4.56892		7.87338
4.56992		7.00014
4.57092		6.6139
4.57192		6.66965
4.57292		7.22718
4.57392		8.48772
4.57492		10.9063
4.57592		15.4316
4.57692		23.7059
4.57792		35.8443
4.57892		41.0262
4.57992		30.9039
4.58092		19.4971
4.58192		12.5296
4.58292		8.60531
4.58392		6.30095
4.58492		4.86278
4.58592		3.91338
4.58692		3.25643
4.58792		2.78408
4.58892		2.43382
4.58992		2.16765
4.59092		1.96147
4.59192		1.79949
4.59292		1.67101
4.59392		1.56863
4.59492		1.48711
4.59592		1.42272
4.59692		1.37275
4.59792		1.33527
4.59892		1.30894
4.59992		1.29283
4.60092		1.28644
4.60192		1.28956
4.60292		1.3023
4.60392		1.32509
4.60492		1.35871
4.60592		1.40431
4.60692		1.46354
4.60792		1.53866
4.60892		1.63273
4.60992		1.74989
4.61092		1.89581
4.61192		2.07835
4.61292		2.30858
4.61392		2.60244
4.61492		2.98352
4.61592		3.48788
4.61692		4.17269
4.61792		5.13271
4.61892		6.53316
4.61992		8.67852
4.62092		12.1597
4.62192		18.1351
4.62292		28.4465
4.62392		42.3913
4.62492		47.6228
4.62592		41.0471
4.62692		38.851
4.62792		44.9098
4.62892		47.0423
4.62992		35.181
4.63092		22.5411
4.63192		14.7669
4.63292		10.327
4.63392		7.69016
4.63492		6.03908
4.63592		4.96029
4.63692		4.23709
4.63792		3.75088
4.63892		3.43501
4.63992		3.25292
4.64092		3.18765
4.64192		3.2377
4.64292		3.41721
4.64392		3.76072
4.64492		4.3349
4.64592		5.26394
4.64692		6.78389
4.64792		9.36101
4.64892		13.9306
4.64992		22.1233
4.65092		34.3109
4.65192		40.3419
4.65292		30.7807
4.65392		19.2498
4.65492		12.1351
4.65592		8.14336
4.65692		5.8166
4.65792		4.37598
4.65892		3.43203
4.65992		2.78295
4.66092		2.31834
4.66192		1.97447
4.66292		1.71275
4.66392		1.50881
4.66492		1.34667
4.66592		1.21556
4.66692		1.10795
4.66792		1.01851
4.66892		0.943351
4.66992		0.879586
4.67092		0.825043
4.67192		0.778056
4.67292		0.737334
4.67392		0.701861
4.67492		0.670832
4.67592		0.643601
4.67692		0.619644
4.67792		0.598535
4.67892		0.579927
4.67992		0.56353
4.68092		0.549106
4.68192		0.536458
4.68292		0.525421
4.68392		0.515859
4.68492		0.507659
4.68592		0.500727
4.68692		0.494989
4.68792		0.490385
4.68892		0.486868
4.68992		0.484405
4.69092		0.482973
4.69192		0.482561
4.69292		0.48317
4.69392		0.48481
4.69492		0.487503
4.69592		0.491281
4.69692		0.496191
4.69792		0.502291
4.69892		0.509657
4.69992		0.518379
4.70092		0.52857
4.70192		0.540363
4.70292		0.55392
4.70392		0.569436
4.70492		0.587145
4.70592		0.607328
4.70692		0.630326
4.70792		0.656554
4.70892		0.686521
4.70992		0.720854
4.71092		0.760331
4.71192		0.80593
4.71292		0.858892
4.71392		0.92081
4.71492		0.993754
4.71592		1.08046
4.71692		1.1846
4.71792		1.31118
4.71892		1.46722
4.71992		1.66272
4.72092		1.91239
4.72192		2.23848
4.72292		2.67593
4.72392		3.28182
4.72492		4.15396
4.72592		5.46889
4.72692		7.56346
4.72792		11.1086
4.72892		17.4027
4.72992		28.0642
4.73092		39.3984
4.73192		36.8655
4.73292		24.6275
4.73392		15.4715
4.73492		10.3188
4.73592		7.46434
4.73692		5.83348
4.73792		4.89035
4.73892		4.37177
4.73992		4.14994
4.74092		4.17165
4.74192		4.43499
4.74292		4.9883
4.74392		5.95032
4.74492		7.56516
4.74592		10.3274
4.74692		15.2329
4.74792		23.9582
4.74892		36.388
4.74992		41.1495
4.75092		30.9569
4.75192		20.1168
4.75292		13.8242
4.75392		10.6732
4.75492		9.38601
4.75592		9.43656
4.75692		10.8537
4.75792		14.2364
4.75892		20.9514
4.75992		32.1859
4.76092		41.2496
4.76192		34.6871
4.76292		22.3264
4.76392		14.039
4.76492		9.35342
4.76592		6.64291
4.76692		4.97846
4.76792		3.8945
4.76892		3.15212
4.76992		2.62205
4.77092		2.23038
4.77192		1.93264
4.77292		1.70093
4.77392		1.51703
4.77492		1.36864
4.77592		1.24725
4.77692		1.14678
4.77792		1.06282
4.77892		0.992088
4.77992		0.932128
4.78092		0.881047
4.78192		0.837383
4.78292		0.79999
4.78392		0.767959
4.78492		0.74057
4.78592		0.717244
4.78692		0.697516
4.78792		0.681014
4.78892		0.667439
4.78992		0.656554
4.79092		0.648175
4.79192		0.642163
4.79292		0.638419
4.79392		0.636882
4.79492		0.637522
4.79592		0.640346
4.79692		0.645393
4.79792		0.652736
4.79892		0.662487
4.79992		0.6748
4.80092		0.689875
4.80192		0.707969
4.80292		0.729405
4.80392		0.754585
4.80492		0.784012
4.80592		0.818312
4.80692		0.85827
4.80792		0.904875
4.80892		0.959386
4.80992		1.02342
4.81092		1.09906
4.81192		1.18909
4.81292		1.29719
4.81392		1.42841
4.81492		1.58975
4.81592		1.79118
4.81692		2.04729
4.81792		2.38004
4.81892		2.82376
4.81992		3.43426
4.82092		4.3067
4.82192		5.61197
4.82292		7.67466
4.82392		11.1396
4.82492		17.2623
4.82592		27.7087
4.82692		39.441
4.82792		38.0287
4.82892		25.9916
4.82992		16.702
4.83092		11.5599
4.83192		8.88092
4.83292		7.58939
4.83392		7.19718
4.83492		7.55821
4.83592		8.78353
4.83692		11.3052
4.83792		16.1023
4.83892		24.8371
4.83992		37.1069
4.84092		40.9848
4.84192		30.2589
4.84292		19.3831
4.84392		12.9757
4.84492		9.51844
4.84592		7.67943
4.84692		6.79173
4.84792		6.57026
4.84892		6.95301
4.84992		8.06643
4.85092		10.2974
4.85192		14.5027
4.85292		22.2512
4.85392		34.2123
4.85492		41.2142
4.85592		32.3995
4.85692		20.6034
4.85792		13.1915
4.85892		9.04803
4.85992		6.66448
4.86092		5.22341
4.86192		4.31792
4.86292		3.74031
4.86392		3.3808
4.86492		3.18114
4.86592		3.1132
4.86692		3.16976
4.86792		3.36242
4.86892		3.72527
4.86992		4.32672
4.87092		5.29572
4.87192		6.87899
4.87292		9.56561
4.87392		14.3352
4.87492		22.8516
4.87592		35.1338
4.87692		40.115
4.87792		29.9031
4.87892		18.6464
4.87992		11.819
4.88092		7.99192
4.88192		5.75793
4.88292		4.3747
4.88392		3.47081
4.88492		2.85325
4.88592		2.41617
4.88692		2.09839
4.88792		1.86295
4.88892		1.68661
4.88992		1.5544
4.89092		1.45643
4.89192		1.38621
4.89292		1.33953
4.89392		1.31389
4.89492		1.30817
4.89592		1.32247
4.89692		1.35811
4.89792		1.41787
4.89892		1.50632
4.89992		1.63054
4.90092		1.80132
4.90192		2.03514
4.90292		2.35776
4.90392		2.81061
4.90492		3.463
4.90592		4.43648
4.90692		5.95576
4.90792		8.45862
4.90892		12.8213
4.90992		20.6182
4.91092		32.64
4.91192		40.1136
4.91292		31.6954
4.91392		19.8563
4.91492		12.3517
4.91592		8.14815
4.91692		5.71814
4.91792		4.22782
4.91892		3.26055
4.91992		2.60158
4.92092		2.13416
4.92192		1.79127
4.92292		1.53258
4.92392		1.33273
4.92492		1.17517
4.92592		1.0488
4.92692		0.945911
4.92792		0.861048
4.92892		0.790258
4.92992		0.730624
4.93092		0.679953
4.93192		0.636577
4.93292		0.599203
4.93392		0.566823
4.93492		0.53864
4.93592		0.514015
4.93692		0.492436
4.93792		0.473487
4.93892		0.456827
4.93992		0.442178
4.94092		0.429308
4.94192		0.418027
4.94292		0.408178
4.94392		0.399629
4.94492		0.392273
4.94592		0.38602
4.94692		0.3808
4.94792		0.376554
4.94892		0.373239
4.94992		0.370823
4.95092		0.369283
4.95192		0.368609
4.95292		0.3688
4.95392		0.369865
4.95492		0.371825
4.95592		0.37471
4.95692		0.378563
4.95792		0.38344
4.95892		0.38941
4.95992		0.396562
4.96092		0.405002
4.96192		0.414859
4.96292		0.42629
4.96392		0.439485
4.96492		0.454674
4.96592		0.472137
4.96692		0.492212
4.96792		0.515319
4.96892		0.541971
4.96992		0.57281
4.97092		0.608639
4.97192		0.650476
4.97292		0.699623
4.97392		0.75777
4.97492		0.827133
4.97592		0.910671
4.97692		1.01239
4.97792		1.13785
4.97892		1.29487
4.97992		1.4948
4.98092		1.75451
4.98192		2.09996
4.98292		2.57252
4.98392		3.24107
4.98492		4.22599
4.98592		5.7493
4.98692		8.2429
4.98792		12.5711
4.98892		20.2958
4.98992		32.2804
4.99092		40.036
4.99192		31.8811
4.99292		19.9958
4.99392		12.419
4.99492		8.18021
4.99592		5.73857
4.99692		4.24863
4.99792		3.28802
4.99892		2.63934
4.99992		2.18459
5.00092		1.8562
5.00192		1.61359
5.00292		1.43139
5.00392		1.29316
5.00492		1.18798
5.00592		1.10842
5.00692		1.04938
5.00792		1.00738
5.00892		0.980071
5.00992		0.965976
5.01092		0.964337
5.01192		0.975024
5.01292		0.998517
5.01392		1.03596
5.01492		1.0893
5.01592		1.16148
5.01692		1.25682
5.01792		1.38161
5.01892		1.54504
5.01992		1.76078
5.02092		2.04971
5.02192		2.44463
5.02292		2.99914
5.02392		3.80483
5.02492		5.0264
5.02592		6.9766
5.02692		10.277
5.02792		16.1446
5.02892		26.2674
5.02992		38.0965
5.03092		37.3814
5.03192		25.273
5.03292		15.5247
5.03392		9.92677
5.03492		6.76843
5.03592		4.89196
5.03692		3.70996
5.03792		2.92603
5.03892		2.38338
5.03992		1.99439
5.04092		1.70752
5.04192		1.49109
5.04292		1.3248
5.04392		1.19526
5.04492		1.09334
5.04592		1.0127
5.04692		0.948829
5.04792		0.898473
5.04892		0.85927
5.04992		0.829494
5.05092		0.807895
5.05192		0.793588
5.05292		0.785978
5.05392		0.784718
5.05492		0.789675
5.05592		0.800928
5.05692		0.818763
5.05792		0.843699
5.05892		0.876524
5.05992		0.918358
5.06092		0.970739
5.06192		1.03577
5.06292		1.11631
5.06392		1.21629
5.06492		1.34121
5.06592		1.49884
5.06692		1.70045
5.06792		1.96284
5.06892		2.31181
5.06992		2.78844
5.07092		3.46107
5.07192		4.44889
5.07292		5.97146
5.07392		8.45534
5.07492		12.754
5.07592		20.4175
5.07692		32.3743
5.07792		40.4023
5.07892		32.5204
5.07992		20.6207
5.08092		13.0093
5.08192		8.77979
5.08292		6.38109
5.08392		4.95979
5.08492		4.09215
5.08592		3.56397
5.08692		3.2642
5.08792		3.13664
5.08892		3.15842
5.08992		3.33191
5.09092		3.68547
5.09192		4.28356
5.09292		5.25181
5.09392		6.83305
5.09492		9.51007
5.09592		14.2514
5.09692		22.7135
5.09792		35.0048
5.09892		40.2728
5.09992		30.2429
5.10092		18.9593
5.10192		12.1109
5.10292		8.29999
5.10392		6.10912
5.10492		4.79022
5.10592		3.97154
5.10692		3.46338
5.10792		3.1665
5.10892		3.03024
5.10992		3.03389
5.11092		3.17963
5.11192		3.49329
5.11292		4.0333
5.11392		4.91296
5.11492		6.34961
5.11592		8.77252
5.11692		13.0456
5.11792		20.7311
5.11892		32.6764
5.11992		40.3346
5.12092		32.0893
5.12192		20.1796
5.12292		12.5869
5.12392		8.32711
5.12492		5.86171
5.12592		4.34712
5.12692		3.36179
5.12792		2.68853
5.12892		2.20931
5.12992		1.85638
5.13092		1.58897
5.13192		1.38142
5.13292		1.21699
5.13392		1.08443
5.13492		0.97592
5.13592		0.885914
5.13692		0.81039
5.13792		0.74637
5.13892		0.691615
5.13992		0.64441
5.14092		0.603428
5.14192		0.567628
5.14292		0.536182
5.14392		0.508427
5.14492		0.483825
5.14592		0.461939
5.14692		0.442407
5.14792		0.424929
5.14892		0.409258
5.14992		0.395182
5.15092		0.382525
5.15192		0.371139
5.15292		0.360895
5.15392		0.351685
5.15492		0.343417
5.15592		0.33601
5.15692		0.329398
5.15792		0.323522
5.15892		0.318332
5.15992		0.313786
5.16092		0.309848
5.16192		0.306489
5.16292		0.303683
5.16392		0.301412
5.16492		0.299659
5.16592		0.298414
5.16692		0.29767
5.16792		0.297424
5.16892		0.297675
5.16992		0.29843
5.17092		0.299695
5.17192		0.301484
5.17292		0.303814
5.17392		0.306706
5.17492		0.310186
5.17592		0.314286
5.17692		0.319044
5.17792		0.324506
5.17892		0.330725
5.17992		0.337761
5.18092		0.345687
5.18192		0.354588
5.18292		0.364562
5.18392		0.375725
5.18492		0.388211
5.18592		0.40218
5.18692		0.41782
5.18792		0.435356
5.18892		0.455052
5.18992		0.47723
5.19092		0.502275
5.19192		0.53066
5.19292		0.56296
5.19392		0.599889
5.19492		0.64234
5.19592		0.691439
5.19692		0.748622
5.19792		0.815749
5.19892		0.895261
5.19992		0.99041
5.20092		1.10561
5.20192		1.24697
5.20292		1.42313
5.20392		1.64665
5.20492		1.93631
5.20592		2.32112
5.20692		2.84772
5.20792		3.59442
5.20892		4.69958
5.20992		6.42142
5.21092		9.26711
5.21192		14.2469
5.21292		23.044
5.21392		35.4397
5.21492		39.8435
5.21592		29.3738
5.21692		18.3925
5.21792		11.8474
5.21892		8.24898
5.21992		6.22887
5.22092		5.07736
5.22192		4.45018
5.22292		4.18493
5.22392		4.21901
5.22492		4.56025
5.22592		5.29054
5.22692		6.60473
5.22792		8.91102
5.22892		13.0465
5.22992		20.547
5.23092		32.3681
5.23192		40.4231
5.23292		32.576
5.23392		20.557
5.23492		12.8094
5.23592		8.45774
5.23692		5.94124
5.23792		4.39669
5.23892		3.39253
5.23992		2.7067
5.24092		2.21866
5.24192		1.85934
5.24292		1.58716
5.24392		1.37599
5.24492		1.20879
5.24592		1.07408
5.24692		0.963911
5.24792		0.872626
5.24892		0.796125
5.24992		0.731371
5.25092		0.676076
5.25192		0.628493
5.25292		0.587263
5.25392		0.551321
5.25492		0.519822
5.25592		0.492085
5.25692		0.467561
5.25792		0.445799
5.25892		0.42643
5.25992		0.409146
5.26092		0.393689
5.26192		0.379846
5.26292		0.367433
5.26392		0.356297
5.26492		0.346305
5.26592		0.337346
5.26692		0.329322
5.26792		0.322151
5.26892		0.315761
5.26992		0.310091
5.27092		0.305086
5.27192		0.300702
5.27292		0.296897
5.27392		0.29364
5.27492		0.2909
5.27592		0.288653
5.27692		0.286878
5.27792		0.285559
5.27892		0.284682
5.27992		0.284237
5.28092		0.284216
5.28192		0.284614
5.28292		0.28543
5.28392		0.286664
5.28492		0.288318
5.28592		0.290399
5.28692		0.292915
5.28792		0.295877
5.28892		0.299299
5.28992		0.303198
5.29092		0.307594
5.29192		0.312511
5.29292		0.317975
5.29392		0.324018
5.29492		0.330676
5.29592		0.337989
5.29692		0.346004
5.29792		0.354775
5.29892		0.36436
5.29992		0.374827
5.30092		0.386255
5.30192		0.39873
5.30292		0.412354
5.30392		0.42724
5.30492		0.443521
5.30592		0.461345
5.30692		0.480888
5.30792		0.50235
5.30892		0.525963
5.30992		0.552001
5.31092		0.580781
5.31192		0.612679
5.31292		0.64814
5.31392		0.687693
5.31492		0.731974
5.31592		0.78175
5.31692		0.837957
5.31792		0.901745
5.31892		0.974537
5.31992		1.05812
5.32092		1.15476
5.32192		1.26736
5.32292		1.3997
5.32392		1.55681
5.32492		1.74543
5.32592		1.97488
5.32692		2.25825
5.32792		2.61452
5.32892		3.07205
5.32992		3.67479
5.33092		4.49383
5.33192		5.64989
5.33292		7.35971
5.33392		10.0351
5.33492		14.4895
5.33592		22.2331
5.33692		34.6174
5.33792		45.2791
5.33892		40.8923
5.33992		31.4735
5.34092		27.8879
5.34192		31.2966
5.34292		42.1271
5.34392		56.2517
5.34492		60.3189
5.34592		59.5551
5.34692		55.7268
5.34792		40.476
5.34892		25.8855
5.34992		16.9442
5.35092		11.7614
5.35192		8.61587
5.35292		6.59017
5.35392		5.21472
5.35492		4.23892
5.35592		3.52135
5.35692		2.97788
5.35792		2.55604
5.35892		2.2218
5.35992		1.95228
5.36092		1.73167
5.36192		1.54872
5.36292		1.39525
5.36392		1.26523
5.36492		1.15408
5.36592		1.05831
5.36692		0.975198
5.36792		0.902614
5.36892		0.838854
5.36992		0.782553
5.37092		0.732601
5.37192		0.688089
5.37292		0.648269
5.37392		0.612517
5.37492		0.580314
5.37592		0.55122
5.37692		0.524864
5.37792		0.500931
5.37892		0.479148
5.37992		0.459286
5.38092		0.441142
5.38192		0.424543
5.38292		0.409339
5.38392		0.395397
5.38492		0.382603
5.38592		0.370855
5.38692		0.360066
5.38792		0.350157
5.38892		0.341058
5.38992		0.33271
5.39092		0.325059
5.39192		0.318057
5.39292		0.311663
5.39392		0.30584
5.39492		0.300555
5.39592		0.29578
5.39692		0.291492
5.39792		0.287668
5.39892		0.284291
5.39992		0.281346
5.40092		0.278821
5.40192		0.276705
5.40292		0.274993
5.40392		0.273679
5.40492		0.272763
5.40592		0.272244
5.40692		0.272126
5.40792		0.272415
5.40892		0.27312
5.40992		0.274253
5.41092		0.275829
5.41192		0.277868
5.41292		0.280392
5.41392		0.283429
5.41492		0.287011
5.41592		0.291177
5.41692		0.29597
5.41792		0.301445
5.41892		0.307662
5.41992		0.314692
5.42092		0.322619
5.42192		0.331541
5.42292		0.341575
5.42392		0.352855
5.42492		0.365542
5.42592		0.37983
5.42692		0.395947
5.42792		0.414168
5.42892		0.434827
5.42992		0.458331
5.43092		0.48518
5.43192		0.515991
5.43292		0.551537
5.43392		0.592796
5.43492		0.64101
5.43592		0.697792
5.43692		0.765247
5.43792		0.846179
5.43892		0.944375
5.43992		1.06506
5.44092		1.21556
5.44192		1.40647
5.44292		1.65344
5.44392		1.9804
5.44492		2.42525
5.44592		3.05055
5.44692		3.96462
5.44792		5.36528
5.44892		7.6339
5.44992		11.5332
5.45092		18.4989
5.45192		29.8866
5.45292		39.7072
5.45392		34.0837
5.45492		21.8061
5.45592		13.4249
5.45692		8.71208
5.45792		6.02039
5.45892		4.39335
5.45992		3.3521
5.46092		2.6522
5.46192		2.16222
5.46292		1.80756
5.46392		1.54372
5.46492		1.34297
5.46592		1.18739
5.46692		1.065
5.46792		0.967574
5.46892		0.889319
5.46992		0.826073
5.47092		0.774789
5.47192		0.733205
5.47292		0.69962
5.47392		0.67274
5.47492		0.651579
5.47592		0.63538
5.47692		0.623566
5.47792		0.6157
5.47892		0.611459
5.47992		0.610616
5.48092		0.613026
5.48192		0.618612
5.48292		0.62737
5.48392		0.639354
5.48492		0.654688
5.48592		0.673561
5.48692		0.696237
5.48792		0.723067
5.48892		0.754497
5.48992		0.79109
5.49092		0.833556
5.49192		0.882777
5.49292		0.939862
5.49392		1.00621
5.49492		1.08357
5.49592		1.17423
5.49692		1.2811
5.49792		1.40799
5.49892		1.56
5.49992		1.74398
5.50092		1.96936
5.50192		2.24942
5.50292		2.60331
5.50392		3.05943
5.50492		3.66136
5.50592		4.47864
5.50692		5.62726
5.50792		7.31096
5.50892		9.90798
5.50992		14.155
5.51092		21.4747
5.51192		33.8689
5.51292		49.0436
5.51392		53.8766
5.51492		52.2881
5.51592		54.1365
5.51692		46.3367
5.51792		31.0357
5.51892		20.0071
5.51992		13.6864
5.52092		10.0824
5.52192		7.96646
5.52292		6.72285
5.52392		6.05289
5.52492		5.82563
5.52592		6.01923
5.52692		6.71552
5.52792		8.14556
5.52892		10.8168
5.52992		15.7714
5.53092		24.701
5.53192		36.8979
5.53292		39.8978
5.53392		28.7143
5.53492		17.8813
5.53592		11.4439
5.53692		7.81218
5.53792		5.66393
5.53892		4.31305
5.53992		3.41516
5.54092		2.78988
5.54192		2.33739
5.54292		1.99942
5.54392		1.74032
5.54492		1.53735
5.54592		1.37551
5.54692		1.24458
5.54792		1.1374
5.54892		1.04887
5.54992		0.975245
5.55092		0.913776
5.55192		0.862388
5.55292		0.819514
5.55392		0.783966
5.55492		0.754845
5.55592		0.731477
5.55692		0.713379
5.55792		0.70022
5.55892		0.69181
5.55992		0.68809
5.56092		0.689126
5.56192		0.69512
5.56292		0.706423
5.56392		0.72356
5.56492		0.747266
5.56592		0.778545
5.56692		0.818743
5.56792		0.869674
5.56892		0.93378
5.56992		1.01439
5.57092		1.11609
5.57192		1.24533
5.57292		1.41136
5.57392		1.62778
5.57492		1.91514
5.57592		2.30563
5.57692		2.85164
5.57792		3.64235
5.57892		4.83767
5.57992		6.74034
5.58092		9.95108
5.58192		15.651
5.58292		25.5444
5.58392		37.5515
5.58492		37.696
5.58592		25.7379
5.58692		15.7573
5.58792		9.99201
5.58892		6.74232
5.58992		4.81474
5.59092		3.60141
5.59192		2.79611
5.59292		2.23725
5.59392		1.83476
5.59492		1.53575
5.59592		1.30776
5.59692		1.12999
5.59792		0.988727
5.59892		0.87459
5.59992		0.781028
5.60092		0.703347
5.60192		0.638117
5.60292		0.582785
5.60392		0.535422
5.60492		0.494546
5.60592		0.459005
5.60692		0.427894
5.60792		0.400492
5.60892		0.376219
5.60992		0.354606
5.61092		0.335268
5.61192		0.317889
5.61292		0.302206
5.61392		0.287999
5.61492		0.275084
5.61592		0.263303
5.61692		0.252524
5.61792		0.242634
5.61892		0.233533
5.61992		0.225139
5.62092		0.217377
5.62192		0.210183
5.62292		0.203503
5.62392		0.197287
5.62492		0.191492
5.62592		0.18608
5.62692		0.181018
5.62792		0.176275
5.62892		0.171825
5.62992		0.167645
5.63092		0.163711
5.63192		0.160007
5.63292		0.156513
5.63392		0.153215
5.63492		0.150099
5.63592		0.147151
5.63692		0.14436
5.63792		0.141717
5.63892		0.13921
5.63992		0.136831
5.64092		0.134573
5.64192		0.132427
5.64292		0.130387
5.64392		0.128448
5.64492		0.126602
5.64592		0.124846
5.64692		0.123174
5.64792		0.121581
5.64892		0.120064
5.64992		0.118619
5.65092		0.117242
5.65192		0.11593
5.65292		0.114679
5.65392		0.113488
5.65492		0.112354
5.65592		0.111273
5.65692		0.110244
5.65792		0.109265
5.65892		0.108333
5.65992		0.107447
5.66092		0.106606
5.66192		0.105807
5.66292		0.105049
5.66392		0.104331
5.66492		0.103651
5.66592		0.103009
5.66692		0.102403
5.66792		0.101833
5.66892		0.101296
5.66992		0.100793
5.67092		0.100323
5.67192		0.0998844
5.67292		0.0994772
5.67392		0.0991007
5.67492		0.0987543
5.67592		0.0984374
5.67692		0.0981497
5.67792		0.0978907
5.67892		0.0976602
5.67992		0.0974578
5.68092		0.0972832
5.68192		0.0971363
5.68292		0.097017
5.68392		0.096925
5.68492		0.0968604
5.68592		0.0968231
5.68692		0.0968132
5.68792		0.0968307
5.68892		0.0968758
5.68992		0.0969486
5.69092		0.0970494
5.69192		0.0971783
5.69292		0.0973358
5.69392		0.0975222
5.69492		0.0977379
5.69592		0.0979834
5.69692		0.0982592
5.69792		0.0985659
5.69892		0.0989042
5.69992		0.0992748
5.70092		0.0996785
5.70192		0.100116
5.70292		0.100589
5.70392		0.101097
5.70492		0.101643
5.70592		0.102227
5.70692		0.10285
5.70792		0.103515
5.70892		0.104222
5.70992		0.104973
5.71092		0.10577
5.71192		0.106615
5.71292		0.10751
5.71392		0.108457
5.71492		0.109459
5.71592		0.110519
5.71692		0.111638
5.71792		0.112821
5.71892		0.114071
5.71992		0.11539
5.72092		0.116784
5.72192		0.118257
5.72292		0.119812
5.72392		0.121456
5.72492		0.123193
5.72592		0.12503
5.72692		0.126973
5.72792		0.12903
5.72892		0.131208
5.72992		0.133515
5.73092		0.135962
5.73192		0.138559
5.73292		0.141316
5.73392		0.144248
5.73492		0.147367
5.73592		0.15069
5.73692		0.154234
5.73792		0.158017
5.73892		0.162062
5.73992		0.166392
5.74092		0.171034
5.74192		0.17602
5.74292		0.181382
5.74392		0.18716
5.74492		0.193397
5.74592		0.200144
5.74692		0.207459
5.74792		0.215405
5.74892		0.224061
5.74992		0.233511
5.75092		0.243859
5.75192		0.255222
5.75292		0.26774
5.75392		0.281576
5.75492		0.296924
5.75592		0.314016
5.75692		0.333129
5.75792		0.354597
5.75892		0.37883
5.75992		0.406328
5.76092		0.437711
5.76192		0.473752
5.76292		0.515428
5.76392		0.563987
5.76492		0.621038
5.76592		0.688692
5.76692		0.769753
5.76792		0.868012
5.76892		0.988694
5.76992		1.13915
5.77092		1.32996
5.77192		1.57682
5.77292		1.90369
5.77392		2.34852
5.77492		2.97401
5.77592		3.88868
5.77692		5.29081
5.77792		7.56271
5.77892		11.469
5.77992		18.4481
5.78092		29.8482
5.78192		39.6322
5.78292		33.9517
5.78392		21.6771
5.78492		13.3105
5.78592		8.60562
5.78692		5.91695
5.78792		4.29035
5.78892		3.24813
5.78992		2.54643
5.79092		2.05408
5.79192		1.6966
5.79292		1.42957
5.79392		1.22528
5.79492		1.06581
5.79592		0.939179
5.79692		0.837144
5.79792		0.75389
5.79892		0.685226
5.79992		0.628072
5.80092		0.580128
5.80192		0.539648
5.80292		0.505287
5.80392		0.476
5.80492		0.450966
5.80592		0.429531
5.80692		0.411172
5.80792		0.395469
5.80892		0.38208
5.80992		0.37073
5.81092		0.361193
5.81192		0.353285
5.81292		0.346859
5.81392		0.341795
5.81492		0.338
5.81592		0.335401
5.81692		0.333947
5.81792		0.333602
5.81892		0.334348
5.81992		0.336182
5.82092		0.339118
5.82192		0.343185
5.82292		0.34843
5.82392		0.354918
5.82492		0.362736
5.82592		0.371993
5.82692		0.382826
5.82792		0.395405
5.82892		0.409938
5.82992		0.42668
5.83092		0.445946
5.83192		0.468122
5.83292		0.493687
5.83392		0.523237
5.83492		0.557518
5.83592		0.597478
5.83692		0.644323
5.83792		0.699617
5.83892		0.765406
5.83992		0.844409
5.84092		0.940298
5.84192		1.05812
5.84292		1.20498
5.84392		1.39105
5.84492		1.63141
5.84592		1.94898
5.84692		2.37995
5.84792		2.9838
5.84892		3.86303
5.84992		5.20385
5.85092		7.36346
5.85192		11.0551
5.85292		17.6433
5.85392		28.645
5.85492		39.3081
5.85592		35.2163
5.85692		22.8681
5.85792		14.0441
5.85892		9.05841
5.85992		6.22344
5.86092		4.51943
5.86192		3.43439
5.86292		2.70804
5.86392		2.20117
5.86492		1.83517
5.86592		1.56333
5.86692		1.3567
5.86792		1.1966
5.86892		1.07058
5.86992		0.970108
5.87092		0.889196
5.87192		0.823539
5.87292		0.769989
5.87392		0.726208
5.87492		0.690434
5.87592		0.661327
5.87692		0.637856
5.87792		0.619228
5.87892		0.604828
5.87992		0.594185
5.88092		0.58694
5.88192		0.582827
5.88292		0.581659
5.88392		0.583316
5.88492		0.58774
5.88592		0.59493
5.88692		0.604944
5.88792		0.617896
5.88892		0.633966
5.88992		0.6534
5.89092		0.67653
5.89192		0.703781
5.89292		0.735697
5.89392		0.772971
5.89492		0.816481
5.89592		0.867347
5.89692		0.927011
5.89792		0.997341
5.89892		1.08079
5.89992		1.18062
5.90092		1.30126
5.90192		1.44879
5.90292		1.63181
5.90392		1.86276
5.90492		2.1601
5.90592		2.55225
5.90692		3.08463
5.90792		3.83307
5.90892		4.9307
5.90992		6.62459
5.91092		9.3978
5.91192		14.2137
5.91292		22.7264
5.91392		35.1352
5.91492		40.809
5.91592		31.1148
5.91692		19.9946
5.91792		13.3724
5.91892		9.91435
5.91992		8.24606
5.92092		7.70541
5.92192		8.08813
5.92292		9.53193
5.92392		12.5958
5.92492		18.5094
5.92592		28.8593
5.92692		40.0108
5.92792		37.4124
5.92892		25.0084
5.92992		15.6537
5.93092		10.317
5.93192		7.28415
5.93292		5.46665
5.93392		4.31516
5.93492		3.55127
5.93592		3.02687
5.93692		2.6589
5.93792		2.39864
5.93892		2.21651
5.93992		2.09425
5.94092		2.02078
5.94192		1.9899
5.94292		1.99917
5.94392		2.04948
5.94492		2.1452
5.94592		2.29508
5.94692		2.51395
5.94792		2.82607
5.94892		3.27124
5.94992		3.91663
5.95092		4.88024
5.95192		6.38005
5.95292		8.84003
5.95392		13.1091
5.95492		20.7321
5.95592		32.6613
5.95692		40.7771
5.95792		32.9867
5.95892		21.0662
5.95992		13.4245
5.96092		9.17979
5.96192		6.77638
5.96292		5.35646
5.96392		4.4941
5.96492		3.97395
5.96592		3.68425
5.96692		3.56812
5.96792		3.60175
5.96892		3.78583
5.96992		4.14566
5.97092		4.73957
5.97192		5.6807
5.97292		7.18549
5.97392		9.67994
5.97492		14.0196
5.97592		21.759
5.97692		33.8268
5.97792		41.9862
5.97892		34.3
5.97992		22.7145
5.98092		15.5537
5.98192		11.978
5.98292		10.5671
5.98392		10.7108
5.98492		12.4624
5.98592		16.5621
5.98692		24.5411
5.98792		36.5388
5.98892		41.9094
5.98992		31.9343
5.99092		20.5101
5.99192		13.5636
5.99292		9.73037
5.99392		7.58225
5.99492		6.36992
5.99592		5.733
5.99692		5.50788
5.99792		5.64359
5.99892		6.17724
5.99992		7.25245
6.00092		9.19334
6.00192		12.679
6.00292		19.035
6.00392		29.8219
6.00492		40.7582
6.00592		37.3292
6.00692		25.0334
6.00792		16.114
6.00892		11.144
6.00992		8.43589
6.01092		6.96234
6.01192		6.22705
6.01292		6.01172
6.01392		6.25663
6.01492		7.02877
6.01592		8.55725
6.01692		11.3583
6.01792		16.4949
6.01892		25.6667
6.01992		37.9603
6.02092		40.6034
6.02192		29.4063
6.02292		18.9194
6.02392		12.8683
6.02492		9.66227
6.02592		8.046
6.02692		7.42223
6.02792		7.58516
6.02892		8.60292
6.02992		10.8577
6.03092		15.2513
6.03192		23.398
6.03292		35.4819
6.03392		40.8814
6.03492		30.8907
6.03592		19.4126
6.03692		12.3749
6.03792		8.41009
6.03892		6.08263
6.03992		4.62999
6.04092		3.67025
6.04192		3.00488
6.04292		2.52482
6.04392		2.16684
6.04492		1.89248
6.04592		1.67734
6.04692		1.50535
6.04792		1.36561
6.04892		1.25048
6.04992		1.15452
6.05092		1.07374
6.05192		1.00515
6.05292		0.946523
6.05392		0.896117
6.05492		0.852587
6.05592		0.814873
6.05692		0.78213
6.05792		0.75368
6.05892		0.728975
6.05992		0.707571
6.06092		0.689104
6.06192		0.673276
6.06292		0.659845
6.06392		0.648613
6.06492		0.63942
6.06592		0.632137
6.06692		0.626667
6.06792		0.622933
6.06892		0.620884
6.06992		0.620489
6.07092		0.621738
6.07192		0.624638
6.07292		0.629218
6.07392		0.635526
6.07492		0.643631
6.07592		0.653627
6.07692		0.665632
6.07792		0.679793
6.07892		0.69629
6.07992		0.715343
6.08092		0.737216
6.08192		0.762228
6.08292		0.790763
6.08392		0.823287
6.08492		0.860363
6.08592		0.902677
6.08692		0.951074
6.08792		1.00659
6.08892		1.07053
6.08992		1.14451
6.09092		1.23061
6.09192		1.33148
6.09292		1.45059
6.09392		1.59252
6.09492		1.76342
6.09592		1.97173
6.09692		2.22926
6.09792		2.55296
6.09892		2.96786
6.09992		3.51212
6.10092		4.24623
6.10192		5.27036
6.10292		6.75909
6.10392		9.03395
6.10492		12.7183
6.10592		19.0303
6.10692		29.8799
6.10792		44.4027
6.10892		50.1509
6.10992		45.5553
6.11092		46.4847
6.11192		50.3902
6.11292		41.624
6.11392		27.3489
6.11492		17.6789
6.11592		12.1434
6.11692		8.91714
6.11792		6.94039
6.11892		5.67603
6.11992		4.84666
6.12092		4.30283
6.12192		3.96179
6.12292		3.77862
6.12392		3.73263
6.12492		3.82196
6.12592		4.06371
6.12692		4.49979
6.12792		5.21183
6.12892		6.35364
6.12992		8.22175
6.13092		11.408
6.13192		17.0798
6.13292		26.9491
6.13392		39.1255
6.13492		39.7779
6.13592		28.1063
6.13692		18.324
6.13792		12.8973
6.13892		10.1904
6.13992		9.09344
6.14092		9.16794
6.14192		10.4443
6.14292		13.4385
6.14392		19.3719
6.14492		29.7905
6.14592		40.7427
6.14692		37.6646
6.14792		25.2297
6.14892		16.0079
6.14992		10.7708
6.15092		7.80924
6.15192		6.05465
6.15292		4.97013
6.15392		4.28542
6.15492		3.85953
6.15592		3.61758
6.15692		3.52178
6.15792		3.55838
6.15892		3.73339
6.15992		4.07439
6.16092		4.63976
6.16192		5.54017
6.16292		6.98548
6.16392		9.38721
6.16492		13.5718
6.16592		21.0593
6.16692		32.9287
6.16792		41.6244
6.16892		34.4986
6.16992		22.6709
6.17092		15.1353
6.17192		11.1971
6.17292		9.34754
6.17392		8.83343
6.17492		9.45746
6.17592		11.4727
6.17692		15.7152
6.17792		23.7641
6.17892		35.7852
6.17992		41.1491
6.18092		31.1367
6.18192		19.6443
6.18292		12.6007
6.18392		8.63733
6.18492		6.31746
6.18592		4.87782
6.18692		3.93627
6.18792		3.29435
6.18892		2.84338
6.18992		2.52081
6.19092		2.28919
6.19192		2.12552
6.19292		2.01564
6.19392		1.95126
6.19492		1.92832
6.19592		1.94631
6.19692		2.00819
6.19792		2.12105
6.19892		2.29745
6.19992		2.55825
6.20092		2.93769
6.20192		3.49316
6.20292		4.32437
6.20392		5.61299
6.20492		7.70766
6.20592		11.3048
6.20692		17.7434
6.20792		28.583
6.20892		39.4783
6.20992		35.925
6.21092		23.5648
6.21192		14.5729
6.21292		9.47782
6.21392		6.58177
6.21492		4.8423
6.21592		3.73535
6.21692		2.99488
6.21792		2.47891
6.21892		2.10742
6.21992		1.83306
6.22092		1.62653
6.22192		1.46908
6.22292		1.34833
6.22392		1.25595
6.22492		1.18626
6.22592		1.1354
6.22692		1.10079
6.22792		1.08087
6.22892		1.07487
6.22992		1.08274
6.23092		1.10516
6.23192		1.14362
6.23292		1.20056
6.23392		1.27972
6.23492		1.3866
6.23592		1.52929
6.23692		1.7198
6.23792		1.97635
6.23892		2.32734
6.23992		2.81864
6.24092		3.52753
6.24192		4.59078
6.24292		6.26384
6.24392		9.04873
6.24492		13.9464
6.24592		22.6341
6.24692		34.9672
6.24792		39.5105
6.24892		29.0689
6.24992		17.9461
6.25092		11.2452
6.25192		7.49006
6.25292		5.29522
6.25392		3.93333
6.25492		3.04032
6.25592		2.42666
6.25692		1.98817
6.25792		1.66448
6.25892		1.4189
6.25992		1.22818
6.26092		1.0771
6.26192		0.955326
6.26292		0.855687
6.26392		0.773072
6.26492		0.703763
6.26592		0.645007
6.26692		0.594728
6.26792		0.551337
6.26892		0.513605
6.26992		0.480565
6.27092		0.451449
6.27192		0.425644
6.27292		0.402651
6.27392		0.382063
6.27492		0.363546
6.27592		0.346822
6.27692		0.33166
6.27792		0.317864
6.27892		0.30527
6.27992		0.293739
6.28092		0.283149
6.28192		0.273398
6.28292		0.264398
6.28392		0.256071
6.28492		0.248351
6.28592		0.241179
6.28692		0.234504
6.28792		0.22828
6.28892		0.222467
6.28992		0.217031
6.29092		0.21194
6.29192		0.207165
6.29292		0.202682
6.29392		0.198468
6.29492		0.194503
6.29592		0.190769
6.29692		0.187251
6.29792		0.183931
6.29892		0.180799
6.29992		0.177841
6.30092		0.175046
6.30192		0.172405
6.30292		0.169907
6.30392		0.167546
6.30492		0.165312
6.30592		0.1632
6.30692		0.161202
6.30792		0.159313
6.30892		0.157528
6.30992		0.155841
6.31092		0.154247
6.31192		0.152744
6.31292		0.151326
6.31392		0.14999
6.31492		0.148733
6.31592		0.147552
6.31692		0.146445
6.31792		0.145407
6.31892		0.144438
6.31992		0.143535
6.32092		0.142696
6.32192		0.14192
6.32292		0.141203
6.32392		0.140546
6.32492		0.139947
6.32592		0.139404
6.32692		0.138917
6.32792		0.138484
6.32892		0.138104
6.32992		0.137777
6.33092		0.137503
6.33192		0.13728
6.33292		0.137107
6.33392		0.136986
6.33492		0.136915
6.33592		0.136895
6.33692		0.136925
6.33792		0.137005
6.33892		0.137135
6.33992		0.137316
6.34092		0.137547
6.34192		0.13783
6.34292		0.138164
6.34392		0.138551
6.34492		0.13899
6.34592		0.139483
6.34692		0.140031
6.34792		0.140634
6.34892		0.141293
6.34992		0.14201
6.35092		0.142785
6.35192		0.143621
6.35292		0.144519
6.35392		0.14548
6.35492		0.146507
6.35592		0.147601
6.35692		0.148764
6.35792		0.149999
6.35892		0.151308
6.35992		0.152694
6.36092		0.154159
6.36192		0.155707
6.36292		0.15734
6.36392		0.159063
6.36492		0.16088
6.36592		0.162793
6.36692		0.164809
6.36792		0.16693
6.36892		0.169164
6.36992		0.171514
6.37092		0.173987
6.37192		0.17659
6.37292		0.179328
6.37392		0.182211
6.37492		0.185244
6.37592		0.188439
6.37692		0.191802
6.37792		0.195346
6.37892		0.199081
6.37992		0.203019
6.38092		0.207173
6.38192		0.211558
6.38292		0.216189
6.38392		0.221083
6.38492		0.226259
6.38592		0.231738
6.38692		0.237542
6.38792		0.243696
6.38892		0.250228
6.38992		0.257167
6.39092		0.264548
6.39192		0.272407
6.39292		0.280787
6.39392		0.289734
6.39492		0.299299
6.39592		0.30954
6.39692		0.320524
6.39792		0.332324
6.39892		0.345023
6.39992		0.358716
6.40092		0.373511
6.40192		0.389532
6.40292		0.40692
6.40392		0.425838
6.40492		0.446476
6.40592		0.469053
6.40692		0.493825
6.40792		0.521094
6.40892		0.551214
6.40992		0.58461
6.41092		0.621784
6.41192		0.663344
6.41292		0.710024
6.41392		0.762724
6.41492		0.822547
6.41592		0.890867
6.41692		0.969409
6.41792		1.06036
6.41892		1.16652
6.41992		1.29155
6.42092		1.44027
6.42192		1.61913
6.42292		1.83696
6.42392		2.10606
6.42492		2.44397
6.42592		2.87635
6.42692		3.44191
6.42792		4.20114
6.42892		5.25232
6.42992		6.76281
6.43092		9.0328
6.43192		12.6309
6.43292		18.6777
6.43392		29.2869
6.43492		46.8018
6.43592		65.6913
6.43692		70.6512
6.43792		58.2033
6.43892		38.1922
6.43992		23.8808
6.44092		15.6543
6.44192		10.9065
6.44292		8.01453
6.44392		6.15169
6.44492		4.89286
6.44592		4.00822
6.44692		3.36662
6.44792		2.88943
6.44892		2.52745
6.44992		2.24877
6.45092		2.03201
6.45192		1.86249
6.45292		1.72991
6.45392		1.62694
6.45492		1.54832
6.45592		1.49026
6.45692		1.45005
6.45792		1.42584
6.45892		1.41644
6.45992		1.42126
6.46092		1.4402
6.46192		1.4737
6.46292		1.52272
6.46392		1.58887
6.46492		1.67447
6.46592		1.78281
6.46692		1.91844
6.46792		2.08763
6.46892		2.29908
6.46992		2.56505
6.47092		2.90313
6.47192		3.33917
6.47292		3.91228
6.47392		4.6837
6.47492		5.75328
6.47592		7.29168
6.47692		9.60643
6.47792		13.2825
6.47892		19.4713
6.47992		30.2768
6.48092		47.4388
6.48192		63.5883
6.48292		67.3765
6.48392		59.6662
6.48492		41.6579
6.48592		26.7081
6.48692		17.9536
6.48792		13.054
6.48892		10.2563
6.48992		8.66181
6.49092		7.83346
6.49192		7.57068
6.49292		7.8127
6.49392		8.6101
6.49492		10.146
6.49592		12.8205
6.49692		17.4541
6.49792		25.7135
6.49892		40.5986
6.49992		63.6753
6.50092		79.4345
6.50192		65.478
6.50292		41.8069
6.50392		25.9798
6.50492		17.0407
6.50592		11.8853
6.50692		8.73302
6.50792		6.69039
6.50892		5.2989
6.50992		4.31061
6.51092		3.58391
6.51192		3.03386
6.51292		2.60721
6.51392		2.26932
6.51492		1.9969
6.51592		1.77383
6.51692		1.58868
6.51792		1.43317
6.51892		1.30117
6.51992		1.18807
6.52092		1.09035
6.52192		1.00526
6.52292		0.930681
6.52392		0.864896
6.52492		0.806542
6.52592		0.75451
6.52692		0.707894
6.52792		0.665949
6.52892		0.628053
6.52992		0.593688
6.53092		0.562416
6.53192		0.533867
6.53292		0.507725
6.53392		0.483721
6.53492		0.461621
6.53592		0.441225
6.53692		0.422357
6.53792		0.404865
6.53892		0.388615
6.53992		0.37349
6.54092		0.359387
6.54192		0.346214
6.54292		0.333889
6.54392		0.32234
6.54492		0.311502
6.54592		0.301318
6.54692		0.291735
6.54792		0.282707
6.54892		0.274191
6.54992		0.26615
6.55092		0.258548
6.55192		0.251354
6.55292		0.24454
6.55392		0.23808
6.55492		0.23195
6.55592		0.226128
6.55692		0.220595
6.55792		0.215332
6.55892		0.210322
6.55992		0.20555
6.56092		0.201001
6.56192		0.196663
6.56292		0.192524
6.56392		0.188571
6.56492		0.184796
6.56592		0.181188
6.56692		0.177737
6.56792		0.174437
6.56892		0.171279
6.56992		0.168256
6.57092		0.165361
6.57192		0.162588
6.57292		0.159931
6.57392		0.157385
6.57492		0.154944
6.57592		0.152604
6.57692		0.15036
6.57792		0.148208
6.57892		0.146145
6.57992		0.144165
6.58092		0.142267
6.58192		0.140446
6.58292		0.1387
6.58392		0.137026
6.58492		0.135421
6.58592		0.133882
6.58692		0.132407
6.58792		0.130994
6.58892		0.129641
6.58992		0.128345
6.59092		0.127106
6.59192		0.12592
6.59292		0.124787
6.59392		0.123704
6.59492		0.122671
6.59592		0.121686
6.59692		0.120748
6.59792		0.119855
6.59892		0.119006
6.59992		0.118201
6.60092		0.117438
6.60192		0.116716
6.60292		0.116035
6.60392		0.115393
6.60492		0.11479
6.60592		0.114225
6.60692		0.113698
6.60792		0.113208
6.60892		0.112755
6.60992		0.112337
6.61092		0.111955
6.61192		0.111608
6.61292		0.111295
6.61392		0.111017
6.61492		0.110774
6.61592		0.110564
6.61692		0.110388
6.61792		0.110246
6.61892		0.110137
6.61992		0.110062
6.62092		0.110021
6.62192		0.110013
6.62292		0.110039
6.62392		0.110099
6.62492		0.110193
6.62592		0.110321
6.62692		0.110483
6.62792		0.11068
6.62892		0.110913
6.62992		0.111181
6.63092		0.111484
6.63192		0.111825
6.63292		0.112202
6.63392		0.112618
6.63492		0.113071
6.63592		0.113564
6.63692		0.114096
6.63792		0.114669
6.63892		0.115284
6.63992		0.115942
6.64092		0.116643
6.64192		0.117389
6.64292		0.118181
6.64392		0.11902
6.64492		0.119908
6.64592		0.120847
6.64692		0.121837
6.64792		0.122881
6.64892		0.123981
6.64992		0.125138
6.65092		0.126354
6.65192		0.127632
6.65292		0.128974
6.65392		0.130383
6.65492		0.131862
6.65592		0.133412
6.65692		0.135039
6.65792		0.136744
6.65892		0.138531
6.65992		0.140405
6.66092		0.142369
6.66192		0.144428
6.66292		0.146586
6.66392		0.148849
6.66492		0.151223
6.66592		0.153712
6.66692		0.156324
6.66792		0.159066
6.66892		0.161945
6.66992		0.164968
6.67092		0.168146
6.67192		0.171487
6.67292		0.175002
6.67392		0.178703
6.67492		0.182601
6.67592		0.18671
6.67692		0.191045
6.67792		0.195622
6.67892		0.200459
6.67992		0.205575
6.68092		0.210993
6.68192		0.216737
6.68292		0.222832
6.68392		0.229309
6.68492		0.2362
6.68592		0.243544
6.68692		0.25138
6.68792		0.259755
6.68892		0.268723
6.68992		0.278342
6.69092		0.28868
6.69192		0.299815
6.69292		0.311834
6.69392		0.32484
6.69492		0.338949
6.69592		0.354299
6.69692		0.371047
6.69792		0.389382
6.69892		0.409524
6.69992		0.431735
6.70092		0.456328
6.70192		0.483681
6.70292		0.514252
6.70392		0.548604
6.70492		0.587429
6.70592		0.631593
6.70692		0.68219
6.70792		0.740614
6.70892		0.808667
6.70992		0.888718
6.71092		0.983919
6.71192		1.09855
6.71292		1.23854
6.71392		1.41226
6.71492		1.63189
6.71592		1.91561
6.71692		2.29148
6.71792		2.80454
6.71892		3.53029
6.71992		4.60173
6.72092		6.26639
6.72192		9.0094
6.72292		13.7991
6.72392		22.2918
6.72492		34.6223
6.72592		40.0011
6.72692		30.0463
6.72792		18.7699
6.72892		11.9227
6.72992		8.11524
6.73092		5.92607
6.73192		4.60335
6.73292		3.77212
6.73392		3.23906
6.73492		2.8999
6.73592		2.69661
6.73692		2.59697
6.73792		2.58466
6.73892		2.65471
6.73992		2.81207
6.74092		3.07283
6.74192		3.46836
6.74292		4.05463
6.74392		4.93117
6.74492		6.28073
6.74592		8.45487
6.74692		12.1558
6.74792		18.7314
6.74892		29.7352
6.74992		40.7276
6.75092		37.229
6.75192		25.1066
6.75292		16.4554
6.75392		11.772
6.75492		9.39548
6.75592		8.343
6.75692		8.18135
6.75792		8.79605
6.75892		10.3163
6.75992		13.1771
6.76092		18.3428
6.76192		27.6132
6.76292		42.2714
6.76392		54.5684
6.76492		54.788
6.76592		55.208
6.76692		52.1627
6.76792		37.46
6.76892		23.8783
6.76992		15.6671
6.77092		10.9296
6.77192		8.06539
6.77292		6.23016
6.77392		4.99259
6.77492		4.12259
6.77592		3.49049
6.77692		3.01933
6.77792		2.66136
6.77892		2.38583
6.77992		2.17231
6.78092		2.00696
6.78192		1.88026
6.78292		1.78569
6.78392		1.71887
6.78492		1.6771
6.78592		1.65905
6.78692		1.66463
6.78792		1.69509
6.78892		1.75314
6.78992		1.84342
6.79092		1.97316
6.79192		2.15339
6.79292		2.40103
6.79392		2.74245
6.79492		3.22007
6.79592		3.90472
6.79692		4.92047
6.79792		6.4965
6.79892		9.079
6.79992		13.5599
6.80092		21.5303
6.80192		33.6987
6.80292		40.9809
6.80392		32.4389
6.80492		20.8565
6.80592		13.6902
6.80692		9.86418
6.80792		7.90498
6.80892		7.05478
6.80992		7.01305
6.81092		7.76865
6.81192		9.59347
6.81292		13.1956
6.81392		19.9871
6.81492		31.2525
6.81592		40.6933
