          nan
          nan
          nan
          nan
   1.5323e+02
   1.2919e+02
   1.1271e+02
   1.0100e+02
   9.2391e+01
   8.5854e+01
   8.0731e+01
   7.6591e+01
   7.3147e+01
   7.0205e+01
   6.7632e+01
   6.5338e+01
   6.3260e+01
   6.1355e+01
   5.9593e+01
   5.7950e+01
   5.6411e+01
   5.4965e+01
   5.3600e+01
   5.2310e+01
   5.1087e+01
   4.9928e+01
   4.8825e+01
   4.7777e+01
   4.6777e+01
   4.5823e+01
   4.4912e+01
   4.4041e+01
   4.3206e+01
   4.2406e+01
   4.1639e+01
   4.0901e+01
   4.0192e+01
   3.9510e+01
   3.8852e+01
   3.8217e+01
   3.7605e+01
   3.7013e+01
   3.6441e+01
   3.5887e+01
   3.5351e+01
   3.4831e+01
   3.4327e+01
   3.3837e+01
   3.3362e+01
   3.2901e+01
   3.2452e+01
   3.2015e+01
   3.1591e+01
   3.1177e+01
   3.0774e+01
   3.0381e+01
   2.9998e+01
   2.9624e+01
   2.9259e+01
   2.8903e+01
   2.8556e+01
   2.8216e+01
   2.7884e+01
   2.7560e+01
   2.7242e+01
   2.6932e+01
   2.6628e+01
   2.6331e+01
   2.6039e+01
   2.5754e+01
   2.5475e+01
   2.5201e+01
   2.4933e+01
   2.4670e+01
   2.4412e+01
   2.4160e+01
   2.3912e+01
   2.3668e+01
   2.3430e+01
   2.3195e+01
   2.2965e+01
   2.2739e+01
   2.2517e+01
   2.2300e+01
   2.2086e+01
   2.1875e+01
   2.1669e+01
   2.1465e+01
   2.1266e+01
   2.1069e+01
   2.0876e+01
   2.0686e+01
   2.0500e+01
   2.0316e+01
   2.0135e+01
   1.9957e+01
   1.9782e+01
   1.9610e+01
   1.9441e+01
   1.9274e+01
   1.9109e+01
   1.8947e+01
   1.8788e+01
   1.8631e+01
   1.8476e+01
   1.8324e+01
   1.8174e+01
   1.8026e+01
   1.7880e+01
   1.7736e+01
   1.7594e+01
   1.7455e+01
   1.7317e+01
   1.7181e+01
   1.7047e+01
   1.6915e+01
   1.6785e+01
   1.6657e+01
   1.6530e+01
   1.6405e+01
   1.6282e+01
   1.6160e+01
   1.6040e+01
   1.5921e+01
   1.5805e+01
   1.5689e+01
   1.5575e+01
   1.5463e+01
   1.5352e+01
   1.5242e+01
   1.5134e+01
   1.5027e+01
   1.4921e+01
   1.4817e+01
   1.4714e+01
   1.4612e+01
   1.4512e+01
   1.4412e+01
   1.4314e+01
   1.4217e+01
   1.4122e+01
   1.4027e+01
   1.3934e+01
   1.3841e+01
   1.3750e+01
   1.3660e+01
   1.3570e+01
   1.3482e+01
   1.3395e+01
   1.3309e+01
   1.3224e+01
   1.3139e+01
   1.3056e+01
   1.2974e+01
   1.2892e+01
   1.2811e+01
   1.2732e+01
   1.2653e+01
   1.2575e+01
   1.2498e+01
   1.2421e+01
   1.2346e+01
   1.2271e+01
   1.2197e+01
   1.2124e+01
   1.2052e+01
   1.1980e+01
   1.1910e+01
   1.1840e+01
   1.1770e+01
   1.1701e+01
   1.1634e+01
   1.1566e+01
   1.1500e+01
   1.1434e+01
   1.1369e+01
   1.1304e+01
   1.1240e+01
   1.1177e+01
   1.1114e+01
   1.1052e+01
   1.0991e+01
   1.0930e+01
   1.0869e+01
   1.0810e+01
   1.0751e+01
   1.0692e+01
   1.0634e+01
   1.0577e+01
   1.0520e+01
   1.0464e+01
   1.0408e+01
   1.0353e+01
   1.0298e+01
   1.0244e+01
   1.0190e+01
   1.0137e+01
   1.0084e+01
   1.0032e+01
   9.9799e+00
   9.9286e+00
   9.8777e+00
   9.8274e+00
   9.7774e+00
   9.7279e+00
   9.6789e+00
   9.6303e+00
   9.5821e+00
   9.5344e+00
   9.4871e+00
   9.4402e+00
   9.3937e+00
   9.3476e+00
   9.3019e+00
   9.2566e+00
   9.2117e+00
   9.1672e+00
   9.1231e+00
   9.0793e+00
   9.0360e+00
   8.9930e+00
   8.9503e+00
   8.9080e+00
   8.8661e+00
   8.8245e+00
   8.7833e+00
   8.7424e+00
   8.7018e+00
   8.6616e+00
   8.6217e+00
   8.5822e+00
   8.5429e+00
   8.5040e+00
   8.4654e+00
   8.4271e+00
   8.3892e+00
   8.3515e+00
   8.3141e+00
   8.2771e+00
   8.2403e+00
   8.2038e+00
   8.1676e+00
   8.1317e+00
   8.0961e+00
   8.0607e+00
   8.0257e+00
   7.9909e+00
   7.9563e+00
   7.9221e+00
   7.8881e+00
   7.8544e+00
   7.8209e+00
   7.7877e+00
   7.7547e+00
   7.7220e+00
   7.6895e+00
   7.6573e+00
   7.6253e+00
   7.5936e+00
   7.5621e+00
   7.5309e+00
   7.4998e+00
   7.4690e+00
   7.4385e+00
   7.4081e+00
   7.3780e+00
   7.3481e+00
   7.3184e+00
   7.2889e+00
   7.2597e+00
   7.2307e+00
   7.2018e+00
   7.1732e+00
   7.1448e+00
   7.1166e+00
   7.0886e+00
   7.0608e+00
   7.0331e+00
   7.0057e+00
   6.9785e+00
   6.9515e+00
   6.9246e+00
   6.8980e+00
   6.8715e+00
   6.8452e+00
   6.8191e+00
   6.7932e+00
   6.7675e+00
   6.7419e+00
   6.7165e+00
   6.6913e+00
   6.6663e+00
   6.6414e+00
   6.6167e+00
   6.5922e+00
   6.5678e+00
   6.5436e+00
   6.5195e+00
   6.4957e+00
   6.4719e+00
   6.4484e+00
   6.4250e+00
   6.4017e+00
   6.3786e+00
   6.3557e+00
   6.3329e+00
   6.3102e+00
   6.2877e+00
   6.2654e+00
   6.2432e+00
   6.2211e+00
   6.1992e+00
   6.1774e+00
   6.1558e+00
   6.1343e+00
   6.1129e+00
   6.0917e+00
   6.0706e+00
   6.0497e+00
   6.0288e+00
   6.0082e+00
   5.9876e+00
   5.9672e+00
   5.9469e+00
   5.9267e+00
   5.9066e+00
   5.8867e+00
   5.8669e+00
   5.8472e+00
   5.8277e+00
   5.8082e+00
   5.7889e+00
   5.7697e+00
   5.7506e+00
   5.7317e+00
   5.7128e+00
   5.6941e+00
   5.6755e+00
   5.6570e+00
   5.6386e+00
   5.6203e+00
   5.6021e+00
   5.5840e+00
   5.5661e+00
   5.5482e+00
   5.5305e+00
   5.5128e+00
   5.4953e+00
   5.4778e+00
   5.4605e+00
   5.4433e+00
   5.4262e+00
   5.4091e+00
   5.3922e+00
   5.3754e+00
   5.3586e+00
   5.3420e+00
   5.3254e+00
   5.3090e+00
   5.2926e+00
   5.2764e+00
   5.2602e+00
   5.2441e+00
   5.2281e+00
   5.2122e+00
   5.1964e+00
   5.1807e+00
   5.1651e+00
   5.1495e+00
   5.1341e+00
   5.1187e+00
   5.1034e+00
   5.0882e+00
   5.0731e+00
   5.0581e+00
   5.0432e+00
   5.0283e+00
   5.0135e+00
   4.9988e+00
   4.9842e+00
   4.9696e+00
   4.9552e+00
   4.9408e+00
   4.9265e+00
   4.9123e+00
   4.8981e+00
   4.8840e+00
   4.8700e+00
   4.8561e+00
   4.8423e+00
   4.8285e+00
   4.8148e+00
   4.8012e+00
   4.7876e+00
   4.7741e+00
   4.7607e+00
   4.7473e+00
   4.7341e+00
   4.7209e+00
   4.7077e+00
   4.6947e+00
   4.6817e+00
   4.6687e+00
   4.6559e+00
   4.6431e+00
   4.6303e+00
   4.6177e+00
   4.6050e+00
   4.5925e+00
   4.5800e+00
   4.5676e+00
   4.5553e+00
   4.5430e+00
   4.5308e+00
   4.5186e+00
   4.5065e+00
   4.4945e+00
   4.4825e+00
   4.4706e+00
   4.4587e+00
   4.4469e+00
   4.4352e+00
   4.4235e+00
   4.4118e+00
   4.4003e+00
   4.3888e+00
   4.3773e+00
   4.3659e+00
   4.3546e+00
   4.3433e+00
   4.3321e+00
   4.3209e+00
   4.3098e+00
   4.2987e+00
   4.2877e+00
   4.2767e+00
   4.2658e+00
   4.2549e+00
   4.2441e+00
   4.2334e+00
   4.2227e+00
   4.2120e+00
   4.2014e+00
   4.1909e+00
   4.1804e+00
   4.1699e+00
   4.1595e+00
   4.1492e+00
   4.1389e+00
   4.1286e+00
   4.1184e+00
   4.1082e+00
   4.0981e+00
   4.0881e+00
   4.0780e+00
   4.0681e+00
   4.0581e+00
   4.0483e+00
   4.0384e+00
   4.0286e+00
   4.0189e+00
   4.0092e+00
   3.9995e+00
   3.9899e+00
   3.9803e+00
   3.9708e+00
   3.9613e+00
   3.9519e+00
   3.9425e+00
   3.9331e+00
   3.9238e+00
   3.9146e+00
   3.9053e+00
   3.8961e+00
   3.8870e+00
   3.8779e+00
   3.8688e+00
   3.8598e+00
   3.8508e+00
   3.8418e+00
   3.8329e+00
   3.8241e+00
   3.8152e+00
   3.8065e+00
   3.7977e+00
   3.7890e+00
   3.7803e+00
   3.7717e+00
   3.7631e+00
   3.7545e+00
   3.7460e+00
   3.7375e+00
   3.7290e+00
   3.7206e+00
   3.7122e+00
   3.7039e+00
   3.6956e+00
   3.6873e+00
   3.6791e+00
   3.6708e+00
   3.6627e+00
   3.6545e+00
   3.6464e+00
   3.6384e+00
   3.6303e+00
   3.6223e+00
   3.6144e+00
   3.6064e+00
   3.5985e+00
   3.5907e+00
   3.5828e+00
   3.5750e+00
   3.5673e+00
   3.5595e+00
   3.5518e+00
   3.5441e+00
   3.5365e+00
   3.5289e+00
   3.5213e+00
   3.5138e+00
   3.5062e+00
   3.4987e+00
   3.4913e+00
   3.4839e+00
   3.4765e+00
   3.4691e+00
   3.4618e+00
   3.4544e+00
   3.4472e+00
   3.4399e+00
   3.4327e+00
   3.4255e+00
   3.4183e+00
   3.4112e+00
   3.4041e+00
   3.3970e+00
   3.3900e+00
   3.3829e+00
   3.3760e+00
   3.3690e+00
   3.3620e+00
   3.3551e+00
   3.3482e+00
   3.3414e+00
   3.3346e+00
   3.3277e+00
   3.3210e+00
   3.3142e+00
   3.3075e+00
   3.3008e+00
   3.2941e+00
   3.2875e+00
   3.2808e+00
   3.2742e+00
   3.2677e+00
   3.2611e+00
   3.2546e+00
   3.2481e+00
   3.2416e+00
   3.2352e+00
   3.2288e+00
   3.2224e+00
   3.2160e+00
   3.2096e+00
   3.2033e+00
   3.1970e+00
   3.1907e+00
   3.1845e+00
   3.1782e+00
   3.1720e+00
   3.1658e+00
   3.1597e+00
   3.1535e+00
   3.1474e+00
   3.1413e+00
   3.1352e+00
   3.1292e+00
   3.1231e+00
   3.1171e+00
   3.1112e+00
   3.1052e+00
   3.0993e+00
   3.0933e+00
   3.0874e+00
   3.0816e+00
   3.0757e+00
   3.0699e+00
   3.0641e+00
   3.0583e+00
   3.0525e+00
   3.0467e+00
   3.0410e+00
   3.0353e+00
   3.0296e+00
   3.0239e+00
   3.0183e+00
   3.0127e+00
   3.0071e+00
   3.0015e+00
   2.9959e+00
   2.9904e+00
   2.9848e+00
   2.9793e+00
   2.9738e+00
   2.9684e+00
   2.9629e+00
   2.9575e+00
   2.9521e+00
   2.9467e+00
   2.9413e+00
   2.9359e+00
   2.9306e+00
   2.9253e+00
   2.9200e+00
   2.9147e+00
   2.9094e+00
   2.9042e+00
   2.8990e+00
   2.8937e+00
   2.8886e+00
   2.8834e+00
   2.8782e+00
   2.8731e+00
   2.8680e+00
   2.8629e+00
   2.8578e+00
   2.8527e+00
   2.8477e+00
   2.8426e+00
   2.8376e+00
   2.8326e+00
   2.8276e+00
   2.8226e+00
   2.8177e+00
   2.8128e+00
   2.8078e+00
   2.8029e+00
   2.7981e+00
   2.7932e+00
   2.7883e+00
   2.7835e+00
   2.7787e+00
   2.7739e+00
   2.7691e+00
   2.7643e+00
   2.7595e+00
   2.7548e+00
   2.7501e+00
   2.7454e+00
   2.7407e+00
   2.7360e+00
   2.7313e+00
   2.7267e+00
   2.7220e+00
   2.7174e+00
   2.7128e+00
   2.7082e+00
   2.7037e+00
   2.6991e+00
   2.6946e+00
   2.6900e+00
   2.6855e+00
   2.6810e+00
   2.6765e+00
   2.6720e+00
   2.6676e+00
   2.6631e+00
   2.6587e+00
   2.6543e+00
   2.6499e+00
   2.6455e+00
   2.6411e+00
   2.6368e+00
   2.6324e+00
   2.6281e+00
   2.6238e+00
   2.6195e+00
   2.6152e+00
   2.6109e+00
   2.6066e+00
   2.6024e+00
   2.5981e+00
   2.5939e+00
   2.5897e+00
   2.5855e+00
   2.5813e+00
   2.5771e+00
   2.5730e+00
   2.5688e+00
   2.5647e+00
   2.5606e+00
   2.5565e+00
   2.5524e+00
   2.5483e+00
   2.5442e+00
   2.5402e+00
   2.5361e+00
   2.5321e+00
   2.5281e+00
   2.5240e+00
   2.5200e+00
   2.5161e+00
   2.5121e+00
   2.5081e+00
   2.5042e+00
   2.5002e+00
   2.4963e+00
   2.4924e+00
   2.4885e+00
   2.4846e+00
   2.4807e+00
   2.4769e+00
   2.4730e+00
   2.4692e+00
   2.4653e+00
   2.4615e+00
   2.4577e+00
   2.4539e+00
   2.4501e+00
   2.4463e+00
   2.4426e+00
   2.4388e+00
   2.4351e+00
   2.4313e+00
   2.4276e+00
   2.4239e+00
   2.4202e+00
   2.4165e+00
   2.4128e+00
   2.4092e+00
   2.4055e+00
   2.4019e+00
   2.3982e+00
   2.3946e+00
   2.3910e+00
   2.3874e+00
   2.3838e+00
   2.3802e+00
   2.3766e+00
   2.3731e+00
   2.3695e+00
   2.3660e+00
   2.3624e+00
   2.3589e+00
   2.3554e+00
   2.3519e+00
   2.3484e+00
   2.3449e+00
   2.3415e+00
   2.3380e+00
   2.3346e+00
   2.3311e+00
   2.3277e+00
   2.3243e+00
   2.3208e+00
   2.3174e+00
   2.3140e+00
   2.3107e+00
   2.3073e+00
   2.3039e+00
   2.3006e+00
   2.2972e+00
   2.2939e+00
   2.2905e+00
   2.2872e+00
   2.2839e+00
   2.2806e+00
   2.2773e+00
   2.2740e+00
   2.2708e+00
   2.2675e+00
   2.2642e+00
   2.2610e+00
   2.2578e+00
   2.2545e+00
   2.2513e+00
   2.2481e+00
   2.2449e+00
   2.2417e+00
   2.2385e+00
   2.2353e+00
   2.2322e+00
   2.2290e+00
   2.2259e+00
   2.2227e+00
   2.2196e+00
   2.2165e+00
   2.2133e+00
   2.2102e+00
   2.2071e+00
   2.2040e+00
   2.2010e+00
   2.1979e+00
   2.1948e+00
   2.1918e+00
   2.1887e+00
   2.1857e+00
   2.1826e+00
   2.1796e+00
   2.1766e+00
   2.1736e+00
   2.1706e+00
   2.1676e+00
   2.1646e+00
   2.1616e+00
   2.1586e+00
   2.1557e+00
   2.1527e+00
   2.1498e+00
   2.1468e+00
   2.1439e+00
   2.1410e+00
   2.1381e+00
   2.1352e+00
   2.1323e+00
   2.1294e+00
   2.1265e+00
   2.1236e+00
   2.1207e+00
   2.1179e+00
   2.1150e+00
   2.1122e+00
   2.1093e+00
   2.1065e+00
   2.1037e+00
   2.1008e+00
   2.0980e+00
   2.0952e+00
   2.0924e+00
   2.0896e+00
   2.0868e+00
   2.0841e+00
   2.0813e+00
   2.0785e+00
   2.0758e+00
   2.0730e+00
   2.0703e+00
   2.0676e+00
   2.0648e+00
   2.0621e+00
   2.0594e+00
   2.0567e+00
   2.0540e+00
   2.0513e+00
   2.0486e+00
   2.0459e+00
   2.0432e+00
   2.0406e+00
   2.0379e+00
   2.0353e+00
   2.0326e+00
   2.0300e+00
   2.0273e+00
   2.0247e+00
   2.0221e+00
   2.0195e+00
   2.0169e+00
   2.0143e+00
   2.0117e+00
   2.0091e+00
   2.0065e+00
   2.0039e+00
   2.0014e+00
   1.9988e+00
   1.9963e+00
   1.9937e+00
   1.9912e+00
   1.9886e+00
   1.9861e+00
   1.9836e+00
   1.9810e+00
   1.9785e+00
   1.9760e+00
   1.9735e+00
   1.9710e+00
   1.9685e+00
   1.9661e+00
   1.9636e+00
   1.9611e+00
   1.9586e+00
   1.9562e+00
   1.9537e+00
   1.9513e+00
   1.9488e+00
   1.9464e+00
   1.9440e+00
   1.9416e+00
   1.9391e+00
   1.9367e+00
   1.9343e+00
   1.9319e+00
   1.9295e+00
   1.9271e+00
   1.9248e+00
   1.9224e+00
   1.9200e+00
   1.9176e+00
   1.9153e+00
   1.9129e+00
   1.9106e+00
   1.9082e+00
   1.9059e+00
   1.9036e+00
   1.9012e+00
   1.8989e+00
   1.8966e+00
   1.8943e+00
   1.8920e+00
   1.8897e+00
   1.8874e+00
   1.8851e+00
   1.8828e+00
   1.8805e+00
   1.8782e+00
   1.8760e+00
   1.8737e+00
   1.8715e+00
   1.8692e+00
   1.8670e+00
   1.8647e+00
   1.8625e+00
   1.8602e+00
   1.8580e+00
   1.8558e+00
   1.8536e+00
   1.8514e+00
   1.8492e+00
   1.8470e+00
   1.8448e+00
   1.8426e+00
   1.8404e+00
   1.8382e+00
   1.8360e+00
   1.8339e+00
   1.8317e+00
   1.8295e+00
   1.8274e+00
   1.8252e+00
   1.8231e+00
   1.8209e+00
   1.8188e+00
   1.8167e+00
   1.8145e+00
   1.8124e+00
   1.8103e+00
   1.8082e+00
   1.8061e+00
   1.8040e+00
   1.8019e+00
   1.7998e+00
   1.7977e+00
   1.7956e+00
   1.7935e+00
   1.7914e+00
   1.7894e+00
   1.7873e+00
   1.7852e+00
   1.7832e+00
   1.7811e+00
   1.7791e+00
   1.7770e+00
   1.7750e+00
   1.7730e+00
   1.7709e+00
   1.7689e+00
   1.7669e+00
   1.7649e+00
   1.7628e+00
   1.7608e+00
   1.7588e+00
   1.7568e+00
   1.7548e+00
   1.7528e+00
   1.7509e+00
   1.7489e+00
   1.7469e+00
   1.7449e+00
   1.7430e+00
   1.7410e+00
   1.7390e+00
   1.7371e+00
   1.7351e+00
   1.7332e+00
   1.7312e+00
   1.7293e+00
   1.7274e+00
   1.7254e+00
   1.7235e+00
   1.7216e+00
   1.7197e+00
   1.7177e+00
   1.7158e+00
   1.7139e+00
   1.7120e+00
   1.7101e+00
   1.7082e+00
   1.7063e+00
   1.7044e+00
   1.7026e+00
   1.7007e+00
   1.6988e+00
   1.6969e+00
   1.6951e+00
   1.6932e+00
   1.6914e+00
   1.6895e+00
   1.6876e+00
   1.6858e+00
   1.6840e+00
   1.6821e+00
   1.6803e+00
   1.6785e+00
   1.6766e+00
   1.6748e+00
   1.6730e+00
   1.6712e+00
   1.6694e+00
   1.6675e+00
   1.6657e+00
   1.6639e+00
   1.6621e+00
   1.6603e+00
   1.6586e+00
   1.6568e+00
   1.6550e+00
   1.6532e+00
   1.6514e+00
   1.6497e+00
   1.6479e+00
   1.6461e+00
   1.6444e+00
   1.6426e+00
   1.6409e+00
   1.6391e+00
   1.6374e+00
   1.6356e+00
   1.6339e+00
   1.6321e+00
   1.6304e+00
   1.6287e+00
   1.6270e+00
   1.6252e+00
   1.6235e+00
   1.6218e+00
   1.6201e+00
   1.6184e+00
   1.6167e+00
   1.6150e+00
   1.6133e+00
   1.6116e+00
   1.6099e+00
   1.6082e+00
   1.6065e+00
   1.6049e+00
   1.6032e+00
   1.6015e+00
   1.5998e+00
   1.5982e+00
   1.5965e+00
   1.5949e+00
   1.5932e+00
   1.5915e+00
   1.5899e+00
   1.5882e+00
   1.5866e+00
   1.5850e+00
   1.5833e+00
   1.5817e+00
   1.5801e+00
   1.5784e+00
   1.5768e+00
   1.5752e+00
   1.5736e+00
   1.5720e+00
   1.5703e+00
   1.5687e+00
   1.5671e+00
   1.5655e+00
   1.5639e+00
   1.5623e+00
   1.5607e+00
   1.5592e+00
   1.5576e+00
   1.5560e+00
   1.5544e+00
   1.5528e+00
   1.5513e+00
   1.5497e+00
   1.5481e+00
   1.5466e+00
   1.5450e+00
   1.5434e+00
   1.5419e+00
   1.5403e+00
   1.5388e+00
   1.5372e+00
   1.5357e+00
   1.5342e+00
   1.5326e+00
   1.5311e+00
   1.5296e+00
   1.5280e+00
   1.5265e+00
   1.5250e+00
   1.5235e+00
   1.5219e+00
   1.5204e+00
   1.5189e+00
   1.5174e+00
   1.5159e+00
   1.5144e+00
   1.5129e+00
   1.5114e+00
   1.5099e+00
   1.5084e+00
   1.5069e+00
   1.5054e+00
   1.5040e+00
   1.5025e+00
   1.5010e+00
   1.4995e+00
   1.4981e+00
   1.4966e+00
   1.4951e+00
   1.4937e+00
   1.4922e+00
   1.4908e+00
   1.4893e+00
   1.4878e+00
   1.4864e+00
   1.4850e+00
   1.4835e+00
   1.4821e+00
   1.4806e+00
   1.4792e+00
   1.4778e+00
   1.4763e+00
   1.4749e+00
   1.4735e+00
   1.4721e+00
   1.4706e+00
   1.4692e+00
   1.4678e+00
   1.4664e+00
   1.4650e+00
   1.4636e+00
   1.4622e+00
   1.4608e+00
   1.4594e+00
   1.4580e+00
   1.4566e+00
   1.4552e+00
   1.4538e+00
   1.4524e+00
   1.4510e+00
   1.4497e+00
   1.4483e+00
   1.4469e+00
   1.4455e+00
   1.4442e+00
   1.4428e+00
   1.4414e+00
   1.4401e+00
   1.4387e+00
   1.4373e+00
   1.4360e+00
   1.4346e+00
   1.4333e+00
   1.4319e+00
   1.4306e+00
   1.4293e+00
   1.4279e+00
   1.4266e+00
   1.4252e+00
   1.4239e+00
   1.4226e+00
   1.4212e+00
   1.4199e+00
   1.4186e+00
   1.4173e+00
   1.4160e+00
   1.4146e+00
   1.4133e+00
   1.4120e+00
   1.4107e+00
   1.4094e+00
   1.4081e+00
   1.4068e+00
   1.4055e+00
   1.4042e+00
   1.4029e+00
   1.4016e+00
   1.4003e+00
   1.3990e+00
   1.3977e+00
   1.3964e+00
   1.3952e+00
   1.3939e+00
   1.3926e+00
   1.3913e+00
   1.3901e+00
   1.3888e+00
   1.3875e+00
   1.3863e+00
   1.3850e+00
   1.3837e+00
   1.3825e+00
   1.3812e+00
   1.3800e+00
   1.3787e+00
   1.3775e+00
   1.3762e+00
   1.3750e+00
   1.3737e+00
   1.3725e+00
   1.3712e+00
   1.3700e+00
   1.3688e+00
   1.3675e+00
   1.3663e+00
   1.3651e+00
   1.3638e+00
   1.3626e+00
   1.3614e+00
   1.3602e+00
   1.3590e+00
   1.3577e+00
   1.3565e+00
   1.3553e+00
   1.3541e+00
   1.3529e+00
   1.3517e+00
   1.3505e+00
   1.3493e+00
   1.3481e+00
   1.3469e+00
   1.3457e+00
   1.3445e+00
   1.3433e+00
   1.3421e+00
   1.3409e+00
   1.3397e+00
   1.3386e+00
   1.3374e+00
   1.3362e+00
   1.3350e+00
   1.3338e+00
   1.3327e+00
   1.3315e+00
   1.3303e+00
   1.3292e+00
   1.3280e+00
   1.3268e+00
   1.3257e+00
   1.3245e+00
   1.3234e+00
   1.3222e+00
   1.3211e+00
   1.3199e+00
   1.3187e+00
   1.3176e+00
   1.3165e+00
   1.3153e+00
   1.3142e+00
   1.3130e+00
   1.3119e+00
   1.3108e+00
   1.3096e+00
   1.3085e+00
   1.3074e+00
   1.3062e+00
   1.3051e+00
   1.3040e+00
   1.3029e+00
   1.3017e+00
   1.3006e+00
   1.2995e+00
   1.2984e+00
   1.2973e+00
   1.2962e+00
   1.2950e+00
   1.2939e+00
   1.2928e+00
   1.2917e+00
   1.2906e+00
   1.2895e+00
   1.2884e+00
   1.2873e+00
   1.2862e+00
   1.2851e+00
   1.2840e+00
   1.2830e+00
   1.2819e+00
   1.2808e+00
   1.2797e+00
   1.2786e+00
   1.2775e+00
   1.2765e+00
   1.2754e+00
   1.2743e+00
   1.2732e+00
   1.2722e+00
   1.2711e+00
   1.2700e+00
   1.2690e+00
   1.2679e+00
   1.2668e+00
   1.2658e+00
   1.2647e+00
   1.2636e+00
   1.2626e+00
   1.2615e+00
   1.2605e+00
   1.2594e+00
   1.2584e+00
   1.2573e+00
   1.2563e+00
   1.2552e+00
   1.2542e+00
   1.2532e+00
   1.2521e+00
   1.2511e+00
   1.2500e+00
   1.2490e+00
   1.2480e+00
   1.2469e+00
   1.2459e+00
   1.2449e+00
   1.2439e+00
   1.2428e+00
   1.2418e+00
   1.2408e+00
   1.2398e+00
   1.2387e+00
   1.2377e+00
   1.2367e+00
   1.2357e+00
   1.2347e+00
   1.2337e+00
   1.2327e+00
   1.2317e+00
   1.2307e+00
   1.2297e+00
   1.2287e+00
   1.2277e+00
   1.2267e+00
   1.2257e+00
   1.2247e+00
   1.2237e+00
   1.2227e+00
   1.2217e+00
   1.2207e+00
   1.2197e+00
   1.2187e+00
   1.2177e+00
   1.2168e+00
   1.2158e+00
   1.2148e+00
   1.2138e+00
   1.2128e+00
   1.2119e+00
   1.2109e+00
   1.2099e+00
   1.2089e+00
   1.2080e+00
   1.2070e+00
   1.2060e+00
   1.2051e+00
   1.2041e+00
   1.2031e+00
   1.2022e+00
   1.2012e+00
   1.2003e+00
   1.1993e+00
   1.1984e+00
   1.1974e+00
   1.1964e+00
   1.1955e+00
   1.1946e+00
   1.1936e+00
   1.1927e+00
   1.1917e+00
   1.1908e+00
   1.1898e+00
   1.1889e+00
   1.1879e+00
   1.1870e+00
   1.1861e+00
   1.1851e+00
   1.1842e+00
   1.1833e+00
   1.1823e+00
   1.1814e+00
   1.1805e+00
   1.1796e+00
   1.1786e+00
   1.1777e+00
   1.1768e+00
   1.1759e+00
   1.1750e+00
   1.1740e+00
   1.1731e+00
   1.1722e+00
   1.1713e+00
   1.1704e+00
   1.1695e+00
   1.1686e+00
   1.1677e+00
   1.1667e+00
   1.1658e+00
   1.1649e+00
   1.1640e+00
   1.1631e+00
   1.1622e+00
   1.1613e+00
   1.1604e+00
   1.1595e+00
   1.1587e+00
   1.1578e+00
   1.1569e+00
   1.1560e+00
   1.1551e+00
   1.1542e+00
   1.1533e+00
   1.1524e+00
   1.1515e+00
   1.1507e+00
   1.1498e+00
   1.1489e+00
   1.1480e+00
   1.1471e+00
   1.1463e+00
   1.1454e+00
   1.1445e+00
   1.1437e+00
   1.1428e+00
   1.1419e+00
   1.1410e+00
   1.1402e+00
   1.1393e+00
   1.1384e+00
   1.1376e+00
   1.1367e+00
   1.1359e+00
   1.1350e+00
   1.1341e+00
   1.1333e+00
   1.1324e+00
   1.1316e+00
   1.1307e+00
   1.1299e+00
   1.1290e+00
   1.1282e+00
   1.1273e+00
   1.1265e+00
   1.1256e+00
   1.1248e+00
   1.1239e+00
   1.1231e+00
   1.1223e+00
   1.1214e+00
   1.1206e+00
   1.1198e+00
   1.1189e+00
   1.1181e+00
   1.1172e+00
   1.1164e+00
   1.1156e+00
   1.1148e+00
   1.1139e+00
   1.1131e+00
   1.1123e+00
   1.1115e+00
   1.1106e+00
   1.1098e+00
   1.1090e+00
   1.1082e+00
   1.1073e+00
   1.1065e+00
   1.1057e+00
   1.1049e+00
   1.1041e+00
   1.1033e+00
   1.1025e+00
   1.1016e+00
   1.1008e+00
   1.1000e+00
   1.0992e+00
   1.0984e+00
   1.0976e+00
   1.0968e+00
   1.0960e+00
   1.0952e+00
   1.0944e+00
   1.0936e+00
   1.0928e+00
   1.0920e+00
   1.0912e+00
   1.0904e+00
   1.0896e+00
   1.0888e+00
   1.0880e+00
   1.0872e+00
   1.0865e+00
   1.0857e+00
   1.0849e+00
   1.0841e+00
   1.0833e+00
   1.0825e+00
   1.0817e+00
   1.0810e+00
   1.0802e+00
   1.0794e+00
   1.0786e+00
   1.0779e+00
   1.0771e+00
   1.0763e+00
   1.0755e+00
   1.0748e+00
   1.0740e+00
   1.0732e+00
   1.0724e+00
   1.0717e+00
   1.0709e+00
   1.0701e+00
   1.0694e+00
   1.0686e+00
   1.0679e+00
   1.0671e+00
   1.0663e+00
   1.0656e+00
   1.0648e+00
   1.0641e+00
   1.0633e+00
   1.0625e+00
   1.0618e+00
   1.0610e+00
   1.0603e+00
   1.0595e+00
   1.0588e+00
   1.0580e+00
   1.0573e+00
   1.0565e+00
   1.0558e+00
   1.0550e+00
   1.0543e+00
   1.0536e+00
   1.0528e+00
   1.0521e+00
   1.0513e+00
   1.0506e+00
   1.0499e+00
   1.0491e+00
   1.0484e+00
   1.0476e+00
   1.0469e+00
   1.0462e+00
   1.0454e+00
   1.0447e+00
   1.0440e+00
   1.0433e+00
   1.0425e+00
   1.0418e+00
   1.0411e+00
   1.0404e+00
   1.0396e+00
   1.0389e+00
   1.0382e+00
   1.0375e+00
   1.0367e+00
   1.0360e+00
   1.0353e+00
   1.0346e+00
   1.0339e+00
   1.0332e+00
   1.0324e+00
   1.0317e+00
   1.0310e+00
   1.0303e+00
   1.0296e+00
   1.0289e+00
   1.0282e+00
   1.0275e+00
   1.0268e+00
   1.0261e+00
   1.0253e+00
   1.0246e+00
   1.0239e+00
   1.0232e+00
   1.0225e+00
   1.0218e+00
   1.0211e+00
   1.0204e+00
   1.0197e+00
   1.0190e+00
   1.0184e+00
   1.0177e+00
   1.0170e+00
   1.0163e+00
   1.0156e+00
   1.0149e+00
   1.0142e+00
   1.0135e+00
   1.0128e+00
   1.0121e+00
   1.0114e+00
   1.0108e+00
   1.0101e+00
   1.0094e+00
   1.0087e+00
   1.0080e+00
   1.0073e+00
   1.0067e+00
   1.0060e+00
   1.0053e+00
   1.0046e+00
   1.0040e+00
   1.0033e+00
   1.0026e+00
   1.0019e+00
   1.0013e+00
   1.0006e+00
   9.9992e-01
   9.9925e-01
   9.9858e-01
   9.9791e-01
   9.9724e-01
   9.9657e-01
   9.9591e-01
   9.9524e-01
   9.9458e-01
   9.9392e-01
   9.9325e-01
   9.9259e-01
   9.9193e-01
   9.9127e-01
   9.9061e-01
   9.8995e-01
   9.8930e-01
   9.8864e-01
   9.8798e-01
   9.8733e-01
   9.8668e-01
   9.8602e-01
   9.8537e-01
   9.8472e-01
   9.8407e-01
   9.8342e-01
   9.8277e-01
   9.8212e-01
   9.8148e-01
   9.8083e-01
   9.8018e-01
   9.7954e-01
   9.7890e-01
   9.7825e-01
   9.7761e-01
   9.7697e-01
   9.7633e-01
   9.7569e-01
   9.7505e-01
   9.7441e-01
   9.7377e-01
   9.7314e-01
   9.7250e-01
   9.7187e-01
   9.7123e-01
   9.7060e-01
   9.6997e-01
   9.6934e-01
   9.6871e-01
   9.6808e-01
   9.6745e-01
   9.6682e-01
   9.6619e-01
   9.6556e-01
   9.6494e-01
   9.6431e-01
   9.6369e-01
   9.6306e-01
   9.6244e-01
   9.6182e-01
   9.6120e-01
   9.6058e-01
   9.5996e-01
   9.5934e-01
   9.5872e-01
   9.5810e-01
   9.5749e-01
   9.5687e-01
   9.5626e-01
   9.5564e-01
   9.5503e-01
   9.5441e-01
   9.5380e-01
   9.5319e-01
   9.5258e-01
   9.5197e-01
   9.5136e-01
   9.5075e-01
   9.5015e-01
   9.4954e-01
   9.4893e-01
   9.4833e-01
   9.4772e-01
   9.4712e-01
   9.4652e-01
   9.4592e-01
   9.4531e-01
   9.4471e-01
   9.4411e-01
   9.4352e-01
   9.4292e-01
   9.4232e-01
   9.4172e-01
   9.4113e-01
   9.4053e-01
   9.3994e-01
   9.3934e-01
   9.3875e-01
   9.3816e-01
   9.3756e-01
   9.3697e-01
   9.3638e-01
   9.3579e-01
   9.3520e-01
   9.3462e-01
   9.3403e-01
   9.3344e-01
   9.3286e-01
   9.3227e-01
   9.3169e-01
   9.3110e-01
   9.3052e-01
   9.2994e-01
   9.2936e-01
   9.2878e-01
   9.2819e-01
   9.2762e-01
   9.2704e-01
   9.2646e-01
   9.2588e-01
   9.2530e-01
   9.2473e-01
   9.2415e-01
   9.2358e-01
   9.2300e-01
   9.2243e-01
   9.2186e-01
   9.2129e-01
   9.2072e-01
   9.2015e-01
   9.1958e-01
   9.1901e-01
   9.1844e-01
   9.1787e-01
   9.1730e-01
   9.1674e-01
   9.1617e-01
   9.1561e-01
   9.1504e-01
   9.1448e-01
   9.1392e-01
   9.1335e-01
   9.1279e-01
   9.1223e-01
   9.1167e-01
   9.1111e-01
   9.1055e-01
   9.0999e-01
   9.0944e-01
   9.0888e-01
   9.0832e-01
   9.0777e-01
   9.0721e-01
   9.0666e-01
   9.0611e-01
   9.0555e-01
   9.0500e-01
   9.0445e-01
   9.0390e-01
   9.0335e-01
   9.0280e-01
   9.0225e-01
   9.0170e-01
   9.0115e-01
   9.0061e-01
   9.0006e-01
   8.9951e-01
   8.9897e-01
   8.9843e-01
   8.9788e-01
   8.9734e-01
   8.9680e-01
   8.9625e-01
   8.9571e-01
   8.9517e-01
   8.9463e-01
   8.9409e-01
   8.9355e-01
   8.9302e-01
   8.9248e-01
   8.9194e-01
   8.9141e-01
   8.9087e-01
   8.9034e-01
   8.8980e-01
   8.8927e-01
   8.8874e-01
   8.8820e-01
   8.8767e-01
   8.8714e-01
   8.8661e-01
   8.8608e-01
   8.8555e-01
   8.8502e-01
   8.8449e-01
   8.8397e-01
   8.8344e-01
   8.8291e-01
   8.8239e-01
   8.8186e-01
   8.8134e-01
   8.8082e-01
   8.8029e-01
   8.7977e-01
   8.7925e-01
   8.7873e-01
   8.7821e-01
   8.7769e-01
   8.7717e-01
   8.7665e-01
   8.7613e-01
   8.7561e-01
   8.7510e-01
   8.7458e-01
   8.7406e-01
   8.7355e-01
   8.7303e-01
   8.7252e-01
   8.7201e-01
   8.7149e-01
   8.7098e-01
   8.7047e-01
   8.6996e-01
   8.6945e-01
   8.6894e-01
   8.6843e-01
   8.6792e-01
   8.6741e-01
   8.6690e-01
   8.6640e-01
   8.6589e-01
   8.6539e-01
   8.6488e-01
   8.6438e-01
   8.6387e-01
   8.6337e-01
   8.6286e-01
   8.6236e-01
   8.6186e-01
   8.6136e-01
   8.6086e-01
   8.6036e-01
   8.5986e-01
   8.5936e-01
   8.5886e-01
   8.5836e-01
   8.5787e-01
   8.5737e-01
   8.5687e-01
   8.5638e-01
   8.5588e-01
   8.5539e-01
   8.5490e-01
   8.5440e-01
   8.5391e-01
   8.5342e-01
   8.5293e-01
   8.5243e-01
   8.5194e-01
   8.5145e-01
   8.5096e-01
   8.5048e-01
   8.4999e-01
   8.4950e-01
   8.4901e-01
   8.4853e-01
   8.4804e-01
   8.4755e-01
   8.4707e-01
   8.4658e-01
   8.4610e-01
   8.4562e-01
   8.4513e-01
   8.4465e-01
   8.4417e-01
   8.4369e-01
   8.4321e-01
   8.4273e-01
   8.4225e-01
   8.4177e-01
   8.4129e-01
   8.4081e-01
   8.4033e-01
   8.3986e-01
   8.3938e-01
   8.3891e-01
   8.3843e-01
   8.3796e-01
   8.3748e-01
   8.3701e-01
   8.3653e-01
   8.3606e-01
   8.3559e-01
   8.3512e-01
   8.3465e-01
   8.3418e-01
   8.3371e-01
   8.3324e-01
   8.3277e-01
   8.3230e-01
   8.3183e-01
   8.3136e-01
   8.3090e-01
   8.3043e-01
   8.2996e-01
   8.2950e-01
   8.2903e-01
   8.2857e-01
   8.2810e-01
   8.2764e-01
   8.2718e-01
   8.2672e-01
   8.2625e-01
   8.2579e-01
   8.2533e-01
   8.2487e-01
   8.2441e-01
   8.2395e-01
   8.2349e-01
   8.2303e-01
   8.2258e-01
   8.2212e-01
   8.2166e-01
   8.2121e-01
   8.2075e-01
   8.2029e-01
   8.1984e-01
   8.1938e-01
   8.1893e-01
   8.1848e-01
   8.1802e-01
   8.1757e-01
   8.1712e-01
   8.1667e-01
   8.1622e-01
   8.1577e-01
   8.1532e-01
   8.1487e-01
   8.1442e-01
   8.1397e-01
   8.1352e-01
   8.1307e-01
   8.1263e-01
   8.1218e-01
   8.1173e-01
   8.1129e-01
   8.1084e-01
   8.1040e-01
   8.0996e-01
   8.0951e-01
   8.0907e-01
   8.0863e-01
   8.0818e-01
   8.0774e-01
   8.0730e-01
   8.0686e-01
   8.0642e-01
   8.0598e-01
   8.0554e-01
   8.0510e-01
   8.0466e-01
   8.0422e-01
   8.0379e-01
   8.0335e-01
   8.0291e-01
   8.0248e-01
   8.0204e-01
   8.0161e-01
   8.0117e-01
   8.0074e-01
   8.0030e-01
   7.9987e-01
   7.9944e-01
   7.9900e-01
   7.9857e-01
   7.9814e-01
   7.9771e-01
   7.9728e-01
   7.9685e-01
   7.9642e-01
   7.9599e-01
   7.9556e-01
   7.9513e-01
   7.9470e-01
   7.9428e-01
   7.9385e-01
   7.9342e-01
   7.9300e-01
   7.9257e-01
   7.9215e-01
   7.9172e-01
   7.9130e-01
   7.9087e-01
   7.9045e-01
   7.9003e-01
   7.8960e-01
   7.8918e-01
   7.8876e-01
   7.8834e-01
   7.8792e-01
   7.8750e-01
   7.8708e-01
   7.8666e-01
   7.8624e-01
   7.8582e-01
   7.8540e-01
   7.8499e-01
   7.8457e-01
   7.8415e-01
   7.8374e-01
   7.8332e-01
   7.8290e-01
   7.8249e-01
   7.8207e-01
   7.8166e-01
   7.8125e-01
   7.8083e-01
   7.8042e-01
   7.8001e-01
   7.7960e-01
   7.7918e-01
   7.7877e-01
   7.7836e-01
   7.7795e-01
   7.7754e-01
   7.7713e-01
   7.7672e-01
   7.7631e-01
   7.7591e-01
   7.7550e-01
   7.7509e-01
   7.7468e-01
   7.7428e-01
   7.7387e-01
   7.7347e-01
   7.7306e-01
   7.7266e-01
   7.7225e-01
   7.7185e-01
   7.7144e-01
   7.7104e-01
   7.7064e-01
   7.7023e-01
   7.6983e-01
   7.6943e-01
   7.6903e-01
   7.6863e-01
   7.6823e-01
   7.6783e-01
   7.6743e-01
   7.6703e-01
   7.6663e-01
   7.6623e-01
   7.6584e-01
   7.6544e-01
   7.6504e-01
   7.6464e-01
   7.6425e-01
   7.6385e-01
   7.6346e-01
   7.6306e-01
   7.6267e-01
   7.6227e-01
   7.6188e-01
   7.6149e-01
   7.6109e-01
   7.6070e-01
   7.6031e-01
   7.5992e-01
   7.5952e-01
   7.5913e-01
   7.5874e-01
   7.5835e-01
   7.5796e-01
   7.5757e-01
   7.5718e-01
   7.5680e-01
   7.5641e-01
   7.5602e-01
   7.5563e-01
   7.5524e-01
   7.5486e-01
   7.5447e-01
   7.5409e-01
   7.5370e-01
   7.5331e-01
   7.5293e-01
   7.5255e-01
   7.5216e-01
   7.5178e-01
   7.5139e-01
   7.5101e-01
   7.5063e-01
   7.5025e-01
   7.4987e-01
   7.4948e-01
   7.4910e-01
   7.4872e-01
   7.4834e-01
   7.4796e-01
   7.4758e-01
   7.4720e-01
   7.4683e-01
   7.4645e-01
   7.4607e-01
   7.4569e-01
   7.4531e-01
   7.4494e-01
   7.4456e-01
   7.4419e-01
   7.4381e-01
   7.4343e-01
   7.4306e-01
   7.4268e-01
   7.4231e-01
   7.4194e-01
   7.4156e-01
   7.4119e-01
   7.4082e-01
   7.4045e-01
   7.4007e-01
   7.3970e-01
   7.3933e-01
   7.3896e-01
   7.3859e-01
   7.3822e-01
   7.3785e-01
   7.3748e-01
   7.3711e-01
   7.3674e-01
   7.3637e-01
   7.3601e-01
   7.3564e-01
   7.3527e-01
   7.3490e-01
   7.3454e-01
   7.3417e-01
   7.3381e-01
   7.3344e-01
   7.3308e-01
   7.3271e-01
   7.3235e-01
   7.3198e-01
   7.3162e-01
   7.3126e-01
   7.3089e-01
   7.3053e-01
   7.3017e-01
   7.2981e-01
   7.2944e-01
   7.2908e-01
   7.2872e-01
   7.2836e-01
   7.2800e-01
   7.2764e-01
   7.2728e-01
   7.2692e-01
   7.2656e-01
   7.2621e-01
   7.2585e-01
   7.2549e-01
   7.2513e-01
   7.2478e-01
   7.2442e-01
   7.2406e-01
   7.2371e-01
   7.2335e-01
   7.2300e-01
   7.2264e-01
   7.2229e-01
   7.2193e-01
   7.2158e-01
   7.2123e-01
   7.2087e-01
   7.2052e-01
   7.2017e-01
   7.1982e-01
   7.1946e-01
   7.1911e-01
   7.1876e-01
   7.1841e-01
   7.1806e-01
   7.1771e-01
   7.1736e-01
   7.1701e-01
   7.1666e-01
   7.1631e-01
   7.1596e-01
   7.1562e-01
   7.1527e-01
   7.1492e-01
   7.1457e-01
   7.1423e-01
   7.1388e-01
   7.1353e-01
   7.1319e-01
   7.1284e-01
   7.1250e-01
   7.1215e-01
   7.1181e-01
   7.1146e-01
   7.1112e-01
   7.1078e-01
   7.1043e-01
   7.1009e-01
   7.0975e-01
   7.0941e-01
   7.0906e-01
   7.0872e-01
   7.0838e-01
   7.0804e-01
   7.0770e-01
   7.0736e-01
   7.0702e-01
   7.0668e-01
   7.0634e-01
   7.0600e-01
   7.0566e-01
   7.0532e-01
   7.0499e-01
   7.0465e-01
   7.0431e-01
   7.0397e-01
   7.0364e-01
   7.0330e-01
   7.0296e-01
   7.0263e-01
   7.0229e-01
   7.0196e-01
   7.0162e-01
   7.0129e-01
   7.0095e-01
   7.0062e-01
   7.0029e-01
   6.9995e-01
   6.9962e-01
   6.9929e-01
   6.9896e-01
   6.9862e-01
   6.9829e-01
   6.9796e-01
   6.9763e-01
   6.9730e-01
   6.9697e-01
   6.9664e-01
   6.9631e-01
   6.9598e-01
   6.9565e-01
   6.9532e-01
   6.9499e-01
   6.9466e-01
   6.9434e-01
   6.9401e-01
   6.9368e-01
   6.9335e-01
   6.9303e-01
   6.9270e-01
   6.9237e-01
   6.9205e-01
   6.9172e-01
   6.9140e-01
   6.9107e-01
   6.9075e-01
   6.9042e-01
   6.9010e-01
   6.8978e-01
   6.8945e-01
   6.8913e-01
   6.8881e-01
   6.8848e-01
   6.8816e-01
   6.8784e-01
   6.8752e-01
   6.8720e-01
   6.8687e-01
   6.8655e-01
   6.8623e-01
   6.8591e-01
   6.8559e-01
   6.8527e-01
   6.8495e-01
   6.8464e-01
   6.8432e-01
   6.8400e-01
   6.8368e-01
   6.8336e-01
   6.8304e-01
   6.8273e-01
   6.8241e-01
   6.8209e-01
   6.8178e-01
   6.8146e-01
   6.8115e-01
   6.8083e-01
   6.8051e-01
   6.8020e-01
   6.7988e-01
   6.7957e-01
   6.7926e-01
   6.7894e-01
   6.7863e-01
   6.7832e-01
   6.7800e-01
   6.7769e-01
   6.7738e-01
   6.7707e-01
   6.7675e-01
   6.7644e-01
   6.7613e-01
   6.7582e-01
   6.7551e-01
   6.7520e-01
   6.7489e-01
   6.7458e-01
   6.7427e-01
   6.7396e-01
   6.7365e-01
   6.7334e-01
   6.7303e-01
   6.7273e-01
   6.7242e-01
   6.7211e-01
   6.7180e-01
   6.7150e-01
   6.7119e-01
   6.7088e-01
   6.7058e-01
   6.7027e-01
   6.6996e-01
   6.6966e-01
   6.6935e-01
   6.6905e-01
   6.6874e-01
   6.6844e-01
   6.6814e-01
   6.6783e-01
   6.6753e-01
   6.6723e-01
   6.6692e-01
   6.6662e-01
   6.6632e-01
   6.6602e-01
   6.6571e-01
   6.6541e-01
   6.6511e-01
   6.6481e-01
   6.6451e-01
   6.6421e-01
   6.6391e-01
   6.6361e-01
   6.6331e-01
   6.6301e-01
   6.6271e-01
   6.6241e-01
   6.6211e-01
   6.6181e-01
   6.6152e-01
   6.6122e-01
   6.6092e-01
   6.6062e-01
   6.6033e-01
   6.6003e-01
   6.5973e-01
   6.5944e-01
   6.5914e-01
   6.5884e-01
   6.5855e-01
   6.5825e-01
   6.5796e-01
   6.5766e-01
   6.5737e-01
   6.5708e-01
   6.5678e-01
   6.5649e-01
   6.5619e-01
   6.5590e-01
   6.5561e-01
   6.5532e-01
   6.5502e-01
   6.5473e-01
   6.5444e-01
   6.5415e-01
   6.5386e-01
   6.5356e-01
   6.5327e-01
   6.5298e-01
   6.5269e-01
   6.5240e-01
   6.5211e-01
   6.5182e-01
   6.5153e-01
   6.5125e-01
   6.5096e-01
   6.5067e-01
   6.5038e-01
   6.5009e-01
   6.4980e-01
   6.4952e-01
   6.4923e-01
   6.4894e-01
   6.4866e-01
   6.4837e-01
   6.4808e-01
   6.4780e-01
   6.4751e-01
   6.4723e-01
   6.4694e-01
   6.4665e-01
   6.4637e-01
   6.4609e-01
   6.4580e-01
   6.4552e-01
   6.4523e-01
   6.4495e-01
   6.4467e-01
   6.4438e-01
   6.4410e-01
   6.4382e-01
   6.4354e-01
   6.4325e-01
   6.4297e-01
   6.4269e-01
   6.4241e-01
   6.4213e-01
   6.4185e-01
   6.4157e-01
   6.4129e-01
   6.4101e-01
   6.4073e-01
   6.4045e-01
   6.4017e-01
   6.3989e-01
   6.3961e-01
   6.3933e-01
   6.3905e-01
   6.3877e-01
   6.3850e-01
   6.3822e-01
   6.3794e-01
   6.3766e-01
   6.3739e-01
   6.3711e-01
   6.3683e-01
   6.3656e-01
   6.3628e-01
   6.3600e-01
   6.3573e-01
   6.3545e-01
   6.3518e-01
   6.3490e-01
   6.3463e-01
   6.3435e-01
   6.3408e-01
   6.3381e-01
   6.3353e-01
   6.3326e-01
   6.3299e-01
   6.3271e-01
   6.3244e-01
   6.3217e-01
   6.3189e-01
   6.3162e-01
   6.3135e-01
   6.3108e-01
   6.3081e-01
   6.3054e-01
   6.3027e-01
   6.2999e-01
   6.2972e-01
   6.2945e-01
   6.2918e-01
   6.2891e-01
   6.2864e-01
   6.2838e-01
   6.2811e-01
   6.2784e-01
   6.2757e-01
   6.2730e-01
   6.2703e-01
   6.2676e-01
   6.2650e-01
   6.2623e-01
   6.2596e-01
   6.2569e-01
   6.2543e-01
   6.2516e-01
   6.2489e-01
   6.2463e-01
   6.2436e-01
   6.2410e-01
   6.2383e-01
   6.2357e-01
   6.2330e-01
   6.2304e-01
   6.2277e-01
   6.2251e-01
   6.2224e-01
   6.2198e-01
   6.2171e-01
   6.2145e-01
   6.2119e-01
   6.2093e-01
   6.2066e-01
   6.2040e-01
   6.2014e-01
   6.1988e-01
   6.1961e-01
   6.1935e-01
   6.1909e-01
   6.1883e-01
   6.1857e-01
   6.1831e-01
   6.1805e-01
   6.1779e-01
   6.1753e-01
   6.1727e-01
   6.1701e-01
   6.1675e-01
   6.1649e-01
   6.1623e-01
   6.1597e-01
   6.1571e-01
   6.1545e-01
   6.1519e-01
   6.1493e-01
   6.1468e-01
   6.1442e-01
   6.1416e-01
   6.1390e-01
   6.1365e-01
   6.1339e-01
   6.1313e-01
   6.1288e-01
   6.1262e-01
   6.1237e-01
   6.1211e-01
   6.1185e-01
   6.1160e-01
   6.1134e-01
   6.1109e-01
   6.1083e-01
   6.1058e-01
   6.1033e-01
   6.1007e-01
   6.0982e-01
   6.0956e-01
   6.0931e-01
   6.0906e-01
   6.0880e-01
   6.0855e-01
   6.0830e-01
   6.0805e-01
   6.0779e-01
   6.0754e-01
   6.0729e-01
   6.0704e-01
   6.0679e-01
   6.0654e-01
   6.0629e-01
   6.0604e-01
   6.0578e-01
   6.0553e-01
   6.0528e-01
   6.0503e-01
   6.0478e-01
   6.0454e-01
   6.0429e-01
   6.0404e-01
   6.0379e-01
   6.0354e-01
   6.0329e-01
   6.0304e-01
   6.0279e-01
   6.0255e-01
   6.0230e-01
   6.0205e-01
   6.0180e-01
   6.0156e-01
   6.0131e-01
   6.0106e-01
   6.0082e-01
   6.0057e-01
   6.0032e-01
   6.0008e-01
   5.9983e-01
   5.9959e-01
   5.9934e-01
   5.9910e-01
   5.9885e-01
   5.9861e-01
   5.9836e-01
   5.9812e-01
   5.9787e-01
   5.9763e-01
   5.9739e-01
   5.9714e-01
   5.9690e-01
   5.9666e-01
   5.9641e-01
   5.9617e-01
   5.9593e-01
   5.9569e-01
   5.9544e-01
   5.9520e-01
   5.9496e-01
   5.9472e-01
   5.9448e-01
   5.9424e-01
   5.9400e-01
   5.9375e-01
   5.9351e-01
   5.9327e-01
   5.9303e-01
   5.9279e-01
   5.9255e-01
   5.9231e-01
   5.9207e-01
   5.9184e-01
   5.9160e-01
   5.9136e-01
   5.9112e-01
   5.9088e-01
   5.9064e-01
   5.9040e-01
   5.9017e-01
   5.8993e-01
   5.8969e-01
   5.8945e-01
   5.8922e-01
   5.8898e-01
   5.8874e-01
   5.8851e-01
   5.8827e-01
   5.8803e-01
   5.8780e-01
   5.8756e-01
   5.8733e-01
   5.8709e-01
   5.8685e-01
   5.8662e-01
   5.8638e-01
   5.8615e-01
   5.8592e-01
   5.8568e-01
   5.8545e-01
   5.8521e-01
   5.8498e-01
   5.8475e-01
   5.8451e-01
   5.8428e-01
   5.8405e-01
   5.8381e-01
   5.8358e-01
   5.8335e-01
   5.8312e-01
   5.8288e-01
   5.8265e-01
   5.8242e-01
   5.8219e-01
   5.8196e-01
   5.8173e-01
   5.8149e-01
   5.8126e-01
   5.8103e-01
   5.8080e-01
   5.8057e-01
   5.8034e-01
   5.8011e-01
   5.7988e-01
   5.7965e-01
   5.7942e-01
   5.7919e-01
   5.7896e-01
   5.7874e-01
   5.7851e-01
   5.7828e-01
   5.7805e-01
   5.7782e-01
   5.7759e-01
   5.7737e-01
   5.7714e-01
   5.7691e-01
   5.7668e-01
   5.7646e-01
   5.7623e-01
   5.7600e-01
   5.7578e-01
   5.7555e-01
   5.7532e-01
   5.7510e-01
   5.7487e-01
   5.7465e-01
   5.7442e-01
   5.7420e-01
   5.7397e-01
   5.7375e-01
   5.7352e-01
   5.7330e-01
   5.7307e-01
   5.7285e-01
   5.7262e-01
   5.7240e-01
   5.7218e-01
   5.7195e-01
   5.7173e-01
   5.7151e-01
   5.7128e-01
   5.7106e-01
   5.7084e-01
   5.7061e-01
   5.7039e-01
   5.7017e-01
   5.6995e-01
   5.6973e-01
   5.6950e-01
   5.6928e-01
   5.6906e-01
   5.6884e-01
   5.6862e-01
   5.6840e-01
   5.6818e-01
   5.6796e-01
   5.6774e-01
   5.6752e-01
   5.6730e-01
   5.6708e-01
   5.6686e-01
   5.6664e-01
   5.6642e-01
   5.6620e-01
   5.6598e-01
   5.6576e-01
   5.6554e-01
   5.6532e-01
   5.6511e-01
   5.6489e-01
   5.6467e-01
   5.6445e-01
   5.6423e-01
   5.6402e-01
   5.6380e-01
   5.6358e-01
   5.6336e-01
   5.6315e-01
   5.6293e-01
   5.6271e-01
   5.6250e-01
   5.6228e-01
   5.6207e-01
   5.6185e-01
   5.6163e-01
   5.6142e-01
   5.6120e-01
   5.6099e-01
   5.6077e-01
   5.6056e-01
   5.6034e-01
   5.6013e-01
   5.5992e-01
   5.5970e-01
   5.5949e-01
   5.5927e-01
   5.5906e-01
   5.5885e-01
   5.5863e-01
   5.5842e-01
   5.5821e-01
   5.5799e-01
   5.5778e-01
   5.5757e-01
   5.5736e-01
   5.5714e-01
   5.5693e-01
   5.5672e-01
   5.5651e-01
   5.5630e-01
   5.5608e-01
   5.5587e-01
   5.5566e-01
   5.5545e-01
   5.5524e-01
   5.5503e-01
   5.5482e-01
   5.5461e-01
   5.5440e-01
   5.5419e-01
   5.5398e-01
   5.5377e-01
   5.5356e-01
   5.5335e-01
   5.5314e-01
   5.5293e-01
   5.5272e-01
   5.5251e-01
   5.5230e-01
   5.5210e-01
   5.5189e-01
   5.5168e-01
   5.5147e-01
   5.5126e-01
   5.5106e-01
   5.5085e-01
   5.5064e-01
   5.5043e-01
   5.5023e-01
   5.5002e-01
   5.4981e-01
   5.4961e-01
   5.4940e-01
   5.4919e-01
   5.4899e-01
   5.4878e-01
   5.4858e-01
   5.4837e-01
   5.4816e-01
   5.4796e-01
   5.4775e-01
   5.4755e-01
   5.4734e-01
   5.4714e-01
   5.4693e-01
   5.4673e-01
   5.4653e-01
   5.4632e-01
   5.4612e-01
   5.4591e-01
   5.4571e-01
   5.4551e-01
   5.4530e-01
   5.4510e-01
   5.4490e-01
   5.4469e-01
   5.4449e-01
   5.4429e-01
   5.4408e-01
   5.4388e-01
   5.4368e-01
   5.4348e-01
   5.4328e-01
   5.4307e-01
   5.4287e-01
   5.4267e-01
   5.4247e-01
   5.4227e-01
   5.4207e-01
   5.4187e-01
   5.4167e-01
   5.4147e-01
   5.4127e-01
   5.4106e-01
   5.4086e-01
   5.4066e-01
   5.4046e-01
   5.4027e-01
   5.4007e-01
   5.3987e-01
   5.3967e-01
   5.3947e-01
   5.3927e-01
   5.3907e-01
   5.3887e-01
   5.3867e-01
   5.3847e-01
   5.3828e-01
   5.3808e-01
   5.3788e-01
   5.3768e-01
   5.3748e-01
   5.3729e-01
   5.3709e-01
   5.3689e-01
   5.3669e-01
   5.3650e-01
   5.3630e-01
   5.3610e-01
   5.3591e-01
   5.3571e-01
   5.3552e-01
   5.3532e-01
   5.3512e-01
   5.3493e-01
   5.3473e-01
   5.3454e-01
   5.3434e-01
   5.3415e-01
   5.3395e-01
   5.3376e-01
   5.3356e-01
   5.3337e-01
   5.3317e-01
   5.3298e-01
   5.3278e-01
   5.3259e-01
   5.3239e-01
   5.3220e-01
   5.3201e-01
   5.3181e-01
   5.3162e-01
   5.3143e-01
   5.3123e-01
   5.3104e-01
   5.3085e-01
   5.3065e-01
   5.3046e-01
   5.3027e-01
   5.3008e-01
   5.2989e-01
   5.2969e-01
   5.2950e-01
   5.2931e-01
   5.2912e-01
   5.2893e-01
   5.2873e-01
   5.2854e-01
   5.2835e-01
   5.2816e-01
   5.2797e-01
   5.2778e-01
   5.2759e-01
   5.2740e-01
   5.2721e-01
   5.2702e-01
   5.2683e-01
   5.2664e-01
   5.2645e-01
   5.2626e-01
   5.2607e-01
   5.2588e-01
   5.2569e-01
   5.2550e-01
   5.2531e-01
   5.2512e-01
   5.2494e-01
   5.2475e-01
   5.2456e-01
   5.2437e-01
   5.2418e-01
   5.2400e-01
   5.2381e-01
   5.2362e-01
   5.2343e-01
   5.2324e-01
   5.2306e-01
   5.2287e-01
   5.2268e-01
   5.2250e-01
   5.2231e-01
   5.2212e-01
   5.2194e-01
   5.2175e-01
   5.2156e-01
   5.2138e-01
   5.2119e-01
   5.2101e-01
   5.2082e-01
   5.2063e-01
   5.2045e-01
   5.2026e-01
   5.2008e-01
   5.1989e-01
   5.1971e-01
   5.1952e-01
   5.1934e-01
   5.1915e-01
   5.1897e-01
   5.1879e-01
   5.1860e-01
   5.1842e-01
   5.1823e-01
   5.1805e-01
   5.1787e-01
   5.1768e-01
   5.1750e-01
   5.1732e-01
   5.1713e-01
   5.1695e-01
   5.1677e-01
   5.1658e-01
