       nan
       nan
       nan
       nan
       nan
       nan
       nan
       nan
   71.1969
   66.8565
   63.3834
   60.5231
   58.1059
   56.0153
   54.1701
   52.5129
   51.0028
   49.6107
   48.3153
   47.1012
   45.9569
   44.8736
   43.8445
   42.8644
   41.9288
   41.0341
   40.1773
   39.3557
   38.5671
   37.8093
   37.0806
   36.3792
   35.7036
   35.0524
   34.4243
   33.8181
   33.2326
   32.6669
   32.1199
   31.5908
   31.0786
   30.5825
   30.1019
   29.6360
   29.1841
   28.7456
   28.3200
   27.9066
   27.5049
   27.1144
   26.7348
   26.3654
   26.0059
   25.6559
   25.3151
   24.9830
   24.6593
   24.3438
   24.0360
   23.7357
   23.4427
   23.1566
   22.8773
   22.6044
   22.3378
   22.0772
   21.8225
   21.5734
   21.3297
   21.0913
   20.8580
   20.6296
   20.4060
   20.1870
   19.9725
   19.7623
   19.5564
   19.3545
   19.1566
   18.9625
   18.7722
   18.5854
   18.4022
   18.2225
   18.0460
   17.8728
   17.7027
   17.5357
   17.3716
   17.2105
   17.0521
   16.8966
   16.7436
   16.5933
   16.4456
   16.3003
   16.1574
   16.0169
   15.8786
   15.7427
   15.6089
   15.4772
   15.3476
   15.2201
   15.0945
   14.9709
   14.8492
   14.7293
   14.6112
   14.4949
   14.3804
   14.2675
   14.1563
   14.0467
   13.9388
   13.8323
   13.7274
   13.6239
   13.5220
   13.4214
   13.3223
   13.2245
   13.1280
   13.0329
   12.9390
   12.8464
   12.7551
   12.6650
   12.5760
   12.4882
   12.4016
   12.3161
   12.2317
   12.1483
   12.0661
   11.9848
   11.9046
   11.8254
   11.7472
   11.6699
   11.5936
   11.5182
   11.4438
   11.3702
   11.2975
   11.2257
   11.1547
   11.0846
   11.0153
   10.9468
   10.8791
   10.8122
   10.7461
   10.6807
   10.6161
   10.5522
   10.4890
   10.4265
   10.3647
   10.3036
   10.2432
   10.1834
   10.1243
   10.0659
   10.0081
    9.9509
    9.8943
    9.8383
    9.7829
    9.7281
    9.6739
    9.6202
    9.5671
    9.5145
    9.4625
    9.4111
    9.3601
    9.3097
    9.2598
    9.2104
    9.1614
    9.1130
    9.0651
    9.0176
    8.9706
    8.9241
    8.8780
    8.8324
    8.7872
    8.7424
    8.6981
    8.6542
    8.6107
    8.5677
    8.5250
    8.4827
    8.4409
    8.3994
    8.3583
    8.3176
    8.2773
    8.2374
    8.1978
    8.1585
    8.1197
    8.0811
    8.0430
    8.0051
    7.9677
    7.9305
    7.8937
    7.8572
    7.8210
    7.7851
    7.7496
    7.7143
    7.6794
    7.6448
    7.6104
    7.5764
    7.5426
    7.5092
    7.4760
    7.4431
    7.4105
    7.3781
    7.3460
    7.3142
    7.2827
    7.2514
    7.2204
    7.1896
    7.1591
    7.1288
    7.0987
    7.0690
    7.0394
    7.0101
    6.9810
    6.9522
    6.9236
    6.8952
    6.8670
    6.8390
    6.8113
    6.7838
    6.7565
    6.7294
    6.7025
    6.6759
    6.6494
    6.6231
    6.5971
    6.5712
    6.5455
    6.5201
    6.4948
    6.4697
    6.4448
    6.4200
    6.3955
    6.3711
    6.3470
    6.3230
    6.2991
    6.2755
    6.2520
    6.2287
    6.2055
    6.1826
    6.1597
    6.1371
    6.1146
    6.0923
    6.0701
    6.0481
    6.0262
    6.0045
    5.9830
    5.9616
    5.9403
    5.9192
    5.8982
    5.8774
    5.8567
    5.8362
    5.8158
    5.7955
    5.7754
    5.7554
    5.7356
    5.7159
    5.6963
    5.6768
    5.6575
    5.6383
    5.6192
    5.6003
    5.5814
    5.5627
    5.5442
    5.5257
    5.5074
    5.4892
    5.4711
    5.4531
    5.4352
    5.4174
    5.3998
    5.3823
    5.3648
    5.3475
    5.3303
    5.3132
    5.2963
    5.2794
    5.2626
    5.2459
    5.2294
    5.2129
    5.1965
    5.1803
    5.1641
    5.1480
    5.1321
    5.1162
    5.1004
    5.0847
    5.0691
    5.0536
    5.0382
    5.0229
    5.0077
    4.9926
    4.9775
    4.9626
    4.9477
    4.9329
    4.9182
    4.9036
    4.8891
    4.8747
    4.8603
    4.8460
    4.8318
    4.8177
    4.8037
    4.7898
    4.7759
    4.7621
    4.7484
    4.7347
    4.7212
    4.7077
    4.6943
    4.6810
    4.6677
    4.6545
    4.6414
    4.6284
    4.6154
    4.6025
    4.5897
    4.5769
    4.5642
    4.5516
    4.5390
    4.5266
    4.5141
    4.5018
    4.4895
    4.4773
    4.4651
    4.4530
    4.4410
    4.4290
    4.4171
    4.4053
    4.3935
    4.3818
    4.3702
    4.3586
    4.3470
    4.3356
    4.3242
    4.3128
    4.3015
    4.2903
    4.2791
    4.2680
    4.2569
    4.2459
    4.2349
    4.2240
    4.2132
    4.2024
    4.1916
    4.1810
    4.1703
    4.1597
    4.1492
    4.1387
    4.1283
    4.1179
    4.1076
    4.0974
    4.0871
    4.0770
    4.0668
    4.0568
    4.0467
    4.0368
    4.0268
    4.0170
    4.0071
    3.9973
    3.9876
    3.9779
    3.9683
    3.9587
    3.9491
    3.9396
    3.9301
    3.9207
    3.9113
    3.9020
    3.8927
    3.8835
    3.8743
    3.8651
    3.8560
    3.8469
    3.8379
    3.8289
    3.8199
    3.8110
    3.8021
    3.7933
    3.7845
    3.7758
    3.7670
    3.7584
    3.7497
    3.7411
    3.7326
    3.7241
    3.7156
    3.7071
    3.6987
    3.6904
    3.6820
    3.6737
    3.6655
    3.6572
    3.6490
    3.6409
    3.6328
    3.6247
    3.6166
    3.6086
    3.6007
    3.5927
    3.5848
    3.5769
    3.5691
    3.5613
    3.5535
    3.5458
    3.5380
    3.5304
    3.5227
    3.5151
    3.5075
    3.5000
    3.4925
    3.4850
    3.4775
    3.4701
    3.4627
    3.4553
    3.4480
    3.4407
    3.4334
    3.4262
    3.4190
    3.4118
    3.4046
    3.3975
    3.3904
    3.3834
    3.3763
    3.3693
    3.3623
    3.3554
    3.3484
    3.3415
    3.3347
    3.3278
    3.3210
    3.3142
    3.3075
    3.3007
    3.2940
    3.2873
    3.2807
    3.2740
    3.2674
    3.2609
    3.2543
    3.2478
    3.2413
    3.2348
    3.2283
    3.2219
    3.2155
    3.2091
    3.2028
    3.1964
    3.1901
    3.1839
    3.1776
    3.1714
    3.1652
    3.1590
    3.1528
    3.1467
    3.1406
    3.1345
    3.1284
    3.1223
    3.1163
    3.1103
    3.1043
    3.0984
    3.0924
    3.0865
    3.0806
    3.0748
    3.0689
    3.0631
    3.0573
    3.0515
    3.0457
    3.0400
    3.0343
    3.0285
    3.0229
    3.0172
    3.0116
    3.0059
    3.0003
    2.9948
    2.9892
    2.9837
    2.9781
    2.9726
    2.9672
    2.9617
    2.9563
    2.9508
    2.9454
    2.9400
    2.9347
    2.9293
    2.9240
    2.9187
    2.9134
    2.9081
    2.9029
    2.8976
    2.8924
    2.8872
    2.8820
    2.8769
    2.8717
    2.8666
    2.8615
    2.8564
    2.8513
    2.8463
    2.8412
    2.8362
    2.8312
    2.8262
    2.8212
    2.8163
    2.8113
    2.8064
    2.8015
    2.7966
    2.7917
    2.7869
    2.7820
    2.7772
    2.7724
    2.7676
    2.7628
    2.7581
    2.7533
    2.7486
    2.7439
    2.7392
    2.7345
    2.7298
    2.7252
    2.7205
    2.7159
    2.7113
    2.7067
    2.7021
    2.6976
    2.6930
    2.6885
    2.6840
    2.6795
    2.6750
    2.6705
    2.6661
    2.6616
    2.6572
    2.6528
    2.6484
    2.6440
    2.6396
    2.6352
    2.6309
    2.6265
    2.6222
    2.6179
    2.6136
    2.6093
    2.6051
    2.6008
    2.5966
    2.5923
    2.5881
    2.5839
    2.5797
    2.5756
    2.5714
    2.5673
    2.5631
    2.5590
    2.5549
    2.5508
    2.5467
    2.5426
    2.5386
    2.5345
    2.5305
    2.5265
    2.5224
    2.5184
    2.5145
    2.5105
    2.5065
    2.5026
    2.4986
    2.4947
    2.4908
    2.4869
    2.4830
    2.4791
    2.4752
    2.4714
    2.4675
    2.4637
    2.4599
    2.4561
    2.4523
    2.4485
    2.4447
    2.4409
    2.4372
    2.4334
    2.4297
    2.4260
    2.4223
    2.4186
    2.4149
    2.4112
    2.4075
    2.4039
    2.4002
    2.3966
    2.3929
    2.3893
    2.3857
    2.3821
    2.3785
    2.3750
    2.3714
    2.3678
    2.3643
    2.3608
    2.3572
    2.3537
    2.3502
    2.3467
    2.3432
    2.3398
    2.3363
    2.3328
    2.3294
    2.3260
    2.3225
    2.3191
    2.3157
    2.3123
    2.3089
    2.3055
    2.3022
    2.2988
    2.2955
    2.2921
    2.2888
    2.2855
    2.2822
    2.2789
    2.2756
    2.2723
    2.2690
    2.2657
    2.2625
    2.2592
    2.2560
    2.2527
    2.2495
    2.2463
    2.2431
    2.2399
    2.2367
    2.2335
    2.2304
    2.2272
    2.2240
    2.2209
    2.2178
    2.2146
    2.2115
    2.2084
    2.2053
    2.2022
    2.1991
    2.1960
    2.1930
    2.1899
    2.1868
    2.1838
    2.1808
    2.1777
    2.1747
    2.1717
    2.1687
    2.1657
    2.1627
    2.1597
    2.1567
    2.1538
    2.1508
    2.1478
    2.1449
    2.1420
    2.1390
    2.1361
    2.1332
    2.1303
    2.1274
    2.1245
    2.1216
    2.1187
    2.1159
    2.1130
    2.1102
    2.1073
    2.1045
    2.1016
    2.0988
    2.0960
    2.0932
    2.0904
    2.0876
    2.0848
    2.0820
    2.0792
    2.0765
    2.0737
    2.0710
    2.0682
    2.0655
    2.0627
    2.0600
    2.0573
    2.0546
    2.0519
    2.0492
    2.0465
    2.0438
    2.0411
    2.0384
    2.0358
    2.0331
    2.0305
    2.0278
    2.0252
    2.0225
    2.0199
    2.0173
    2.0147
    2.0121
    2.0095
    2.0069
    2.0043
    2.0017
    1.9991
    1.9966
    1.9940
    1.9914
    1.9889
    1.9863
    1.9838
    1.9813
    1.9787
    1.9762
    1.9737
    1.9712
    1.9687
    1.9662
    1.9637
    1.9612
    1.9588
    1.9563
    1.9538
    1.9514
    1.9489
    1.9465
    1.9440
    1.9416
    1.9391
    1.9367
    1.9343
    1.9319
    1.9295
    1.9271
    1.9247
    1.9223
    1.9199
    1.9175
    1.9152
    1.9128
    1.9104
    1.9081
    1.9057
    1.9034
    1.9010
    1.8987
    1.8964
    1.8940
    1.8917
    1.8894
    1.8871
    1.8848
    1.8825
    1.8802
    1.8779
    1.8756
    1.8734
    1.8711
    1.8688
    1.8666
    1.8643
    1.8620
    1.8598
    1.8576
    1.8553
    1.8531
    1.8509
    1.8487
    1.8464
    1.8442
    1.8420
    1.8398
    1.8376
    1.8354
    1.8333
    1.8311
    1.8289
    1.8267
    1.8246
    1.8224
    1.8202
    1.8181
    1.8159
    1.8138
    1.8117
    1.8095
    1.8074
    1.8053
    1.8032
    1.8011
    1.7990
    1.7968
    1.7948
    1.7927
    1.7906
    1.7885
    1.7864
    1.7843
    1.7823
    1.7802
    1.7781
    1.7761
    1.7740
    1.7720
    1.7699
    1.7679
    1.7659
    1.7638
    1.7618
    1.7598
    1.7578
    1.7557
    1.7537
    1.7517
    1.7497
    1.7477
    1.7457
    1.7438
    1.7418
    1.7398
    1.7378
    1.7358
    1.7339
    1.7319
    1.7300
    1.7280
    1.7261
    1.7241
    1.7222
    1.7202
    1.7183
    1.7164
    1.7145
    1.7125
    1.7106
    1.7087
    1.7068
    1.7049
    1.7030
    1.7011
    1.6992
    1.6973
    1.6954
    1.6936
    1.6917
    1.6898
    1.6879
    1.6861
    1.6842
    1.6824
    1.6805
    1.6787
    1.6768
    1.6750
    1.6731
    1.6713
    1.6695
    1.6677
    1.6658
    1.6640
    1.6622
    1.6604
    1.6586
    1.6568
    1.6550
    1.6532
    1.6514
    1.6496
    1.6478
    1.6460
    1.6443
    1.6425
    1.6407
    1.6390
    1.6372
    1.6354
    1.6337
    1.6319
    1.6302
    1.6284
    1.6267
    1.6249
    1.6232
    1.6215
    1.6198
    1.6180
    1.6163
    1.6146
    1.6129
    1.6112
    1.6095
    1.6078
    1.6061
    1.6044
    1.6027
    1.6010
    1.5993
    1.5976
    1.5959
    1.5943
    1.5926
    1.5909
    1.5893
    1.5876
    1.5859
    1.5843
    1.5826
    1.5810
    1.5793
    1.5777
    1.5760
    1.5744
    1.5728
    1.5711
    1.5695
    1.5679
    1.5663
    1.5647
    1.5630
    1.5614
    1.5598
    1.5582
    1.5566
    1.5550
    1.5534
    1.5518
    1.5502
    1.5487
    1.5471
    1.5455
    1.5439
    1.5423
    1.5408
    1.5392
    1.5376
    1.5361
    1.5345
    1.5330
    1.5314
    1.5299
    1.5283
    1.5268
    1.5252
    1.5237
    1.5222
    1.5206
    1.5191
    1.5176
    1.5160
    1.5145
    1.5130
    1.5115
    1.5100
    1.5085
    1.5070
    1.5055
    1.5040
    1.5025
    1.5010
    1.4995
    1.4980
    1.4965
    1.4950
    1.4935
    1.4921
    1.4906
    1.4891
    1.4877
    1.4862
    1.4847
    1.4833
    1.4818
    1.4803
    1.4789
    1.4774
    1.4760
    1.4746
    1.4731
    1.4717
    1.4702
    1.4688
    1.4674
    1.4659
    1.4645
    1.4631
    1.4617
    1.4603
    1.4588
    1.4574
    1.4560
    1.4546
    1.4532
    1.4518
    1.4504
    1.4490
    1.4476
    1.4462
    1.4448
    1.4434
    1.4420
    1.4407
    1.4393
    1.4379
    1.4365
    1.4352
    1.4338
    1.4324
    1.4311
    1.4297
    1.4283
    1.4270
    1.4256
    1.4243
    1.4229
    1.4216
    1.4202
    1.4189
    1.4176
    1.4162
    1.4149
    1.4135
    1.4122
    1.4109
    1.4096
    1.4082
    1.4069
    1.4056
    1.4043
    1.4030
    1.4017
    1.4003
    1.3990
    1.3977
    1.3964
    1.3951
    1.3938
    1.3925
    1.3912
    1.3900
    1.3887
    1.3874
    1.3861
    1.3848
    1.3835
    1.3823
    1.3810
    1.3797
    1.3784
    1.3772
    1.3759
    1.3746
    1.3734
    1.3721
    1.3709
    1.3696
    1.3683
    1.3671
    1.3658
    1.3646
    1.3634
    1.3621
    1.3609
    1.3596
    1.3584
    1.3572
    1.3559
    1.3547
    1.3535
    1.3523
    1.3510
    1.3498
    1.3486
    1.3474
    1.3462
    1.3450
    1.3437
    1.3425
    1.3413
    1.3401
    1.3389
    1.3377
    1.3365
    1.3353
    1.3341
    1.3329
    1.3318
    1.3306
    1.3294
    1.3282
    1.3270
    1.3258
    1.3247
    1.3235
    1.3223
    1.3211
    1.3200
    1.3188
    1.3176
    1.3165
    1.3153
    1.3141
    1.3130
    1.3118
    1.3107
    1.3095
    1.3084
    1.3072
    1.3061
    1.3049
    1.3038
    1.3027
    1.3015
    1.3004
    1.2992
    1.2981
    1.2970
    1.2958
    1.2947
    1.2936
    1.2925
    1.2913
    1.2902
    1.2891
    1.2880
    1.2869
    1.2858
    1.2847
    1.2835
    1.2824
    1.2813
    1.2802
    1.2791
    1.2780
    1.2769
    1.2758
    1.2747
    1.2736
    1.2726
    1.2715
    1.2704
    1.2693
    1.2682
    1.2671
    1.2660
    1.2650
    1.2639
    1.2628
    1.2617
    1.2607
    1.2596
    1.2585
    1.2575
    1.2564
    1.2553
    1.2543
    1.2532
    1.2522
    1.2511
    1.2501
    1.2490
    1.2480
    1.2469
    1.2459
    1.2448
    1.2438
    1.2427
    1.2417
    1.2406
    1.2396
    1.2386
    1.2375
    1.2365
    1.2355
    1.2344
    1.2334
    1.2324
    1.2314
    1.2303
    1.2293
    1.2283
    1.2273
    1.2263
    1.2253
    1.2242
    1.2232
    1.2222
    1.2212
    1.2202
    1.2192
    1.2182
    1.2172
    1.2162
    1.2152
    1.2142
    1.2132
    1.2122
    1.2112
    1.2102
    1.2092
    1.2082
    1.2073
    1.2063
    1.2053
    1.2043
    1.2033
    1.2024
    1.2014
    1.2004
    1.1994
    1.1985
    1.1975
    1.1965
    1.1955
    1.1946
    1.1936
    1.1927
    1.1917
    1.1907
    1.1898
    1.1888
    1.1879
    1.1869
    1.1859
    1.1850
    1.1840
    1.1831
    1.1822
    1.1812
    1.1803
    1.1793
    1.1784
    1.1774
    1.1765
    1.1756
    1.1746
    1.1737
    1.1728
    1.1718
    1.1709
    1.1700
    1.1690
    1.1681
    1.1672
    1.1663
    1.1653
    1.1644
    1.1635
    1.1626
    1.1617
    1.1608
    1.1598
    1.1589
    1.1580
    1.1571
    1.1562
    1.1553
    1.1544
    1.1535
    1.1526
    1.1517
    1.1508
    1.1499
    1.1490
    1.1481
    1.1472
    1.1463
    1.1454
    1.1445
    1.1436
    1.1428
    1.1419
    1.1410
    1.1401
    1.1392
    1.1383
    1.1375
    1.1366
    1.1357
    1.1348
    1.1339
    1.1331
    1.1322
    1.1313
    1.1305
    1.1296
    1.1287
    1.1279
    1.1270
    1.1261
    1.1253
    1.1244
    1.1236
    1.1227
    1.1218
    1.1210
    1.1201
    1.1193
    1.1184
    1.1176
    1.1167
    1.1159
    1.1150
    1.1142
    1.1133
    1.1125
    1.1117
    1.1108
    1.1100
    1.1091
    1.1083
    1.1075
    1.1066
    1.1058
    1.1050
    1.1041
    1.1033
    1.1025
    1.1016
    1.1008
    1.1000
    1.0992
    1.0983
    1.0975
    1.0967
    1.0959
    1.0951
    1.0943
    1.0934
    1.0926
    1.0918
    1.0910
    1.0902
    1.0894
    1.0886
    1.0878
    1.0870
    1.0862
    1.0853
    1.0845
    1.0837
    1.0829
    1.0821
    1.0813
    1.0805
    1.0798
    1.0790
    1.0782
    1.0774
    1.0766
    1.0758
    1.0750
    1.0742
    1.0734
    1.0726
    1.0719
    1.0711
    1.0703
    1.0695
    1.0687
    1.0679
    1.0672
    1.0664
    1.0656
    1.0648
    1.0641
    1.0633
    1.0625
    1.0617
    1.0610
    1.0602
    1.0594
    1.0587
    1.0579
    1.0571
    1.0564
    1.0556
    1.0549
    1.0541
    1.0533
    1.0526
    1.0518
    1.0511
    1.0503
    1.0496
    1.0488
    1.0481
    1.0473
    1.0466
    1.0458
    1.0451
    1.0443
    1.0436
    1.0428
    1.0421
    1.0413
    1.0406
    1.0399
    1.0391
    1.0384
    1.0376
    1.0369
    1.0362
    1.0354
    1.0347
    1.0340
    1.0332
    1.0325
    1.0318
    1.0311
    1.0303
    1.0296
    1.0289
    1.0282
    1.0274
    1.0267
    1.0260
    1.0253
    1.0245
    1.0238
    1.0231
    1.0224
    1.0217
    1.0210
    1.0202
    1.0195
    1.0188
    1.0181
    1.0174
    1.0167
    1.0160
    1.0153
    1.0146
    1.0139
    1.0132
    1.0125
    1.0118
    1.0111
    1.0104
    1.0097
    1.0090
    1.0083
    1.0076
    1.0069
    1.0062
    1.0055
    1.0048
    1.0041
    1.0034
    1.0027
    1.0020
    1.0013
    1.0007
    1.0000
    0.9993
    0.9986
    0.9979
    0.9972
    0.9965
    0.9959
    0.9952
    0.9945
    0.9938
    0.9931
    0.9925
    0.9918
    0.9911
    0.9904
    0.9898
    0.9891
    0.9884
    0.9878
    0.9871
    0.9864
    0.9858
    0.9851
    0.9844
    0.9838
    0.9831
    0.9824
    0.9818
    0.9811
    0.9804
    0.9798
    0.9791
    0.9785
    0.9778
    0.9772
    0.9765
    0.9758
    0.9752
    0.9745
    0.9739
    0.9732
    0.9726
    0.9719
    0.9713
    0.9706
    0.9700
    0.9693
    0.9687
    0.9680
    0.9674
    0.9668
    0.9661
    0.9655
    0.9648
    0.9642
    0.9636
    0.9629
    0.9623
    0.9616
    0.9610
    0.9604
    0.9597
    0.9591
    0.9585
    0.9578
    0.9572
    0.9566
    0.9560
    0.9553
    0.9547
    0.9541
    0.9534
    0.9528
    0.9522
    0.9516
    0.9509
    0.9503
    0.9497
    0.9491
    0.9485
    0.9478
    0.9472
    0.9466
    0.9460
    0.9454
    0.9448
    0.9441
    0.9435
    0.9429
    0.9423
    0.9417
    0.9411
    0.9405
    0.9399
    0.9393
    0.9387
    0.9380
    0.9374
    0.9368
    0.9362
    0.9356
    0.9350
    0.9344
    0.9338
    0.9332
    0.9326
    0.9320
    0.9314
    0.9308
    0.9302
    0.9296
    0.9290
    0.9284
    0.9278
    0.9273
    0.9267
    0.9261
    0.9255
    0.9249
    0.9243
    0.9237
    0.9231
    0.9225
    0.9219
    0.9214
    0.9208
    0.9202
    0.9196
    0.9190
    0.9184
    0.9179
    0.9173
    0.9167
    0.9161
    0.9155
    0.9150
    0.9144
    0.9138
    0.9132
    0.9127
    0.9121
    0.9115
    0.9109
    0.9104
    0.9098
    0.9092
    0.9086
    0.9081
    0.9075
    0.9069
    0.9064
    0.9058
    0.9052
    0.9047
    0.9041
    0.9035
    0.9030
    0.9024
    0.9019
    0.9013
    0.9007
    0.9002
    0.8996
    0.8991
    0.8985
    0.8979
    0.8974
    0.8968
    0.8963
    0.8957
    0.8952
    0.8946
    0.8941
    0.8935
    0.8930
    0.8924
    0.8919
    0.8913
    0.8908
    0.8902
    0.8897
    0.8891
    0.8886
    0.8880
    0.8875
    0.8869
    0.8864
    0.8858
    0.8853
    0.8848
    0.8842
    0.8837
    0.8831
    0.8826
    0.8821
    0.8815
    0.8810
    0.8804
    0.8799
    0.8794
    0.8788
    0.8783
    0.8778
    0.8772
    0.8767
    0.8762
    0.8756
    0.8751
    0.8746
    0.8741
    0.8735
    0.8730
    0.8725
    0.8719
    0.8714
    0.8709
    0.8704
    0.8698
    0.8693
    0.8688
    0.8683
    0.8678
    0.8672
    0.8667
    0.8662
    0.8657
    0.8652
    0.8646
    0.8641
    0.8636
    0.8631
    0.8626
    0.8621
    0.8615
    0.8610
    0.8605
    0.8600
    0.8595
    0.8590
    0.8585
    0.8580
    0.8575
    0.8569
    0.8564
    0.8559
    0.8554
    0.8549
    0.8544
    0.8539
    0.8534
    0.8529
    0.8524
    0.8519
    0.8514
    0.8509
    0.8504
    0.8499
    0.8494
    0.8489
    0.8484
    0.8479
    0.8474
    0.8469
    0.8464
    0.8459
    0.8454
    0.8449
    0.8444
    0.8439
    0.8434
    0.8429
    0.8424
    0.8419
    0.8414
    0.8410
    0.8405
    0.8400
    0.8395
    0.8390
    0.8385
    0.8380
    0.8375
    0.8370
    0.8366
    0.8361
    0.8356
    0.8351
    0.8346
    0.8341
    0.8337
    0.8332
    0.8327
    0.8322
    0.8317
    0.8313
    0.8308
    0.8303
    0.8298
    0.8293
    0.8289
    0.8284
    0.8279
    0.8274
    0.8270
    0.8265
    0.8260
    0.8255
    0.8251
    0.8246
    0.8241
    0.8236
    0.8232
    0.8227
    0.8222
    0.8218
    0.8213
    0.8208
    0.8204
    0.8199
    0.8194
    0.8190
    0.8185
    0.8180
    0.8176
    0.8171
    0.8166
    0.8162
    0.8157
    0.8153
    0.8148
    0.8143
    0.8139
    0.8134
    0.8129
    0.8125
    0.8120
    0.8116
    0.8111
    0.8107
    0.8102
    0.8097
    0.8093
    0.8088
    0.8084
    0.8079
    0.8075
    0.8070
    0.8066
    0.8061
    0.8057
    0.8052
    0.8048
    0.8043
    0.8039
    0.8034
    0.8030
    0.8025
    0.8021
    0.8016
    0.8012
    0.8007
    0.8003
    0.7998
    0.7994
    0.7990
    0.7985
    0.7981
    0.7976
    0.7972
    0.7967
    0.7963
    0.7959
    0.7954
    0.7950
    0.7945
    0.7941
    0.7937
    0.7932
    0.7928
    0.7923
    0.7919
    0.7915
    0.7910
    0.7906
    0.7902
    0.7897
    0.7893
    0.7889
    0.7884
    0.7880
    0.7876
    0.7871
    0.7867
    0.7863
    0.7858
    0.7854
    0.7850
    0.7846
    0.7841
    0.7837
    0.7833
    0.7828
    0.7824
    0.7820
    0.7816
    0.7811
    0.7807
    0.7803
    0.7799
    0.7794
    0.7790
    0.7786
    0.7782
    0.7778
    0.7773
    0.7769
    0.7765
    0.7761
    0.7757
    0.7752
    0.7748
    0.7744
    0.7740
    0.7736
    0.7731
    0.7727
    0.7723
    0.7719
    0.7715
    0.7711
    0.7707
    0.7702
    0.7698
    0.7694
    0.7690
    0.7686
    0.7682
    0.7678
    0.7674
    0.7670
    0.7665
    0.7661
    0.7657
    0.7653
    0.7649
    0.7645
    0.7641
    0.7637
    0.7633
    0.7629
    0.7625
    0.7621
    0.7617
    0.7613
    0.7608
    0.7604
    0.7600
    0.7596
    0.7592
    0.7588
    0.7584
    0.7580
    0.7576
    0.7572
    0.7568
    0.7564
    0.7560
    0.7556
    0.7552
    0.7548
    0.7544
    0.7540
    0.7537
    0.7533
    0.7529
    0.7525
    0.7521
    0.7517
    0.7513
    0.7509
    0.7505
    0.7501
    0.7497
    0.7493
    0.7489
    0.7485
    0.7481
    0.7478
    0.7474
    0.7470
    0.7466
    0.7462
    0.7458
    0.7454
    0.7450
    0.7446
    0.7443
    0.7439
    0.7435
    0.7431
    0.7427
    0.7423
    0.7419
    0.7416
    0.7412
    0.7408
    0.7404
    0.7400
    0.7396
    0.7393
    0.7389
    0.7385
    0.7381
    0.7377
    0.7374
    0.7370
    0.7366
    0.7362
    0.7358
    0.7355
    0.7351
    0.7347
    0.7343
    0.7340
    0.7336
    0.7332
    0.7328
    0.7325
    0.7321
    0.7317
    0.7313
    0.7310
    0.7306
    0.7302
    0.7298
    0.7295
    0.7291
    0.7287
    0.7284
    0.7280
    0.7276
    0.7272
    0.7269
    0.7265
    0.7261
    0.7258
    0.7254
    0.7250
    0.7247
    0.7243
    0.7239
    0.7236
    0.7232
    0.7228
    0.7225
    0.7221
    0.7217
    0.7214
    0.7210
    0.7207
    0.7203
    0.7199
    0.7196
    0.7192
    0.7188
    0.7185
    0.7181
    0.7178
    0.7174
    0.7170
    0.7167
    0.7163
    0.7160
    0.7156
    0.7152
    0.7149
    0.7145
    0.7142
    0.7138
    0.7135
    0.7131
    0.7128
    0.7124
    0.7120
    0.7117
    0.7113
    0.7110
    0.7106
    0.7103
    0.7099
    0.7096
    0.7092
    0.7089
    0.7085
    0.7082
    0.7078
    0.7075
    0.7071
    0.7068
    0.7064
    0.7061
    0.7057
    0.7054
    0.7050
    0.7047
    0.7043
    0.7040
    0.7036
    0.7033
    0.7029
    0.7026
    0.7022
    0.7019
    0.7016
    0.7012
    0.7009
    0.7005
    0.7002
    0.6998
    0.6995
    0.6992
    0.6988
    0.6985
    0.6981
    0.6978
    0.6974
    0.6971
    0.6968
    0.6964
    0.6961
    0.6957
    0.6954
    0.6951
    0.6947
    0.6944
    0.6941
    0.6937
    0.6934
    0.6930
    0.6927
    0.6924
    0.6920
    0.6917
    0.6914
    0.6910
    0.6907
    0.6904
    0.6900
    0.6897
    0.6894
    0.6890
    0.6887
    0.6884
    0.6880
    0.6877
    0.6874
    0.6870
    0.6867
    0.6864
    0.6861
    0.6857
    0.6854
    0.6851
    0.6847
    0.6844
    0.6841
    0.6838
    0.6834
    0.6831
    0.6828
    0.6824
    0.6821
    0.6818
    0.6815
    0.6811
    0.6808
    0.6805
    0.6802
    0.6798
    0.6795
    0.6792
    0.6789
    0.6785
    0.6782
    0.6779
    0.6776
    0.6773
    0.6769
    0.6766
    0.6763
    0.6760
    0.6757
    0.6753
    0.6750
    0.6747
    0.6744
    0.6741
    0.6737
    0.6734
    0.6731
    0.6728
    0.6725
    0.6722
    0.6718
    0.6715
    0.6712
    0.6709
    0.6706
    0.6703
    0.6699
    0.6696
    0.6693
    0.6690
    0.6687
    0.6684
    0.6681
    0.6677
    0.6674
    0.6671
    0.6668
    0.6665
    0.6662
    0.6659
    0.6656
    0.6653
    0.6649
    0.6646
    0.6643
    0.6640
    0.6637
    0.6634
    0.6631
    0.6628
    0.6625
    0.6622
    0.6619
    0.6616
    0.6612
    0.6609
    0.6606
    0.6603
    0.6600
    0.6597
    0.6594
    0.6591
    0.6588
    0.6585
    0.6582
    0.6579
    0.6576
    0.6573
    0.6570
    0.6567
    0.6564
    0.6561
    0.6558
    0.6555
    0.6552
    0.6549
    0.6546
    0.6543
    0.6540
    0.6537
    0.6534
    0.6531
    0.6528
    0.6525
    0.6522
    0.6519
    0.6516
    0.6513
    0.6510
    0.6507
    0.6504
    0.6501
    0.6498
    0.6495
    0.6492
    0.6489
    0.6486
    0.6483
    0.6480
    0.6477
    0.6474
    0.6471
    0.6468
    0.6465
    0.6462
    0.6460
    0.6457
    0.6454
    0.6451
    0.6448
    0.6445
    0.6442
    0.6439
    0.6436
    0.6433
    0.6430
    0.6427
    0.6425
    0.6422
    0.6419
    0.6416
    0.6413
    0.6410
    0.6407
    0.6404
    0.6401
    0.6399
    0.6396
    0.6393
    0.6390
    0.6387
    0.6384
    0.6381
    0.6379
    0.6376
    0.6373
    0.6370
    0.6367
    0.6364
    0.6361
    0.6359
    0.6356
    0.6353
    0.6350
    0.6347
    0.6344
    0.6342
    0.6339
    0.6336
    0.6333
    0.6330
    0.6327
    0.6325
    0.6322
    0.6319
    0.6316
    0.6313
    0.6311
    0.6308
    0.6305
    0.6302
    0.6299
    0.6297
    0.6294
    0.6291
    0.6288
    0.6286
    0.6283
    0.6280
    0.6277
    0.6274
    0.6272
    0.6269
    0.6266
    0.6263
    0.6261
    0.6258
    0.6255
    0.6252
    0.6250
    0.6247
    0.6244
    0.6241
    0.6239
    0.6236
    0.6233
    0.6230
    0.6228
    0.6225
    0.6222
    0.6220
    0.6217
    0.6214
    0.6211
    0.6209
    0.6206
    0.6203
    0.6201
    0.6198
    0.6195
    0.6192
    0.6190
    0.6187
    0.6184
    0.6182
    0.6179
    0.6176
    0.6174
    0.6171
    0.6168
    0.6166
    0.6163
    0.6160
    0.6158
    0.6155
    0.6152
    0.6150
    0.6147
    0.6144
    0.6142
    0.6139
    0.6136
    0.6134
    0.6131
    0.6128
    0.6126
    0.6123
    0.6120
    0.6118
    0.6115
    0.6113
    0.6110
    0.6107
    0.6105
    0.6102
    0.6099
    0.6097
    0.6094
    0.6092
    0.6089
    0.6086
    0.6084
    0.6081
    0.6079
    0.6076
    0.6073
    0.6071
    0.6068
    0.6066
    0.6063
    0.6060
    0.6058
    0.6055
    0.6053
    0.6050
    0.6048
    0.6045
    0.6042
    0.6040
    0.6037
    0.6035
    0.6032
    0.6030
    0.6027
    0.6024
    0.6022
    0.6019
    0.6017
    0.6014
    0.6012
    0.6009
    0.6007
    0.6004
    0.6002
    0.5999
    0.5996
    0.5994
    0.5991
    0.5989
    0.5986
    0.5984
    0.5981
    0.5979
    0.5976
    0.5974
    0.5971
    0.5969
    0.5966
    0.5964
    0.5961
    0.5959
    0.5956
    0.5954
    0.5951
    0.5949
    0.5946
    0.5944
    0.5941
    0.5939
    0.5936
    0.5934
    0.5931
    0.5929
    0.5926
    0.5924
    0.5921
    0.5919
    0.5917
    0.5914
    0.5912
    0.5909
    0.5907
    0.5904
    0.5902
    0.5899
    0.5897
    0.5894
    0.5892
    0.5890
    0.5887
    0.5885
    0.5882
    0.5880
    0.5877
    0.5875
    0.5872
    0.5870
    0.5868
    0.5865
    0.5863
    0.5860
    0.5858
    0.5856
    0.5853
    0.5851
    0.5848
    0.5846
    0.5843
    0.5841
    0.5839
    0.5836
    0.5834
    0.5831
    0.5829
    0.5827
    0.5824
    0.5822
    0.5819
    0.5817
    0.5815
    0.5812
    0.5810
    0.5808
    0.5805
    0.5803
    0.5800
    0.5798
    0.5796
    0.5793
    0.5791
    0.5789
    0.5786
    0.5784
    0.5782
    0.5779
    0.5777
    0.5774
    0.5772
    0.5770
    0.5767
    0.5765
    0.5763
    0.5760
    0.5758
    0.5756
    0.5753
    0.5751
    0.5749
    0.5746
    0.5744
    0.5742
    0.5739
    0.5737
    0.5735
    0.5732
    0.5730
    0.5728
    0.5726
    0.5723
    0.5721
    0.5719
    0.5716
    0.5714
    0.5712
    0.5709
    0.5707
    0.5705
    0.5703
    0.5700
    0.5698
    0.5696
    0.5693
    0.5691
    0.5689
    0.5687
    0.5684
    0.5682
    0.5680
    0.5677
    0.5675
    0.5673
    0.5671
    0.5668
    0.5666
    0.5664
    0.5662
    0.5659
    0.5657
    0.5655
    0.5652
    0.5650
    0.5648
    0.5646
    0.5643
    0.5641
    0.5639
    0.5637
    0.5635
    0.5632
    0.5630
    0.5628
    0.5626
    0.5623
    0.5621
    0.5619
    0.5617
    0.5614
    0.5612
    0.5610
    0.5608
    0.5606
    0.5603
    0.5601
    0.5599
    0.5597
    0.5594
    0.5592
    0.5590
    0.5588
    0.5586
    0.5583
    0.5581
    0.5579
    0.5577
    0.5575
    0.5572
    0.5570
    0.5568
    0.5566
    0.5564
    0.5562
    0.5559
    0.5557
    0.5555
    0.5553
    0.5551
    0.5548
    0.5546
    0.5544
    0.5542
    0.5540
    0.5538
    0.5535
    0.5533
    0.5531
    0.5529
    0.5527
    0.5525
    0.5523
    0.5520
    0.5518
    0.5516
    0.5514
    0.5512
    0.5510
    0.5508
    0.5505
    0.5503
    0.5501
    0.5499
    0.5497
    0.5495
    0.5493
    0.5490
    0.5488
    0.5486
    0.5484
    0.5482
    0.5480
    0.5478
    0.5476
    0.5473
    0.5471
    0.5469
    0.5467
    0.5465
    0.5463
    0.5461
    0.5459
    0.5457
    0.5454
    0.5452
    0.5450
    0.5448
    0.5446
    0.5444
    0.5442
    0.5440
    0.5438
    0.5436
    0.5434
    0.5431
    0.5429
    0.5427
    0.5425
    0.5423
    0.5421
    0.5419
    0.5417
    0.5415
    0.5413
    0.5411
    0.5409
    0.5407
    0.5405
    0.5402
    0.5400
    0.5398
    0.5396
    0.5394
    0.5392
    0.5390
    0.5388
    0.5386
    0.5384
    0.5382
    0.5380
    0.5378
    0.5376
    0.5374
    0.5372
    0.5370
    0.5368
    0.5366
    0.5364
    0.5362
    0.5359
    0.5357
    0.5355
    0.5353
    0.5351
    0.5349
    0.5347
    0.5345
    0.5343
    0.5341
    0.5339
    0.5337
    0.5335
    0.5333
    0.5331
    0.5329
    0.5327
    0.5325
    0.5323
    0.5321
    0.5319
    0.5317
    0.5315
    0.5313
    0.5311
    0.5309
    0.5307
    0.5305
    0.5303
    0.5301
    0.5299
    0.5297
    0.5295
    0.5293
    0.5291
    0.5289
    0.5287
    0.5285
    0.5283
    0.5281
    0.5280
    0.5278
    0.5276
    0.5274
    0.5272
    0.5270
    0.5268
    0.5266
    0.5264
    0.5262
    0.5260
    0.5258
    0.5256
    0.5254
    0.5252
    0.5250
    0.5248
    0.5246
    0.5244
    0.5242
    0.5240
    0.5238
    0.5237
    0.5235
    0.5233
    0.5231
    0.5229
    0.5227
    0.5225
    0.5223
    0.5221
    0.5219
    0.5217
    0.5215
    0.5213
    0.5211
    0.5210
    0.5208
    0.5206
    0.5204
    0.5202
    0.5200
    0.5198
    0.5196
    0.5194
    0.5192
    0.5190
    0.5188
    0.5187
    0.5185
    0.5183
    0.5181
    0.5179
    0.5177
    0.5175
    0.5173
    0.5171
    0.5170
    0.5168
    0.5166
    0.5164
    0.5162
    0.5160
    0.5158
    0.5156
    0.5154
    0.5153
    0.5151
    0.5149
    0.5147
    0.5145
    0.5143
    0.5141
    0.5139
    0.5138
    0.5136
    0.5134
    0.5132
    0.5130
    0.5128
    0.5126
    0.5125
    0.5123
    0.5121
    0.5119
    0.5117
    0.5115
    0.5113
    0.5112
    0.5110
    0.5108
    0.5106
    0.5104
    0.5102
    0.5101
    0.5099
    0.5097
    0.5095
    0.5093
    0.5091
    0.5090
    0.5088
    0.5086
    0.5084
    0.5082
    0.5080
    0.5079
    0.5077
    0.5075
    0.5073
    0.5071
    0.5069
    0.5068
    0.5066
    0.5064
    0.5062
    0.5060
    0.5059
    0.5057
    0.5055
    0.5053
    0.5051
    0.5049
    0.5048
    0.5046
    0.5044
    0.5042
    0.5040
    0.5039
    0.5037
    0.5035
    0.5033
    0.5032
    0.5030
    0.5028
    0.5026
    0.5024
    0.5023
    0.5021
    0.5019
    0.5017
    0.5015
    0.5014
    0.5012
    0.5010
    0.5008
    0.5007
    0.5005
    0.5003
    0.5001
    0.4999
    0.4998
    0.4996
    0.4994
    0.4992
    0.4991
    0.4989
    0.4987
    0.4985
