       nan
       nan
       nan
       nan
       nan
       nan
       nan
       nan
   77.4781
   72.6149
   68.6253
   65.2718
   62.3959
   59.8864
   57.6630
   55.6667
   53.8536
   52.1910
   50.6542
   49.2243
   47.8867
   46.6301
   45.4453
   44.3248
   43.2626
   42.2534
   41.2928
   40.3770
   39.5026
   38.6668
   37.8667
   37.1001
   36.3648
   35.6589
   34.9805
   34.3280
   33.6999
   33.0948
   32.5115
   31.9488
   31.4055
   30.8807
   30.3734
   29.8827
   29.4077
   28.9478
   28.5022
   28.0702
   27.6512
   27.2446
   26.8498
   26.4663
   26.0937
   25.7314
   25.3790
   25.0361
   24.7024
   24.3773
   24.0607
   23.7522
   23.4514
   23.1580
   22.8718
   22.5926
   22.3200
   22.0538
   21.7937
   21.5397
   21.2914
   21.0487
   20.8113
   20.5791
   20.3520
   20.1296
   19.9120
   19.6990
   19.4903
   19.2859
   19.0856
   18.8894
   18.6970
   18.5084
   18.3234
   18.1420
   17.9640
   17.7894
   17.6181
   17.4498
   17.2847
   17.1226
   16.9633
   16.8069
   16.6533
   16.5023
   16.3540
   16.2081
   16.0648
   15.9239
   15.7853
   15.6490
   15.5150
   15.3831
   15.2534
   15.1257
   15.0001
   14.8765
   14.7547
   14.6349
   14.5169
   14.4008
   14.2863
   14.1736
   14.0626
   13.9533
   13.8455
   13.7393
   13.6347
   13.5315
   13.4299
   13.3297
   13.2309
   13.1334
   13.0374
   12.9426
   12.8492
   12.7570
   12.6661
   12.5764
   12.4879
   12.4006
   12.3144
   12.2294
   12.1454
   12.0626
   11.9808
   11.9001
   11.8204
   11.7417
   11.6640
   11.5872
   11.5114
   11.4366
   11.3626
   11.2896
   11.2175
   11.1462
   11.0757
   11.0062
   10.9374
   10.8694
   10.8023
   10.7359
   10.6703
   10.6055
   10.5414
   10.4780
   10.4154
   10.3534
   10.2922
   10.2316
   10.1717
   10.1125
   10.0539
    9.9960
    9.9387
    9.8820
    9.8259
    9.7705
    9.7156
    9.6613
    9.6076
    9.5544
    9.5018
    9.4498
    9.3983
    9.3473
    9.2969
    9.2469
    9.1975
    9.1486
    9.1002
    9.0522
    9.0048
    8.9578
    8.9112
    8.8652
    8.8196
    8.7744
    8.7297
    8.6854
    8.6415
    8.5981
    8.5550
    8.5124
    8.4702
    8.4284
    8.3870
    8.3459
    8.3053
    8.2650
    8.2251
    8.1856
    8.1464
    8.1076
    8.0691
    8.0310
    7.9933
    7.9558
    7.9187
    7.8820
    7.8456
    7.8094
    7.7736
    7.7382
    7.7030
    7.6681
    7.6336
    7.5993
    7.5653
    7.5317
    7.4983
    7.4652
    7.4324
    7.3998
    7.3675
    7.3355
    7.3038
    7.2723
    7.2411
    7.2102
    7.1795
    7.1490
    7.1188
    7.0889
    7.0592
    7.0297
    7.0005
    6.9715
    6.9427
    6.9142
    6.8859
    6.8578
    6.8299
    6.8023
    6.7748
    6.7476
    6.7206
    6.6938
    6.6672
    6.6408
    6.6146
    6.5887
    6.5629
    6.5373
    6.5119
    6.4867
    6.4617
    6.4368
    6.4122
    6.3877
    6.3634
    6.3393
    6.3154
    6.2917
    6.2681
    6.2447
    6.2214
    6.1984
    6.1755
    6.1527
    6.1301
    6.1077
    6.0855
    6.0634
    6.0414
    6.0196
    5.9980
    5.9765
    5.9552
    5.9340
    5.9130
    5.8921
    5.8713
    5.8507
    5.8302
    5.8099
    5.7897
    5.7697
    5.7498
    5.7300
    5.7103
    5.6908
    5.6714
    5.6521
    5.6330
    5.6140
    5.5951
    5.5764
    5.5577
    5.5392
    5.5208
    5.5025
    5.4844
    5.4663
    5.4484
    5.4306
    5.4129
    5.3953
    5.3779
    5.3605
    5.3432
    5.3261
    5.3091
    5.2921
    5.2753
    5.2586
    5.2420
    5.2255
    5.2091
    5.1927
    5.1765
    5.1604
    5.1444
    5.1285
    5.1127
    5.0969
    5.0813
    5.0658
    5.0503
    5.0350
    5.0197
    5.0045
    4.9895
    4.9745
    4.9596
    4.9447
    4.9300
    4.9154
    4.9008
    4.8863
    4.8719
    4.8576
    4.8434
    4.8293
    4.8152
    4.8012
    4.7873
    4.7735
    4.7597
    4.7461
    4.7325
    4.7190
    4.7055
    4.6921
    4.6788
    4.6656
    4.6525
    4.6394
    4.6264
    4.6135
    4.6006
    4.5878
    4.5751
    4.5625
    4.5499
    4.5374
    4.5249
    4.5125
    4.5002
    4.4880
    4.4758
    4.4637
    4.4516
    4.4396
    4.4277
    4.4158
    4.4040
    4.3923
    4.3806
    4.3690
    4.3574
    4.3459
    4.3345
    4.3231
    4.3118
    4.3005
    4.2893
    4.2782
    4.2671
    4.2560
    4.2450
    4.2341
    4.2232
    4.2124
    4.2017
    4.1909
    4.1803
    4.1697
    4.1591
    4.1486
    4.1382
    4.1278
    4.1175
    4.1072
    4.0969
    4.0867
    4.0766
    4.0665
    4.0564
    4.0464
    4.0365
    4.0266
    4.0167
    4.0069
    3.9972
    3.9874
    3.9778
    3.9682
    3.9586
    3.9490
    3.9396
    3.9301
    3.9207
    3.9114
    3.9020
    3.8928
    3.8836
    3.8744
    3.8652
    3.8561
    3.8471
    3.8381
    3.8291
    3.8202
    3.8113
    3.8024
    3.7936
    3.7848
    3.7761
    3.7674
    3.7587
    3.7501
    3.7415
    3.7330
    3.7245
    3.7160
    3.7076
    3.6992
    3.6909
    3.6826
    3.6743
    3.6660
    3.6578
    3.6496
    3.6415
    3.6334
    3.6253
    3.6173
    3.6093
    3.6014
    3.5934
    3.5855
    3.5777
    3.5698
    3.5620
    3.5543
    3.5466
    3.5389
    3.5312
    3.5236
    3.5160
    3.5084
    3.5009
    3.4934
    3.4859
    3.4784
    3.4710
    3.4637
    3.4563
    3.4490
    3.4417
    3.4344
    3.4272
    3.4200
    3.4128
    3.4057
    3.3986
    3.3915
    3.3844
    3.3774
    3.3704
    3.3634
    3.3565
    3.3496
    3.3427
    3.3358
    3.3290
    3.3222
    3.3154
    3.3087
    3.3019
    3.2952
    3.2886
    3.2819
    3.2753
    3.2687
    3.2621
    3.2556
    3.2491
    3.2426
    3.2361
    3.2297
    3.2232
    3.2168
    3.2105
    3.2041
    3.1978
    3.1915
    3.1852
    3.1790
    3.1728
    3.1666
    3.1604
    3.1542
    3.1481
    3.1420
    3.1359
    3.1298
    3.1238
    3.1178
    3.1118
    3.1058
    3.0998
    3.0939
    3.0880
    3.0821
    3.0763
    3.0704
    3.0646
    3.0588
    3.0530
    3.0473
    3.0415
    3.0358
    3.0301
    3.0244
    3.0188
    3.0131
    3.0075
    3.0019
    2.9964
    2.9908
    2.9853
    2.9798
    2.9743
    2.9688
    2.9633
    2.9579
    2.9525
    2.9471
    2.9417
    2.9363
    2.9310
    2.9257
    2.9204
    2.9151
    2.9098
    2.9046
    2.8993
    2.8941
    2.8889
    2.8837
    2.8786
    2.8734
    2.8683
    2.8632
    2.8581
    2.8530
    2.8480
    2.8429
    2.8379
    2.8329
    2.8279
    2.8230
    2.8180
    2.8131
    2.8082
    2.8033
    2.7984
    2.7935
    2.7886
    2.7838
    2.7790
    2.7742
    2.7694
    2.7646
    2.7599
    2.7551
    2.7504
    2.7457
    2.7410
    2.7363
    2.7316
    2.7270
    2.7223
    2.7177
    2.7131
    2.7085
    2.7040
    2.6994
    2.6948
    2.6903
    2.6858
    2.6813
    2.6768
    2.6723
    2.6679
    2.6634
    2.6590
    2.6546
    2.6502
    2.6458
    2.6414
    2.6371
    2.6327
    2.6284
    2.6241
    2.6198
    2.6155
    2.6112
    2.6069
    2.6027
    2.5984
    2.5942
    2.5900
    2.5858
    2.5816
    2.5774
    2.5733
    2.5691
    2.5650
    2.5609
    2.5567
    2.5526
    2.5486
    2.5445
    2.5404
    2.5364
    2.5323
    2.5283
    2.5243
    2.5203
    2.5163
    2.5124
    2.5084
    2.5044
    2.5005
    2.4966
    2.4927
    2.4888
    2.4849
    2.4810
    2.4771
    2.4733
    2.4694
    2.4656
    2.4617
    2.4579
    2.4541
    2.4503
    2.4466
    2.4428
    2.4390
    2.4353
    2.4316
    2.4278
    2.4241
    2.4204
    2.4167
    2.4131
    2.4094
    2.4057
    2.4021
    2.3984
    2.3948
    2.3912
    2.3876
    2.3840
    2.3804
    2.3768
    2.3733
    2.3697
    2.3662
    2.3626
    2.3591
    2.3556
    2.3521
    2.3486
    2.3451
    2.3416
    2.3382
    2.3347
    2.3313
    2.3278
    2.3244
    2.3210
    2.3176
    2.3142
    2.3108
    2.3074
    2.3040
    2.3007
    2.2973
    2.2940
    2.2907
    2.2873
    2.2840
    2.2807
    2.2774
    2.2741
    2.2709
    2.2676
    2.2643
    2.2611
    2.2578
    2.2546
    2.2514
    2.2482
    2.2449
    2.2417
    2.2386
    2.2354
    2.2322
    2.2290
    2.2259
    2.2227
    2.2196
    2.2165
    2.2133
    2.2102
    2.2071
    2.2040
    2.2009
    2.1979
    2.1948
    2.1917
    2.1887
    2.1856
    2.1826
    2.1796
    2.1765
    2.1735
    2.1705
    2.1675
    2.1645
    2.1615
    2.1586
    2.1556
    2.1526
    2.1497
    2.1467
    2.1438
    2.1409
    2.1379
    2.1350
    2.1321
    2.1292
    2.1263
    2.1234
    2.1206
    2.1177
    2.1148
    2.1120
    2.1091
    2.1063
    2.1034
    2.1006
    2.0978
    2.0950
    2.0922
    2.0894
    2.0866
    2.0838
    2.0810
    2.0783
    2.0755
    2.0727
    2.0700
    2.0672
    2.0645
    2.0618
    2.0591
    2.0564
    2.0536
    2.0509
    2.0482
    2.0456
    2.0429
    2.0402
    2.0375
    2.0349
    2.0322
    2.0296
    2.0269
    2.0243
    2.0217
    2.0190
    2.0164
    2.0138
    2.0112
    2.0086
    2.0060
    2.0035
    2.0009
    1.9983
    1.9957
    1.9932
    1.9906
    1.9881
    1.9855
    1.9830
    1.9805
    1.9780
    1.9754
    1.9729
    1.9704
    1.9679
    1.9654
    1.9630
    1.9605
    1.9580
    1.9555
    1.9531
    1.9506
    1.9482
    1.9457
    1.9433
    1.9409
    1.9384
    1.9360
    1.9336
    1.9312
    1.9288
    1.9264
    1.9240
    1.9216
    1.9192
    1.9168
    1.9145
    1.9121
    1.9097
    1.9074
    1.9050
    1.9027
    1.9004
    1.8980
    1.8957
    1.8934
    1.8911
    1.8888
    1.8865
    1.8842
    1.8819
    1.8796
    1.8773
    1.8750
    1.8727
    1.8705
    1.8682
    1.8660
    1.8637
    1.8615
    1.8592
    1.8570
    1.8547
    1.8525
    1.8503
    1.8481
    1.8459
    1.8437
    1.8415
    1.8393
    1.8371
    1.8349
    1.8327
    1.8305
    1.8284
    1.8262
    1.8240
    1.8219
    1.8197
    1.8176
    1.8154
    1.8133
    1.8111
    1.8090
    1.8069
    1.8048
    1.8027
    1.8006
    1.7984
    1.7963
    1.7943
    1.7922
    1.7901
    1.7880
    1.7859
    1.7838
    1.7818
    1.7797
    1.7777
    1.7756
    1.7735
    1.7715
    1.7695
    1.7674
    1.7654
    1.7634
    1.7613
    1.7593
    1.7573
    1.7553
    1.7533
    1.7513
    1.7493
    1.7473
    1.7453
    1.7433
    1.7413
    1.7394
    1.7374
    1.7354
    1.7335
    1.7315
    1.7296
    1.7276
    1.7257
    1.7237
    1.7218
    1.7198
    1.7179
    1.7160
    1.7141
    1.7121
    1.7102
    1.7083
    1.7064
    1.7045
    1.7026
    1.7007
    1.6988
    1.6969
    1.6951
    1.6932
    1.6913
    1.6894
    1.6876
    1.6857
    1.6839
    1.6820
    1.6802
    1.6783
    1.6765
    1.6746
    1.6728
    1.6710
    1.6691
    1.6673
    1.6655
    1.6637
    1.6619
    1.6601
    1.6583
    1.6564
    1.6547
    1.6529
    1.6511
    1.6493
    1.6475
    1.6457
    1.6439
    1.6422
    1.6404
    1.6386
    1.6369
    1.6351
    1.6334
    1.6316
    1.6299
    1.6281
    1.6264
    1.6247
    1.6229
    1.6212
    1.6195
    1.6177
    1.6160
    1.6143
    1.6126
    1.6109
    1.6092
    1.6075
    1.6058
    1.6041
    1.6024
    1.6007
    1.5990
    1.5973
    1.5957
    1.5940
    1.5923
    1.5907
    1.5890
    1.5873
    1.5857
    1.5840
    1.5824
    1.5807
    1.5791
    1.5774
    1.5758
    1.5742
    1.5725
    1.5709
    1.5693
    1.5677
    1.5660
    1.5644
    1.5628
    1.5612
    1.5596
    1.5580
    1.5564
    1.5548
    1.5532
    1.5516
    1.5500
    1.5484
    1.5469
    1.5453
    1.5437
    1.5421
    1.5406
    1.5390
    1.5374
    1.5359
    1.5343
    1.5328
    1.5312
    1.5297
    1.5281
    1.5266
    1.5250
    1.5235
    1.5220
    1.5204
    1.5189
    1.5174
    1.5159
    1.5143
    1.5128
    1.5113
    1.5098
    1.5083
    1.5068
    1.5053
    1.5038
    1.5023
    1.5008
    1.4993
    1.4978
    1.4963
    1.4948
    1.4934
    1.4919
    1.4904
    1.4889
    1.4875
    1.4860
    1.4846
    1.4831
    1.4816
    1.4802
    1.4787
    1.4773
    1.4758
    1.4744
    1.4730
    1.4715
    1.4701
    1.4686
    1.4672
    1.4658
    1.4644
    1.4629
    1.4615
    1.4601
    1.4587
    1.4573
    1.4559
    1.4545
    1.4531
    1.4517
    1.4503
    1.4489
    1.4475
    1.4461
    1.4447
    1.4433
    1.4419
    1.4405
    1.4392
    1.4378
    1.4364
    1.4350
    1.4337
    1.4323
    1.4309
    1.4296
    1.4282
    1.4269
    1.4255
    1.4242
    1.4228
    1.4215
    1.4201
    1.4188
    1.4174
    1.4161
    1.4148
    1.4134
    1.4121
    1.4108
    1.4094
    1.4081
    1.4068
    1.4055
    1.4042
    1.4029
    1.4015
    1.4002
    1.3989
    1.3976
    1.3963
    1.3950
    1.3937
    1.3924
    1.3911
    1.3898
    1.3886
    1.3873
    1.3860
    1.3847
    1.3834
    1.3822
    1.3809
    1.3796
    1.3783
    1.3771
    1.3758
    1.3745
    1.3733
    1.3720
    1.3708
    1.3695
    1.3683
    1.3670
    1.3658
    1.3645
    1.3633
    1.3620
    1.3608
    1.3596
    1.3583
    1.3571
    1.3559
    1.3546
    1.3534
    1.3522
    1.3510
    1.3497
    1.3485
    1.3473
    1.3461
    1.3449
    1.3437
    1.3425
    1.3413
    1.3400
    1.3388
    1.3376
    1.3365
    1.3353
    1.3341
    1.3329
    1.3317
    1.3305
    1.3293
    1.3281
    1.3269
    1.3258
    1.3246
    1.3234
    1.3222
    1.3211
    1.3199
    1.3187
    1.3176
    1.3164
    1.3152
    1.3141
    1.3129
    1.3118
    1.3106
    1.3095
    1.3083
    1.3072
    1.3060
    1.3049
    1.3037
    1.3026
    1.3015
    1.3003
    1.2992
    1.2981
    1.2969
    1.2958
    1.2947
    1.2935
    1.2924
    1.2913
    1.2902
    1.2891
    1.2879
    1.2868
    1.2857
    1.2846
    1.2835
    1.2824
    1.2813
    1.2802
    1.2791
    1.2780
    1.2769
    1.2758
    1.2747
    1.2736
    1.2725
    1.2714
    1.2703
    1.2693
    1.2682
    1.2671
    1.2660
    1.2649
    1.2639
    1.2628
    1.2617
    1.2606
    1.2596
    1.2585
    1.2574
    1.2564
    1.2553
    1.2543
    1.2532
    1.2521
    1.2511
    1.2500
    1.2490
    1.2479
    1.2469
    1.2458
    1.2448
    1.2437
    1.2427
    1.2417
    1.2406
    1.2396
    1.2385
    1.2375
    1.2365
    1.2355
    1.2344
    1.2334
    1.2324
    1.2313
    1.2303
    1.2293
    1.2283
    1.2273
    1.2262
    1.2252
    1.2242
    1.2232
    1.2222
    1.2212
    1.2202
    1.2192
    1.2182
    1.2172
    1.2162
    1.2152
    1.2142
    1.2132
    1.2122
    1.2112
    1.2102
    1.2092
    1.2082
    1.2073
    1.2063
    1.2053
    1.2043
    1.2033
    1.2023
    1.2014
    1.2004
    1.1994
    1.1984
    1.1975
    1.1965
    1.1955
    1.1946
    1.1936
    1.1926
    1.1917
    1.1907
    1.1898
    1.1888
    1.1879
    1.1869
    1.1859
    1.1850
    1.1840
    1.1831
    1.1821
    1.1812
    1.1803
    1.1793
    1.1784
    1.1774
    1.1765
    1.1756
    1.1746
    1.1737
    1.1728
    1.1718
    1.1709
    1.1700
    1.1690
    1.1681
    1.1672
    1.1663
    1.1653
    1.1644
    1.1635
    1.1626
    1.1617
    1.1608
    1.1598
    1.1589
    1.1580
    1.1571
    1.1562
    1.1553
    1.1544
    1.1535
    1.1526
    1.1517
    1.1508
    1.1499
    1.1490
    1.1481
    1.1472
    1.1463
    1.1454
    1.1445
    1.1436
    1.1428
    1.1419
    1.1410
    1.1401
    1.1392
    1.1383
    1.1375
    1.1366
    1.1357
    1.1348
    1.1340
    1.1331
    1.1322
    1.1313
    1.1305
    1.1296
    1.1287
    1.1279
    1.1270
    1.1261
    1.1253
    1.1244
    1.1236
    1.1227
    1.1219
    1.1210
    1.1201
    1.1193
    1.1184
    1.1176
    1.1167
    1.1159
    1.1150
    1.1142
    1.1134
    1.1125
    1.1117
    1.1108
    1.1100
    1.1092
    1.1083
    1.1075
    1.1066
    1.1058
    1.1050
    1.1042
    1.1033
    1.1025
    1.1017
    1.1008
    1.1000
    1.0992
    1.0984
    1.0975
    1.0967
    1.0959
    1.0951
    1.0943
    1.0935
    1.0926
    1.0918
    1.0910
    1.0902
    1.0894
    1.0886
    1.0878
    1.0870
    1.0862
    1.0854
    1.0846
    1.0838
    1.0830
    1.0822
    1.0814
    1.0806
    1.0798
    1.0790
    1.0782
    1.0774
    1.0766
    1.0758
    1.0750
    1.0742
    1.0735
    1.0727
    1.0719
    1.0711
    1.0703
    1.0695
    1.0688
    1.0680
    1.0672
    1.0664
    1.0656
    1.0649
    1.0641
    1.0633
    1.0626
    1.0618
    1.0610
    1.0602
    1.0595
    1.0587
    1.0579
    1.0572
    1.0564
    1.0557
    1.0549
    1.0541
    1.0534
    1.0526
    1.0519
    1.0511
    1.0504
    1.0496
    1.0488
    1.0481
    1.0473
    1.0466
    1.0458
    1.0451
    1.0444
    1.0436
    1.0429
    1.0421
    1.0414
    1.0406
    1.0399
    1.0392
    1.0384
    1.0377
    1.0369
    1.0362
    1.0355
    1.0347
    1.0340
    1.0333
    1.0325
    1.0318
    1.0311
    1.0304
    1.0296
    1.0289
    1.0282
    1.0275
    1.0267
    1.0260
    1.0253
    1.0246
    1.0239
    1.0231
    1.0224
    1.0217
    1.0210
    1.0203
    1.0196
    1.0189
    1.0182
    1.0174
    1.0167
    1.0160
    1.0153
    1.0146
    1.0139
    1.0132
    1.0125
    1.0118
    1.0111
    1.0104
    1.0097
    1.0090
    1.0083
    1.0076
    1.0069
    1.0062
    1.0055
    1.0048
    1.0041
    1.0034
    1.0028
    1.0021
    1.0014
    1.0007
    1.0000
    0.9993
    0.9986
    0.9980
    0.9973
    0.9966
    0.9959
    0.9952
    0.9945
    0.9939
    0.9932
    0.9925
    0.9918
    0.9912
    0.9905
    0.9898
    0.9891
    0.9885
    0.9878
    0.9871
    0.9865
    0.9858
    0.9851
    0.9845
    0.9838
    0.9831
    0.9825
    0.9818
    0.9811
    0.9805
    0.9798
    0.9792
    0.9785
    0.9779
    0.9772
    0.9765
    0.9759
    0.9752
    0.9746
    0.9739
    0.9733
    0.9726
    0.9720
    0.9713
    0.9707
    0.9700
    0.9694
    0.9687
    0.9681
    0.9675
    0.9668
    0.9662
    0.9655
    0.9649
    0.9642
    0.9636
    0.9630
    0.9623
    0.9617
    0.9611
    0.9604
    0.9598
    0.9592
    0.9585
    0.9579
    0.9573
    0.9566
    0.9560
    0.9554
    0.9547
    0.9541
    0.9535
    0.9529
    0.9522
    0.9516
    0.9510
    0.9504
    0.9498
    0.9491
    0.9485
    0.9479
    0.9473
    0.9467
    0.9460
    0.9454
    0.9448
    0.9442
    0.9436
    0.9430
    0.9424
    0.9417
    0.9411
    0.9405
    0.9399
    0.9393
    0.9387
    0.9381
    0.9375
    0.9369
    0.9363
    0.9357
    0.9351
    0.9345
    0.9339
    0.9333
    0.9327
    0.9321
    0.9315
    0.9309
    0.9303
    0.9297
    0.9291
    0.9285
    0.9279
    0.9273
    0.9267
    0.9261
    0.9255
    0.9249
    0.9243
    0.9238
    0.9232
    0.9226
    0.9220
    0.9214
    0.9208
    0.9202
    0.9197
    0.9191
    0.9185
    0.9179
    0.9173
    0.9167
    0.9162
    0.9156
    0.9150
    0.9144
    0.9139
    0.9133
    0.9127
    0.9121
    0.9116
    0.9110
    0.9104
    0.9098
    0.9093
    0.9087
    0.9081
    0.9076
    0.9070
    0.9064
    0.9059
    0.9053
    0.9047
    0.9042
    0.9036
    0.9030
    0.9025
    0.9019
    0.9013
    0.9008
    0.9002
    0.8997
    0.8991
    0.8986
    0.8980
    0.8974
    0.8969
    0.8963
    0.8958
    0.8952
    0.8947
    0.8941
    0.8936
    0.8930
    0.8925
    0.8919
    0.8914
    0.8908
    0.8903
    0.8897
    0.8892
    0.8886
    0.8881
    0.8875
    0.8870
    0.8864
    0.8859
    0.8854
    0.8848
    0.8843
    0.8837
    0.8832
    0.8827
    0.8821
    0.8816
    0.8810
    0.8805
    0.8800
    0.8794
    0.8789
    0.8784
    0.8778
    0.8773
    0.8768
    0.8762
    0.8757
    0.8752
    0.8746
    0.8741
    0.8736
    0.8731
    0.8725
    0.8720
    0.8715
    0.8710
    0.8704
    0.8699
    0.8694
    0.8689
    0.8683
    0.8678
    0.8673
    0.8668
    0.8663
    0.8657
    0.8652
    0.8647
    0.8642
    0.8637
    0.8631
    0.8626
    0.8621
    0.8616
    0.8611
    0.8606
    0.8601
    0.8595
    0.8590
    0.8585
    0.8580
    0.8575
    0.8570
    0.8565
    0.8560
    0.8555
    0.8550
    0.8545
    0.8540
    0.8534
    0.8529
    0.8524
    0.8519
    0.8514
    0.8509
    0.8504
    0.8499
    0.8494
    0.8489
    0.8484
    0.8479
    0.8474
    0.8469
    0.8464
    0.8459
    0.8454
    0.8450
    0.8445
    0.8440
    0.8435
    0.8430
    0.8425
    0.8420
    0.8415
    0.8410
    0.8405
    0.8400
    0.8395
    0.8391
    0.8386
    0.8381
    0.8376
    0.8371
    0.8366
    0.8361
    0.8356
    0.8352
    0.8347
    0.8342
    0.8337
    0.8332
    0.8328
    0.8323
    0.8318
    0.8313
    0.8308
    0.8304
    0.8299
    0.8294
    0.8289
    0.8284
    0.8280
    0.8275
    0.8270
    0.8265
    0.8261
    0.8256
    0.8251
    0.8246
    0.8242
    0.8237
    0.8232
    0.8228
    0.8223
    0.8218
    0.8214
    0.8209
    0.8204
    0.8200
    0.8195
    0.8190
    0.8186
    0.8181
    0.8176
    0.8172
    0.8167
    0.8162
    0.8158
    0.8153
    0.8148
    0.8144
    0.8139
    0.8135
    0.8130
    0.8125
    0.8121
    0.8116
    0.8112
    0.8107
    0.8103
    0.8098
    0.8093
    0.8089
    0.8084
    0.8080
    0.8075
    0.8071
    0.8066
    0.8062
    0.8057
    0.8053
    0.8048
    0.8044
    0.8039
    0.8035
    0.8030
    0.8026
    0.8021
    0.8017
    0.8012
    0.8008
    0.8003
    0.7999
    0.7995
    0.7990
    0.7986
    0.7981
    0.7977
    0.7972
    0.7968
    0.7964
    0.7959
    0.7955
    0.7950
    0.7946
    0.7942
    0.7937
    0.7933
    0.7928
    0.7924
    0.7920
    0.7915
    0.7911
    0.7907
    0.7902
    0.7898
    0.7894
    0.7889
    0.7885
    0.7881
    0.7876
    0.7872
    0.7868
    0.7863
    0.7859
    0.7855
    0.7850
    0.7846
    0.7842
    0.7838
    0.7833
    0.7829
    0.7825
    0.7820
    0.7816
    0.7812
    0.7808
    0.7803
    0.7799
    0.7795
    0.7791
    0.7787
    0.7782
    0.7778
    0.7774
    0.7770
    0.7766
    0.7761
    0.7757
    0.7753
    0.7749
    0.7745
    0.7740
    0.7736
    0.7732
    0.7728
    0.7724
    0.7720
    0.7715
    0.7711
    0.7707
    0.7703
    0.7699
    0.7695
    0.7691
    0.7687
    0.7682
    0.7678
    0.7674
    0.7670
    0.7666
    0.7662
    0.7658
    0.7654
    0.7650
    0.7646
    0.7641
    0.7637
    0.7633
    0.7629
    0.7625
    0.7621
    0.7617
    0.7613
    0.7609
    0.7605
    0.7601
    0.7597
    0.7593
    0.7589
    0.7585
    0.7581
    0.7577
    0.7573
    0.7569
    0.7565
    0.7561
    0.7557
    0.7553
    0.7549
    0.7545
    0.7541
    0.7537
    0.7533
    0.7529
    0.7525
    0.7521
    0.7517
    0.7513
    0.7509
    0.7505
    0.7502
    0.7498
    0.7494
    0.7490
    0.7486
    0.7482
    0.7478
    0.7474
    0.7470
    0.7466
    0.7462
    0.7459
    0.7455
    0.7451
    0.7447
    0.7443
    0.7439
    0.7435
    0.7432
    0.7428
    0.7424
    0.7420
    0.7416
    0.7412
    0.7408
    0.7405
    0.7401
    0.7397
    0.7393
    0.7389
    0.7386
    0.7382
    0.7378
    0.7374
    0.7370
    0.7367
    0.7363
    0.7359
    0.7355
    0.7351
    0.7348
    0.7344
    0.7340
    0.7336
    0.7333
    0.7329
    0.7325
    0.7321
    0.7318
    0.7314
    0.7310
    0.7306
    0.7303
    0.7299
    0.7295
    0.7292
    0.7288
    0.7284
    0.7280
    0.7277
    0.7273
    0.7269
    0.7266
    0.7262
    0.7258
    0.7255
    0.7251
    0.7247
    0.7244
    0.7240
    0.7236
    0.7233
    0.7229
    0.7225
    0.7222
    0.7218
    0.7214
    0.7211
    0.7207
    0.7203
    0.7200
    0.7196
    0.7193
    0.7189
    0.7185
    0.7182
    0.7178
    0.7175
    0.7171
    0.7167
    0.7164
    0.7160
    0.7157
    0.7153
    0.7149
    0.7146
    0.7142
    0.7139
    0.7135
    0.7132
    0.7128
    0.7124
    0.7121
    0.7117
    0.7114
    0.7110
    0.7107
    0.7103
    0.7100
    0.7096
    0.7093
    0.7089
    0.7086
    0.7082
    0.7079
    0.7075
    0.7072
    0.7068
    0.7065
    0.7061
    0.7058
    0.7054
    0.7051
    0.7047
    0.7044
    0.7040
    0.7037
    0.7033
    0.7030
    0.7026
    0.7023
    0.7020
    0.7016
    0.7013
    0.7009
    0.7006
    0.7002
    0.6999
    0.6995
    0.6992
    0.6989
    0.6985
    0.6982
    0.6978
    0.6975
    0.6972
    0.6968
    0.6965
    0.6961
    0.6958
    0.6955
    0.6951
    0.6948
    0.6944
    0.6941
    0.6938
    0.6934
    0.6931
    0.6928
    0.6924
    0.6921
    0.6918
    0.6914
    0.6911
    0.6908
    0.6904
    0.6901
    0.6898
    0.6894
    0.6891
    0.6888
    0.6884
    0.6881
    0.6878
    0.6874
    0.6871
    0.6868
    0.6864
    0.6861
    0.6858
    0.6854
    0.6851
    0.6848
    0.6845
    0.6841
    0.6838
    0.6835
    0.6831
    0.6828
    0.6825
    0.6822
    0.6818
    0.6815
    0.6812
    0.6809
    0.6805
    0.6802
    0.6799
    0.6796
    0.6792
    0.6789
    0.6786
    0.6783
    0.6780
    0.6776
    0.6773
    0.6770
    0.6767
    0.6764
    0.6760
    0.6757
    0.6754
    0.6751
    0.6748
    0.6744
    0.6741
    0.6738
    0.6735
    0.6732
    0.6728
    0.6725
    0.6722
    0.6719
    0.6716
    0.6713
    0.6709
    0.6706
    0.6703
    0.6700
    0.6697
    0.6694
    0.6691
    0.6687
    0.6684
    0.6681
    0.6678
    0.6675
    0.6672
    0.6669
    0.6666
    0.6662
    0.6659
    0.6656
    0.6653
    0.6650
    0.6647
    0.6644
    0.6641
    0.6638
    0.6635
    0.6631
    0.6628
    0.6625
    0.6622
    0.6619
    0.6616
    0.6613
    0.6610
    0.6607
    0.6604
    0.6601
    0.6598
    0.6595
    0.6592
    0.6589
    0.6585
    0.6582
    0.6579
    0.6576
    0.6573
    0.6570
    0.6567
    0.6564
    0.6561
    0.6558
    0.6555
    0.6552
    0.6549
    0.6546
    0.6543
    0.6540
    0.6537
    0.6534
    0.6531
    0.6528
    0.6525
    0.6522
    0.6519
    0.6516
    0.6513
    0.6510
    0.6507
    0.6504
    0.6501
    0.6498
    0.6495
    0.6492
    0.6489
    0.6487
    0.6484
    0.6481
    0.6478
    0.6475
    0.6472
    0.6469
    0.6466
    0.6463
    0.6460
    0.6457
    0.6454
    0.6451
    0.6448
    0.6445
    0.6443
    0.6440
    0.6437
    0.6434
    0.6431
    0.6428
    0.6425
    0.6422
    0.6419
    0.6416
    0.6413
    0.6411
    0.6408
    0.6405
    0.6402
    0.6399
    0.6396
    0.6393
    0.6390
    0.6388
    0.6385
    0.6382
    0.6379
    0.6376
    0.6373
    0.6370
    0.6368
    0.6365
    0.6362
    0.6359
    0.6356
    0.6353
    0.6351
    0.6348
    0.6345
    0.6342
    0.6339
    0.6336
    0.6334
    0.6331
    0.6328
    0.6325
    0.6322
    0.6320
    0.6317
    0.6314
    0.6311
    0.6308
    0.6306
    0.6303
    0.6300
    0.6297
    0.6294
    0.6292
    0.6289
    0.6286
    0.6283
    0.6280
    0.6278
    0.6275
    0.6272
    0.6269
    0.6267
    0.6264
    0.6261
    0.6258
    0.6256
    0.6253
    0.6250
    0.6247
    0.6245
    0.6242
    0.6239
    0.6236
    0.6234
    0.6231
    0.6228
    0.6225
    0.6223
    0.6220
    0.6217
    0.6215
    0.6212
    0.6209
    0.6206
    0.6204
    0.6201
    0.6198
    0.6196
    0.6193
    0.6190
    0.6188
    0.6185
    0.6182
    0.6180
    0.6177
    0.6174
    0.6171
    0.6169
    0.6166
    0.6163
    0.6161
    0.6158
    0.6155
    0.6153
    0.6150
    0.6147
    0.6145
    0.6142
    0.6139
    0.6137
    0.6134
    0.6132
    0.6129
    0.6126
    0.6124
    0.6121
    0.6118
    0.6116
    0.6113
    0.6110
    0.6108
    0.6105
    0.6103
    0.6100
    0.6097
    0.6095
    0.6092
    0.6089
    0.6087
    0.6084
    0.6082
    0.6079
    0.6076
    0.6074
    0.6071
    0.6069
    0.6066
    0.6064
    0.6061
    0.6058
    0.6056
    0.6053
    0.6051
    0.6048
    0.6045
    0.6043
    0.6040
    0.6038
    0.6035
    0.6033
    0.6030
    0.6027
    0.6025
    0.6022
    0.6020
    0.6017
    0.6015
    0.6012
    0.6010
    0.6007
    0.6005
    0.6002
    0.5999
    0.5997
    0.5994
    0.5992
    0.5989
    0.5987
    0.5984
    0.5982
    0.5979
    0.5977
    0.5974
    0.5972
    0.5969
    0.5967
    0.5964
    0.5962
    0.5959
    0.5957
    0.5954
    0.5952
    0.5949
    0.5947
    0.5944
    0.5942
    0.5939
    0.5937
    0.5934
    0.5932
    0.5929
    0.5927
    0.5924
    0.5922
    0.5919
    0.5917
    0.5915
    0.5912
    0.5910
    0.5907
    0.5905
    0.5902
    0.5900
    0.5897
    0.5895
    0.5892
    0.5890
    0.5888
    0.5885
    0.5883
    0.5880
    0.5878
    0.5875
    0.5873
    0.5871
    0.5868
    0.5866
    0.5863
    0.5861
    0.5858
    0.5856
    0.5854
    0.5851
    0.5849
    0.5846
    0.5844
    0.5842
    0.5839
    0.5837
    0.5834
    0.5832
    0.5830
    0.5827
    0.5825
    0.5822
    0.5820
    0.5818
    0.5815
    0.5813
    0.5810
    0.5808
    0.5806
    0.5803
    0.5801
    0.5799
    0.5796
    0.5794
    0.5791
    0.5789
    0.5787
    0.5784
    0.5782
    0.5780
    0.5777
    0.5775
    0.5773
    0.5770
    0.5768
    0.5766
    0.5763
    0.5761
    0.5759
    0.5756
    0.5754
    0.5752
    0.5749
    0.5747
    0.5745
    0.5742
    0.5740
    0.5738
    0.5735
    0.5733
    0.5731
    0.5728
    0.5726
    0.5724
    0.5721
    0.5719
    0.5717
    0.5714
    0.5712
    0.5710
    0.5708
    0.5705
    0.5703
    0.5701
    0.5698
    0.5696
    0.5694
    0.5692
    0.5689
    0.5687
    0.5685
    0.5682
    0.5680
    0.5678
    0.5676
    0.5673
    0.5671
    0.5669
    0.5666
    0.5664
    0.5662
    0.5660
    0.5657
    0.5655
    0.5653
    0.5651
    0.5648
    0.5646
    0.5644
    0.5642
    0.5639
    0.5637
    0.5635
    0.5633
    0.5630
    0.5628
    0.5626
    0.5624
    0.5622
    0.5619
    0.5617
    0.5615
    0.5613
    0.5610
    0.5608
    0.5606
    0.5604
    0.5602
    0.5599
    0.5597
    0.5595
    0.5593
    0.5591
    0.5588
    0.5586
    0.5584
    0.5582
    0.5580
    0.5577
    0.5575
    0.5573
    0.5571
    0.5569
    0.5566
    0.5564
    0.5562
    0.5560
    0.5558
    0.5555
    0.5553
    0.5551
    0.5549
    0.5547
    0.5545
    0.5542
    0.5540
    0.5538
    0.5536
    0.5534
    0.5532
    0.5529
    0.5527
    0.5525
    0.5523
    0.5521
    0.5519
    0.5517
    0.5514
    0.5512
    0.5510
    0.5508
    0.5506
    0.5504
    0.5502
    0.5499
    0.5497
    0.5495
    0.5493
    0.5491
    0.5489
    0.5487
    0.5484
    0.5482
    0.5480
    0.5478
    0.5476
    0.5474
    0.5472
    0.5470
    0.5468
    0.5465
    0.5463
    0.5461
    0.5459
    0.5457
    0.5455
    0.5453
    0.5451
    0.5449
    0.5447
    0.5444
    0.5442
    0.5440
    0.5438
    0.5436
    0.5434
    0.5432
    0.5430
    0.5428
    0.5426
    0.5424
    0.5421
    0.5419
    0.5417
    0.5415
    0.5413
    0.5411
    0.5409
    0.5407
    0.5405
    0.5403
    0.5401
    0.5399
    0.5397
    0.5395
    0.5393
    0.5391
    0.5388
    0.5386
    0.5384
    0.5382
    0.5380
    0.5378
    0.5376
    0.5374
    0.5372
    0.5370
    0.5368
    0.5366
    0.5364
    0.5362
    0.5360
    0.5358
    0.5356
    0.5354
    0.5352
    0.5350
    0.5348
    0.5346
    0.5344
    0.5342
    0.5340
    0.5338
    0.5336
    0.5334
    0.5332
    0.5330
    0.5328
    0.5326
    0.5324
    0.5322
    0.5320
    0.5318
    0.5316
    0.5314
    0.5312
    0.5310
    0.5308
    0.5306
    0.5304
    0.5302
    0.5300
    0.5298
    0.5296
    0.5294
    0.5292
    0.5290
    0.5288
    0.5286
    0.5284
    0.5282
    0.5280
    0.5278
    0.5276
    0.5274
    0.5272
    0.5270
    0.5268
    0.5266
    0.5264
    0.5262
    0.5260
    0.5258
    0.5256
    0.5254
    0.5252
    0.5251
    0.5249
    0.5247
    0.5245
    0.5243
    0.5241
    0.5239
    0.5237
    0.5235
    0.5233
    0.5231
    0.5229
    0.5227
    0.5225
    0.5223
    0.5221
    0.5220
    0.5218
    0.5216
    0.5214
    0.5212
    0.5210
    0.5208
    0.5206
    0.5204
    0.5202
    0.5200
    0.5198
    0.5197
    0.5195
    0.5193
    0.5191
    0.5189
    0.5187
    0.5185
    0.5183
    0.5181
    0.5179
    0.5177
    0.5176
    0.5174
    0.5172
    0.5170
    0.5168
    0.5166
    0.5164
    0.5162
    0.5160
    0.5159
    0.5157
    0.5155
    0.5153
    0.5151
    0.5149
    0.5147
    0.5145
    0.5144
    0.5142
    0.5140
    0.5138
    0.5136
    0.5134
    0.5132
    0.5131
    0.5129
    0.5127
    0.5125
    0.5123
    0.5121
    0.5119
    0.5118
    0.5116
    0.5114
    0.5112
    0.5110
    0.5108
    0.5106
    0.5105
    0.5103
    0.5101
    0.5099
    0.5097
    0.5095
    0.5094
    0.5092
    0.5090
    0.5088
    0.5086
    0.5084
    0.5083
    0.5081
    0.5079
    0.5077
    0.5075
    0.5073
    0.5072
    0.5070
    0.5068
    0.5066
    0.5064
    0.5063
    0.5061
    0.5059
    0.5057
    0.5055
    0.5053
    0.5052
    0.5050
    0.5048
    0.5046
    0.5044
    0.5043
    0.5041
    0.5039
    0.5037
    0.5035
    0.5034
    0.5032
    0.5030
    0.5028
    0.5027
    0.5025
    0.5023
    0.5021
    0.5019
    0.5018
    0.5016
    0.5014
    0.5012
    0.5010
    0.5009
    0.5007
    0.5005
    0.5003
    0.5002
    0.5000
    0.4998
    0.4996
    0.4995
    0.4993
    0.4991
    0.4989
    0.4987
    0.4986
