       nan
       nan
       nan
       nan
       nan
       nan
       nan
       nan
   54.8255
   54.4287
   54.1100
   53.7397
   53.2612
   52.6608
   51.9472
   51.1398
   50.2611
   49.3325
   48.3730
   47.3983
   46.4206
   45.4497
   44.4925
   43.5543
   42.6386
   41.7478
   40.8833
   40.0459
   39.2358
   38.4529
   37.6967
   36.9665
   36.2617
   35.5813
   34.9245
   34.2904
   33.6779
   33.0863
   32.5146
   31.9618
   31.4273
   30.9101
   30.4094
   29.9246
   29.4550
   28.9997
   28.5583
   28.1301
   27.7144
   27.3109
   26.9189
   26.5380
   26.1677
   25.8075
   25.4571
   25.1160
   24.7839
   24.4604
   24.1451
   23.8379
   23.5383
   23.2460
   22.9609
   22.6825
   22.4108
   22.1454
   21.8861
   21.6327
   21.3850
   21.1428
   20.9059
   20.6742
   20.4475
   20.2255
   20.0082
   19.7954
   19.5870
   19.3828
   19.1827
   18.9865
   18.7942
   18.6057
   18.4208
   18.2394
   18.0614
   17.8867
   17.7153
   17.5470
   17.3818
   17.2195
   17.0601
   16.9035
   16.7497
   16.5985
   16.4499
   16.3038
   16.1602
   16.0190
   15.8801
   15.7435
   15.6092
   15.4770
   15.3469
   15.2189
   15.0929
   14.9689
   14.8468
   14.7265
   14.6082
   14.4916
   14.3767
   14.2636
   14.1521
   14.0423
   13.9341
   13.8275
   13.7224
   13.6188
   13.5166
   13.4159
   13.3166
   13.2187
   13.1222
   13.0269
   12.9330
   12.8403
   12.7489
   12.6587
   12.5697
   12.4819
   12.3952
   12.3096
   12.2252
   12.1418
   12.0595
   11.9783
   11.8980
   11.8188
   11.7406
   11.6633
   11.5870
   11.5116
   11.4371
   11.3636
   11.2909
   11.2191
   11.1482
   11.0781
   11.0088
   10.9403
   10.8726
   10.8057
   10.7396
   10.6743
   10.6097
   10.5458
   10.4826
   10.4202
   10.3584
   10.2973
   10.2369
   10.1772
   10.1181
   10.0597
   10.0019
    9.9447
    9.8882
    9.8322
    9.7768
    9.7221
    9.6679
    9.6142
    9.5612
    9.5086
    9.4566
    9.4052
    9.3543
    9.3039
    9.2540
    9.2046
    9.1557
    9.1073
    9.0594
    9.0119
    8.9650
    8.9185
    8.8724
    8.8268
    8.7816
    8.7369
    8.6926
    8.6487
    8.6053
    8.5622
    8.5196
    8.4773
    8.4355
    8.3940
    8.3530
    8.3123
    8.2720
    8.2320
    8.1925
    8.1533
    8.1144
    8.0759
    8.0377
    7.9999
    7.9625
    7.9253
    7.8885
    7.8520
    7.8158
    7.7800
    7.7444
    7.7092
    7.6743
    7.6397
    7.6053
    7.5713
    7.5376
    7.5041
    7.4709
    7.4381
    7.4054
    7.3731
    7.3410
    7.3092
    7.2777
    7.2464
    7.2154
    7.1846
    7.1541
    7.1238
    7.0938
    7.0640
    7.0345
    7.0052
    6.9761
    6.9472
    6.9186
    6.8903
    6.8621
    6.8341
    6.8064
    6.7789
    6.7516
    6.7245
    6.6977
    6.6710
    6.6445
    6.6183
    6.5922
    6.5664
    6.5407
    6.5152
    6.4899
    6.4649
    6.4400
    6.4152
    6.3907
    6.3663
    6.3422
    6.3182
    6.2943
    6.2707
    6.2472
    6.2239
    6.2008
    6.1778
    6.1550
    6.1323
    6.1098
    6.0875
    6.0654
    6.0433
    6.0215
    5.9998
    5.9782
    5.9568
    5.9356
    5.9145
    5.8935
    5.8727
    5.8520
    5.8315
    5.8111
    5.7909
    5.7707
    5.7508
    5.7309
    5.7112
    5.6916
    5.6722
    5.6528
    5.6336
    5.6146
    5.5956
    5.5768
    5.5581
    5.5396
    5.5211
    5.5028
    5.4846
    5.4665
    5.4485
    5.4306
    5.4129
    5.3952
    5.3777
    5.3603
    5.3430
    5.3258
    5.3087
    5.2917
    5.2749
    5.2581
    5.2414
    5.2249
    5.2084
    5.1921
    5.1758
    5.1596
    5.1436
    5.1276
    5.1117
    5.0960
    5.0803
    5.0647
    5.0492
    5.0338
    5.0185
    5.0033
    4.9882
    4.9732
    4.9582
    4.9434
    4.9286
    4.9139
    4.8993
    4.8848
    4.8704
    4.8560
    4.8418
    4.8276
    4.8135
    4.7995
    4.7855
    4.7717
    4.7579
    4.7442
    4.7306
    4.7170
    4.7035
    4.6901
    4.6768
    4.6636
    4.6504
    4.6373
    4.6242
    4.6113
    4.5984
    4.5856
    4.5728
    4.5602
    4.5475
    4.5350
    4.5225
    4.5101
    4.4978
    4.4855
    4.4733
    4.4612
    4.4491
    4.4371
    4.4251
    4.4132
    4.4014
    4.3896
    4.3779
    4.3663
    4.3547
    4.3432
    4.3317
    4.3203
    4.3090
    4.2977
    4.2865
    4.2753
    4.2642
    4.2531
    4.2421
    4.2312
    4.2203
    4.2094
    4.1987
    4.1879
    4.1773
    4.1666
    4.1561
    4.1456
    4.1351
    4.1247
    4.1143
    4.1040
    4.0938
    4.0836
    4.0734
    4.0633
    4.0532
    4.0432
    4.0333
    4.0233
    4.0135
    4.0037
    3.9939
    3.9842
    3.9745
    3.9648
    3.9553
    3.9457
    3.9362
    3.9268
    3.9173
    3.9080
    3.8987
    3.8894
    3.8801
    3.8710
    3.8618
    3.8527
    3.8436
    3.8346
    3.8256
    3.8167
    3.8078
    3.7989
    3.7901
    3.7813
    3.7726
    3.7639
    3.7552
    3.7466
    3.7380
    3.7295
    3.7210
    3.7125
    3.7041
    3.6957
    3.6873
    3.6790
    3.6707
    3.6624
    3.6542
    3.6461
    3.6379
    3.6298
    3.6217
    3.6137
    3.6057
    3.5977
    3.5898
    3.5819
    3.5740
    3.5662
    3.5584
    3.5507
    3.5429
    3.5352
    3.5276
    3.5199
    3.5123
    3.5048
    3.4972
    3.4897
    3.4822
    3.4748
    3.4674
    3.4600
    3.4526
    3.4453
    3.4380
    3.4308
    3.4235
    3.4163
    3.4092
    3.4020
    3.3949
    3.3878
    3.3808
    3.3737
    3.3667
    3.3598
    3.3528
    3.3459
    3.3390
    3.3322
    3.3253
    3.3185
    3.3117
    3.3050
    3.2983
    3.2916
    3.2849
    3.2783
    3.2716
    3.2650
    3.2585
    3.2519
    3.2454
    3.2389
    3.2325
    3.2260
    3.2196
    3.2132
    3.2068
    3.2005
    3.1942
    3.1879
    3.1816
    3.1754
    3.1691
    3.1629
    3.1568
    3.1506
    3.1445
    3.1384
    3.1323
    3.1262
    3.1202
    3.1142
    3.1082
    3.1022
    3.0963
    3.0903
    3.0844
    3.0785
    3.0727
    3.0668
    3.0610
    3.0552
    3.0495
    3.0437
    3.0380
    3.0323
    3.0266
    3.0209
    3.0152
    3.0096
    3.0040
    2.9984
    2.9928
    2.9873
    2.9818
    2.9762
    2.9708
    2.9653
    2.9598
    2.9544
    2.9490
    2.9436
    2.9382
    2.9329
    2.9275
    2.9222
    2.9169
    2.9116
    2.9064
    2.9011
    2.8959
    2.8907
    2.8855
    2.8803
    2.8752
    2.8700
    2.8649
    2.8598
    2.8547
    2.8496
    2.8446
    2.8396
    2.8345
    2.8296
    2.8246
    2.8196
    2.8147
    2.8097
    2.8048
    2.7999
    2.7950
    2.7902
    2.7853
    2.7805
    2.7757
    2.7709
    2.7661
    2.7613
    2.7566
    2.7518
    2.7471
    2.7424
    2.7377
    2.7330
    2.7284
    2.7237
    2.7191
    2.7145
    2.7099
    2.7053
    2.7007
    2.6962
    2.6916
    2.6871
    2.6826
    2.6781
    2.6736
    2.6691
    2.6647
    2.6603
    2.6558
    2.6514
    2.6470
    2.6426
    2.6383
    2.6339
    2.6296
    2.6252
    2.6209
    2.6166
    2.6123
    2.6081
    2.6038
    2.5996
    2.5953
    2.5911
    2.5869
    2.5827
    2.5785
    2.5744
    2.5702
    2.5661
    2.5619
    2.5578
    2.5537
    2.5496
    2.5455
    2.5415
    2.5374
    2.5334
    2.5293
    2.5253
    2.5213
    2.5173
    2.5133
    2.5094
    2.5054
    2.5015
    2.4975
    2.4936
    2.4897
    2.4858
    2.4819
    2.4781
    2.4742
    2.4703
    2.4665
    2.4627
    2.4589
    2.4550
    2.4512
    2.4475
    2.4437
    2.4399
    2.4362
    2.4324
    2.4287
    2.4250
    2.4213
    2.4176
    2.4139
    2.4102
    2.4066
    2.4029
    2.3993
    2.3956
    2.3920
    2.3884
    2.3848
    2.3812
    2.3776
    2.3741
    2.3705
    2.3670
    2.3634
    2.3599
    2.3564
    2.3529
    2.3494
    2.3459
    2.3424
    2.3389
    2.3355
    2.3320
    2.3286
    2.3251
    2.3217
    2.3183
    2.3149
    2.3115
    2.3081
    2.3048
    2.3014
    2.2980
    2.2947
    2.2914
    2.2880
    2.2847
    2.2814
    2.2781
    2.2748
    2.2715
    2.2683
    2.2650
    2.2617
    2.2585
    2.2553
    2.2520
    2.2488
    2.2456
    2.2424
    2.2392
    2.2360
    2.2328
    2.2297
    2.2265
    2.2234
    2.2202
    2.2171
    2.2140
    2.2109
    2.2077
    2.2046
    2.2016
    2.1985
    2.1954
    2.1923
    2.1893
    2.1862
    2.1832
    2.1801
    2.1771
    2.1741
    2.1711
    2.1681
    2.1651
    2.1621
    2.1591
    2.1561
    2.1532
    2.1502
    2.1473
    2.1443
    2.1414
    2.1385
    2.1356
    2.1327
    2.1298
    2.1269
    2.1240
    2.1211
    2.1182
    2.1153
    2.1125
    2.1096
    2.1068
    2.1040
    2.1011
    2.0983
    2.0955
    2.0927
    2.0899
    2.0871
    2.0843
    2.0815
    2.0788
    2.0760
    2.0732
    2.0705
    2.0677
    2.0650
    2.0623
    2.0596
    2.0568
    2.0541
    2.0514
    2.0487
    2.0460
    2.0434
    2.0407
    2.0380
    2.0353
    2.0327
    2.0300
    2.0274
    2.0248
    2.0221
    2.0195
    2.0169
    2.0143
    2.0117
    2.0091
    2.0065
    2.0039
    2.0013
    1.9987
    1.9962
    1.9936
    1.9911
    1.9885
    1.9860
    1.9834
    1.9809
    1.9784
    1.9759
    1.9734
    1.9709
    1.9684
    1.9659
    1.9634
    1.9609
    1.9584
    1.9560
    1.9535
    1.9510
    1.9486
    1.9461
    1.9437
    1.9413
    1.9388
    1.9364
    1.9340
    1.9316
    1.9292
    1.9268
    1.9244
    1.9220
    1.9196
    1.9172
    1.9149
    1.9125
    1.9101
    1.9078
    1.9054
    1.9031
    1.9008
    1.8984
    1.8961
    1.8938
    1.8915
    1.8891
    1.8868
    1.8845
    1.8822
    1.8800
    1.8777
    1.8754
    1.8731
    1.8708
    1.8686
    1.8663
    1.8641
    1.8618
    1.8596
    1.8573
    1.8551
    1.8529
    1.8507
    1.8484
    1.8462
    1.8440
    1.8418
    1.8396
    1.8374
    1.8352
    1.8331
    1.8309
    1.8287
    1.8265
    1.8244
    1.8222
    1.8201
    1.8179
    1.8158
    1.8136
    1.8115
    1.8094
    1.8072
    1.8051
    1.8030
    1.8009
    1.7988
    1.7967
    1.7946
    1.7925
    1.7904
    1.7883
    1.7862
    1.7842
    1.7821
    1.7800
    1.7780
    1.7759
    1.7739
    1.7718
    1.7698
    1.7677
    1.7657
    1.7637
    1.7617
    1.7596
    1.7576
    1.7556
    1.7536
    1.7516
    1.7496
    1.7476
    1.7456
    1.7436
    1.7417
    1.7397
    1.7377
    1.7357
    1.7338
    1.7318
    1.7299
    1.7279
    1.7260
    1.7240
    1.7221
    1.7201
    1.7182
    1.7163
    1.7144
    1.7124
    1.7105
    1.7086
    1.7067
    1.7048
    1.7029
    1.7010
    1.6991
    1.6972
    1.6954
    1.6935
    1.6916
    1.6897
    1.6879
    1.6860
    1.6841
    1.6823
    1.6804
    1.6786
    1.6768
    1.6749
    1.6731
    1.6712
    1.6694
    1.6676
    1.6658
    1.6640
    1.6621
    1.6603
    1.6585
    1.6567
    1.6549
    1.6531
    1.6513
    1.6496
    1.6478
    1.6460
    1.6442
    1.6424
    1.6407
    1.6389
    1.6372
    1.6354
    1.6336
    1.6319
    1.6301
    1.6284
    1.6267
    1.6249
    1.6232
    1.6215
    1.6197
    1.6180
    1.6163
    1.6146
    1.6129
    1.6112
    1.6095
    1.6077
    1.6061
    1.6044
    1.6027
    1.6010
    1.5993
    1.5976
    1.5959
    1.5943
    1.5926
    1.5909
    1.5893
    1.5876
    1.5859
    1.5843
    1.5826
    1.5810
    1.5793
    1.5777
    1.5761
    1.5744
    1.5728
    1.5712
    1.5695
    1.5679
    1.5663
    1.5647
    1.5631
    1.5614
    1.5598
    1.5582
    1.5566
    1.5550
    1.5534
    1.5519
    1.5503
    1.5487
    1.5471
    1.5455
    1.5439
    1.5424
    1.5408
    1.5392
    1.5377
    1.5361
    1.5346
    1.5330
    1.5314
    1.5299
    1.5284
    1.5268
    1.5253
    1.5237
    1.5222
    1.5207
    1.5191
    1.5176
    1.5161
    1.5146
    1.5131
    1.5115
    1.5100
    1.5085
    1.5070
    1.5055
    1.5040
    1.5025
    1.5010
    1.4995
    1.4980
    1.4966
    1.4951
    1.4936
    1.4921
    1.4907
    1.4892
    1.4877
    1.4862
    1.4848
    1.4833
    1.4819
    1.4804
    1.4790
    1.4775
    1.4761
    1.4746
    1.4732
    1.4717
    1.4703
    1.4689
    1.4674
    1.4660
    1.4646
    1.4632
    1.4617
    1.4603
    1.4589
    1.4575
    1.4561
    1.4547
    1.4533
    1.4519
    1.4505
    1.4491
    1.4477
    1.4463
    1.4449
    1.4435
    1.4421
    1.4407
    1.4394
    1.4380
    1.4366
    1.4352
    1.4339
    1.4325
    1.4311
    1.4298
    1.4284
    1.4271
    1.4257
    1.4244
    1.4230
    1.4217
    1.4203
    1.4190
    1.4176
    1.4163
    1.4150
    1.4136
    1.4123
    1.4110
    1.4097
    1.4083
    1.4070
    1.4057
    1.4044
    1.4031
    1.4018
    1.4004
    1.3991
    1.3978
    1.3965
    1.3952
    1.3939
    1.3926
    1.3913
    1.3901
    1.3888
    1.3875
    1.3862
    1.3849
    1.3836
    1.3824
    1.3811
    1.3798
    1.3785
    1.3773
    1.3760
    1.3747
    1.3735
    1.3722
    1.3710
    1.3697
    1.3685
    1.3672
    1.3660
    1.3647
    1.3635
    1.3622
    1.3610
    1.3598
    1.3585
    1.3573
    1.3561
    1.3548
    1.3536
    1.3524
    1.3512
    1.3499
    1.3487
    1.3475
    1.3463
    1.3451
    1.3439
    1.3427
    1.3414
    1.3402
    1.3390
    1.3378
    1.3366
    1.3354
    1.3343
    1.3331
    1.3319
    1.3307
    1.3295
    1.3283
    1.3271
    1.3260
    1.3248
    1.3236
    1.3224
    1.3213
    1.3201
    1.3189
    1.3178
    1.3166
    1.3154
    1.3143
    1.3131
    1.3120
    1.3108
    1.3097
    1.3085
    1.3074
    1.3062
    1.3051
    1.3039
    1.3028
    1.3016
    1.3005
    1.2994
    1.2982
    1.2971
    1.2960
    1.2949
    1.2937
    1.2926
    1.2915
    1.2904
    1.2892
    1.2881
    1.2870
    1.2859
    1.2848
    1.2837
    1.2826
    1.2815
    1.2804
    1.2793
    1.2782
    1.2771
    1.2760
    1.2749
    1.2738
    1.2727
    1.2716
    1.2705
    1.2694
    1.2684
    1.2673
    1.2662
    1.2651
    1.2640
    1.2630
    1.2619
    1.2608
    1.2598
    1.2587
    1.2576
    1.2566
    1.2555
    1.2544
    1.2534
    1.2523
    1.2513
    1.2502
    1.2492
    1.2481
    1.2471
    1.2460
    1.2450
    1.2439
    1.2429
    1.2418
    1.2408
    1.2398
    1.2387
    1.2377
    1.2367
    1.2356
    1.2346
    1.2336
    1.2325
    1.2315
    1.2305
    1.2295
    1.2285
    1.2274
    1.2264
    1.2254
    1.2244
    1.2234
    1.2224
    1.2214
    1.2204
    1.2194
    1.2184
    1.2173
    1.2163
    1.2154
    1.2144
    1.2134
    1.2124
    1.2114
    1.2104
    1.2094
    1.2084
    1.2074
    1.2064
    1.2055
    1.2045
    1.2035
    1.2025
    1.2015
    1.2006
    1.1996
    1.1986
    1.1976
    1.1967
    1.1957
    1.1947
    1.1938
    1.1928
    1.1918
    1.1909
    1.1899
    1.1890
    1.1880
    1.1871
    1.1861
    1.1852
    1.1842
    1.1833
    1.1823
    1.1814
    1.1804
    1.1795
    1.1785
    1.1776
    1.1767
    1.1757
    1.1748
    1.1739
    1.1729
    1.1720
    1.1711
    1.1701
    1.1692
    1.1683
    1.1674
    1.1664
    1.1655
    1.1646
    1.1637
    1.1628
    1.1618
    1.1609
    1.1600
    1.1591
    1.1582
    1.1573
    1.1564
    1.1555
    1.1546
    1.1537
    1.1528
    1.1519
    1.1510
    1.1501
    1.1492
    1.1483
    1.1474
    1.1465
    1.1456
    1.1447
    1.1438
    1.1429
    1.1420
    1.1411
    1.1403
    1.1394
    1.1385
    1.1376
    1.1367
    1.1359
    1.1350
    1.1341
    1.1332
    1.1324
    1.1315
    1.1306
    1.1298
    1.1289
    1.1280
    1.1272
    1.1263
    1.1254
    1.1246
    1.1237
    1.1229
    1.1220
    1.1211
    1.1203
    1.1194
    1.1186
    1.1177
    1.1169
    1.1160
    1.1152
    1.1144
    1.1135
    1.1127
    1.1118
    1.1110
    1.1101
    1.1093
    1.1085
    1.1076
    1.1068
    1.1060
    1.1051
    1.1043
    1.1035
    1.1026
    1.1018
    1.1010
    1.1002
    1.0993
    1.0985
    1.0977
    1.0969
    1.0961
    1.0952
    1.0944
    1.0936
    1.0928
    1.0920
    1.0912
    1.0904
    1.0895
    1.0887
    1.0879
    1.0871
    1.0863
    1.0855
    1.0847
    1.0839
    1.0831
    1.0823
    1.0815
    1.0807
    1.0799
    1.0791
    1.0783
    1.0775
    1.0767
    1.0760
    1.0752
    1.0744
    1.0736
    1.0728
    1.0720
    1.0712
    1.0705
    1.0697
    1.0689
    1.0681
    1.0673
    1.0666
    1.0658
    1.0650
    1.0642
    1.0635
    1.0627
    1.0619
    1.0612
    1.0604
    1.0596
    1.0588
    1.0581
    1.0573
    1.0566
    1.0558
    1.0550
    1.0543
    1.0535
    1.0528
    1.0520
    1.0512
    1.0505
    1.0497
    1.0490
    1.0482
    1.0475
    1.0467
    1.0460
    1.0452
    1.0445
    1.0437
    1.0430
    1.0423
    1.0415
    1.0408
    1.0400
    1.0393
    1.0386
    1.0378
    1.0371
    1.0363
    1.0356
    1.0349
    1.0341
    1.0334
    1.0327
    1.0320
    1.0312
    1.0305
    1.0298
    1.0290
    1.0283
    1.0276
    1.0269
    1.0262
    1.0254
    1.0247
    1.0240
    1.0233
    1.0226
    1.0218
    1.0211
    1.0204
    1.0197
    1.0190
    1.0183
    1.0176
    1.0169
    1.0162
    1.0155
    1.0147
    1.0140
    1.0133
    1.0126
    1.0119
    1.0112
    1.0105
    1.0098
    1.0091
    1.0084
    1.0077
    1.0070
    1.0063
    1.0057
    1.0050
    1.0043
    1.0036
    1.0029
    1.0022
    1.0015
    1.0008
    1.0001
    0.9994
    0.9988
    0.9981
    0.9974
    0.9967
    0.9960
    0.9954
    0.9947
    0.9940
    0.9933
    0.9926
    0.9920
    0.9913
    0.9906
    0.9899
    0.9893
    0.9886
    0.9879
    0.9873
    0.9866
    0.9859
    0.9853
    0.9846
    0.9839
    0.9833
    0.9826
    0.9819
    0.9813
    0.9806
    0.9800
    0.9793
    0.9786
    0.9780
    0.9773
    0.9767
    0.9760
    0.9754
    0.9747
    0.9741
    0.9734
    0.9727
    0.9721
    0.9714
    0.9708
    0.9702
    0.9695
    0.9689
    0.9682
    0.9676
    0.9669
    0.9663
    0.9656
    0.9650
    0.9644
    0.9637
    0.9631
    0.9625
    0.9618
    0.9612
    0.9605
    0.9599
    0.9593
    0.9586
    0.9580
    0.9574
    0.9568
    0.9561
    0.9555
    0.9549
    0.9542
    0.9536
    0.9530
    0.9524
    0.9517
    0.9511
    0.9505
    0.9499
    0.9493
    0.9486
    0.9480
    0.9474
    0.9468
    0.9462
    0.9455
    0.9449
    0.9443
    0.9437
    0.9431
    0.9425
    0.9419
    0.9413
    0.9406
    0.9400
    0.9394
    0.9388
    0.9382
    0.9376
    0.9370
    0.9364
    0.9358
    0.9352
    0.9346
    0.9340
    0.9334
    0.9328
    0.9322
    0.9316
    0.9310
    0.9304
    0.9298
    0.9292
    0.9286
    0.9280
    0.9274
    0.9268
    0.9262
    0.9256
    0.9251
    0.9245
    0.9239
    0.9233
    0.9227
    0.9221
    0.9215
    0.9209
    0.9204
    0.9198
    0.9192
    0.9186
    0.9180
    0.9174
    0.9169
    0.9163
    0.9157
    0.9151
    0.9145
    0.9140
    0.9134
    0.9128
    0.9122
    0.9117
    0.9111
    0.9105
    0.9100
    0.9094
    0.9088
    0.9082
    0.9077
    0.9071
    0.9065
    0.9060
    0.9054
    0.9048
    0.9043
    0.9037
    0.9031
    0.9026
    0.9020
    0.9015
    0.9009
    0.9003
    0.8998
    0.8992
    0.8987
    0.8981
    0.8975
    0.8970
    0.8964
    0.8959
    0.8953
    0.8948
    0.8942
    0.8937
    0.8931
    0.8926
    0.8920
    0.8915
    0.8909
    0.8904
    0.8898
    0.8893
    0.8887
    0.8882
    0.8876
    0.8871
    0.8865
    0.8860
    0.8855
    0.8849
    0.8844
    0.8838
    0.8833
    0.8828
    0.8822
    0.8817
    0.8811
    0.8806
    0.8801
    0.8795
    0.8790
    0.8785
    0.8779
    0.8774
    0.8769
    0.8763
    0.8758
    0.8753
    0.8747
    0.8742
    0.8737
    0.8732
    0.8726
    0.8721
    0.8716
    0.8711
    0.8705
    0.8700
    0.8695
    0.8690
    0.8684
    0.8679
    0.8674
    0.8669
    0.8664
    0.8658
    0.8653
    0.8648
    0.8643
    0.8638
    0.8632
    0.8627
    0.8622
    0.8617
    0.8612
    0.8607
    0.8602
    0.8597
    0.8591
    0.8586
    0.8581
    0.8576
    0.8571
    0.8566
    0.8561
    0.8556
    0.8551
    0.8546
    0.8541
    0.8536
    0.8530
    0.8525
    0.8520
    0.8515
    0.8510
    0.8505
    0.8500
    0.8495
    0.8490
    0.8485
    0.8480
    0.8475
    0.8470
    0.8465
    0.8460
    0.8455
    0.8451
    0.8446
    0.8441
    0.8436
    0.8431
    0.8426
    0.8421
    0.8416
    0.8411
    0.8406
    0.8401
    0.8396
    0.8392
    0.8387
    0.8382
    0.8377
    0.8372
    0.8367
    0.8362
    0.8357
    0.8353
    0.8348
    0.8343
    0.8338
    0.8333
    0.8328
    0.8324
    0.8319
    0.8314
    0.8309
    0.8304
    0.8300
    0.8295
    0.8290
    0.8285
    0.8281
    0.8276
    0.8271
    0.8266
    0.8262
    0.8257
    0.8252
    0.8247
    0.8243
    0.8238
    0.8233
    0.8229
    0.8224
    0.8219
    0.8215
    0.8210
    0.8205
    0.8200
    0.8196
    0.8191
    0.8186
    0.8182
    0.8177
    0.8173
    0.8168
    0.8163
    0.8159
    0.8154
    0.8149
    0.8145
    0.8140
    0.8136
    0.8131
    0.8126
    0.8122
    0.8117
    0.8113
    0.8108
    0.8104
    0.8099
    0.8094
    0.8090
    0.8085
    0.8081
    0.8076
    0.8072
    0.8067
    0.8063
    0.8058
    0.8054
    0.8049
    0.8045
    0.8040
    0.8036
    0.8031
    0.8027
    0.8022
    0.8018
    0.8013
    0.8009
    0.8004
    0.8000
    0.7995
    0.7991
    0.7987
    0.7982
    0.7978
    0.7973
    0.7969
    0.7964
    0.7960
    0.7956
    0.7951
    0.7947
    0.7942
    0.7938
    0.7934
    0.7929
    0.7925
    0.7921
    0.7916
    0.7912
    0.7907
    0.7903
    0.7899
    0.7894
    0.7890
    0.7886
    0.7881
    0.7877
    0.7873
    0.7869
    0.7864
    0.7860
    0.7856
    0.7851
    0.7847
    0.7843
    0.7838
    0.7834
    0.7830
    0.7826
    0.7821
    0.7817
    0.7813
    0.7809
    0.7804
    0.7800
    0.7796
    0.7792
    0.7787
    0.7783
    0.7779
    0.7775
    0.7771
    0.7766
    0.7762
    0.7758
    0.7754
    0.7750
    0.7745
    0.7741
    0.7737
    0.7733
    0.7729
    0.7725
    0.7720
    0.7716
    0.7712
    0.7708
    0.7704
    0.7700
    0.7696
    0.7691
    0.7687
    0.7683
    0.7679
    0.7675
    0.7671
    0.7667
    0.7663
    0.7659
    0.7655
    0.7650
    0.7646
    0.7642
    0.7638
    0.7634
    0.7630
    0.7626
    0.7622
    0.7618
    0.7614
    0.7610
    0.7606
    0.7602
    0.7598
    0.7594
    0.7590
    0.7586
    0.7582
    0.7578
    0.7574
    0.7570
    0.7566
    0.7562
    0.7558
    0.7554
    0.7550
    0.7546
    0.7542
    0.7538
    0.7534
    0.7530
    0.7526
    0.7522
    0.7518
    0.7514
    0.7510
    0.7506
    0.7502
    0.7498
    0.7495
    0.7491
    0.7487
    0.7483
    0.7479
    0.7475
    0.7471
    0.7467
    0.7463
    0.7459
    0.7456
    0.7452
    0.7448
    0.7444
    0.7440
    0.7436
    0.7432
    0.7428
    0.7425
    0.7421
    0.7417
    0.7413
    0.7409
    0.7405
    0.7402
    0.7398
    0.7394
    0.7390
    0.7386
    0.7383
    0.7379
    0.7375
    0.7371
    0.7367
    0.7364
    0.7360
    0.7356
    0.7352
    0.7348
    0.7345
    0.7341
    0.7337
    0.7333
    0.7330
    0.7326
    0.7322
    0.7318
    0.7315
    0.7311
    0.7307
    0.7303
    0.7300
    0.7296
    0.7292
    0.7289
    0.7285
    0.7281
    0.7277
    0.7274
    0.7270
    0.7266
    0.7263
    0.7259
    0.7255
    0.7252
    0.7248
    0.7244
    0.7241
    0.7237
    0.7233
    0.7230
    0.7226
    0.7222
    0.7219
    0.7215
    0.7211
    0.7208
    0.7204
    0.7201
    0.7197
    0.7193
    0.7190
    0.7186
    0.7183
    0.7179
    0.7175
    0.7172
    0.7168
    0.7165
    0.7161
    0.7157
    0.7154
    0.7150
    0.7147
    0.7143
    0.7139
    0.7136
    0.7132
    0.7129
    0.7125
    0.7122
    0.7118
    0.7115
    0.7111
    0.7108
    0.7104
    0.7100
    0.7097
    0.7093
    0.7090
    0.7086
    0.7083
    0.7079
    0.7076
    0.7072
    0.7069
    0.7065
    0.7062
    0.7058
    0.7055
    0.7051
    0.7048
    0.7045
    0.7041
    0.7038
    0.7034
    0.7031
    0.7027
    0.7024
    0.7020
    0.7017
    0.7013
    0.7010
    0.7007
    0.7003
    0.7000
    0.6996
    0.6993
    0.6989
    0.6986
    0.6983
    0.6979
    0.6976
    0.6972
    0.6969
    0.6966
    0.6962
    0.6959
    0.6955
    0.6952
    0.6949
    0.6945
    0.6942
    0.6938
    0.6935
    0.6932
    0.6928
    0.6925
    0.6922
    0.6918
    0.6915
    0.6912
    0.6908
    0.6905
    0.6902
    0.6898
    0.6895
    0.6892
    0.6888
    0.6885
    0.6882
    0.6878
    0.6875
    0.6872
    0.6868
    0.6865
    0.6862
    0.6858
    0.6855
    0.6852
    0.6849
    0.6845
    0.6842
    0.6839
    0.6835
    0.6832
    0.6829
    0.6826
    0.6822
    0.6819
    0.6816
    0.6813
    0.6809
    0.6806
    0.6803
    0.6800
    0.6796
    0.6793
    0.6790
    0.6787
    0.6783
    0.6780
    0.6777
    0.6774
    0.6771
    0.6767
    0.6764
    0.6761
    0.6758
    0.6755
    0.6751
    0.6748
    0.6745
    0.6742
    0.6739
    0.6735
    0.6732
    0.6729
    0.6726
    0.6723
    0.6720
    0.6716
    0.6713
    0.6710
    0.6707
    0.6704
    0.6701
    0.6698
    0.6694
    0.6691
    0.6688
    0.6685
    0.6682
    0.6679
    0.6676
    0.6672
    0.6669
    0.6666
    0.6663
    0.6660
    0.6657
    0.6654
    0.6651
    0.6648
    0.6644
    0.6641
    0.6638
    0.6635
    0.6632
    0.6629
    0.6626
    0.6623
    0.6620
    0.6617
    0.6614
    0.6611
    0.6608
    0.6604
    0.6601
    0.6598
    0.6595
    0.6592
    0.6589
    0.6586
    0.6583
    0.6580
    0.6577
    0.6574
    0.6571
    0.6568
    0.6565
    0.6562
    0.6559
    0.6556
    0.6553
    0.6550
    0.6547
    0.6544
    0.6541
    0.6538
    0.6535
    0.6532
    0.6529
    0.6526
    0.6523
    0.6520
    0.6517
    0.6514
    0.6511
    0.6508
    0.6505
    0.6502
    0.6499
    0.6496
    0.6493
    0.6490
    0.6487
    0.6484
    0.6481
    0.6478
    0.6475
    0.6472
    0.6469
    0.6467
    0.6464
    0.6461
    0.6458
    0.6455
    0.6452
    0.6449
    0.6446
    0.6443
    0.6440
    0.6437
    0.6434
    0.6432
    0.6429
    0.6426
    0.6423
    0.6420
    0.6417
    0.6414
    0.6411
    0.6408
    0.6405
    0.6403
    0.6400
    0.6397
    0.6394
    0.6391
    0.6388
    0.6385
    0.6382
    0.6380
    0.6377
    0.6374
    0.6371
    0.6368
    0.6365
    0.6363
    0.6360
    0.6357
    0.6354
    0.6351
    0.6348
    0.6346
    0.6343
    0.6340
    0.6337
    0.6334
    0.6331
    0.6329
    0.6326
    0.6323
    0.6320
    0.6317
    0.6315
    0.6312
    0.6309
    0.6306
    0.6303
    0.6301
    0.6298
    0.6295
    0.6292
    0.6289
    0.6287
    0.6284
    0.6281
    0.6278
    0.6276
    0.6273
    0.6270
    0.6267
    0.6264
    0.6262
    0.6259
    0.6256
    0.6253
    0.6251
    0.6248
    0.6245
    0.6242
    0.6240
    0.6237
    0.6234
    0.6232
    0.6229
    0.6226
    0.6223
    0.6221
    0.6218
    0.6215
    0.6213
    0.6210
    0.6207
    0.6204
    0.6202
    0.6199
    0.6196
    0.6194
    0.6191
    0.6188
    0.6185
    0.6183
    0.6180
    0.6177
    0.6175
    0.6172
    0.6169
    0.6167
    0.6164
    0.6161
    0.6159
    0.6156
    0.6153
    0.6151
    0.6148
    0.6145
    0.6143
    0.6140
    0.6137
    0.6135
    0.6132
    0.6129
    0.6127
    0.6124
    0.6122
    0.6119
    0.6116
    0.6114
    0.6111
    0.6108
    0.6106
    0.6103
    0.6101
    0.6098
    0.6095
    0.6093
    0.6090
    0.6087
    0.6085
    0.6082
    0.6080
    0.6077
    0.6074
    0.6072
    0.6069
    0.6067
    0.6064
    0.6062
    0.6059
    0.6056
    0.6054
    0.6051
    0.6049
    0.6046
    0.6043
    0.6041
    0.6038
    0.6036
    0.6033
    0.6031
    0.6028
    0.6026
    0.6023
    0.6020
    0.6018
    0.6015
    0.6013
    0.6010
    0.6008
    0.6005
    0.6003
    0.6000
    0.5998
    0.5995
    0.5992
    0.5990
    0.5987
    0.5985
    0.5982
    0.5980
    0.5977
    0.5975
    0.5972
    0.5970
    0.5967
    0.5965
    0.5962
    0.5960
    0.5957
    0.5955
    0.5952
    0.5950
    0.5947
    0.5945
    0.5942
    0.5940
    0.5937
    0.5935
    0.5932
    0.5930
    0.5927
    0.5925
    0.5922
    0.5920
    0.5918
    0.5915
    0.5913
    0.5910
    0.5908
    0.5905
    0.5903
    0.5900
    0.5898
    0.5895
    0.5893
    0.5891
    0.5888
    0.5886
    0.5883
    0.5881
    0.5878
    0.5876
    0.5873
    0.5871
    0.5869
    0.5866
    0.5864
    0.5861
    0.5859
    0.5857
    0.5854
    0.5852
    0.5849
    0.5847
    0.5844
    0.5842
    0.5840
    0.5837
    0.5835
    0.5832
    0.5830
    0.5828
    0.5825
    0.5823
    0.5820
    0.5818
    0.5816
    0.5813
    0.5811
    0.5809
    0.5806
    0.5804
    0.5801
    0.5799
    0.5797
    0.5794
    0.5792
    0.5790
    0.5787
    0.5785
    0.5783
    0.5780
    0.5778
    0.5775
    0.5773
    0.5771
    0.5768
    0.5766
    0.5764
    0.5761
    0.5759
    0.5757
    0.5754
    0.5752
    0.5750
    0.5747
    0.5745
    0.5743
    0.5740
    0.5738
    0.5736
    0.5733
    0.5731
    0.5729
    0.5727
    0.5724
    0.5722
    0.5720
    0.5717
    0.5715
    0.5713
    0.5710
    0.5708
    0.5706
    0.5703
    0.5701
    0.5699
    0.5697
    0.5694
    0.5692
    0.5690
    0.5687
    0.5685
    0.5683
    0.5681
    0.5678
    0.5676
    0.5674
    0.5672
    0.5669
    0.5667
    0.5665
    0.5662
    0.5660
    0.5658
    0.5656
    0.5653
    0.5651
    0.5649
    0.5647
    0.5644
    0.5642
    0.5640
    0.5638
    0.5635
    0.5633
    0.5631
    0.5629
    0.5627
    0.5624
    0.5622
    0.5620
    0.5618
    0.5615
    0.5613
    0.5611
    0.5609
    0.5606
    0.5604
    0.5602
    0.5600
    0.5598
    0.5595
    0.5593
    0.5591
    0.5589
    0.5587
    0.5584
    0.5582
    0.5580
    0.5578
    0.5576
    0.5573
    0.5571
    0.5569
    0.5567
    0.5565
    0.5562
    0.5560
    0.5558
    0.5556
    0.5554
    0.5552
    0.5549
    0.5547
    0.5545
    0.5543
    0.5541
    0.5539
    0.5536
    0.5534
    0.5532
    0.5530
    0.5528
    0.5526
    0.5523
    0.5521
    0.5519
    0.5517
    0.5515
    0.5513
    0.5511
    0.5508
    0.5506
    0.5504
    0.5502
    0.5500
    0.5498
    0.5496
    0.5493
    0.5491
    0.5489
    0.5487
    0.5485
    0.5483
    0.5481
    0.5479
    0.5476
    0.5474
    0.5472
    0.5470
    0.5468
    0.5466
    0.5464
    0.5462
    0.5460
    0.5457
    0.5455
    0.5453
    0.5451
    0.5449
    0.5447
    0.5445
    0.5443
    0.5441
    0.5439
    0.5437
    0.5434
    0.5432
    0.5430
    0.5428
    0.5426
    0.5424
    0.5422
    0.5420
    0.5418
    0.5416
    0.5414
    0.5412
    0.5410
    0.5407
    0.5405
    0.5403
    0.5401
    0.5399
    0.5397
    0.5395
    0.5393
    0.5391
    0.5389
    0.5387
    0.5385
    0.5383
    0.5381
    0.5379
    0.5377
    0.5375
    0.5373
    0.5371
    0.5369
    0.5366
    0.5364
    0.5362
    0.5360
    0.5358
    0.5356
    0.5354
    0.5352
    0.5350
    0.5348
    0.5346
    0.5344
    0.5342
    0.5340
    0.5338
    0.5336
    0.5334
    0.5332
    0.5330
    0.5328
    0.5326
    0.5324
    0.5322
    0.5320
    0.5318
    0.5316
    0.5314
    0.5312
    0.5310
    0.5308
    0.5306
    0.5304
    0.5302
    0.5300
    0.5298
    0.5296
    0.5294
    0.5292
    0.5290
    0.5288
    0.5286
    0.5284
    0.5282
    0.5280
    0.5278
    0.5276
    0.5274
    0.5272
    0.5271
    0.5269
    0.5267
    0.5265
    0.5263
    0.5261
    0.5259
    0.5257
    0.5255
    0.5253
    0.5251
    0.5249
    0.5247
    0.5245
    0.5243
    0.5241
    0.5239
    0.5237
    0.5235
    0.5233
    0.5232
    0.5230
    0.5228
    0.5226
    0.5224
    0.5222
    0.5220
    0.5218
    0.5216
    0.5214
    0.5212
    0.5210
    0.5208
    0.5207
    0.5205
    0.5203
    0.5201
    0.5199
    0.5197
    0.5195
    0.5193
    0.5191
    0.5189
    0.5187
    0.5186
    0.5184
    0.5182
    0.5180
    0.5178
    0.5176
    0.5174
    0.5172
    0.5170
    0.5168
    0.5167
    0.5165
    0.5163
    0.5161
    0.5159
    0.5157
    0.5155
    0.5153
    0.5152
    0.5150
    0.5148
    0.5146
    0.5144
    0.5142
    0.5140
    0.5138
    0.5137
    0.5135
    0.5133
    0.5131
    0.5129
    0.5127
    0.5125
    0.5124
    0.5122
    0.5120
    0.5118
    0.5116
    0.5114
    0.5112
    0.5111
    0.5109
    0.5107
    0.5105
    0.5103
    0.5101
    0.5099
    0.5098
    0.5096
    0.5094
    0.5092
    0.5090
    0.5088
    0.5087
    0.5085
    0.5083
    0.5081
    0.5079
    0.5078
    0.5076
    0.5074
    0.5072
    0.5070
    0.5068
    0.5067
    0.5065
    0.5063
    0.5061
    0.5059
    0.5058
    0.5056
    0.5054
    0.5052
    0.5050
    0.5048
    0.5047
    0.5045
    0.5043
    0.5041
    0.5039
    0.5038
    0.5036
    0.5034
    0.5032
    0.5031
    0.5029
    0.5027
    0.5025
    0.5023
    0.5022
    0.5020
    0.5018
    0.5016
    0.5014
    0.5013
    0.5011
    0.5009
    0.5007
    0.5006
    0.5004
    0.5002
    0.5000
    0.4998
    0.4997
    0.4995
    0.4993
    0.4991
    0.4990
    0.4988
    0.4986
