       nan
       nan
       nan
   39.9271
   53.4560
   59.9198
   61.9426
   61.6428
   60.2459
   58.3901
   56.3944
   54.4134
   52.5187
   50.7400
   49.0855
   47.5530
   46.1353
   44.8231
   43.6065
   42.4760
   41.4226
   40.4382
   39.5156
   38.6482
   37.8304
   37.0571
   36.3241
   35.6274
   34.9637
   34.3300
   33.7238
   33.1428
   32.5848
   32.0482
   31.5314
   31.0329
   30.5516
   30.0862
   29.6358
   29.1995
   28.7764
   28.3658
   27.9670
   27.5794
   27.2025
   26.8357
   26.4786
   26.1307
   25.7915
   25.4609
   25.1383
   24.8234
   24.5160
   24.2158
   23.9225
   23.6358
   23.3555
   23.0814
   22.8133
   22.5509
   22.2941
   22.0428
   21.7966
   21.5556
   21.3194
   21.0880
   20.8612
   20.6389
   20.4209
   20.2072
   19.9975
   19.7919
   19.5901
   19.3921
   19.1978
   19.0070
   18.8198
   18.6359
   18.4553
   18.2779
   18.1037
   17.9325
   17.7643
   17.5990
   17.4365
   17.2768
   17.1197
   16.9654
   16.8135
   16.6642
   16.5173
   16.3729
   16.2307
   16.0909
   15.9532
   15.8178
   15.6845
   15.5532
   15.4240
   15.2968
   15.1716
   15.0482
   14.9268
   14.8071
   14.6893
   14.5731
   14.4587
   14.3460
   14.2349
   14.1255
   14.0176
   13.9112
   13.8064
   13.7030
   13.6011
   13.5007
   13.4016
   13.3039
   13.2075
   13.1125
   13.0187
   12.9262
   12.8349
   12.7449
   12.6560
   12.5684
   12.4818
   12.3965
   12.3122
   12.2290
   12.1468
   12.0658
   11.9857
   11.9067
   11.8286
   11.7515
   11.6754
   11.6002
   11.5260
   11.4526
   11.3802
   11.3086
   11.2379
   11.1680
   11.0990
   11.0307
   10.9633
   10.8967
   10.8309
   10.7658
   10.7014
   10.6378
   10.5750
   10.5128
   10.4514
   10.3906
   10.3305
   10.2711
   10.2124
   10.1543
   10.0968
   10.0400
    9.9838
    9.9282
    9.8732
    9.8187
    9.7649
    9.7116
    9.6589
    9.6068
    9.5552
    9.5041
    9.4536
    9.4036
    9.3541
    9.3051
    9.2566
    9.2086
    9.1611
    9.1140
    9.0675
    9.0214
    8.9757
    8.9305
    8.8857
    8.8414
    8.7975
    8.7541
    8.7110
    8.6684
    8.6262
    8.5843
    8.5429
    8.5019
    8.4612
    8.4209
    8.3810
    8.3415
    8.3023
    8.2635
    8.2251
    8.1870
    8.1492
    8.1118
    8.0747
    8.0380
    8.0016
    7.9655
    7.9297
    7.8942
    7.8591
    7.8242
    7.7897
    7.7555
    7.7215
    7.6879
    7.6545
    7.6214
    7.5886
    7.5561
    7.5238
    7.4918
    7.4601
    7.4287
    7.3975
    7.3665
    7.3359
    7.3054
    7.2752
    7.2453
    7.2156
    7.1862
    7.1569
    7.1279
    7.0992
    7.0707
    7.0424
    7.0143
    6.9864
    6.9588
    6.9313
    6.9041
    6.8771
    6.8503
    6.8237
    6.7973
    6.7711
    6.7451
    6.7193
    6.6937
    6.6683
    6.6431
    6.6181
    6.5932
    6.5686
    6.5441
    6.5198
    6.4957
    6.4717
    6.4479
    6.4243
    6.4009
    6.3776
    6.3545
    6.3316
    6.3088
    6.2862
    6.2637
    6.2414
    6.2193
    6.1973
    6.1755
    6.1538
    6.1322
    6.1109
    6.0896
    6.0685
    6.0476
    6.0268
    6.0061
    5.9856
    5.9652
    5.9449
    5.9248
    5.9048
    5.8850
    5.8652
    5.8456
    5.8262
    5.8068
    5.7876
    5.7685
    5.7496
    5.7307
    5.7120
    5.6934
    5.6749
    5.6566
    5.6383
    5.6202
    5.6022
    5.5842
    5.5665
    5.5488
    5.5312
    5.5137
    5.4964
    5.4791
    5.4620
    5.4450
    5.4280
    5.4112
    5.3945
    5.3778
    5.3613
    5.3449
    5.3286
    5.3123
    5.2962
    5.2802
    5.2642
    5.2484
    5.2326
    5.2169
    5.2014
    5.1859
    5.1705
    5.1552
    5.1400
    5.1249
    5.1098
    5.0949
    5.0800
    5.0652
    5.0505
    5.0359
    5.0214
    5.0069
    4.9926
    4.9783
    4.9641
    4.9499
    4.9359
    4.9219
    4.9080
    4.8942
    4.8805
    4.8668
    4.8532
    4.8397
    4.8262
    4.8129
    4.7996
    4.7863
    4.7732
    4.7601
    4.7471
    4.7341
    4.7212
    4.7084
    4.6957
    4.6830
    4.6704
    4.6579
    4.6454
    4.6330
    4.6206
    4.6083
    4.5961
    4.5840
    4.5719
    4.5598
    4.5479
    4.5360
    4.5241
    4.5123
    4.5006
    4.4889
    4.4773
    4.4657
    4.4543
    4.4428
    4.4314
    4.4201
    4.4088
    4.3976
    4.3865
    4.3754
    4.3643
    4.3533
    4.3424
    4.3315
    4.3207
    4.3099
    4.2992
    4.2885
    4.2779
    4.2673
    4.2568
    4.2463
    4.2359
    4.2255
    4.2152
    4.2049
    4.1947
    4.1845
    4.1744
    4.1643
    4.1543
    4.1443
    4.1343
    4.1244
    4.1146
    4.1048
    4.0950
    4.0853
    4.0756
    4.0660
    4.0564
    4.0469
    4.0374
    4.0280
    4.0185
    4.0092
    3.9999
    3.9906
    3.9813
    3.9721
    3.9630
    3.9539
    3.9448
    3.9358
    3.9268
    3.9178
    3.9089
    3.9000
    3.8912
    3.8824
    3.8736
    3.8649
    3.8562
    3.8476
    3.8390
    3.8304
    3.8218
    3.8133
    3.8049
    3.7965
    3.7881
    3.7797
    3.7714
    3.7631
    3.7549
    3.7467
    3.7385
    3.7303
    3.7222
    3.7141
    3.7061
    3.6981
    3.6901
    3.6822
    3.6743
    3.6664
    3.6586
    3.6507
    3.6430
    3.6352
    3.6275
    3.6198
    3.6122
    3.6046
    3.5970
    3.5894
    3.5819
    3.5744
    3.5669
    3.5595
    3.5521
    3.5447
    3.5373
    3.5300
    3.5227
    3.5155
    3.5082
    3.5010
    3.4939
    3.4867
    3.4796
    3.4725
    3.4654
    3.4584
    3.4514
    3.4444
    3.4375
    3.4305
    3.4236
    3.4168
    3.4099
    3.4031
    3.3963
    3.3895
    3.3828
    3.3761
    3.3694
    3.3627
    3.3561
    3.3495
    3.3429
    3.3363
    3.3298
    3.3233
    3.3168
    3.3103
    3.3039
    3.2975
    3.2911
    3.2847
    3.2784
    3.2720
    3.2657
    3.2595
    3.2532
    3.2470
    3.2408
    3.2346
    3.2284
    3.2223
    3.2162
    3.2101
    3.2040
    3.1980
    3.1919
    3.1859
    3.1799
    3.1740
    3.1680
    3.1621
    3.1562
    3.1503
    3.1445
    3.1387
    3.1328
    3.1270
    3.1213
    3.1155
    3.1098
    3.1041
    3.0984
    3.0927
    3.0871
    3.0814
    3.0758
    3.0702
    3.0646
    3.0591
    3.0536
    3.0480
    3.0425
    3.0371
    3.0316
    3.0262
    3.0207
    3.0153
    3.0100
    3.0046
    2.9993
    2.9939
    2.9886
    2.9833
    2.9780
    2.9728
    2.9675
    2.9623
    2.9571
    2.9519
    2.9468
    2.9416
    2.9365
    2.9314
    2.9263
    2.9212
    2.9161
    2.9111
    2.9060
    2.9010
    2.8960
    2.8910
    2.8861
    2.8811
    2.8762
    2.8713
    2.8664
    2.8615
    2.8566
    2.8518
    2.8469
    2.8421
    2.8373
    2.8325
    2.8277
    2.8230
    2.8182
    2.8135
    2.8088
    2.8041
    2.7994
    2.7947
    2.7901
    2.7854
    2.7808
    2.7762
    2.7716
    2.7670
    2.7625
    2.7579
    2.7534
    2.7489
    2.7443
    2.7399
    2.7354
    2.7309
    2.7265
    2.7220
    2.7176
    2.7132
    2.7088
    2.7044
    2.7000
    2.6957
    2.6913
    2.6870
    2.6827
    2.6784
    2.6741
    2.6698
    2.6656
    2.6613
    2.6571
    2.6528
    2.6486
    2.6444
    2.6402
    2.6361
    2.6319
    2.6278
    2.6236
    2.6195
    2.6154
    2.6113
    2.6072
    2.6031
    2.5991
    2.5950
    2.5910
    2.5869
    2.5829
    2.5789
    2.5749
    2.5710
    2.5670
    2.5630
    2.5591
    2.5552
    2.5512
    2.5473
    2.5434
    2.5396
    2.5357
    2.5318
    2.5280
    2.5241
    2.5203
    2.5165
    2.5127
    2.5089
    2.5051
    2.5013
    2.4975
    2.4938
    2.4901
    2.4863
    2.4826
    2.4789
    2.4752
    2.4715
    2.4678
    2.4642
    2.4605
    2.4569
    2.4532
    2.4496
    2.4460
    2.4424
    2.4388
    2.4352
    2.4316
    2.4280
    2.4245
    2.4209
    2.4174
    2.4139
    2.4104
    2.4069
    2.4034
    2.3999
    2.3964
    2.3929
    2.3895
    2.3860
    2.3826
    2.3792
    2.3757
    2.3723
    2.3689
    2.3655
    2.3621
    2.3588
    2.3554
    2.3521
    2.3487
    2.3454
    2.3420
    2.3387
    2.3354
    2.3321
    2.3288
    2.3255
    2.3223
    2.3190
    2.3157
    2.3125
    2.3093
    2.3060
    2.3028
    2.2996
    2.2964
    2.2932
    2.2900
    2.2868
    2.2836
    2.2805
    2.2773
    2.2742
    2.2710
    2.2679
    2.2648
    2.2617
    2.2586
    2.2555
    2.2524
    2.2493
    2.2462
    2.2432
    2.2401
    2.2371
    2.2340
    2.2310
    2.2280
    2.2250
    2.2219
    2.2189
    2.2159
    2.2130
    2.2100
    2.2070
    2.2041
    2.2011
    2.1981
    2.1952
    2.1923
    2.1893
    2.1864
    2.1835
    2.1806
    2.1777
    2.1748
    2.1720
    2.1691
    2.1662
    2.1634
    2.1605
    2.1577
    2.1548
    2.1520
    2.1492
    2.1463
    2.1435
    2.1407
    2.1379
    2.1352
    2.1324
    2.1296
    2.1268
    2.1241
    2.1213
    2.1186
    2.1158
    2.1131
    2.1104
    2.1076
    2.1049
    2.1022
    2.0995
    2.0968
    2.0941
    2.0915
    2.0888
    2.0861
    2.0835
    2.0808
    2.0782
    2.0755
    2.0729
    2.0703
    2.0676
    2.0650
    2.0624
    2.0598
    2.0572
    2.0546
    2.0520
    2.0495
    2.0469
    2.0443
    2.0418
    2.0392
    2.0367
    2.0341
    2.0316
    2.0291
    2.0265
    2.0240
    2.0215
    2.0190
    2.0165
    2.0140
    2.0115
    2.0090
    2.0066
    2.0041
    2.0016
    1.9992
    1.9967
    1.9943
    1.9918
    1.9894
    1.9870
    1.9845
    1.9821
    1.9797
    1.9773
    1.9749
    1.9725
    1.9701
    1.9677
    1.9653
    1.9630
    1.9606
    1.9582
    1.9559
    1.9535
    1.9512
    1.9488
    1.9465
    1.9442
    1.9418
    1.9395
    1.9372
    1.9349
    1.9326
    1.9303
    1.9280
    1.9257
    1.9234
    1.9211
    1.9189
    1.9166
    1.9143
    1.9121
    1.9098
    1.9076
    1.9053
    1.9031
    1.9009
    1.8986
    1.8964
    1.8942
    1.8920
    1.8898
    1.8876
    1.8854
    1.8832
    1.8810
    1.8788
    1.8766
    1.8745
    1.8723
    1.8701
    1.8680
    1.8658
    1.8637
    1.8615
    1.8594
    1.8572
    1.8551
    1.8530
    1.8509
    1.8488
    1.8466
    1.8445
    1.8424
    1.8403
    1.8382
    1.8361
    1.8341
    1.8320
    1.8299
    1.8278
    1.8258
    1.8237
    1.8216
    1.8196
    1.8175
    1.8155
    1.8135
    1.8114
    1.8094
    1.8074
    1.8053
    1.8033
    1.8013
    1.7993
    1.7973
    1.7953
    1.7933
    1.7913
    1.7893
    1.7873
    1.7853
    1.7834
    1.7814
    1.7794
    1.7775
    1.7755
    1.7736
    1.7716
    1.7697
    1.7677
    1.7658
    1.7638
    1.7619
    1.7600
    1.7581
    1.7561
    1.7542
    1.7523
    1.7504
    1.7485
    1.7466
    1.7447
    1.7428
    1.7409
    1.7390
    1.7372
    1.7353
    1.7334
    1.7316
    1.7297
    1.7278
    1.7260
    1.7241
    1.7223
    1.7204
    1.7186
    1.7168
    1.7149
    1.7131
    1.7113
    1.7094
    1.7076
    1.7058
    1.7040
    1.7022
    1.7004
    1.6986
    1.6968
    1.6950
    1.6932
    1.6914
    1.6896
    1.6879
    1.6861
    1.6843
    1.6825
    1.6808
    1.6790
    1.6773
    1.6755
    1.6738
    1.6720
    1.6703
    1.6685
    1.6668
    1.6651
    1.6633
    1.6616
    1.6599
    1.6582
    1.6565
    1.6547
    1.6530
    1.6513
    1.6496
    1.6479
    1.6462
    1.6445
    1.6428
    1.6412
    1.6395
    1.6378
    1.6361
    1.6345
    1.6328
    1.6311
    1.6295
    1.6278
    1.6261
    1.6245
    1.6228
    1.6212
    1.6196
    1.6179
    1.6163
    1.6146
    1.6130
    1.6114
    1.6098
    1.6081
    1.6065
    1.6049
    1.6033
    1.6017
    1.6001
    1.5985
    1.5969
    1.5953
    1.5937
    1.5921
    1.5905
    1.5889
    1.5873
    1.5858
    1.5842
    1.5826
    1.5811
    1.5795
    1.5779
    1.5764
    1.5748
    1.5733
    1.5717
    1.5702
    1.5686
    1.5671
    1.5655
    1.5640
    1.5625
    1.5609
    1.5594
    1.5579
    1.5563
    1.5548
    1.5533
    1.5518
    1.5503
    1.5488
    1.5473
    1.5458
    1.5443
    1.5428
    1.5413
    1.5398
    1.5383
    1.5368
    1.5353
    1.5339
    1.5324
    1.5309
    1.5294
    1.5280
    1.5265
    1.5250
    1.5236
    1.5221
    1.5207
    1.5192
    1.5177
    1.5163
    1.5149
    1.5134
    1.5120
    1.5105
    1.5091
    1.5077
    1.5062
    1.5048
    1.5034
    1.5020
    1.5005
    1.4991
    1.4977
    1.4963
    1.4949
    1.4935
    1.4921
    1.4907
    1.4893
    1.4879
    1.4865
    1.4851
    1.4837
    1.4823
    1.4809
    1.4796
    1.4782
    1.4768
    1.4754
    1.4741
    1.4727
    1.4713
    1.4700
    1.4686
    1.4672
    1.4659
    1.4645
    1.4632
    1.4618
    1.4605
    1.4591
    1.4578
    1.4564
    1.4551
    1.4538
    1.4524
    1.4511
    1.4498
    1.4485
    1.4471
    1.4458
    1.4445
    1.4432
    1.4419
    1.4405
    1.4392
    1.4379
    1.4366
    1.4353
    1.4340
    1.4327
    1.4314
    1.4301
    1.4288
    1.4275
    1.4263
    1.4250
    1.4237
    1.4224
    1.4211
    1.4199
    1.4186
    1.4173
    1.4160
    1.4148
    1.4135
    1.4122
    1.4110
    1.4097
    1.4085
    1.4072
    1.4060
    1.4047
    1.4035
    1.4022
    1.4010
    1.3997
    1.3985
    1.3973
    1.3960
    1.3948
    1.3936
    1.3923
    1.3911
    1.3899
    1.3886
    1.3874
    1.3862
    1.3850
    1.3838
    1.3826
    1.3814
    1.3801
    1.3789
    1.3777
    1.3765
    1.3753
    1.3741
    1.3729
    1.3717
    1.3705
    1.3694
    1.3682
    1.3670
    1.3658
    1.3646
    1.3634
    1.3623
    1.3611
    1.3599
    1.3587
    1.3576
    1.3564
    1.3552
    1.3541
    1.3529
    1.3517
    1.3506
    1.3494
    1.3483
    1.3471
    1.3460
    1.3448
    1.3437
    1.3425
    1.3414
    1.3402
    1.3391
    1.3379
    1.3368
    1.3357
    1.3345
    1.3334
    1.3323
    1.3312
    1.3300
    1.3289
    1.3278
    1.3267
    1.3255
    1.3244
    1.3233
    1.3222
    1.3211
    1.3200
    1.3189
    1.3178
    1.3167
    1.3156
    1.3145
    1.3134
    1.3123
    1.3112
    1.3101
    1.3090
    1.3079
    1.3068
    1.3057
    1.3046
    1.3036
    1.3025
    1.3014
    1.3003
    1.2992
    1.2982
    1.2971
    1.2960
    1.2950
    1.2939
    1.2928
    1.2918
    1.2907
    1.2896
    1.2886
    1.2875
    1.2865
    1.2854
    1.2844
    1.2833
    1.2823
    1.2812
    1.2802
    1.2791
    1.2781
    1.2770
    1.2760
    1.2750
    1.2739
    1.2729
    1.2719
    1.2708
    1.2698
    1.2688
    1.2677
    1.2667
    1.2657
    1.2647
    1.2637
    1.2626
    1.2616
    1.2606
    1.2596
    1.2586
    1.2576
    1.2566
    1.2556
    1.2545
    1.2535
    1.2525
    1.2515
    1.2505
    1.2495
    1.2485
    1.2475
    1.2466
    1.2456
    1.2446
    1.2436
    1.2426
    1.2416
    1.2406
    1.2396
    1.2387
    1.2377
    1.2367
    1.2357
    1.2348
    1.2338
    1.2328
    1.2318
    1.2309
    1.2299
    1.2289
    1.2280
    1.2270
    1.2260
    1.2251
    1.2241
    1.2232
    1.2222
    1.2213
    1.2203
    1.2193
    1.2184
    1.2174
    1.2165
    1.2156
    1.2146
    1.2137
    1.2127
    1.2118
    1.2108
    1.2099
    1.2090
    1.2080
    1.2071
    1.2062
    1.2052
    1.2043
    1.2034
    1.2025
    1.2015
    1.2006
    1.1997
    1.1988
    1.1978
    1.1969
    1.1960
    1.1951
    1.1942
    1.1933
    1.1923
    1.1914
    1.1905
    1.1896
    1.1887
    1.1878
    1.1869
    1.1860
    1.1851
    1.1842
    1.1833
    1.1824
    1.1815
    1.1806
    1.1797
    1.1788
    1.1779
    1.1771
    1.1762
    1.1753
    1.1744
    1.1735
    1.1726
    1.1717
    1.1709
    1.1700
    1.1691
    1.1682
    1.1674
    1.1665
    1.1656
    1.1647
    1.1639
    1.1630
    1.1621
    1.1613
    1.1604
    1.1595
    1.1587
    1.1578
    1.1569
    1.1561
    1.1552
    1.1544
    1.1535
    1.1527
    1.1518
    1.1510
    1.1501
    1.1493
    1.1484
    1.1476
    1.1467
    1.1459
    1.1450
    1.1442
    1.1434
    1.1425
    1.1417
    1.1408
    1.1400
    1.1392
    1.1383
    1.1375
    1.1367
    1.1358
    1.1350
    1.1342
    1.1334
    1.1325
    1.1317
    1.1309
    1.1301
    1.1292
    1.1284
    1.1276
    1.1268
    1.1260
    1.1252
    1.1243
    1.1235
    1.1227
    1.1219
    1.1211
    1.1203
    1.1195
    1.1187
    1.1179
    1.1171
    1.1163
    1.1155
    1.1147
    1.1139
    1.1131
    1.1123
    1.1115
    1.1107
    1.1099
    1.1091
    1.1083
    1.1075
    1.1067
    1.1059
    1.1051
    1.1044
    1.1036
    1.1028
    1.1020
    1.1012
    1.1004
    1.0997
    1.0989
    1.0981
    1.0973
    1.0966
    1.0958
    1.0950
    1.0942
    1.0935
    1.0927
    1.0919
    1.0912
    1.0904
    1.0896
    1.0889
    1.0881
    1.0873
    1.0866
    1.0858
    1.0850
    1.0843
    1.0835
    1.0828
    1.0820
    1.0813
    1.0805
    1.0798
    1.0790
    1.0783
    1.0775
    1.0768
    1.0760
    1.0753
    1.0745
    1.0738
    1.0730
    1.0723
    1.0715
    1.0708
    1.0701
    1.0693
    1.0686
    1.0679
    1.0671
    1.0664
    1.0657
    1.0649
    1.0642
    1.0635
    1.0627
    1.0620
    1.0613
    1.0605
    1.0598
    1.0591
    1.0584
    1.0576
    1.0569
    1.0562
    1.0555
    1.0548
    1.0540
    1.0533
    1.0526
    1.0519
    1.0512
    1.0505
    1.0498
    1.0490
    1.0483
    1.0476
    1.0469
    1.0462
    1.0455
    1.0448
    1.0441
    1.0434
    1.0427
    1.0420
    1.0413
    1.0406
    1.0399
    1.0392
    1.0385
    1.0378
    1.0371
    1.0364
    1.0357
    1.0350
    1.0343
    1.0336
    1.0329
    1.0322
    1.0316
    1.0309
    1.0302
    1.0295
    1.0288
    1.0281
    1.0274
    1.0268
    1.0261
    1.0254
    1.0247
    1.0240
    1.0234
    1.0227
    1.0220
    1.0213
    1.0206
    1.0200
    1.0193
    1.0186
    1.0180
    1.0173
    1.0166
    1.0159
    1.0153
    1.0146
    1.0139
    1.0133
    1.0126
    1.0120
    1.0113
    1.0106
    1.0100
    1.0093
    1.0086
    1.0080
    1.0073
    1.0067
    1.0060
    1.0054
    1.0047
    1.0041
    1.0034
    1.0028
    1.0021
    1.0015
    1.0008
    1.0002
    0.9995
    0.9989
    0.9982
    0.9976
    0.9969
    0.9963
    0.9956
    0.9950
    0.9944
    0.9937
    0.9931
    0.9924
    0.9918
    0.9912
    0.9905
    0.9899
    0.9892
    0.9886
    0.9880
    0.9873
    0.9867
    0.9861
    0.9855
    0.9848
    0.9842
    0.9836
    0.9829
    0.9823
    0.9817
    0.9811
    0.9804
    0.9798
    0.9792
    0.9786
    0.9780
    0.9773
    0.9767
    0.9761
    0.9755
    0.9749
    0.9742
    0.9736
    0.9730
    0.9724
    0.9718
    0.9712
    0.9706
    0.9699
    0.9693
    0.9687
    0.9681
    0.9675
    0.9669
    0.9663
    0.9657
    0.9651
    0.9645
    0.9639
    0.9633
    0.9627
    0.9621
    0.9615
    0.9609
    0.9603
    0.9597
    0.9591
    0.9585
    0.9579
    0.9573
    0.9567
    0.9561
    0.9555
    0.9549
    0.9543
    0.9537
    0.9531
    0.9525
    0.9520
    0.9514
    0.9508
    0.9502
    0.9496
    0.9490
    0.9484
    0.9478
    0.9473
    0.9467
    0.9461
    0.9455
    0.9449
    0.9444
    0.9438
    0.9432
    0.9426
    0.9420
    0.9415
    0.9409
    0.9403
    0.9397
    0.9392
    0.9386
    0.9380
    0.9374
    0.9369
    0.9363
    0.9357
    0.9352
    0.9346
    0.9340
    0.9335
    0.9329
    0.9323
    0.9318
    0.9312
    0.9306
    0.9301
    0.9295
    0.9289
    0.9284
    0.9278
    0.9273
    0.9267
    0.9261
    0.9256
    0.9250
    0.9245
    0.9239
    0.9234
    0.9228
    0.9223
    0.9217
    0.9211
    0.9206
    0.9200
    0.9195
    0.9189
    0.9184
    0.9178
    0.9173
    0.9167
    0.9162
    0.9157
    0.9151
    0.9146
    0.9140
    0.9135
    0.9129
    0.9124
    0.9118
    0.9113
    0.9108
    0.9102
    0.9097
    0.9091
    0.9086
    0.9081
    0.9075
    0.9070
    0.9065
    0.9059
    0.9054
    0.9049
    0.9043
    0.9038
    0.9033
    0.9027
    0.9022
    0.9017
    0.9011
    0.9006
    0.9001
    0.8996
    0.8990
    0.8985
    0.8980
    0.8974
    0.8969
    0.8964
    0.8959
    0.8954
    0.8948
    0.8943
    0.8938
    0.8933
    0.8927
    0.8922
    0.8917
    0.8912
    0.8907
    0.8902
    0.8896
    0.8891
    0.8886
    0.8881
    0.8876
    0.8871
    0.8866
    0.8860
    0.8855
    0.8850
    0.8845
    0.8840
    0.8835
    0.8830
    0.8825
    0.8820
    0.8815
    0.8809
    0.8804
    0.8799
    0.8794
    0.8789
    0.8784
    0.8779
    0.8774
    0.8769
    0.8764
    0.8759
    0.8754
    0.8749
    0.8744
    0.8739
    0.8734
    0.8729
    0.8724
    0.8719
    0.8714
    0.8709
    0.8704
    0.8699
    0.8694
    0.8690
    0.8685
    0.8680
    0.8675
    0.8670
    0.8665
    0.8660
    0.8655
    0.8650
    0.8645
    0.8640
    0.8636
    0.8631
    0.8626
    0.8621
    0.8616
    0.8611
    0.8606
    0.8602
    0.8597
    0.8592
    0.8587
    0.8582
    0.8578
    0.8573
    0.8568
    0.8563
    0.8558
    0.8554
    0.8549
    0.8544
    0.8539
    0.8534
    0.8530
    0.8525
    0.8520
    0.8515
    0.8511
    0.8506
    0.8501
    0.8497
    0.8492
    0.8487
    0.8482
    0.8478
    0.8473
    0.8468
    0.8464
    0.8459
    0.8454
    0.8450
    0.8445
    0.8440
    0.8436
    0.8431
    0.8426
    0.8422
    0.8417
    0.8412
    0.8408
    0.8403
    0.8399
    0.8394
    0.8389
    0.8385
    0.8380
    0.8376
    0.8371
    0.8366
    0.8362
    0.8357
    0.8353
    0.8348
    0.8344
    0.8339
    0.8334
    0.8330
    0.8325
    0.8321
    0.8316
    0.8312
    0.8307
    0.8303
    0.8298
    0.8294
    0.8289
    0.8285
    0.8280
    0.8276
    0.8271
    0.8267
    0.8262
    0.8258
    0.8253
    0.8249
    0.8244
    0.8240
    0.8236
    0.8231
    0.8227
    0.8222
    0.8218
    0.8213
    0.8209
    0.8205
    0.8200
    0.8196
    0.8191
    0.8187
    0.8183
    0.8178
    0.8174
    0.8169
    0.8165
    0.8161
    0.8156
    0.8152
    0.8148
    0.8143
    0.8139
    0.8135
    0.8130
    0.8126
    0.8122
    0.8117
    0.8113
    0.8109
    0.8104
    0.8100
    0.8096
    0.8092
    0.8087
    0.8083
    0.8079
    0.8074
    0.8070
    0.8066
    0.8062
    0.8057
    0.8053
    0.8049
    0.8045
    0.8040
    0.8036
    0.8032
    0.8028
    0.8023
    0.8019
    0.8015
    0.8011
    0.8007
    0.8002
    0.7998
    0.7994
    0.7990
    0.7986
    0.7981
    0.7977
    0.7973
    0.7969
    0.7965
    0.7961
    0.7956
    0.7952
    0.7948
    0.7944
    0.7940
    0.7936
    0.7932
    0.7928
    0.7923
    0.7919
    0.7915
    0.7911
    0.7907
    0.7903
    0.7899
    0.7895
    0.7891
    0.7886
    0.7882
    0.7878
    0.7874
    0.7870
    0.7866
    0.7862
    0.7858
    0.7854
    0.7850
    0.7846
    0.7842
    0.7838
    0.7834
    0.7830
    0.7826
    0.7822
    0.7818
    0.7814
    0.7810
    0.7806
    0.7802
    0.7798
    0.7794
    0.7790
    0.7786
    0.7782
    0.7778
    0.7774
    0.7770
    0.7766
    0.7762
    0.7758
    0.7754
    0.7750
    0.7746
    0.7742
    0.7738
    0.7734
    0.7730
    0.7727
    0.7723
    0.7719
    0.7715
    0.7711
    0.7707
    0.7703
    0.7699
    0.7695
    0.7691
    0.7687
    0.7684
    0.7680
    0.7676
    0.7672
    0.7668
    0.7664
    0.7660
    0.7657
    0.7653
    0.7649
    0.7645
    0.7641
    0.7637
    0.7634
    0.7630
    0.7626
    0.7622
    0.7618
    0.7614
    0.7611
    0.7607
    0.7603
    0.7599
    0.7595
    0.7592
    0.7588
    0.7584
    0.7580
    0.7577
    0.7573
    0.7569
    0.7565
    0.7561
    0.7558
    0.7554
    0.7550
    0.7546
    0.7543
    0.7539
    0.7535
    0.7532
    0.7528
    0.7524
    0.7520
    0.7517
    0.7513
    0.7509
    0.7506
    0.7502
    0.7498
    0.7494
    0.7491
    0.7487
    0.7483
    0.7480
    0.7476
    0.7472
    0.7469
    0.7465
    0.7461
    0.7458
    0.7454
    0.7450
    0.7447
    0.7443
    0.7439
    0.7436
    0.7432
    0.7429
    0.7425
    0.7421
    0.7418
    0.7414
    0.7410
    0.7407
    0.7403
    0.7400
    0.7396
    0.7392
    0.7389
    0.7385
    0.7382
    0.7378
    0.7374
    0.7371
    0.7367
    0.7364
    0.7360
    0.7357
    0.7353
    0.7349
    0.7346
    0.7342
    0.7339
    0.7335
    0.7332
    0.7328
    0.7325
    0.7321
    0.7318
    0.7314
    0.7311
    0.7307
    0.7304
    0.7300
    0.7297
    0.7293
    0.7290
    0.7286
    0.7283
    0.7279
    0.7276
    0.7272
    0.7269
    0.7265
    0.7262
    0.7258
    0.7255
    0.7251
    0.7248
    0.7244
    0.7241
    0.7237
    0.7234
    0.7231
    0.7227
    0.7224
    0.7220
    0.7217
    0.7213
    0.7210
    0.7207
    0.7203
    0.7200
    0.7196
    0.7193
    0.7189
    0.7186
    0.7183
    0.7179
    0.7176
    0.7172
    0.7169
    0.7166
    0.7162
    0.7159
    0.7156
    0.7152
    0.7149
    0.7145
    0.7142
    0.7139
    0.7135
    0.7132
    0.7129
    0.7125
    0.7122
    0.7119
    0.7115
    0.7112
    0.7109
    0.7105
    0.7102
    0.7099
    0.7095
    0.7092
    0.7089
    0.7085
    0.7082
    0.7079
    0.7076
    0.7072
    0.7069
    0.7066
    0.7062
    0.7059
    0.7056
    0.7053
    0.7049
    0.7046
    0.7043
    0.7039
    0.7036
    0.7033
    0.7030
    0.7026
    0.7023
    0.7020
    0.7017
    0.7013
    0.7010
    0.7007
    0.7004
    0.7000
    0.6997
    0.6994
    0.6991
    0.6988
    0.6984
    0.6981
    0.6978
    0.6975
    0.6971
    0.6968
    0.6965
    0.6962
    0.6959
    0.6955
    0.6952
    0.6949
    0.6946
    0.6943
    0.6940
    0.6936
    0.6933
    0.6930
    0.6927
    0.6924
    0.6921
    0.6917
    0.6914
    0.6911
    0.6908
    0.6905
    0.6902
    0.6899
    0.6895
    0.6892
    0.6889
    0.6886
    0.6883
    0.6880
    0.6877
    0.6873
    0.6870
    0.6867
    0.6864
    0.6861
    0.6858
    0.6855
    0.6852
    0.6849
    0.6846
    0.6842
    0.6839
    0.6836
    0.6833
    0.6830
    0.6827
    0.6824
    0.6821
    0.6818
    0.6815
    0.6812
    0.6809
    0.6806
    0.6803
    0.6799
    0.6796
    0.6793
    0.6790
    0.6787
    0.6784
    0.6781
    0.6778
    0.6775
    0.6772
    0.6769
    0.6766
    0.6763
    0.6760
    0.6757
    0.6754
    0.6751
    0.6748
    0.6745
    0.6742
    0.6739
    0.6736
    0.6733
    0.6730
    0.6727
    0.6724
    0.6721
    0.6718
    0.6715
    0.6712
    0.6709
    0.6706
    0.6703
    0.6700
    0.6697
    0.6694
    0.6691
    0.6688
    0.6685
    0.6682
    0.6680
    0.6677
    0.6674
    0.6671
    0.6668
    0.6665
    0.6662
    0.6659
    0.6656
    0.6653
    0.6650
    0.6647
    0.6644
    0.6641
    0.6639
    0.6636
    0.6633
    0.6630
    0.6627
    0.6624
    0.6621
    0.6618
    0.6615
    0.6612
    0.6610
    0.6607
    0.6604
    0.6601
    0.6598
    0.6595
    0.6592
    0.6589
    0.6587
    0.6584
    0.6581
    0.6578
    0.6575
    0.6572
    0.6569
    0.6567
    0.6564
    0.6561
    0.6558
    0.6555
    0.6552
    0.6549
    0.6547
    0.6544
    0.6541
    0.6538
    0.6535
    0.6533
    0.6530
    0.6527
    0.6524
    0.6521
    0.6518
    0.6516
    0.6513
    0.6510
    0.6507
    0.6504
    0.6502
    0.6499
    0.6496
    0.6493
    0.6490
    0.6488
    0.6485
    0.6482
    0.6479
    0.6477
    0.6474
    0.6471
    0.6468
    0.6466
    0.6463
    0.6460
    0.6457
    0.6454
    0.6452
    0.6449
    0.6446
    0.6443
    0.6441
    0.6438
    0.6435
    0.6433
    0.6430
    0.6427
    0.6424
    0.6422
    0.6419
    0.6416
    0.6413
    0.6411
    0.6408
    0.6405
    0.6403
    0.6400
    0.6397
    0.6394
    0.6392
    0.6389
    0.6386
    0.6384
    0.6381
    0.6378
    0.6376
    0.6373
    0.6370
    0.6367
    0.6365
    0.6362
    0.6359
    0.6357
    0.6354
    0.6351
    0.6349
    0.6346
    0.6343
    0.6341
    0.6338
    0.6335
    0.6333
    0.6330
    0.6328
    0.6325
    0.6322
    0.6320
    0.6317
    0.6314
    0.6312
    0.6309
    0.6306
    0.6304
    0.6301
    0.6298
    0.6296
    0.6293
    0.6291
    0.6288
    0.6285
    0.6283
    0.6280
    0.6278
    0.6275
    0.6272
    0.6270
    0.6267
    0.6265
    0.6262
    0.6259
    0.6257
    0.6254
    0.6252
    0.6249
    0.6246
    0.6244
    0.6241
    0.6239
    0.6236
    0.6234
    0.6231
    0.6228
    0.6226
    0.6223
    0.6221
    0.6218
    0.6216
    0.6213
    0.6210
    0.6208
    0.6205
    0.6203
    0.6200
    0.6198
    0.6195
    0.6193
    0.6190
    0.6188
    0.6185
    0.6183
    0.6180
    0.6177
    0.6175
    0.6172
    0.6170
    0.6167
    0.6165
    0.6162
    0.6160
    0.6157
    0.6155
    0.6152
    0.6150
    0.6147
    0.6145
    0.6142
    0.6140
    0.6137
    0.6135
    0.6132
    0.6130
    0.6127
    0.6125
    0.6122
    0.6120
    0.6117
    0.6115
    0.6112
    0.6110
    0.6107
    0.6105
    0.6103
    0.6100
    0.6098
    0.6095
    0.6093
    0.6090
    0.6088
    0.6085
    0.6083
    0.6080
    0.6078
    0.6076
    0.6073
    0.6071
    0.6068
    0.6066
    0.6063
    0.6061
    0.6058
    0.6056
    0.6054
    0.6051
    0.6049
    0.6046
    0.6044
    0.6041
    0.6039
    0.6037
    0.6034
    0.6032
    0.6029
    0.6027
    0.6025
    0.6022
    0.6020
    0.6017
    0.6015
    0.6013
    0.6010
    0.6008
    0.6005
    0.6003
    0.6001
    0.5998
    0.5996
    0.5993
    0.5991
    0.5989
    0.5986
    0.5984
    0.5982
    0.5979
    0.5977
    0.5975
    0.5972
    0.5970
    0.5967
    0.5965
    0.5963
    0.5960
    0.5958
    0.5956
    0.5953
    0.5951
    0.5949
    0.5946
    0.5944
    0.5942
    0.5939
    0.5937
    0.5935
    0.5932
    0.5930
    0.5928
    0.5925
    0.5923
    0.5921
    0.5918
    0.5916
    0.5914
    0.5911
    0.5909
    0.5907
    0.5904
    0.5902
    0.5900
    0.5897
    0.5895
    0.5893
    0.5891
    0.5888
    0.5886
    0.5884
    0.5881
    0.5879
    0.5877
    0.5874
    0.5872
    0.5870
    0.5868
    0.5865
    0.5863
    0.5861
    0.5858
    0.5856
    0.5854
    0.5852
    0.5849
    0.5847
    0.5845
    0.5843
    0.5840
    0.5838
    0.5836
    0.5834
    0.5831
    0.5829
    0.5827
    0.5825
    0.5822
    0.5820
    0.5818
    0.5816
    0.5813
    0.5811
    0.5809
    0.5807
    0.5804
    0.5802
    0.5800
    0.5798
    0.5795
    0.5793
    0.5791
    0.5789
    0.5787
    0.5784
    0.5782
    0.5780
    0.5778
    0.5775
    0.5773
    0.5771
    0.5769
    0.5767
    0.5764
    0.5762
    0.5760
    0.5758
    0.5756
    0.5753
    0.5751
    0.5749
    0.5747
    0.5745
    0.5742
    0.5740
    0.5738
    0.5736
    0.5734
    0.5731
    0.5729
    0.5727
    0.5725
    0.5723
    0.5721
    0.5718
    0.5716
    0.5714
    0.5712
    0.5710
    0.5708
    0.5705
    0.5703
    0.5701
    0.5699
    0.5697
    0.5695
    0.5693
    0.5690
    0.5688
    0.5686
    0.5684
    0.5682
    0.5680
    0.5677
    0.5675
    0.5673
    0.5671
    0.5669
    0.5667
    0.5665
    0.5663
    0.5660
    0.5658
    0.5656
    0.5654
    0.5652
    0.5650
    0.5648
    0.5646
    0.5643
    0.5641
    0.5639
    0.5637
    0.5635
    0.5633
    0.5631
    0.5629
    0.5627
    0.5624
    0.5622
    0.5620
    0.5618
    0.5616
    0.5614
    0.5612
    0.5610
    0.5608
    0.5606
    0.5604
    0.5601
    0.5599
    0.5597
    0.5595
    0.5593
    0.5591
    0.5589
    0.5587
    0.5585
    0.5583
    0.5581
    0.5579
    0.5577
    0.5575
    0.5572
    0.5570
    0.5568
    0.5566
    0.5564
    0.5562
    0.5560
    0.5558
    0.5556
    0.5554
    0.5552
    0.5550
    0.5548
    0.5546
    0.5544
    0.5542
    0.5540
    0.5538
    0.5536
    0.5534
    0.5532
    0.5529
    0.5527
    0.5525
    0.5523
    0.5521
    0.5519
    0.5517
    0.5515
    0.5513
    0.5511
    0.5509
    0.5507
    0.5505
    0.5503
    0.5501
    0.5499
    0.5497
    0.5495
    0.5493
    0.5491
    0.5489
    0.5487
    0.5485
    0.5483
    0.5481
    0.5479
    0.5477
    0.5475
    0.5473
    0.5471
    0.5469
    0.5467
    0.5465
    0.5463
    0.5461
    0.5459
    0.5457
    0.5455
    0.5453
    0.5451
    0.5449
    0.5447
    0.5445
    0.5443
    0.5442
    0.5440
    0.5438
    0.5436
    0.5434
    0.5432
    0.5430
    0.5428
    0.5426
    0.5424
    0.5422
    0.5420
    0.5418
    0.5416
    0.5414
    0.5412
    0.5410
    0.5408
    0.5406
    0.5404
    0.5402
    0.5401
    0.5399
    0.5397
    0.5395
    0.5393
    0.5391
    0.5389
    0.5387
    0.5385
    0.5383
    0.5381
    0.5379
    0.5377
    0.5375
    0.5373
    0.5372
    0.5370
    0.5368
    0.5366
    0.5364
    0.5362
    0.5360
    0.5358
    0.5356
    0.5354
    0.5352
    0.5351
    0.5349
    0.5347
    0.5345
    0.5343
    0.5341
    0.5339
    0.5337
    0.5335
    0.5333
    0.5332
    0.5330
    0.5328
    0.5326
    0.5324
    0.5322
    0.5320
    0.5318
    0.5317
    0.5315
    0.5313
    0.5311
    0.5309
    0.5307
    0.5305
    0.5303
    0.5302
    0.5300
    0.5298
    0.5296
    0.5294
    0.5292
    0.5290
    0.5288
    0.5287
    0.5285
    0.5283
    0.5281
    0.5279
    0.5277
    0.5275
    0.5274
    0.5272
    0.5270
    0.5268
    0.5266
    0.5264
    0.5263
    0.5261
    0.5259
