       nan
       nan
       nan
   37.1181
   48.2820
   53.0640
   54.3128
   53.9549
   52.9641
   51.7788
   50.5810
   49.4380
   48.3682
   47.3704
   46.4369
   45.5582
   44.7256
   43.9316
   43.1700
   42.4361
   41.7260
   41.0369
   40.3665
   39.7133
   39.0760
   38.4536
   37.8453
   37.2507
   36.6693
   36.1007
   35.5446
   35.0008
   34.4691
   33.9491
   33.4407
   32.9437
   32.4578
   31.9829
   31.5187
   31.0650
   30.6216
   30.1882
   29.7647
   29.3507
   28.9461
   28.5507
   28.1642
   27.7864
   27.4170
   27.0559
   26.7028
   26.3576
   26.0200
   25.6898
   25.3668
   25.0508
   24.7417
   24.4391
   24.1431
   23.8533
   23.5697
   23.2920
   23.0200
   22.7537
   22.4929
   22.2373
   21.9870
   21.7416
   21.5012
   21.2655
   21.0345
   20.8080
   20.5859
   20.3680
   20.1543
   19.9447
   19.7390
   19.5372
   19.3391
   19.1447
   18.9538
   18.7663
   18.5823
   18.4015
   18.2240
   18.0496
   17.8782
   17.7098
   17.5443
   17.3817
   17.2218
   17.0646
   16.9101
   16.7581
   16.6086
   16.4616
   16.3170
   16.1747
   16.0347
   15.8970
   15.7614
   15.6280
   15.4966
   15.3673
   15.2400
   15.1147
   14.9912
   14.8696
   14.7499
   14.6319
   14.5157
   14.4012
   14.2884
   14.1772
   14.0676
   13.9597
   13.8532
   13.7483
   13.6448
   13.5428
   13.4422
   13.3430
   13.2452
   13.1487
   13.0535
   12.9597
   12.8670
   12.7756
   12.6855
   12.5965
   12.5087
   12.4220
   12.3365
   12.2520
   12.1687
   12.0864
   12.0052
   11.9250
   11.8457
   11.7675
   11.6903
   11.6140
   11.5386
   11.4642
   11.3907
   11.3180
   11.2463
   11.1754
   11.1053
   11.0361
   10.9676
   10.9000
   10.8332
   10.7671
   10.7018
   10.6373
   10.5735
   10.5104
   10.4480
   10.3864
   10.3254
   10.2651
   10.2055
   10.1465
   10.0882
   10.0305
    9.9734
    9.9170
    9.8612
    9.8059
    9.7513
    9.6972
    9.6437
    9.5908
    9.5384
    9.4866
    9.4353
    9.3845
    9.3343
    9.2845
    9.2353
    9.1866
    9.1384
    9.0906
    9.0433
    8.9965
    8.9502
    8.9043
    8.8589
    8.8139
    8.7694
    8.7252
    8.6816
    8.6383
    8.5954
    8.5530
    8.5110
    8.4693
    8.4281
    8.3872
    8.3467
    8.3066
    8.2669
    8.2275
    8.1885
    8.1498
    8.1115
    8.0736
    8.0360
    7.9987
    7.9617
    7.9251
    7.8889
    7.8529
    7.8172
    7.7819
    7.7469
    7.7122
    7.6777
    7.6436
    7.6098
    7.5763
    7.5430
    7.5100
    7.4773
    7.4449
    7.4128
    7.3809
    7.3493
    7.3180
    7.2869
    7.2561
    7.2255
    7.1952
    7.1651
    7.1353
    7.1057
    7.0763
    7.0472
    7.0183
    6.9897
    6.9612
    6.9330
    6.9051
    6.8773
    6.8498
    6.8224
    6.7953
    6.7684
    6.7417
    6.7152
    6.6889
    6.6629
    6.6370
    6.6113
    6.5858
    6.5605
    6.5354
    6.5104
    6.4857
    6.4611
    6.4368
    6.4126
    6.3885
    6.3647
    6.3410
    6.3175
    6.2942
    6.2710
    6.2481
    6.2252
    6.2026
    6.1801
    6.1577
    6.1355
    6.1135
    6.0916
    6.0699
    6.0483
    6.0269
    6.0057
    5.9845
    5.9636
    5.9427
    5.9220
    5.9015
    5.8811
    5.8608
    5.8407
    5.8207
    5.8008
    5.7811
    5.7615
    5.7420
    5.7227
    5.7034
    5.6844
    5.6654
    5.6466
    5.6278
    5.6093
    5.5908
    5.5724
    5.5542
    5.5361
    5.5181
    5.5002
    5.4824
    5.4648
    5.4472
    5.4298
    5.4125
    5.3952
    5.3781
    5.3611
    5.3442
    5.3274
    5.3107
    5.2941
    5.2777
    5.2613
    5.2450
    5.2288
    5.2127
    5.1967
    5.1808
    5.1650
    5.1493
    5.1337
    5.1182
    5.1028
    5.0874
    5.0722
    5.0570
    5.0420
    5.0270
    5.0121
    4.9973
    4.9826
    4.9680
    4.9534
    4.9389
    4.9246
    4.9103
    4.8960
    4.8819
    4.8679
    4.8539
    4.8400
    4.8262
    4.8124
    4.7988
    4.7852
    4.7717
    4.7582
    4.7448
    4.7316
    4.7183
    4.7052
    4.6921
    4.6791
    4.6662
    4.6533
    4.6405
    4.6278
    4.6152
    4.6026
    4.5901
    4.5776
    4.5652
    4.5529
    4.5407
    4.5285
    4.5163
    4.5043
    4.4923
    4.4804
    4.4685
    4.4567
    4.4449
    4.4332
    4.4216
    4.4100
    4.3985
    4.3871
    4.3757
    4.3644
    4.3531
    4.3419
    4.3307
    4.3196
    4.3085
    4.2975
    4.2866
    4.2757
    4.2649
    4.2541
    4.2434
    4.2327
    4.2221
    4.2115
    4.2010
    4.1906
    4.1802
    4.1698
    4.1595
    4.1492
    4.1390
    4.1289
    4.1187
    4.1087
    4.0987
    4.0887
    4.0788
    4.0689
    4.0591
    4.0493
    4.0396
    4.0299
    4.0202
    4.0106
    4.0011
    3.9916
    3.9821
    3.9727
    3.9633
    3.9540
    3.9447
    3.9354
    3.9262
    3.9171
    3.9080
    3.8989
    3.8898
    3.8808
    3.8719
    3.8630
    3.8541
    3.8453
    3.8365
    3.8277
    3.8190
    3.8103
    3.8017
    3.7931
    3.7845
    3.7760
    3.7675
    3.7590
    3.7506
    3.7423
    3.7339
    3.7256
    3.7173
    3.7091
    3.7009
    3.6928
    3.6846
    3.6765
    3.6685
    3.6605
    3.6525
    3.6445
    3.6366
    3.6287
    3.6209
    3.6130
    3.6052
    3.5975
    3.5898
    3.5821
    3.5744
    3.5668
    3.5592
    3.5516
    3.5441
    3.5366
    3.5291
    3.5217
    3.5143
    3.5069
    3.4996
    3.4923
    3.4850
    3.4777
    3.4705
    3.4633
    3.4561
    3.4490
    3.4419
    3.4348
    3.4277
    3.4207
    3.4137
    3.4067
    3.3998
    3.3929
    3.3860
    3.3791
    3.3723
    3.3655
    3.3587
    3.3520
    3.3452
    3.3385
    3.3319
    3.3252
    3.3186
    3.3120
    3.3054
    3.2989
    3.2923
    3.2858
    3.2794
    3.2729
    3.2665
    3.2601
    3.2537
    3.2474
    3.2411
    3.2348
    3.2285
    3.2222
    3.2160
    3.2098
    3.2036
    3.1975
    3.1913
    3.1852
    3.1791
    3.1730
    3.1670
    3.1610
    3.1550
    3.1490
    3.1430
    3.1371
    3.1312
    3.1253
    3.1194
    3.1136
    3.1077
    3.1019
    3.0962
    3.0904
    3.0846
    3.0789
    3.0732
    3.0675
    3.0619
    3.0562
    3.0506
    3.0450
    3.0394
    3.0339
    3.0283
    3.0228
    3.0173
    3.0118
    3.0064
    3.0009
    2.9955
    2.9901
    2.9847
    2.9793
    2.9740
    2.9686
    2.9633
    2.9580
    2.9528
    2.9475
    2.9423
    2.9370
    2.9318
    2.9266
    2.9215
    2.9163
    2.9112
    2.9061
    2.9010
    2.8959
    2.8908
    2.8858
    2.8808
    2.8757
    2.8707
    2.8658
    2.8608
    2.8559
    2.8509
    2.8460
    2.8411
    2.8362
    2.8314
    2.8265
    2.8217
    2.8169
    2.8121
    2.8073
    2.8025
    2.7978
    2.7930
    2.7883
    2.7836
    2.7789
    2.7742
    2.7696
    2.7649
    2.7603
    2.7557
    2.7511
    2.7465
    2.7419
    2.7374
    2.7328
    2.7283
    2.7238
    2.7193
    2.7148
    2.7103
    2.7059
    2.7014
    2.6970
    2.6926
    2.6882
    2.6838
    2.6795
    2.6751
    2.6707
    2.6664
    2.6621
    2.6578
    2.6535
    2.6492
    2.6450
    2.6407
    2.6365
    2.6323
    2.6280
    2.6238
    2.6197
    2.6155
    2.6113
    2.6072
    2.6031
    2.5989
    2.5948
    2.5907
    2.5866
    2.5826
    2.5785
    2.5745
    2.5704
    2.5664
    2.5624
    2.5584
    2.5544
    2.5504
    2.5465
    2.5425
    2.5386
    2.5347
    2.5307
    2.5268
    2.5230
    2.5191
    2.5152
    2.5113
    2.5075
    2.5037
    2.4998
    2.4960
    2.4922
    2.4884
    2.4847
    2.4809
    2.4771
    2.4734
    2.4697
    2.4659
    2.4622
    2.4585
    2.4548
    2.4511
    2.4475
    2.4438
    2.4402
    2.4365
    2.4329
    2.4293
    2.4257
    2.4221
    2.4185
    2.4149
    2.4113
    2.4078
    2.4042
    2.4007
    2.3972
    2.3937
    2.3902
    2.3867
    2.3832
    2.3797
    2.3762
    2.3728
    2.3693
    2.3659
    2.3625
    2.3590
    2.3556
    2.3522
    2.3488
    2.3455
    2.3421
    2.3387
    2.3354
    2.3320
    2.3287
    2.3254
    2.3221
    2.3187
    2.3154
    2.3122
    2.3089
    2.3056
    2.3023
    2.2991
    2.2958
    2.2926
    2.2894
    2.2862
    2.2830
    2.2798
    2.2766
    2.2734
    2.2702
    2.2670
    2.2639
    2.2607
    2.2576
    2.2545
    2.2513
    2.2482
    2.2451
    2.2420
    2.2389
    2.2358
    2.2328
    2.2297
    2.2266
    2.2236
    2.2205
    2.2175
    2.2145
    2.2114
    2.2084
    2.2054
    2.2024
    2.1995
    2.1965
    2.1935
    2.1905
    2.1876
    2.1846
    2.1817
    2.1788
    2.1758
    2.1729
    2.1700
    2.1671
    2.1642
    2.1613
    2.1584
    2.1556
    2.1527
    2.1498
    2.1470
    2.1441
    2.1413
    2.1385
    2.1356
    2.1328
    2.1300
    2.1272
    2.1244
    2.1216
    2.1188
    2.1161
    2.1133
    2.1105
    2.1078
    2.1050
    2.1023
    2.0996
    2.0968
    2.0941
    2.0914
    2.0887
    2.0860
    2.0833
    2.0806
    2.0780
    2.0753
    2.0726
    2.0700
    2.0673
    2.0647
    2.0620
    2.0594
    2.0568
    2.0541
    2.0515
    2.0489
    2.0463
    2.0437
    2.0411
    2.0386
    2.0360
    2.0334
    2.0309
    2.0283
    2.0257
    2.0232
    2.0207
    2.0181
    2.0156
    2.0131
    2.0106
    2.0081
    2.0056
    2.0031
    2.0006
    1.9981
    1.9956
    1.9931
    1.9907
    1.9882
    1.9858
    1.9833
    1.9809
    1.9784
    1.9760
    1.9736
    1.9711
    1.9687
    1.9663
    1.9639
    1.9615
    1.9591
    1.9567
    1.9544
    1.9520
    1.9496
    1.9473
    1.9449
    1.9425
    1.9402
    1.9378
    1.9355
    1.9332
    1.9309
    1.9285
    1.9262
    1.9239
    1.9216
    1.9193
    1.9170
    1.9147
    1.9124
    1.9102
    1.9079
    1.9056
    1.9034
    1.9011
    1.8988
    1.8966
    1.8944
    1.8921
    1.8899
    1.8877
    1.8854
    1.8832
    1.8810
    1.8788
    1.8766
    1.8744
    1.8722
    1.8700
    1.8678
    1.8657
    1.8635
    1.8613
    1.8592
    1.8570
    1.8548
    1.8527
    1.8505
    1.8484
    1.8463
    1.8441
    1.8420
    1.8399
    1.8378
    1.8357
    1.8336
    1.8315
    1.8294
    1.8273
    1.8252
    1.8231
    1.8210
    1.8189
    1.8169
    1.8148
    1.8128
    1.8107
    1.8086
    1.8066
    1.8046
    1.8025
    1.8005
    1.7985
    1.7964
    1.7944
    1.7924
    1.7904
    1.7884
    1.7864
    1.7844
    1.7824
    1.7804
    1.7784
    1.7764
    1.7744
    1.7725
    1.7705
    1.7685
    1.7666
    1.7646
    1.7627
    1.7607
    1.7588
    1.7568
    1.7549
    1.7530
    1.7510
    1.7491
    1.7472
    1.7453
    1.7434
    1.7414
    1.7395
    1.7376
    1.7357
    1.7339
    1.7320
    1.7301
    1.7282
    1.7263
    1.7245
    1.7226
    1.7207
    1.7189
    1.7170
    1.7152
    1.7133
    1.7115
    1.7096
    1.7078
    1.7059
    1.7041
    1.7023
    1.7005
    1.6986
    1.6968
    1.6950
    1.6932
    1.6914
    1.6896
    1.6878
    1.6860
    1.6842
    1.6824
    1.6807
    1.6789
    1.6771
    1.6753
    1.6736
    1.6718
    1.6700
    1.6683
    1.6665
    1.6648
    1.6630
    1.6613
    1.6596
    1.6578
    1.6561
    1.6544
    1.6526
    1.6509
    1.6492
    1.6475
    1.6458
    1.6441
    1.6424
    1.6407
    1.6390
    1.6373
    1.6356
    1.6339
    1.6322
    1.6305
    1.6288
    1.6272
    1.6255
    1.6238
    1.6222
    1.6205
    1.6188
    1.6172
    1.6155
    1.6139
    1.6122
    1.6106
    1.6090
    1.6073
    1.6057
    1.6041
    1.6024
    1.6008
    1.5992
    1.5976
    1.5960
    1.5944
    1.5927
    1.5911
    1.5895
    1.5879
    1.5863
    1.5848
    1.5832
    1.5816
    1.5800
    1.5784
    1.5768
    1.5753
    1.5737
    1.5721
    1.5706
    1.5690
    1.5674
    1.5659
    1.5643
    1.5628
    1.5612
    1.5597
    1.5582
    1.5566
    1.5551
    1.5536
    1.5520
    1.5505
    1.5490
    1.5475
    1.5459
    1.5444
    1.5429
    1.5414
    1.5399
    1.5384
    1.5369
    1.5354
    1.5339
    1.5324
    1.5309
    1.5294
    1.5279
    1.5265
    1.5250
    1.5235
    1.5220
    1.5206
    1.5191
    1.5176
    1.5162
    1.5147
    1.5133
    1.5118
    1.5104
    1.5089
    1.5075
    1.5060
    1.5046
    1.5031
    1.5017
    1.5003
    1.4988
    1.4974
    1.4960
    1.4946
    1.4931
    1.4917
    1.4903
    1.4889
    1.4875
    1.4861
    1.4847
    1.4833
    1.4819
    1.4805
    1.4791
    1.4777
    1.4763
    1.4749
    1.4735
    1.4722
    1.4708
    1.4694
    1.4680
    1.4667
    1.4653
    1.4639
    1.4626
    1.4612
    1.4598
    1.4585
    1.4571
    1.4558
    1.4544
    1.4531
    1.4517
    1.4504
    1.4491
    1.4477
    1.4464
    1.4450
    1.4437
    1.4424
    1.4411
    1.4397
    1.4384
    1.4371
    1.4358
    1.4345
    1.4332
    1.4318
    1.4305
    1.4292
    1.4279
    1.4266
    1.4253
    1.4240
    1.4227
    1.4215
    1.4202
    1.4189
    1.4176
    1.4163
    1.4150
    1.4138
    1.4125
    1.4112
    1.4099
    1.4087
    1.4074
    1.4061
    1.4049
    1.4036
    1.4024
    1.4011
    1.3998
    1.3986
    1.3973
    1.3961
    1.3949
    1.3936
    1.3924
    1.3911
    1.3899
    1.3887
    1.3874
    1.3862
    1.3850
    1.3837
    1.3825
    1.3813
    1.3801
    1.3789
    1.3776
    1.3764
    1.3752
    1.3740
    1.3728
    1.3716
    1.3704
    1.3692
    1.3680
    1.3668
    1.3656
    1.3644
    1.3632
    1.3620
    1.3608
    1.3597
    1.3585
    1.3573
    1.3561
    1.3549
    1.3538
    1.3526
    1.3514
    1.3502
    1.3491
    1.3479
    1.3467
    1.3456
    1.3444
    1.3433
    1.3421
    1.3410
    1.3398
    1.3387
    1.3375
    1.3364
    1.3352
    1.3341
    1.3329
    1.3318
    1.3307
    1.3295
    1.3284
    1.3273
    1.3261
    1.3250
    1.3239
    1.3228
    1.3216
    1.3205
    1.3194
    1.3183
    1.3172
    1.3160
    1.3149
    1.3138
    1.3127
    1.3116
    1.3105
    1.3094
    1.3083
    1.3072
    1.3061
    1.3050
    1.3039
    1.3028
    1.3017
    1.3007
    1.2996
    1.2985
    1.2974
    1.2963
    1.2952
    1.2942
    1.2931
    1.2920
    1.2909
    1.2899
    1.2888
    1.2877
    1.2867
    1.2856
    1.2845
    1.2835
    1.2824
    1.2814
    1.2803
    1.2793
    1.2782
    1.2772
    1.2761
    1.2751
    1.2740
    1.2730
    1.2719
    1.2709
    1.2699
    1.2688
    1.2678
    1.2667
    1.2657
    1.2647
    1.2637
    1.2626
    1.2616
    1.2606
    1.2596
    1.2585
    1.2575
    1.2565
    1.2555
    1.2545
    1.2535
    1.2524
    1.2514
    1.2504
    1.2494
    1.2484
    1.2474
    1.2464
    1.2454
    1.2444
    1.2434
    1.2424
    1.2414
    1.2404
    1.2394
    1.2384
    1.2375
    1.2365
    1.2355
    1.2345
    1.2335
    1.2325
    1.2316
    1.2306
    1.2296
    1.2286
    1.2277
    1.2267
    1.2257
    1.2247
    1.2238
    1.2228
    1.2219
    1.2209
    1.2199
    1.2190
    1.2180
    1.2171
    1.2161
    1.2151
    1.2142
    1.2132
    1.2123
    1.2113
    1.2104
    1.2095
    1.2085
    1.2076
    1.2066
    1.2057
    1.2047
    1.2038
    1.2029
    1.2019
    1.2010
    1.2001
    1.1991
    1.1982
    1.1973
    1.1964
    1.1954
    1.1945
    1.1936
    1.1927
    1.1918
    1.1908
    1.1899
    1.1890
    1.1881
    1.1872
    1.1863
    1.1854
    1.1845
    1.1835
    1.1826
    1.1817
    1.1808
    1.1799
    1.1790
    1.1781
    1.1772
    1.1763
    1.1755
    1.1746
    1.1737
    1.1728
    1.1719
    1.1710
    1.1701
    1.1692
    1.1683
    1.1675
    1.1666
    1.1657
    1.1648
    1.1639
    1.1631
    1.1622
    1.1613
    1.1604
    1.1596
    1.1587
    1.1578
    1.1570
    1.1561
    1.1552
    1.1544
    1.1535
    1.1526
    1.1518
    1.1509
    1.1501
    1.1492
    1.1484
    1.1475
    1.1467
    1.1458
    1.1449
    1.1441
    1.1433
    1.1424
    1.1416
    1.1407
    1.1399
    1.1390
    1.1382
    1.1374
    1.1365
    1.1357
    1.1348
    1.1340
    1.1332
    1.1323
    1.1315
    1.1307
    1.1299
    1.1290
    1.1282
    1.1274
    1.1265
    1.1257
    1.1249
    1.1241
    1.1233
    1.1224
    1.1216
    1.1208
    1.1200
    1.1192
    1.1184
    1.1176
    1.1168
    1.1159
    1.1151
    1.1143
    1.1135
    1.1127
    1.1119
    1.1111
    1.1103
    1.1095
    1.1087
    1.1079
    1.1071
    1.1063
    1.1055
    1.1047
    1.1039
    1.1032
    1.1024
    1.1016
    1.1008
    1.1000
    1.0992
    1.0984
    1.0976
    1.0969
    1.0961
    1.0953
    1.0945
    1.0937
    1.0930
    1.0922
    1.0914
    1.0906
    1.0899
    1.0891
    1.0883
    1.0876
    1.0868
    1.0860
    1.0853
    1.0845
    1.0837
    1.0830
    1.0822
    1.0814
    1.0807
    1.0799
    1.0792
    1.0784
    1.0777
    1.0769
    1.0761
    1.0754
    1.0746
    1.0739
    1.0731
    1.0724
    1.0716
    1.0709
    1.0702
    1.0694
    1.0687
    1.0679
    1.0672
    1.0664
    1.0657
    1.0650
    1.0642
    1.0635
    1.0627
    1.0620
    1.0613
    1.0605
    1.0598
    1.0591
    1.0584
    1.0576
    1.0569
    1.0562
    1.0554
    1.0547
    1.0540
    1.0533
    1.0526
    1.0518
    1.0511
    1.0504
    1.0497
    1.0490
    1.0482
    1.0475
    1.0468
    1.0461
    1.0454
    1.0447
    1.0440
    1.0433
    1.0425
    1.0418
    1.0411
    1.0404
    1.0397
    1.0390
    1.0383
    1.0376
    1.0369
    1.0362
    1.0355
    1.0348
    1.0341
    1.0334
    1.0327
    1.0320
    1.0313
    1.0306
    1.0299
    1.0292
    1.0286
    1.0279
    1.0272
    1.0265
    1.0258
    1.0251
    1.0244
    1.0238
    1.0231
    1.0224
    1.0217
    1.0210
    1.0203
    1.0197
    1.0190
    1.0183
    1.0176
    1.0170
    1.0163
    1.0156
    1.0149
    1.0143
    1.0136
    1.0129
    1.0123
    1.0116
    1.0109
    1.0103
    1.0096
    1.0089
    1.0083
    1.0076
    1.0069
    1.0063
    1.0056
    1.0049
    1.0043
    1.0036
    1.0030
    1.0023
    1.0017
    1.0010
    1.0004
    0.9997
    0.9990
    0.9984
    0.9977
    0.9971
    0.9964
    0.9958
    0.9951
    0.9945
    0.9939
    0.9932
    0.9926
    0.9919
    0.9913
    0.9906
    0.9900
    0.9894
    0.9887
    0.9881
    0.9874
    0.9868
    0.9862
    0.9855
    0.9849
    0.9843
    0.9836
    0.9830
    0.9824
    0.9817
    0.9811
    0.9805
    0.9799
    0.9792
    0.9786
    0.9780
    0.9773
    0.9767
    0.9761
    0.9755
    0.9749
    0.9742
    0.9736
    0.9730
    0.9724
    0.9718
    0.9711
    0.9705
    0.9699
    0.9693
    0.9687
    0.9681
    0.9674
    0.9668
    0.9662
    0.9656
    0.9650
    0.9644
    0.9638
    0.9632
    0.9626
    0.9620
    0.9614
    0.9608
    0.9602
    0.9595
    0.9589
    0.9583
    0.9577
    0.9571
    0.9565
    0.9559
    0.9553
    0.9547
    0.9542
    0.9536
    0.9530
    0.9524
    0.9518
    0.9512
    0.9506
    0.9500
    0.9494
    0.9488
    0.9482
    0.9476
    0.9471
    0.9465
    0.9459
    0.9453
    0.9447
    0.9441
    0.9435
    0.9430
    0.9424
    0.9418
    0.9412
    0.9406
    0.9401
    0.9395
    0.9389
    0.9383
    0.9377
    0.9372
    0.9366
    0.9360
    0.9354
    0.9349
    0.9343
    0.9337
    0.9332
    0.9326
    0.9320
    0.9314
    0.9309
    0.9303
    0.9297
    0.9292
    0.9286
    0.9280
    0.9275
    0.9269
    0.9263
    0.9258
    0.9252
    0.9247
    0.9241
    0.9235
    0.9230
    0.9224
    0.9219
    0.9213
    0.9208
    0.9202
    0.9196
    0.9191
    0.9185
    0.9180
    0.9174
    0.9169
    0.9163
    0.9158
    0.9152
    0.9147
    0.9141
    0.9136
    0.9130
    0.9125
    0.9119
    0.9114
    0.9108
    0.9103
    0.9098
    0.9092
    0.9087
    0.9081
    0.9076
    0.9071
    0.9065
    0.9060
    0.9054
    0.9049
    0.9044
    0.9038
    0.9033
    0.9027
    0.9022
    0.9017
    0.9011
    0.9006
    0.9001
    0.8995
    0.8990
    0.8985
    0.8980
    0.8974
    0.8969
    0.8964
    0.8958
    0.8953
    0.8948
    0.8943
    0.8937
    0.8932
    0.8927
    0.8922
    0.8916
    0.8911
    0.8906
    0.8901
    0.8896
    0.8890
    0.8885
    0.8880
    0.8875
    0.8870
    0.8865
    0.8859
    0.8854
    0.8849
    0.8844
    0.8839
    0.8834
    0.8829
    0.8823
    0.8818
    0.8813
    0.8808
    0.8803
    0.8798
    0.8793
    0.8788
    0.8783
    0.8778
    0.8772
    0.8767
    0.8762
    0.8757
    0.8752
    0.8747
    0.8742
    0.8737
    0.8732
    0.8727
    0.8722
    0.8717
    0.8712
    0.8707
    0.8702
    0.8697
    0.8692
    0.8687
    0.8682
    0.8677
    0.8672
    0.8667
    0.8663
    0.8658
    0.8653
    0.8648
    0.8643
    0.8638
    0.8633
    0.8628
    0.8623
    0.8618
    0.8613
    0.8609
    0.8604
    0.8599
    0.8594
    0.8589
    0.8584
    0.8579
    0.8575
    0.8570
    0.8565
    0.8560
    0.8555
    0.8550
    0.8546
    0.8541
    0.8536
    0.8531
    0.8526
    0.8522
    0.8517
    0.8512
    0.8507
    0.8503
    0.8498
    0.8493
    0.8488
    0.8484
    0.8479
    0.8474
    0.8469
    0.8465
    0.8460
    0.8455
    0.8450
    0.8446
    0.8441
    0.8436
    0.8432
    0.8427
    0.8422
    0.8418
    0.8413
    0.8408
    0.8404
    0.8399
    0.8394
    0.8390
    0.8385
    0.8380
    0.8376
    0.8371
    0.8367
    0.8362
    0.8357
    0.8353
    0.8348
    0.8344
    0.8339
    0.8334
    0.8330
    0.8325
    0.8321
    0.8316
    0.8312
    0.8307
    0.8303
    0.8298
    0.8293
    0.8289
    0.8284
    0.8280
    0.8275
    0.8271
    0.8266
    0.8262
    0.8257
    0.8253
    0.8248
    0.8244
    0.8239
    0.8235
    0.8230
    0.8226
    0.8222
    0.8217
    0.8213
    0.8208
    0.8204
    0.8199
    0.8195
    0.8190
    0.8186
    0.8182
    0.8177
    0.8173
    0.8168
    0.8164
    0.8160
    0.8155
    0.8151
    0.8146
    0.8142
    0.8138
    0.8133
    0.8129
    0.8125
    0.8120
    0.8116
    0.8112
    0.8107
    0.8103
    0.8099
    0.8094
    0.8090
    0.8086
    0.8081
    0.8077
    0.8073
    0.8068
    0.8064
    0.8060
    0.8055
    0.8051
    0.8047
    0.8043
    0.8038
    0.8034
    0.8030
    0.8026
    0.8021
    0.8017
    0.8013
    0.8009
    0.8004
    0.8000
    0.7996
    0.7992
    0.7988
    0.7983
    0.7979
    0.7975
    0.7971
    0.7967
    0.7962
    0.7958
    0.7954
    0.7950
    0.7946
    0.7941
    0.7937
    0.7933
    0.7929
    0.7925
    0.7921
    0.7917
    0.7912
    0.7908
    0.7904
    0.7900
    0.7896
    0.7892
    0.7888
    0.7884
    0.7879
    0.7875
    0.7871
    0.7867
    0.7863
    0.7859
    0.7855
    0.7851
    0.7847
    0.7843
    0.7839
    0.7835
    0.7831
    0.7826
    0.7822
    0.7818
    0.7814
    0.7810
    0.7806
    0.7802
    0.7798
    0.7794
    0.7790
    0.7786
    0.7782
    0.7778
    0.7774
    0.7770
    0.7766
    0.7762
    0.7758
    0.7754
    0.7750
    0.7746
    0.7742
    0.7738
    0.7734
    0.7730
    0.7727
    0.7723
    0.7719
    0.7715
    0.7711
    0.7707
    0.7703
    0.7699
    0.7695
    0.7691
    0.7687
    0.7683
    0.7679
    0.7676
    0.7672
    0.7668
    0.7664
    0.7660
    0.7656
    0.7652
    0.7648
    0.7645
    0.7641
    0.7637
    0.7633
    0.7629
    0.7625
    0.7621
    0.7618
    0.7614
    0.7610
    0.7606
    0.7602
    0.7598
    0.7595
    0.7591
    0.7587
    0.7583
    0.7579
    0.7576
    0.7572
    0.7568
    0.7564
    0.7560
    0.7557
    0.7553
    0.7549
    0.7545
    0.7542
    0.7538
    0.7534
    0.7530
    0.7526
    0.7523
    0.7519
    0.7515
    0.7512
    0.7508
    0.7504
    0.7500
    0.7497
    0.7493
    0.7489
    0.7485
    0.7482
    0.7478
    0.7474
    0.7471
    0.7467
    0.7463
    0.7460
    0.7456
    0.7452
    0.7449
    0.7445
    0.7441
    0.7438
    0.7434
    0.7430
    0.7427
    0.7423
    0.7419
    0.7416
    0.7412
    0.7408
    0.7405
    0.7401
    0.7397
    0.7394
    0.7390
    0.7387
    0.7383
    0.7379
    0.7376
    0.7372
    0.7369
    0.7365
    0.7361
    0.7358
    0.7354
    0.7351
    0.7347
    0.7344
    0.7340
    0.7336
    0.7333
    0.7329
    0.7326
    0.7322
    0.7319
    0.7315
    0.7311
    0.7308
    0.7304
    0.7301
    0.7297
    0.7294
    0.7290
    0.7287
    0.7283
    0.7280
    0.7276
    0.7273
    0.7269
    0.7266
    0.7262
    0.7259
    0.7255
    0.7252
    0.7248
    0.7245
    0.7241
    0.7238
    0.7234
    0.7231
    0.7227
    0.7224
    0.7221
    0.7217
    0.7214
    0.7210
    0.7207
    0.7203
    0.7200
    0.7196
    0.7193
    0.7190
    0.7186
    0.7183
    0.7179
    0.7176
    0.7172
    0.7169
    0.7166
    0.7162
    0.7159
    0.7155
    0.7152
    0.7149
    0.7145
    0.7142
    0.7139
    0.7135
    0.7132
    0.7128
    0.7125
    0.7122
    0.7118
    0.7115
    0.7112
    0.7108
    0.7105
    0.7102
    0.7098
    0.7095
    0.7092
    0.7088
    0.7085
    0.7082
    0.7078
    0.7075
    0.7072
    0.7068
    0.7065
    0.7062
    0.7058
    0.7055
    0.7052
    0.7048
    0.7045
    0.7042
    0.7039
    0.7035
    0.7032
    0.7029
    0.7025
    0.7022
    0.7019
    0.7016
    0.7012
    0.7009
    0.7006
    0.7003
    0.6999
    0.6996
    0.6993
    0.6990
    0.6986
    0.6983
    0.6980
    0.6977
    0.6973
    0.6970
    0.6967
    0.6964
    0.6961
    0.6957
    0.6954
    0.6951
    0.6948
    0.6944
    0.6941
    0.6938
    0.6935
    0.6932
    0.6929
    0.6925
    0.6922
    0.6919
    0.6916
    0.6913
    0.6909
    0.6906
    0.6903
    0.6900
    0.6897
    0.6894
    0.6890
    0.6887
    0.6884
    0.6881
    0.6878
    0.6875
    0.6872
    0.6868
    0.6865
    0.6862
    0.6859
    0.6856
    0.6853
    0.6850
    0.6847
    0.6844
    0.6840
    0.6837
    0.6834
    0.6831
    0.6828
    0.6825
    0.6822
    0.6819
    0.6816
    0.6813
    0.6809
    0.6806
    0.6803
    0.6800
    0.6797
    0.6794
    0.6791
    0.6788
    0.6785
    0.6782
    0.6779
    0.6776
    0.6773
    0.6770
    0.6767
    0.6764
    0.6761
    0.6758
    0.6754
    0.6751
    0.6748
    0.6745
    0.6742
    0.6739
    0.6736
    0.6733
    0.6730
    0.6727
    0.6724
    0.6721
    0.6718
    0.6715
    0.6712
    0.6709
    0.6706
    0.6703
    0.6700
    0.6697
    0.6694
    0.6691
    0.6688
    0.6685
    0.6683
    0.6680
    0.6677
    0.6674
    0.6671
    0.6668
    0.6665
    0.6662
    0.6659
    0.6656
    0.6653
    0.6650
    0.6647
    0.6644
    0.6641
    0.6638
    0.6635
    0.6632
    0.6630
    0.6627
    0.6624
    0.6621
    0.6618
    0.6615
    0.6612
    0.6609
    0.6606
    0.6603
    0.6600
    0.6598
    0.6595
    0.6592
    0.6589
    0.6586
    0.6583
    0.6580
    0.6577
    0.6574
    0.6572
    0.6569
    0.6566
    0.6563
    0.6560
    0.6557
    0.6554
    0.6552
    0.6549
    0.6546
    0.6543
    0.6540
    0.6537
    0.6534
    0.6532
    0.6529
    0.6526
    0.6523
    0.6520
    0.6517
    0.6515
    0.6512
    0.6509
    0.6506
    0.6503
    0.6501
    0.6498
    0.6495
    0.6492
    0.6489
    0.6487
    0.6484
    0.6481
    0.6478
    0.6475
    0.6473
    0.6470
    0.6467
    0.6464
    0.6461
    0.6459
    0.6456
    0.6453
    0.6450
    0.6448
    0.6445
    0.6442
    0.6439
    0.6437
    0.6434
    0.6431
    0.6428
    0.6426
    0.6423
    0.6420
    0.6417
    0.6415
    0.6412
    0.6409
    0.6406
    0.6404
    0.6401
    0.6398
    0.6395
    0.6393
    0.6390
    0.6387
    0.6385
    0.6382
    0.6379
    0.6376
    0.6374
    0.6371
    0.6368
    0.6366
    0.6363
    0.6360
    0.6358
    0.6355
    0.6352
    0.6350
    0.6347
    0.6344
    0.6341
    0.6339
    0.6336
    0.6333
    0.6331
    0.6328
    0.6325
    0.6323
    0.6320
    0.6317
    0.6315
    0.6312
    0.6310
    0.6307
    0.6304
    0.6302
    0.6299
    0.6296
    0.6294
    0.6291
    0.6288
    0.6286
    0.6283
    0.6280
    0.6278
    0.6275
    0.6273
    0.6270
    0.6267
    0.6265
    0.6262
    0.6260
    0.6257
    0.6254
    0.6252
    0.6249
    0.6247
    0.6244
    0.6241
    0.6239
    0.6236
    0.6234
    0.6231
    0.6228
    0.6226
    0.6223
    0.6221
    0.6218
    0.6215
    0.6213
    0.6210
    0.6208
    0.6205
    0.6203
    0.6200
    0.6198
    0.6195
    0.6192
    0.6190
    0.6187
    0.6185
    0.6182
    0.6180
    0.6177
    0.6175
    0.6172
    0.6170
    0.6167
    0.6164
    0.6162
    0.6159
    0.6157
    0.6154
    0.6152
    0.6149
    0.6147
    0.6144
    0.6142
    0.6139
    0.6137
    0.6134
    0.6132
    0.6129
    0.6127
    0.6124
    0.6122
    0.6119
    0.6117
    0.6114
    0.6112
    0.6109
    0.6107
    0.6104
    0.6102
    0.6099
    0.6097
    0.6094
    0.6092
    0.6089
    0.6087
    0.6084
    0.6082
    0.6080
    0.6077
    0.6075
    0.6072
    0.6070
    0.6067
    0.6065
    0.6062
    0.6060
    0.6057
    0.6055
    0.6053
    0.6050
    0.6048
    0.6045
    0.6043
    0.6040
    0.6038
    0.6036
    0.6033
    0.6031
    0.6028
    0.6026
    0.6023
    0.6021
    0.6019
    0.6016
    0.6014
    0.6011
    0.6009
    0.6007
    0.6004
    0.6002
    0.5999
    0.5997
    0.5995
    0.5992
    0.5990
    0.5987
    0.5985
    0.5983
    0.5980
    0.5978
    0.5975
    0.5973
    0.5971
    0.5968
    0.5966
    0.5964
    0.5961
    0.5959
    0.5956
    0.5954
    0.5952
    0.5949
    0.5947
    0.5945
    0.5942
    0.5940
    0.5938
    0.5935
    0.5933
    0.5931
    0.5928
    0.5926
    0.5924
    0.5921
    0.5919
    0.5916
    0.5914
    0.5912
    0.5910
    0.5907
    0.5905
    0.5903
    0.5900
    0.5898
    0.5896
    0.5893
    0.5891
    0.5889
    0.5886
    0.5884
    0.5882
    0.5879
    0.5877
    0.5875
    0.5872
    0.5870
    0.5868
    0.5866
    0.5863
    0.5861
    0.5859
    0.5856
    0.5854
    0.5852
    0.5850
    0.5847
    0.5845
    0.5843
    0.5840
    0.5838
    0.5836
    0.5834
    0.5831
    0.5829
    0.5827
    0.5825
    0.5822
    0.5820
    0.5818
    0.5816
    0.5813
    0.5811
    0.5809
    0.5807
    0.5804
    0.5802
    0.5800
    0.5798
    0.5795
    0.5793
    0.5791
    0.5789
    0.5786
    0.5784
    0.5782
    0.5780
    0.5777
    0.5775
    0.5773
    0.5771
    0.5769
    0.5766
    0.5764
    0.5762
    0.5760
    0.5757
    0.5755
    0.5753
    0.5751
    0.5749
    0.5746
    0.5744
    0.5742
    0.5740
    0.5738
    0.5735
    0.5733
    0.5731
    0.5729
    0.5727
    0.5724
    0.5722
    0.5720
    0.5718
    0.5716
    0.5714
    0.5711
    0.5709
    0.5707
    0.5705
    0.5703
    0.5700
    0.5698
    0.5696
    0.5694
    0.5692
    0.5690
    0.5687
    0.5685
    0.5683
    0.5681
    0.5679
    0.5677
    0.5675
    0.5672
    0.5670
    0.5668
    0.5666
    0.5664
    0.5662
    0.5660
    0.5657
    0.5655
    0.5653
    0.5651
    0.5649
    0.5647
    0.5645
    0.5642
    0.5640
    0.5638
    0.5636
    0.5634
    0.5632
    0.5630
    0.5628
    0.5626
    0.5623
    0.5621
    0.5619
    0.5617
    0.5615
    0.5613
    0.5611
    0.5609
    0.5607
    0.5604
    0.5602
    0.5600
    0.5598
    0.5596
    0.5594
    0.5592
    0.5590
    0.5588
    0.5586
    0.5584
    0.5582
    0.5579
    0.5577
    0.5575
    0.5573
    0.5571
    0.5569
    0.5567
    0.5565
    0.5563
    0.5561
    0.5559
    0.5557
    0.5555
    0.5553
    0.5550
    0.5548
    0.5546
    0.5544
    0.5542
    0.5540
    0.5538
    0.5536
    0.5534
    0.5532
    0.5530
    0.5528
    0.5526
    0.5524
    0.5522
    0.5520
    0.5518
    0.5516
    0.5514
    0.5512
    0.5510
    0.5508
    0.5506
    0.5504
    0.5502
    0.5499
    0.5497
    0.5495
    0.5493
    0.5491
    0.5489
    0.5487
    0.5485
    0.5483
    0.5481
    0.5479
    0.5477
    0.5475
    0.5473
    0.5471
    0.5469
    0.5467
    0.5465
    0.5463
    0.5461
    0.5459
    0.5457
    0.5455
    0.5453
    0.5451
    0.5449
    0.5447
    0.5445
    0.5443
    0.5442
    0.5440
    0.5438
    0.5436
    0.5434
    0.5432
    0.5430
    0.5428
    0.5426
    0.5424
    0.5422
    0.5420
    0.5418
    0.5416
    0.5414
    0.5412
    0.5410
    0.5408
    0.5406
    0.5404
    0.5402
    0.5400
    0.5398
    0.5396
    0.5394
    0.5392
    0.5391
    0.5389
    0.5387
    0.5385
    0.5383
    0.5381
    0.5379
    0.5377
    0.5375
    0.5373
    0.5371
    0.5369
    0.5367
    0.5365
    0.5363
    0.5362
    0.5360
    0.5358
    0.5356
    0.5354
    0.5352
    0.5350
    0.5348
    0.5346
    0.5344
    0.5342
    0.5341
    0.5339
    0.5337
    0.5335
    0.5333
    0.5331
    0.5329
    0.5327
    0.5325
    0.5323
    0.5322
    0.5320
    0.5318
    0.5316
    0.5314
    0.5312
    0.5310
    0.5308
    0.5306
    0.5305
    0.5303
    0.5301
    0.5299
    0.5297
    0.5295
    0.5293
    0.5291
    0.5290
    0.5288
    0.5286
    0.5284
    0.5282
    0.5280
    0.5278
    0.5276
    0.5275
    0.5273
    0.5271
    0.5269
    0.5267
    0.5265
    0.5263
    0.5262
    0.5260
    0.5258
    0.5256
    0.5254
    0.5252
    0.5251
    0.5249
    0.5247
    0.5245
    0.5243
    0.5241
    0.5239
    0.5238
    0.5236
    0.5234
    0.5232
    0.5230
    0.5228
    0.5227
    0.5225
    0.5223
    0.5221
    0.5219
    0.5218
    0.5216
    0.5214
    0.5212
