       nan
       nan
       nan
       nan
       nan
       nan
       nan
       nan
   76.1790
   70.5898
   66.2084
   62.6922
   59.8025
   57.3702
   55.2755
   53.4333
   51.7832
   50.2825
   48.9008
   47.6162
   46.4130
   45.2795
   44.2069
   43.1886
   42.2191
   41.2942
   40.4103
   39.5643
   38.7536
   37.9759
   37.2290
   36.5111
   35.8206
   35.1558
   34.5153
   33.8978
   33.3021
   32.7270
   32.1715
   31.6345
   31.1152
   30.6127
   30.1262
   29.6549
   29.1980
   28.7551
   28.3253
   27.9081
   27.5030
   27.1095
   26.7270
   26.3550
   25.9932
   25.6411
   25.2983
   24.9645
   24.6392
   24.3223
   24.0132
   23.7118
   23.4178
   23.1308
   22.8507
   22.5772
   22.3100
   22.0489
   21.7937
   21.5442
   21.3003
   21.0617
   20.8282
   20.5997
   20.3760
   20.1570
   19.9426
   19.7325
   19.5266
   19.3249
   19.1271
   18.9332
   18.7431
   18.5566
   18.3737
   18.1942
   18.0181
   17.8452
   17.6754
   17.5087
   17.3450
   17.1843
   17.0263
   16.8711
   16.7186
   16.5687
   16.4213
   16.2764
   16.1339
   15.9938
   15.8560
   15.7204
   15.5871
   15.4558
   15.3266
   15.1995
   15.0743
   14.9511
   14.8298
   14.7103
   14.5927
   14.4768
   14.3626
   14.2501
   14.1393
   14.0301
   13.9224
   13.8164
   13.7118
   13.6087
   13.5071
   13.4069
   13.3080
   13.2106
   13.1144
   13.0196
   12.9261
   12.8338
   12.7427
   12.6529
   12.5642
   12.4767
   12.3904
   12.3051
   12.2210
   12.1379
   12.0559
   11.9749
   11.8949
   11.8159
   11.7379
   11.6609
   11.5848
   11.5096
   11.4353
   11.3619
   11.2895
   11.2178
   11.1470
   11.0771
   11.0080
   10.9396
   10.8721
   10.8053
   10.7394
   10.6741
   10.6096
   10.5458
   10.4828
   10.4204
   10.3588
   10.2978
   10.2375
   10.1778
   10.1188
   10.0605
   10.0027
    9.9456
    9.8891
    9.8332
    9.7779
    9.7232
    9.6690
    9.6154
    9.5624
    9.5099
    9.4580
    9.4066
    9.3557
    9.3053
    9.2554
    9.2061
    9.1572
    9.1088
    9.0609
    9.0135
    8.9665
    8.9200
    8.8740
    8.8283
    8.7832
    8.7385
    8.6942
    8.6503
    8.6068
    8.5638
    8.5211
    8.4789
    8.4370
    8.3956
    8.3545
    8.3138
    8.2735
    8.2335
    8.1940
    8.1547
    8.1159
    8.0773
    8.0392
    8.0013
    7.9638
    7.9267
    7.8899
    7.8533
    7.8172
    7.7813
    7.7457
    7.7105
    7.6755
    7.6409
    7.6065
    7.5725
    7.5387
    7.5052
    7.4720
    7.4391
    7.4065
    7.3741
    7.3420
    7.3102
    7.2786
    7.2473
    7.2163
    7.1855
    7.1549
    7.1246
    7.0946
    7.0648
    7.0352
    7.0059
    6.9768
    6.9479
    6.9193
    6.8909
    6.8627
    6.8347
    6.8070
    6.7794
    6.7521
    6.7250
    6.6981
    6.6714
    6.6450
    6.6187
    6.5926
    6.5667
    6.5410
    6.5155
    6.4902
    6.4651
    6.4402
    6.4154
    6.3909
    6.3665
    6.3423
    6.3183
    6.2944
    6.2707
    6.2472
    6.2239
    6.2007
    6.1777
    6.1549
    6.1322
    6.1097
    6.0874
    6.0652
    6.0432
    6.0213
    5.9996
    5.9780
    5.9566
    5.9353
    5.9142
    5.8932
    5.8724
    5.8517
    5.8311
    5.8107
    5.7904
    5.7703
    5.7503
    5.7305
    5.7107
    5.6911
    5.6717
    5.6523
    5.6331
    5.6140
    5.5951
    5.5762
    5.5575
    5.5389
    5.5205
    5.5021
    5.4839
    5.4658
    5.4478
    5.4299
    5.4122
    5.3945
    5.3770
    5.3595
    5.3422
    5.3250
    5.3079
    5.2909
    5.2740
    5.2572
    5.2406
    5.2240
    5.2075
    5.1912
    5.1749
    5.1587
    5.1426
    5.1267
    5.1108
    5.0950
    5.0793
    5.0637
    5.0482
    5.0328
    5.0175
    5.0023
    4.9872
    4.9721
    4.9572
    4.9423
    4.9275
    4.9128
    4.8982
    4.8837
    4.8693
    4.8549
    4.8406
    4.8264
    4.8123
    4.7983
    4.7844
    4.7705
    4.7567
    4.7430
    4.7294
    4.7158
    4.7023
    4.6889
    4.6756
    4.6623
    4.6491
    4.6360
    4.6230
    4.6100
    4.5971
    4.5843
    4.5715
    4.5589
    4.5462
    4.5337
    4.5212
    4.5088
    4.4965
    4.4842
    4.4720
    4.4598
    4.4477
    4.4357
    4.4238
    4.4119
    4.4000
    4.3883
    4.3766
    4.3649
    4.3533
    4.3418
    4.3303
    4.3189
    4.3076
    4.2963
    4.2851
    4.2739
    4.2628
    4.2517
    4.2407
    4.2298
    4.2189
    4.2080
    4.1972
    4.1865
    4.1758
    4.1652
    4.1546
    4.1441
    4.1337
    4.1232
    4.1129
    4.1026
    4.0923
    4.0821
    4.0719
    4.0618
    4.0518
    4.0418
    4.0318
    4.0219
    4.0120
    4.0022
    3.9924
    3.9827
    3.9730
    3.9634
    3.9538
    3.9442
    3.9347
    3.9253
    3.9159
    3.9065
    3.8972
    3.8879
    3.8786
    3.8695
    3.8603
    3.8512
    3.8421
    3.8331
    3.8241
    3.8152
    3.8063
    3.7974
    3.7886
    3.7798
    3.7711
    3.7624
    3.7537
    3.7451
    3.7365
    3.7280
    3.7194
    3.7110
    3.7025
    3.6941
    3.6858
    3.6775
    3.6692
    3.6609
    3.6527
    3.6445
    3.6364
    3.6283
    3.6202
    3.6122
    3.6042
    3.5962
    3.5883
    3.5804
    3.5725
    3.5647
    3.5569
    3.5491
    3.5414
    3.5337
    3.5260
    3.5184
    3.5108
    3.5032
    3.4957
    3.4882
    3.4807
    3.4733
    3.4659
    3.4585
    3.4511
    3.4438
    3.4365
    3.4293
    3.4220
    3.4148
    3.4077
    3.4005
    3.3934
    3.3863
    3.3793
    3.3722
    3.3652
    3.3583
    3.3513
    3.3444
    3.3375
    3.3307
    3.3238
    3.3170
    3.3103
    3.3035
    3.2968
    3.2901
    3.2834
    3.2768
    3.2702
    3.2636
    3.2570
    3.2504
    3.2439
    3.2374
    3.2310
    3.2245
    3.2181
    3.2117
    3.2054
    3.1990
    3.1927
    3.1864
    3.1801
    3.1739
    3.1677
    3.1615
    3.1553
    3.1491
    3.1430
    3.1369
    3.1308
    3.1248
    3.1187
    3.1127
    3.1067
    3.1008
    3.0948
    3.0889
    3.0830
    3.0771
    3.0712
    3.0654
    3.0596
    3.0538
    3.0480
    3.0423
    3.0365
    3.0308
    3.0251
    3.0195
    3.0138
    3.0082
    3.0026
    2.9970
    2.9914
    2.9859
    2.9803
    2.9748
    2.9693
    2.9639
    2.9584
    2.9530
    2.9476
    2.9422
    2.9368
    2.9315
    2.9261
    2.9208
    2.9155
    2.9102
    2.9050
    2.8997
    2.8945
    2.8893
    2.8841
    2.8789
    2.8738
    2.8686
    2.8635
    2.8584
    2.8533
    2.8483
    2.8432
    2.8382
    2.8332
    2.8282
    2.8232
    2.8182
    2.8133
    2.8084
    2.8035
    2.7986
    2.7937
    2.7888
    2.7840
    2.7791
    2.7743
    2.7695
    2.7647
    2.7600
    2.7552
    2.7505
    2.7458
    2.7411
    2.7364
    2.7317
    2.7270
    2.7224
    2.7178
    2.7132
    2.7086
    2.7040
    2.6994
    2.6949
    2.6903
    2.6858
    2.6813
    2.6768
    2.6723
    2.6678
    2.6634
    2.6590
    2.6545
    2.6501
    2.6457
    2.6413
    2.6370
    2.6326
    2.6283
    2.6240
    2.6196
    2.6154
    2.6111
    2.6068
    2.6025
    2.5983
    2.5941
    2.5898
    2.5856
    2.5814
    2.5773
    2.5731
    2.5689
    2.5648
    2.5607
    2.5566
    2.5525
    2.5484
    2.5443
    2.5402
    2.5362
    2.5321
    2.5281
    2.5241
    2.5201
    2.5161
    2.5121
    2.5082
    2.5042
    2.5003
    2.4963
    2.4924
    2.4885
    2.4846
    2.4807
    2.4768
    2.4730
    2.4691
    2.4653
    2.4615
    2.4576
    2.4538
    2.4501
    2.4463
    2.4425
    2.4387
    2.4350
    2.4313
    2.4275
    2.4238
    2.4201
    2.4164
    2.4127
    2.4091
    2.4054
    2.4017
    2.3981
    2.3945
    2.3909
    2.3872
    2.3836
    2.3801
    2.3765
    2.3729
    2.3694
    2.3658
    2.3623
    2.3587
    2.3552
    2.3517
    2.3482
    2.3447
    2.3413
    2.3378
    2.3343
    2.3309
    2.3274
    2.3240
    2.3206
    2.3172
    2.3138
    2.3104
    2.3070
    2.3036
    2.3003
    2.2969
    2.2936
    2.2902
    2.2869
    2.2836
    2.2803
    2.2770
    2.2737
    2.2704
    2.2672
    2.2639
    2.2606
    2.2574
    2.2542
    2.2509
    2.2477
    2.2445
    2.2413
    2.2381
    2.2349
    2.2318
    2.2286
    2.2254
    2.2223
    2.2192
    2.2160
    2.2129
    2.2098
    2.2067
    2.2036
    2.2005
    2.1974
    2.1943
    2.1913
    2.1882
    2.1852
    2.1821
    2.1791
    2.1761
    2.1731
    2.1700
    2.1670
    2.1640
    2.1611
    2.1581
    2.1551
    2.1522
    2.1492
    2.1463
    2.1433
    2.1404
    2.1375
    2.1345
    2.1316
    2.1287
    2.1258
    2.1230
    2.1201
    2.1172
    2.1143
    2.1115
    2.1086
    2.1058
    2.1030
    2.1001
    2.0973
    2.0945
    2.0917
    2.0889
    2.0861
    2.0833
    2.0805
    2.0778
    2.0750
    2.0723
    2.0695
    2.0668
    2.0640
    2.0613
    2.0586
    2.0559
    2.0532
    2.0505
    2.0478
    2.0451
    2.0424
    2.0397
    2.0371
    2.0344
    2.0317
    2.0291
    2.0264
    2.0238
    2.0212
    2.0186
    2.0159
    2.0133
    2.0107
    2.0081
    2.0055
    2.0030
    2.0004
    1.9978
    1.9953
    1.9927
    1.9901
    1.9876
    1.9851
    1.9825
    1.9800
    1.9775
    1.9750
    1.9724
    1.9699
    1.9674
    1.9650
    1.9625
    1.9600
    1.9575
    1.9551
    1.9526
    1.9501
    1.9477
    1.9452
    1.9428
    1.9404
    1.9379
    1.9355
    1.9331
    1.9307
    1.9283
    1.9259
    1.9235
    1.9211
    1.9187
    1.9164
    1.9140
    1.9116
    1.9093
    1.9069
    1.9046
    1.9022
    1.8999
    1.8976
    1.8952
    1.8929
    1.8906
    1.8883
    1.8860
    1.8837
    1.8814
    1.8791
    1.8768
    1.8745
    1.8723
    1.8700
    1.8677
    1.8655
    1.8632
    1.8610
    1.8587
    1.8565
    1.8543
    1.8520
    1.8498
    1.8476
    1.8454
    1.8432
    1.8410
    1.8388
    1.8366
    1.8344
    1.8322
    1.8301
    1.8279
    1.8257
    1.8236
    1.8214
    1.8192
    1.8171
    1.8150
    1.8128
    1.8107
    1.8086
    1.8064
    1.8043
    1.8022
    1.8001
    1.7980
    1.7959
    1.7938
    1.7917
    1.7896
    1.7875
    1.7855
    1.7834
    1.7813
    1.7793
    1.7772
    1.7751
    1.7731
    1.7710
    1.7690
    1.7670
    1.7649
    1.7629
    1.7609
    1.7589
    1.7569
    1.7548
    1.7528
    1.7508
    1.7488
    1.7468
    1.7449
    1.7429
    1.7409
    1.7389
    1.7369
    1.7350
    1.7330
    1.7311
    1.7291
    1.7272
    1.7252
    1.7233
    1.7213
    1.7194
    1.7175
    1.7155
    1.7136
    1.7117
    1.7098
    1.7079
    1.7060
    1.7041
    1.7022
    1.7003
    1.6984
    1.6965
    1.6946
    1.6928
    1.6909
    1.6890
    1.6871
    1.6853
    1.6834
    1.6816
    1.6797
    1.6779
    1.6760
    1.6742
    1.6724
    1.6705
    1.6687
    1.6669
    1.6651
    1.6632
    1.6614
    1.6596
    1.6578
    1.6560
    1.6542
    1.6524
    1.6506
    1.6489
    1.6471
    1.6453
    1.6435
    1.6418
    1.6400
    1.6382
    1.6365
    1.6347
    1.6330
    1.6312
    1.6295
    1.6277
    1.6260
    1.6242
    1.6225
    1.6208
    1.6191
    1.6173
    1.6156
    1.6139
    1.6122
    1.6105
    1.6088
    1.6071
    1.6054
    1.6037
    1.6020
    1.6003
    1.5986
    1.5969
    1.5953
    1.5936
    1.5919
    1.5903
    1.5886
    1.5869
    1.5853
    1.5836
    1.5820
    1.5803
    1.5787
    1.5770
    1.5754
    1.5738
    1.5721
    1.5705
    1.5689
    1.5673
    1.5656
    1.5640
    1.5624
    1.5608
    1.5592
    1.5576
    1.5560
    1.5544
    1.5528
    1.5512
    1.5496
    1.5480
    1.5465
    1.5449
    1.5433
    1.5417
    1.5402
    1.5386
    1.5370
    1.5355
    1.5339
    1.5324
    1.5308
    1.5293
    1.5277
    1.5262
    1.5247
    1.5231
    1.5216
    1.5201
    1.5185
    1.5170
    1.5155
    1.5140
    1.5124
    1.5109
    1.5094
    1.5079
    1.5064
    1.5049
    1.5034
    1.5019
    1.5004
    1.4989
    1.4975
    1.4960
    1.4945
    1.4930
    1.4915
    1.4901
    1.4886
    1.4871
    1.4857
    1.4842
    1.4827
    1.4813
    1.4798
    1.4784
    1.4769
    1.4755
    1.4740
    1.4726
    1.4712
    1.4697
    1.4683
    1.4669
    1.4654
    1.4640
    1.4626
    1.4612
    1.4598
    1.4583
    1.4569
    1.4555
    1.4541
    1.4527
    1.4513
    1.4499
    1.4485
    1.4471
    1.4457
    1.4443
    1.4430
    1.4416
    1.4402
    1.4388
    1.4374
    1.4361
    1.4347
    1.4333
    1.4320
    1.4306
    1.4292
    1.4279
    1.4265
    1.4252
    1.4238
    1.4225
    1.4211
    1.4198
    1.4184
    1.4171
    1.4158
    1.4144
    1.4131
    1.4118
    1.4104
    1.4091
    1.4078
    1.4065
    1.4052
    1.4038
    1.4025
    1.4012
    1.3999
    1.3986
    1.3973
    1.3960
    1.3947
    1.3934
    1.3921
    1.3908
    1.3895
    1.3882
    1.3870
    1.3857
    1.3844
    1.3831
    1.3818
    1.3806
    1.3793
    1.3780
    1.3768
    1.3755
    1.3742
    1.3730
    1.3717
    1.3705
    1.3692
    1.3680
    1.3667
    1.3655
    1.3642
    1.3630
    1.3617
    1.3605
    1.3592
    1.3580
    1.3568
    1.3556
    1.3543
    1.3531
    1.3519
    1.3507
    1.3494
    1.3482
    1.3470
    1.3458
    1.3446
    1.3434
    1.3422
    1.3410
    1.3398
    1.3386
    1.3374
    1.3362
    1.3350
    1.3338
    1.3326
    1.3314
    1.3302
    1.3290
    1.3278
    1.3267
    1.3255
    1.3243
    1.3231
    1.3220
    1.3208
    1.3196
    1.3184
    1.3173
    1.3161
    1.3150
    1.3138
    1.3126
    1.3115
    1.3103
    1.3092
    1.3080
    1.3069
    1.3057
    1.3046
    1.3035
    1.3023
    1.3012
    1.3000
    1.2989
    1.2978
    1.2966
    1.2955
    1.2944
    1.2933
    1.2921
    1.2910
    1.2899
    1.2888
    1.2877
    1.2866
    1.2854
    1.2843
    1.2832
    1.2821
    1.2810
    1.2799
    1.2788
    1.2777
    1.2766
    1.2755
    1.2744
    1.2733
    1.2723
    1.2712
    1.2701
    1.2690
    1.2679
    1.2668
    1.2657
    1.2647
    1.2636
    1.2625
    1.2614
    1.2604
    1.2593
    1.2582
    1.2572
    1.2561
    1.2551
    1.2540
    1.2529
    1.2519
    1.2508
    1.2498
    1.2487
    1.2477
    1.2466
    1.2456
    1.2445
    1.2435
    1.2424
    1.2414
    1.2404
    1.2393
    1.2383
    1.2373
    1.2362
    1.2352
    1.2342
    1.2331
    1.2321
    1.2311
    1.2301
    1.2291
    1.2280
    1.2270
    1.2260
    1.2250
    1.2240
    1.2230
    1.2220
    1.2209
    1.2199
    1.2189
    1.2179
    1.2169
    1.2159
    1.2149
    1.2139
    1.2129
    1.2120
    1.2110
    1.2100
    1.2090
    1.2080
    1.2070
    1.2060
    1.2050
    1.2041
    1.2031
    1.2021
    1.2011
    1.2002
    1.1992
    1.1982
    1.1972
    1.1963
    1.1953
    1.1943
    1.1934
    1.1924
    1.1914
    1.1905
    1.1895
    1.1886
    1.1876
    1.1867
    1.1857
    1.1848
    1.1838
    1.1829
    1.1819
    1.1810
    1.1800
    1.1791
    1.1781
    1.1772
    1.1763
    1.1753
    1.1744
    1.1735
    1.1725
    1.1716
    1.1707
    1.1697
    1.1688
    1.1679
    1.1670
    1.1660
    1.1651
    1.1642
    1.1633
    1.1624
    1.1615
    1.1605
    1.1596
    1.1587
    1.1578
    1.1569
    1.1560
    1.1551
    1.1542
    1.1533
    1.1524
    1.1515
    1.1506
    1.1497
    1.1488
    1.1479
    1.1470
    1.1461
    1.1452
    1.1443
    1.1434
    1.1425
    1.1417
    1.1408
    1.1399
    1.1390
    1.1381
    1.1373
    1.1364
    1.1355
    1.1346
    1.1337
    1.1329
    1.1320
    1.1311
    1.1303
    1.1294
    1.1285
    1.1277
    1.1268
    1.1259
    1.1251
    1.1242
    1.1234
    1.1225
    1.1216
    1.1208
    1.1199
    1.1191
    1.1182
    1.1174
    1.1165
    1.1157
    1.1148
    1.1140
    1.1132
    1.1123
    1.1115
    1.1106
    1.1098
    1.1090
    1.1081
    1.1073
    1.1064
    1.1056
    1.1048
    1.1040
    1.1031
    1.1023
    1.1015
    1.1006
    1.0998
    1.0990
    1.0982
    1.0974
    1.0965
    1.0957
    1.0949
    1.0941
    1.0933
    1.0925
    1.0916
    1.0908
    1.0900
    1.0892
    1.0884
    1.0876
    1.0868
    1.0860
    1.0852
    1.0844
    1.0836
    1.0828
    1.0820
    1.0812
    1.0804
    1.0796
    1.0788
    1.0780
    1.0772
    1.0764
    1.0756
    1.0748
    1.0741
    1.0733
    1.0725
    1.0717
    1.0709
    1.0701
    1.0693
    1.0686
    1.0678
    1.0670
    1.0662
    1.0655
    1.0647
    1.0639
    1.0631
    1.0624
    1.0616
    1.0608
    1.0601
    1.0593
    1.0585
    1.0578
    1.0570
    1.0562
    1.0555
    1.0547
    1.0540
    1.0532
    1.0524
    1.0517
    1.0509
    1.0502
    1.0494
    1.0487
    1.0479
    1.0472
    1.0464
    1.0457
    1.0449
    1.0442
    1.0434
    1.0427
    1.0419
    1.0412
    1.0405
    1.0397
    1.0390
    1.0382
    1.0375
    1.0368
    1.0360
    1.0353
    1.0346
    1.0338
    1.0331
    1.0324
    1.0316
    1.0309
    1.0302
    1.0295
    1.0287
    1.0280
    1.0273
    1.0266
    1.0259
    1.0251
    1.0244
    1.0237
    1.0230
    1.0223
    1.0215
    1.0208
    1.0201
    1.0194
    1.0187
    1.0180
    1.0173
    1.0166
    1.0159
    1.0152
    1.0144
    1.0137
    1.0130
    1.0123
    1.0116
    1.0109
    1.0102
    1.0095
    1.0088
    1.0081
    1.0074
    1.0067
    1.0061
    1.0054
    1.0047
    1.0040
    1.0033
    1.0026
    1.0019
    1.0012
    1.0005
    0.9998
    0.9992
    0.9985
    0.9978
    0.9971
    0.9964
    0.9957
    0.9951
    0.9944
    0.9937
    0.9930
    0.9924
    0.9917
    0.9910
    0.9903
    0.9897
    0.9890
    0.9883
    0.9876
    0.9870
    0.9863
    0.9856
    0.9850
    0.9843
    0.9836
    0.9830
    0.9823
    0.9817
    0.9810
    0.9803
    0.9797
    0.9790
    0.9784
    0.9777
    0.9770
    0.9764
    0.9757
    0.9751
    0.9744
    0.9738
    0.9731
    0.9725
    0.9718
    0.9712
    0.9705
    0.9699
    0.9692
    0.9686
    0.9679
    0.9673
    0.9667
    0.9660
    0.9654
    0.9647
    0.9641
    0.9635
    0.9628
    0.9622
    0.9615
    0.9609
    0.9603
    0.9596
    0.9590
    0.9584
    0.9577
    0.9571
    0.9565
    0.9559
    0.9552
    0.9546
    0.9540
    0.9533
    0.9527
    0.9521
    0.9515
    0.9509
    0.9502
    0.9496
    0.9490
    0.9484
    0.9478
    0.9471
    0.9465
    0.9459
    0.9453
    0.9447
    0.9441
    0.9434
    0.9428
    0.9422
    0.9416
    0.9410
    0.9404
    0.9398
    0.9392
    0.9386
    0.9380
    0.9373
    0.9367
    0.9361
    0.9355
    0.9349
    0.9343
    0.9337
    0.9331
    0.9325
    0.9319
    0.9313
    0.9307
    0.9301
    0.9295
    0.9289
    0.9284
    0.9278
    0.9272
    0.9266
    0.9260
    0.9254
    0.9248
    0.9242
    0.9236
    0.9230
    0.9224
    0.9219
    0.9213
    0.9207
    0.9201
    0.9195
    0.9189
    0.9184
    0.9178
    0.9172
    0.9166
    0.9160
    0.9155
    0.9149
    0.9143
    0.9137
    0.9132
    0.9126
    0.9120
    0.9114
    0.9109
    0.9103
    0.9097
    0.9091
    0.9086
    0.9080
    0.9074
    0.9069
    0.9063
    0.9057
    0.9052
    0.9046
    0.9040
    0.9035
    0.9029
    0.9023
    0.9018
    0.9012
    0.9007
    0.9001
    0.8995
    0.8990
    0.8984
    0.8979
    0.8973
    0.8968
    0.8962
    0.8956
    0.8951
    0.8945
    0.8940
    0.8934
    0.8929
    0.8923
    0.8918
    0.8912
    0.8907
    0.8901
    0.8896
    0.8890
    0.8885
    0.8879
    0.8874
    0.8869
    0.8863
    0.8858
    0.8852
    0.8847
    0.8842
    0.8836
    0.8831
    0.8825
    0.8820
    0.8815
    0.8809
    0.8804
    0.8798
    0.8793
    0.8788
    0.8782
    0.8777
    0.8772
    0.8766
    0.8761
    0.8756
    0.8751
    0.8745
    0.8740
    0.8735
    0.8729
    0.8724
    0.8719
    0.8714
    0.8708
    0.8703
    0.8698
    0.8693
    0.8687
    0.8682
    0.8677
    0.8672
    0.8667
    0.8661
    0.8656
    0.8651
    0.8646
    0.8641
    0.8635
    0.8630
    0.8625
    0.8620
    0.8615
    0.8610
    0.8605
    0.8599
    0.8594
    0.8589
    0.8584
    0.8579
    0.8574
    0.8569
    0.8564
    0.8559
    0.8554
    0.8549
    0.8543
    0.8538
    0.8533
    0.8528
    0.8523
    0.8518
    0.8513
    0.8508
    0.8503
    0.8498
    0.8493
    0.8488
    0.8483
    0.8478
    0.8473
    0.8468
    0.8463
    0.8458
    0.8453
    0.8448
    0.8443
    0.8439
    0.8434
    0.8429
    0.8424
    0.8419
    0.8414
    0.8409
    0.8404
    0.8399
    0.8394
    0.8389
    0.8385
    0.8380
    0.8375
    0.8370
    0.8365
    0.8360
    0.8355
    0.8351
    0.8346
    0.8341
    0.8336
    0.8331
    0.8326
    0.8322
    0.8317
    0.8312
    0.8307
    0.8302
    0.8298
    0.8293
    0.8288
    0.8283
    0.8279
    0.8274
    0.8269
    0.8264
    0.8260
    0.8255
    0.8250
    0.8245
    0.8241
    0.8236
    0.8231
    0.8227
    0.8222
    0.8217
    0.8213
    0.8208
    0.8203
    0.8198
    0.8194
    0.8189
    0.8185
    0.8180
    0.8175
    0.8171
    0.8166
    0.8161
    0.8157
    0.8152
    0.8147
    0.8143
    0.8138
    0.8134
    0.8129
    0.8124
    0.8120
    0.8115
    0.8111
    0.8106
    0.8102
    0.8097
    0.8092
    0.8088
    0.8083
    0.8079
    0.8074
    0.8070
    0.8065
    0.8061
    0.8056
    0.8052
    0.8047
    0.8043
    0.8038
    0.8034
    0.8029
    0.8025
    0.8020
    0.8016
    0.8011
    0.8007
    0.8002
    0.7998
    0.7994
    0.7989
    0.7985
    0.7980
    0.7976
    0.7971
    0.7967
    0.7963
    0.7958
    0.7954
    0.7949
    0.7945
    0.7941
    0.7936
    0.7932
    0.7927
    0.7923
    0.7919
    0.7914
    0.7910
    0.7906
    0.7901
    0.7897
    0.7893
    0.7888
    0.7884
    0.7880
    0.7875
    0.7871
    0.7867
    0.7862
    0.7858
    0.7854
    0.7849
    0.7845
    0.7841
    0.7837
    0.7832
    0.7828
    0.7824
    0.7820
    0.7815
    0.7811
    0.7807
    0.7803
    0.7798
    0.7794
    0.7790
    0.7786
    0.7781
    0.7777
    0.7773
    0.7769
    0.7765
    0.7760
    0.7756
    0.7752
    0.7748
    0.7744
    0.7739
    0.7735
    0.7731
    0.7727
    0.7723
    0.7719
    0.7715
    0.7710
    0.7706
    0.7702
    0.7698
    0.7694
    0.7690
    0.7686
    0.7682
    0.7677
    0.7673
    0.7669
    0.7665
    0.7661
    0.7657
    0.7653
    0.7649
    0.7645
    0.7641
    0.7637
    0.7632
    0.7628
    0.7624
    0.7620
    0.7616
    0.7612
    0.7608
    0.7604
    0.7600
    0.7596
    0.7592
    0.7588
    0.7584
    0.7580
    0.7576
    0.7572
    0.7568
    0.7564
    0.7560
    0.7556
    0.7552
    0.7548
    0.7544
    0.7540
    0.7536
    0.7532
    0.7528
    0.7524
    0.7520
    0.7516
    0.7513
    0.7509
    0.7505
    0.7501
    0.7497
    0.7493
    0.7489
    0.7485
    0.7481
    0.7477
    0.7473
    0.7469
    0.7466
    0.7462
    0.7458
    0.7454
    0.7450
    0.7446
    0.7442
    0.7438
    0.7435
    0.7431
    0.7427
    0.7423
    0.7419
    0.7415
    0.7411
    0.7408
    0.7404
    0.7400
    0.7396
    0.7392
    0.7389
    0.7385
    0.7381
    0.7377
    0.7373
    0.7370
    0.7366
    0.7362
    0.7358
    0.7354
    0.7351
    0.7347
    0.7343
    0.7339
    0.7336
    0.7332
    0.7328
    0.7324
    0.7321
    0.7317
    0.7313
    0.7309
    0.7306
    0.7302
    0.7298
    0.7294
    0.7291
    0.7287
    0.7283
    0.7280
    0.7276
    0.7272
    0.7269
    0.7265
    0.7261
    0.7257
    0.7254
    0.7250
    0.7246
    0.7243
    0.7239
    0.7235
    0.7232
    0.7228
    0.7224
    0.7221
    0.7217
    0.7214
    0.7210
    0.7206
    0.7203
    0.7199
    0.7195
    0.7192
    0.7188
    0.7185
    0.7181
    0.7177
    0.7174
    0.7170
    0.7167
    0.7163
    0.7159
    0.7156
    0.7152
    0.7149
    0.7145
    0.7142
    0.7138
    0.7134
    0.7131
    0.7127
    0.7124
    0.7120
    0.7117
    0.7113
    0.7110
    0.7106
    0.7103
    0.7099
    0.7095
    0.7092
    0.7088
    0.7085
    0.7081
    0.7078
    0.7074
    0.7071
    0.7067
    0.7064
    0.7060
    0.7057
    0.7053
    0.7050
    0.7046
    0.7043
    0.7040
    0.7036
    0.7033
    0.7029
    0.7026
    0.7022
    0.7019
    0.7015
    0.7012
    0.7008
    0.7005
    0.7002
    0.6998
    0.6995
    0.6991
    0.6988
    0.6984
    0.6981
    0.6978
    0.6974
    0.6971
    0.6967
    0.6964
    0.6961
    0.6957
    0.6954
    0.6951
    0.6947
    0.6944
    0.6940
    0.6937
    0.6934
    0.6930
    0.6927
    0.6924
    0.6920
    0.6917
    0.6914
    0.6910
    0.6907
    0.6903
    0.6900
    0.6897
    0.6893
    0.6890
    0.6887
    0.6884
    0.6880
    0.6877
    0.6874
    0.6870
    0.6867
    0.6864
    0.6860
    0.6857
    0.6854
    0.6850
    0.6847
    0.6844
    0.6841
    0.6837
    0.6834
    0.6831
    0.6828
    0.6824
    0.6821
    0.6818
    0.6815
    0.6811
    0.6808
    0.6805
    0.6802
    0.6798
    0.6795
    0.6792
    0.6789
    0.6785
    0.6782
    0.6779
    0.6776
    0.6772
    0.6769
    0.6766
    0.6763
    0.6760
    0.6756
    0.6753
    0.6750
    0.6747
    0.6744
    0.6740
    0.6737
    0.6734
    0.6731
    0.6728
    0.6725
    0.6721
    0.6718
    0.6715
    0.6712
    0.6709
    0.6706
    0.6702
    0.6699
    0.6696
    0.6693
    0.6690
    0.6687
    0.6684
    0.6680
    0.6677
    0.6674
    0.6671
    0.6668
    0.6665
    0.6662
    0.6659
    0.6656
    0.6652
    0.6649
    0.6646
    0.6643
    0.6640
    0.6637
    0.6634
    0.6631
    0.6628
    0.6625
    0.6622
    0.6618
    0.6615
    0.6612
    0.6609
    0.6606
    0.6603
    0.6600
    0.6597
    0.6594
    0.6591
    0.6588
    0.6585
    0.6582
    0.6579
    0.6576
    0.6573
    0.6570
    0.6567
    0.6564
    0.6561
    0.6558
    0.6555
    0.6552
    0.6549
    0.6546
    0.6543
    0.6540
    0.6537
    0.6534
    0.6531
    0.6528
    0.6525
    0.6522
    0.6519
    0.6516
    0.6513
    0.6510
    0.6507
    0.6504
    0.6501
    0.6498
    0.6495
    0.6492
    0.6489
    0.6486
    0.6483
    0.6480
    0.6477
    0.6474
    0.6471
    0.6468
    0.6465
    0.6462
    0.6459
    0.6457
    0.6454
    0.6451
    0.6448
    0.6445
    0.6442
    0.6439
    0.6436
    0.6433
    0.6430
    0.6427
    0.6424
    0.6422
    0.6419
    0.6416
    0.6413
    0.6410
    0.6407
    0.6404
    0.6401
    0.6398
    0.6396
    0.6393
    0.6390
    0.6387
    0.6384
    0.6381
    0.6378
    0.6376
    0.6373
    0.6370
    0.6367
    0.6364
    0.6361
    0.6358
    0.6356
    0.6353
    0.6350
    0.6347
    0.6344
    0.6341
    0.6339
    0.6336
    0.6333
    0.6330
    0.6327
    0.6325
    0.6322
    0.6319
    0.6316
    0.6313
    0.6311
    0.6308
    0.6305
    0.6302
    0.6299
    0.6297
    0.6294
    0.6291
    0.6288
    0.6285
    0.6283
    0.6280
    0.6277
    0.6274
    0.6272
    0.6269
    0.6266
    0.6263
    0.6261
    0.6258
    0.6255
    0.6252
    0.6250
    0.6247
    0.6244
    0.6241
    0.6239
    0.6236
    0.6233
    0.6230
    0.6228
    0.6225
    0.6222
    0.6219
    0.6217
    0.6214
    0.6211
    0.6209
    0.6206
    0.6203
    0.6201
    0.6198
    0.6195
    0.6192
    0.6190
    0.6187
    0.6184
    0.6182
    0.6179
    0.6176
    0.6174
    0.6171
    0.6168
    0.6166
    0.6163
    0.6160
    0.6158
    0.6155
    0.6152
    0.6150
    0.6147
    0.6144
    0.6142
    0.6139
    0.6136
    0.6134
    0.6131
    0.6128
    0.6126
    0.6123
    0.6120
    0.6118
    0.6115
    0.6113
    0.6110
    0.6107
    0.6105
    0.6102
    0.6099
    0.6097
    0.6094
    0.6092
    0.6089
    0.6086
    0.6084
    0.6081
    0.6079
    0.6076
    0.6073
    0.6071
    0.6068
    0.6066
    0.6063
    0.6060
    0.6058
    0.6055
    0.6053
    0.6050
    0.6048
    0.6045
    0.6042
    0.6040
    0.6037
    0.6035
    0.6032
    0.6030
    0.6027
    0.6024
    0.6022
    0.6019
    0.6017
    0.6014
    0.6012
    0.6009
    0.6007
    0.6004
    0.6002
    0.5999
    0.5996
    0.5994
    0.5991
    0.5989
    0.5986
    0.5984
    0.5981
    0.5979
    0.5976
    0.5974
    0.5971
    0.5969
    0.5966
    0.5964
    0.5961
    0.5959
    0.5956
    0.5954
    0.5951
    0.5949
    0.5946
    0.5944
    0.5941
    0.5939
    0.5936
    0.5934
    0.5931
    0.5929
    0.5926
    0.5924
    0.5921
    0.5919
    0.5916
    0.5914
    0.5912
    0.5909
    0.5907
    0.5904
    0.5902
    0.5899
    0.5897
    0.5894
    0.5892
    0.5889
    0.5887
    0.5885
    0.5882
    0.5880
    0.5877
    0.5875
    0.5872
    0.5870
    0.5868
    0.5865
    0.5863
    0.5860
    0.5858
    0.5855
    0.5853
    0.5851
    0.5848
    0.5846
    0.5843
    0.5841
    0.5839
    0.5836
    0.5834
    0.5831
    0.5829
    0.5827
    0.5824
    0.5822
    0.5819
    0.5817
    0.5815
    0.5812
    0.5810
    0.5808
    0.5805
    0.5803
    0.5800
    0.5798
    0.5796
    0.5793
    0.5791
    0.5789
    0.5786
    0.5784
    0.5782
    0.5779
    0.5777
    0.5774
    0.5772
    0.5770
    0.5767
    0.5765
    0.5763
    0.5760
    0.5758
    0.5756
    0.5753
    0.5751
    0.5749
    0.5746
    0.5744
    0.5742
    0.5739
    0.5737
    0.5735
    0.5732
    0.5730
    0.5728
    0.5726
    0.5723
    0.5721
    0.5719
    0.5716
    0.5714
    0.5712
    0.5709
    0.5707
    0.5705
    0.5702
    0.5700
    0.5698
    0.5696
    0.5693
    0.5691
    0.5689
    0.5686
    0.5684
    0.5682
    0.5680
    0.5677
    0.5675
    0.5673
    0.5671
    0.5668
    0.5666
    0.5664
    0.5662
    0.5659
    0.5657
    0.5655
    0.5652
    0.5650
    0.5648
    0.5646
    0.5643
    0.5641
    0.5639
    0.5637
    0.5635
    0.5632
    0.5630
    0.5628
    0.5626
    0.5623
    0.5621
    0.5619
    0.5617
    0.5614
    0.5612
    0.5610
    0.5608
    0.5606
    0.5603
    0.5601
    0.5599
    0.5597
    0.5594
    0.5592
    0.5590
    0.5588
    0.5586
    0.5583
    0.5581
    0.5579
    0.5577
    0.5575
    0.5572
    0.5570
    0.5568
    0.5566
    0.5564
    0.5562
    0.5559
    0.5557
    0.5555
    0.5553
    0.5551
    0.5548
    0.5546
    0.5544
    0.5542
    0.5540
    0.5538
    0.5535
    0.5533
    0.5531
    0.5529
    0.5527
    0.5525
    0.5523
    0.5520
    0.5518
    0.5516
    0.5514
    0.5512
    0.5510
    0.5507
    0.5505
    0.5503
    0.5501
    0.5499
    0.5497
    0.5495
    0.5493
    0.5490
    0.5488
    0.5486
    0.5484
    0.5482
    0.5480
    0.5478
    0.5476
    0.5473
    0.5471
    0.5469
    0.5467
    0.5465
    0.5463
    0.5461
    0.5459
    0.5457
    0.5454
    0.5452
    0.5450
    0.5448
    0.5446
    0.5444
    0.5442
    0.5440
    0.5438
    0.5436
    0.5434
    0.5431
    0.5429
    0.5427
    0.5425
    0.5423
    0.5421
    0.5419
    0.5417
    0.5415
    0.5413
    0.5411
    0.5409
    0.5407
    0.5405
    0.5402
    0.5400
    0.5398
    0.5396
    0.5394
    0.5392
    0.5390
    0.5388
    0.5386
    0.5384
    0.5382
    0.5380
    0.5378
    0.5376
    0.5374
    0.5372
    0.5370
    0.5368
    0.5366
    0.5364
    0.5362
    0.5359
    0.5357
    0.5355
    0.5353
    0.5351
    0.5349
    0.5347
    0.5345
    0.5343
    0.5341
    0.5339
    0.5337
    0.5335
    0.5333
    0.5331
    0.5329
    0.5327
    0.5325
    0.5323
    0.5321
    0.5319
    0.5317
    0.5315
    0.5313
    0.5311
    0.5309
    0.5307
    0.5305
    0.5303
    0.5301
    0.5299
    0.5297
    0.5295
    0.5293
    0.5291
    0.5289
    0.5287
    0.5285
    0.5283
    0.5281
    0.5280
    0.5278
    0.5276
    0.5274
    0.5272
    0.5270
    0.5268
    0.5266
    0.5264
    0.5262
    0.5260
    0.5258
    0.5256
    0.5254
    0.5252
    0.5250
    0.5248
    0.5246
    0.5244
    0.5242
    0.5240
    0.5238
    0.5237
    0.5235
    0.5233
    0.5231
    0.5229
    0.5227
    0.5225
    0.5223
    0.5221
    0.5219
    0.5217
    0.5215
    0.5213
    0.5211
    0.5210
    0.5208
    0.5206
    0.5204
    0.5202
    0.5200
    0.5198
    0.5196
    0.5194
    0.5192
    0.5190
    0.5189
    0.5187
    0.5185
    0.5183
    0.5181
    0.5179
    0.5177
    0.5175
    0.5173
    0.5171
    0.5170
    0.5168
    0.5166
    0.5164
    0.5162
    0.5160
    0.5158
    0.5156
    0.5154
    0.5153
    0.5151
    0.5149
    0.5147
    0.5145
    0.5143
    0.5141
    0.5139
    0.5138
    0.5136
    0.5134
    0.5132
    0.5130
    0.5128
    0.5126
    0.5125
    0.5123
    0.5121
    0.5119
    0.5117
    0.5115
    0.5113
    0.5112
    0.5110
    0.5108
    0.5106
    0.5104
    0.5102
    0.5101
    0.5099
    0.5097
    0.5095
    0.5093
    0.5091
    0.5090
    0.5088
    0.5086
    0.5084
    0.5082
    0.5080
    0.5079
    0.5077
    0.5075
    0.5073
    0.5071
    0.5069
    0.5068
    0.5066
    0.5064
    0.5062
    0.5060
    0.5059
    0.5057
    0.5055
    0.5053
    0.5051
    0.5050
    0.5048
    0.5046
    0.5044
    0.5042
    0.5041
    0.5039
    0.5037
    0.5035
    0.5033
    0.5032
    0.5030
    0.5028
    0.5026
    0.5024
    0.5023
    0.5021
    0.5019
    0.5017
    0.5015
    0.5014
    0.5012
    0.5010
    0.5008
    0.5007
    0.5005
    0.5003
    0.5001
    0.4999
    0.4998
    0.4996
    0.4994
    0.4992
    0.4991
    0.4989
    0.4987
    0.4985
