0.001		1.74083e-08		0
0.002		0.000249762		0
0.003		0.00468398		0
0.004		0.0179962		0
0.005		0.0377445		0
0.006		0.0593361		0
0.007		0.0798086		0
0.008		0.0980182		0
0.009		0.113865		0
0.01		0.127625		0
0.011		0.139598		0
0.012		0.149992		0
0.013		0.158932		0
0.014		0.166496		0
0.015		0.172747		0
0.016		0.177761		0
0.017		0.181625		0
0.018		0.184444		0
0.019		0.186329		0
0.02		0.187396		0
0.021		0.187757		0
0.022		0.187519		0
0.023		0.186779		0
0.024		0.185625		0
0.025		0.184134		0
0.026		0.182373		0
0.027		0.180401		0
0.028		0.178266		0
0.029		0.17601		0
0.03		0.173669		0
0.031		0.171272		0
0.032		0.168845		0
0.033		0.166407		0
0.034		0.163978		0
0.035		0.16157		0
0.036		0.159197		0
0.037		0.156868		0
0.038		0.154593		0
0.039		0.152377		0
0.04		0.150228		0
0.041		0.148148		0
0.042		0.146142		0
0.043		0.144213		0
0.044		0.142363		0
0.045		0.140593		0
0.046		0.138904		0
0.047		0.137298		0
0.048		0.135774		0
0.049		0.134332		0
0.05		0.132972		0
0.051		0.131693		0
0.052		0.130493		0
0.053		0.129373		0
0.054		0.128331		0
0.055		0.127365		0
0.056		0.126474		0
0.057		0.125656		0
0.058		0.12491		0
0.059		0.124233		0
0.06		0.123625		0
0.061		0.123083		0
0.062		0.122606		0
0.063		0.122192		0
0.064		0.121838		0
0.065		0.121543		0
0.066		0.121306		0
0.067		0.121124		0
0.068		0.120996		0
0.069		0.120919		0
0.07		0.120893		0
0.071		0.120915		0
0.072		0.120984		0
0.073		0.121098		0
0.074		0.121255		0
0.075		0.121455		0
0.076		0.121695		0
0.077		0.121974		0
0.078		0.12229		0
0.079		0.122643		0
0.08		0.12303		0
0.081		0.123451		0
0.082		0.123904		0
0.083		0.124388		0
0.084		0.124902		0
0.085		0.125444		0
0.086		0.126014		0
0.087		0.12661		0
0.088		0.127232		0
0.089		0.127877		0
0.09		0.128546		0
0.091		0.129238		0
0.092		0.12995		0
0.093		0.130684		0
0.094		0.131436		0
0.095		0.132208		0
0.096		0.132997		0
0.097		0.133804		0
0.098		0.134627		0
0.099		0.135466		0
0.1		0.13632		0
0.101		0.137188		0
0.102		0.138069		0
0.103		0.138964		0
0.104		0.139871		0
0.105		0.140789		0
0.106		0.141719		0
0.107		0.142659		0
0.108		0.14361		0
0.109		0.144569		0
0.11		0.145538		0
0.111		0.146515		0
0.112		0.1475		0
0.113		0.148493		0
0.114		0.149493		0
0.115		0.150499		0
0.116		0.151511		0
0.117		0.152529		0
0.118		0.153553		0
0.119		0.154581		0
0.12		0.155614		0
0.121		0.156651		0
0.122		0.157692		0
0.123		0.158736		0
0.124		0.159783		0
0.125		0.160833		0
0.126		0.161886		0
0.127		0.162941		0
0.128		0.163997		0
0.129		0.165055		0
0.13		0.166114		0
0.131		0.167174		0
0.132		0.168235		0
0.133		0.169296		0
0.134		0.170357		0
0.135		0.171418		0
0.136		0.172479		0
0.137		0.173539		0
0.138		0.174598		0
0.139		0.175656		0
0.14		0.176713		0
0.141		0.177769		0
0.142		0.178822		0
0.143		0.179874		0
0.144		0.180923		0
0.145		0.181971		0
0.146		0.183015		0
0.147		0.184058		0
0.148		0.185097		0
0.149		0.186133		0
0.15		0.187166		0
0.151		0.188196		0
0.152		0.189222		0
0.153		0.190244		0
0.154		0.191263		0
0.155		0.192278		0
0.156		0.193288		0
0.157		0.194295		0
0.158		0.195297		0
0.159		0.196294		0
0.16		0.197287		0
0.161		0.198276		0
0.162		0.199259		0
0.163		0.200238		0
0.164		0.201211		0
0.165		0.20218		0
0.166		0.203143		0
0.167		0.204101		0
0.168		0.205053		0
0.169		0.206		0
0.17		0.206941		0
0.171		0.207877		0
0.172		0.208807		0
0.173		0.209731		0
0.174		0.210649		0
0.175		0.211561		0
0.176		0.212468		0
0.177		0.213368		0
0.178		0.214262		0
0.179		0.215149		0
0.18		0.216031		0
0.181		0.216906		0
0.182		0.217775		0
0.183		0.218637		0
0.184		0.219493		0
0.185		0.220343		0
0.186		0.221186		0
0.187		0.222022		0
0.188		0.222852		0
0.189		0.223675		0
0.19		0.224492		0
0.191		0.225302		0
0.192		0.226105		0
0.193		0.226901		0
0.194		0.227691		0
0.195		0.228474		0
0.196		0.22925		0
0.197		0.230019		0
0.198		0.230781		0
0.199		0.231537		0
0.2		0.232286		0
0.201		0.233027		0
0.202		0.233762		0
0.203		0.23449		0
0.204		0.235212		0
0.205		0.235926		0
0.206		0.236633		0
0.207		0.237334		0
0.208		0.238028		0
0.209		0.238715		0
0.21		0.239394		0
0.211		0.240068		0
0.212		0.240734		0
0.213		0.241393		0
0.214		0.242046		0
0.215		0.242691		0
0.216		0.24333		0
0.217		0.243962		0
0.218		0.244587		0
0.219		0.245206		0
0.22		0.245817		0
0.221		0.246422		0
0.222		0.24702		0
0.223		0.247612		0
0.224		0.248197		0
0.225		0.248775		0
0.226		0.249346		0
0.227		0.249911		0
0.228		0.250469		0
0.229		0.25102		0
0.23		0.251565		0
0.231		0.252104		0
0.232		0.252635		0
0.233		0.253161		0
0.234		0.25368		0
0.235		0.254192		0
0.236		0.254698		0
0.237		0.255198		0
0.238		0.255691		0
0.239		0.256178		0
0.24		0.256658		0
0.241		0.257132		0
0.242		0.2576		0
0.243		0.258062		0
0.244		0.258518		0
0.245		0.258967		0
0.246		0.259411		0
0.247		0.259848		0
0.248		0.260279		0
0.249		0.260704		0
0.25		0.261123		0
0.251		0.261536		0
0.252		0.261943		0
0.253		0.262345		0
0.254		0.26274		0
0.255		0.263129		0
0.256		0.263513		0
0.257		0.263891		0
0.258		0.264263		0
0.259		0.26463		0
0.26		0.264991		0
0.261		0.265346		0
0.262		0.265695		0
0.263		0.266039		0
0.264		0.266378		0
0.265		0.266711		0
0.266		0.267039		0
0.267		0.267361		0
0.268		0.267677		0
0.269		0.267989		0
0.27		0.268295		0
0.271		0.268596		0
0.272		0.268891		0
0.273		0.269181		0
0.274		0.269466		0
0.275		0.269746		0
0.276		0.270021		0
0.277		0.270291		0
0.278		0.270556		0
0.279		0.270816		0
0.28		0.27107		0
0.281		0.27132		0
0.282		0.271565		0
0.283		0.271805		0
0.284		0.272041		0
0.285		0.272271		0
0.286		0.272497		0
0.287		0.272718		0
0.288		0.272934		0
0.289		0.273146		0
0.29		0.273353		0
0.291		0.273556		0
0.292		0.273754		0
0.293		0.273947		0
0.294		0.274136		0
0.295		0.274321		0
0.296		0.274501		0
0.297		0.274677		0
0.298		0.274848		0
0.299		0.275015		0
0.3		0.275178		0
0.301		0.275337		0
0.302		0.275491		0
0.303		0.275641		0
0.304		0.275787		0
0.305		0.275929		0
0.306		0.276067		0
0.307		0.276201		0
0.308		0.276331		0
0.309		0.276457		0
0.31		0.276579		0
0.311		0.276697		0
0.312		0.276812		0
0.313		0.276922		0
0.314		0.277029		0
0.315		0.277131		0
0.316		0.27723		0
0.317		0.277326		0
0.318		0.277418		0
0.319		0.277506		0
0.32		0.27759		0
0.321		0.277671		0
0.322		0.277748		0
0.323		0.277822		0
0.324		0.277892		0
0.325		0.277959		0
0.326		0.278022		0
0.327		0.278082		0
0.328		0.278139		0
0.329		0.278192		0
0.33		0.278242		0
0.331		0.278288		0
0.332		0.278332		0
0.333		0.278372		0
0.334		0.278409		0
0.335		0.278443		0
0.336		0.278473		0
0.337		0.278501		0
0.338		0.278525		0
0.339		0.278546		0
0.34		0.278565		0
0.341		0.27858		0
0.342		0.278592		0
0.343		0.278602		0
0.344		0.278608		0
0.345		0.278612		0
0.346		0.278612		0
0.347		0.27861		0
0.348		0.278605		0
0.349		0.278597		0
0.35		0.278587		0
0.351		0.278573		0
0.352		0.278557		0
0.353		0.278539		0
0.354		0.278517		0
0.355		0.278493		0
0.356		0.278467		0
0.357		0.278438		0
0.358		0.278406		0
0.359		0.278372		0
0.36		0.278335		0
0.361		0.278296		0
0.362		0.278254		0
0.363		0.27821		0
0.364		0.278163		0
0.365		0.278114		0
0.366		0.278062		0
0.367		0.278009		0
0.368		0.277953		0
0.369		0.277894		0
0.37		0.277834		0
0.371		0.277771		0
0.372		0.277705		0
0.373		0.277638		0
0.374		0.277568		0
0.375		0.277497		0
0.376		0.277423		0
0.377		0.277347		0
0.378		0.277269		0
0.379		0.277188		0
0.38		0.277106		0
0.381		0.277022		0
0.382		0.276935		0
0.383		0.276847		0
0.384		0.276757		0
0.385		0.276664		0
0.386		0.27657		0
0.387		0.276474		0
0.388		0.276376		0
0.389		0.276276		0
0.39		0.276174		0
0.391		0.27607		0
0.392		0.275965		0
0.393		0.275858		0
0.394		0.275748		0
0.395		0.275638		0
0.396		0.275525		0
0.397		0.275411		0
0.398		0.275295		0
0.399		0.275177		0
0.4		0.275057		0
0.401		0.274936		0
0.402		0.274813		0
0.403		0.274689		0
0.404		0.274563		0
0.405		0.274436		0
0.406		0.274306		0
0.407		0.274176		0
0.408		0.274043		0
0.409		0.27391		0
0.41		0.273774		0
0.411		0.273638		0
0.412		0.273499		0
0.413		0.27336		0
0.414		0.273219		0
0.415		0.273076		0
0.416		0.272932		0
0.417		0.272787		0
0.418		0.27264		0
0.419		0.272492		0
0.42		0.272342		0
0.421		0.272192		0
0.422		0.272039		0
0.423		0.271886		0
0.424		0.271731		0
0.425		0.271575		0
0.426		0.271418		0
0.427		0.27126		0
0.428		0.2711		0
0.429		0.270939		0
0.43		0.270777		0
0.431		0.270613		0
0.432		0.270449		0
0.433		0.270283		0
0.434		0.270116		0
0.435		0.269949		0
0.436		0.269779		0
0.437		0.269609		0
0.438		0.269438		0
0.439		0.269266		0
0.44		0.269092		0
0.441		0.268918		0
0.442		0.268742		0
0.443		0.268566		0
0.444		0.268388		0
0.445		0.26821		0
0.446		0.26803		0
0.447		0.26785		0
0.448		0.267668		0
0.449		0.267486		0
0.45		0.267302		0
0.451		0.267118		0
0.452		0.266933		0
0.453		0.266746		0
0.454		0.266559		0
0.455		0.266371		0
0.456		0.266182		0
0.457		0.265993		0
0.458		0.265802		0
0.459		0.265611		0
0.46		0.265419		0
0.461		0.265225		0
0.462		0.265032		0
0.463		0.264837		0
0.464		0.264641		0
0.465		0.264445		0
0.466		0.264248		0
0.467		0.26405		0
0.468		0.263852		0
0.469		0.263653		0
0.47		0.263453		0
0.471		0.263252		0
0.472		0.263051		0
0.473		0.262848		0
0.474		0.262646		0
0.475		0.262442		0
0.476		0.262238		0
0.477		0.262033		0
0.478		0.261828		0
0.479		0.261622		0
0.48		0.261415		0
0.481		0.261207		0
0.482		0.260999		0
0.483		0.260791		0
0.484		0.260582		0
0.485		0.260372		0
0.486		0.260162		0
0.487		0.259951		0
0.488		0.259739		0
0.489		0.259527		0
0.49		0.259314		0
0.491		0.259101		0
0.492		0.258888		0
0.493		0.258673		0
0.494		0.258459		0
0.495		0.258243		0
0.496		0.258028		0
0.497		0.257811		0
0.498		0.257595		0
0.499		0.257378		0
0.5		0.25716		0
0.501		0.256942		0
0.502		0.256723		0
0.503		0.256504		0
0.504		0.256285		0
0.505		0.256065		0
0.506		0.255844		0
0.507		0.255624		0
0.508		0.255403		0
0.509		0.255181		0
0.51		0.254959		0
0.511		0.254737		0
0.512		0.254514		0
0.513		0.254291		0
0.514		0.254067		0
0.515		0.253844		0
0.516		0.253619		0
0.517		0.253395		0
0.518		0.25317		0
0.519		0.252945		0
0.52		0.252719		0
0.521		0.252493		0
0.522		0.252267		0
0.523		0.25204		0
0.524		0.251814		0
0.525		0.251586		0
0.526		0.251359		0
0.527		0.251131		0
0.528		0.250903		0
0.529		0.250675		0
0.53		0.250446		0
0.531		0.250218		0
0.532		0.249989		0
0.533		0.249759		0
0.534		0.24953		0
0.535		0.2493		0
0.536		0.24907		0
0.537		0.248839		0
0.538		0.248609		0
0.539		0.248378		0
0.54		0.248147		0
0.541		0.247916		0
0.542		0.247684		0
0.543		0.247453		0
0.544		0.247221		0
0.545		0.246989		0
0.546		0.246757		0
0.547		0.246524		0
0.548		0.246292		0
0.549		0.246059		0
0.55		0.245826		0
0.551		0.245593		0
0.552		0.24536		0
0.553		0.245126		0
0.554		0.244893		0
0.555		0.244659		0
0.556		0.244425		0
0.557		0.244191		0
0.558		0.243957		0
0.559		0.243723		0
0.56		0.243489		0
0.561		0.243254		0
0.562		0.24302		0
0.563		0.242785		0
0.564		0.24255		0
0.565		0.242315		0
0.566		0.24208		0
0.567		0.241845		0
0.568		0.24161		0
0.569		0.241374		0
0.57		0.241139		0
0.571		0.240904		0
0.572		0.240668		0
0.573		0.240432		0
0.574		0.240197		0
0.575		0.239961		0
0.576		0.239725		0
0.577		0.239489		0
0.578		0.239253		0
0.579		0.239017		0
0.58		0.238781		0
0.581		0.238545		0
0.582		0.238309		0
0.583		0.238073		0
0.584		0.237837		0
0.585		0.2376		0
0.586		0.237364		0
0.587		0.237128		0
0.588		0.236891		0
0.589		0.236655		0
0.59		0.236419		0
0.591		0.236182		0
0.592		0.235946		0
0.593		0.23571		0
0.594		0.235473		0
0.595		0.235237		0
0.596		0.235		0
0.597		0.234764		0
0.598		0.234528		0
0.599		0.234291		0
0.6		0.234055		0
0.601		0.233818		0
0.602		0.233582		0
0.603		0.233346		0
0.604		0.233109		0
0.605		0.232873		0
0.606		0.232637		0
0.607		0.232401		0
0.608		0.232165		0
0.609		0.231928		0
0.61		0.231692		0
0.611		0.231456		0
0.612		0.23122		0
0.613		0.230984		0
0.614		0.230748		0
0.615		0.230513		0
0.616		0.230277		0
0.617		0.230041		0
0.618		0.229805		0
0.619		0.22957		0
0.62		0.229334		0
0.621		0.229099		0
0.622		0.228863		0
0.623		0.228628		0
0.624		0.228392		0
0.625		0.228157		0
0.626		0.227922		0
0.627		0.227687		0
0.628		0.227452		0
0.629		0.227217		0
0.63		0.226982		0
0.631		0.226748		0
0.632		0.226513		0
0.633		0.226278		0
0.634		0.226044		0
0.635		0.225809		0
0.636		0.225575		0
0.637		0.225341		0
0.638		0.225107		0
0.639		0.224873		0
0.64		0.224639		0
0.641		0.224405		0
0.642		0.224172		0
0.643		0.223938		0
0.644		0.223705		0
0.645		0.223471		0
0.646		0.223238		0
0.647		0.223005		0
0.648		0.222772		0
0.649		0.222539		0
0.65		0.222306		0
0.651		0.222074		0
0.652		0.221841		0
0.653		0.221609		0
0.654		0.221377		0
0.655		0.221144		0
0.656		0.220912		0
0.657		0.220681		0
0.658		0.220449		0
0.659		0.220217		0
0.66		0.219986		0
0.661		0.219755		0
0.662		0.219523		0
0.663		0.219292		0
0.664		0.219061		0
0.665		0.218831		0
0.666		0.2186		0
0.667		0.21837		0
0.668		0.218139		0
0.669		0.217909		0
0.67		0.217679		0
0.671		0.217449		0
0.672		0.217219		0
0.673		0.21699		0
0.674		0.21676		0
0.675		0.216531		0
0.676		0.216302		0
0.677		0.216073		0
0.678		0.215844		0
0.679		0.215616		0
0.68		0.215387		0
0.681		0.215159		0
0.682		0.214931		0
0.683		0.214703		0
0.684		0.214475		0
0.685		0.214247		0
0.686		0.21402		0
0.687		0.213792		0
0.688		0.213565		0
0.689		0.213338		0
0.69		0.213111		0
0.691		0.212885		0
0.692		0.212658		0
0.693		0.212432		0
0.694		0.212206		0
0.695		0.21198		0
0.696		0.211754		0
0.697		0.211529		0
0.698		0.211303		0
0.699		0.211078		0
0.7		0.210853		0
0.701		0.210628		0
0.702		0.210403		0
0.703		0.210179		0
0.704		0.209955		0
0.705		0.209731		0
0.706		0.209507		0
0.707		0.209283		0
0.708		0.209059		0
0.709		0.208836		0
0.71		0.208613		0
0.711		0.20839		0
0.712		0.208167		0
0.713		0.207944		0
0.714		0.207722		0
0.715		0.2075		0
0.716		0.207278		0
0.717		0.207056		0
0.718		0.206834		0
0.719		0.206613		0
0.72		0.206391		0
0.721		0.20617		0
0.722		0.205949		0
0.723		0.205729		0
0.724		0.205508		0
0.725		0.205288		0
0.726		0.205068		0
0.727		0.204848		0
0.728		0.204628		0
0.729		0.204409		0
0.73		0.20419		0
0.731		0.203971		0
0.732		0.203752		0
0.733		0.203533		0
0.734		0.203315		0
0.735		0.203096		0
0.736		0.202878		0
0.737		0.20266		0
0.738		0.202443		0
0.739		0.202225		0
0.74		0.202008		0
0.741		0.201791		0
0.742		0.201574		0
0.743		0.201358		0
0.744		0.201141		0
0.745		0.200925		0
0.746		0.200709		0
0.747		0.200493		0
0.748		0.200278		0
0.749		0.200063		0
0.75		0.199847		0
0.751		0.199633		0
0.752		0.199418		0
0.753		0.199203		0
0.754		0.198989		0
0.755		0.198775		0
0.756		0.198561		0
0.757		0.198348		0
0.758		0.198134		0
0.759		0.197921		0
0.76		0.197708		0
0.761		0.197495		0
0.762		0.197283		0
0.763		0.19707		0
0.764		0.196858		0
0.765		0.196646		0
0.766		0.196435		0
0.767		0.196223		0
0.768		0.196012		0
0.769		0.195801		0
0.77		0.19559		0
0.771		0.195379		0
0.772		0.195169		0
0.773		0.194959		0
0.774		0.194749		0
0.775		0.194539		0
0.776		0.19433		0
0.777		0.19412		0
0.778		0.193911		0
0.779		0.193702		0
0.78		0.193494		0
0.781		0.193285		0
0.782		0.193077		0
0.783		0.192869		0
0.784		0.192662		0
0.785		0.192454		0
0.786		0.192247		0
0.787		0.19204		0
0.788		0.191833		0
0.789		0.191626		0
0.79		0.19142		0
0.791		0.191214		0
0.792		0.191008		0
0.793		0.190802		0
0.794		0.190596		0
0.795		0.190391		0
0.796		0.190186		0
0.797		0.189981		0
0.798		0.189777		0
0.799		0.189572		0
0.8		0.189368		0
0.801		0.189164		0
0.802		0.18896		0
0.803		0.188757		0
0.804		0.188554		0
0.805		0.188351		0
0.806		0.188148		0
0.807		0.187945		0
0.808		0.187743		0
0.809		0.187541		0
0.81		0.187339		0
0.811		0.187137		0
0.812		0.186936		0
0.813		0.186734		0
0.814		0.186533		0
0.815		0.186333		0
0.816		0.186132		0
0.817		0.185932		0
0.818		0.185732		0
0.819		0.185532		0
0.82		0.185332		0
0.821		0.185133		0
0.822		0.184934		0
0.823		0.184735		0
0.824		0.184536		0
0.825		0.184337		0
0.826		0.184139		0
0.827		0.183941		0
0.828		0.183743		0
0.829		0.183545		0
0.83		0.183348		0
0.831		0.183151		0
0.832		0.182954		0
0.833		0.182757		0
0.834		0.182561		0
0.835		0.182365		0
0.836		0.182169		0
0.837		0.181973		0
0.838		0.181777		0
0.839		0.181582		0
0.84		0.181387		0
0.841		0.181192		0
0.842		0.180997		0
0.843		0.180803		0
0.844		0.180608		0
0.845		0.180414		0
0.846		0.180221		0
0.847		0.180027		0
0.848		0.179834		0
0.849		0.179641		0
0.85		0.179448		0
0.851		0.179255		0
0.852		0.179063		0
0.853		0.178871		0
0.854		0.178679		0
0.855		0.178487		0
0.856		0.178296		0
0.857		0.178104		0
0.858		0.177913		0
0.859		0.177722		0
0.86		0.177532		0
0.861		0.177341		0
0.862		0.177151		0
0.863		0.176961		0
0.864		0.176772		0
0.865		0.176582		0
0.866		0.176393		0
0.867		0.176204		0
0.868		0.176015		0
0.869		0.175827		0
0.87		0.175638		0
0.871		0.17545		0
0.872		0.175262		0
0.873		0.175075		0
0.874		0.174887		0
0.875		0.1747		0
0.876		0.174513		0
0.877		0.174326		0
0.878		0.17414		0
0.879		0.173953		0
0.88		0.173767		0
0.881		0.173581		0
0.882		0.173396		0
0.883		0.17321		0
0.884		0.173025		0
0.885		0.17284		0
0.886		0.172655		0
0.887		0.172471		0
0.888		0.172287		0
0.889		0.172102		0
0.89		0.171919		0
0.891		0.171735		0
0.892		0.171552		0
0.893		0.171368		0
0.894		0.171185		0
0.895		0.171003		0
0.896		0.17082		0
0.897		0.170638		0
0.898		0.170456		0
0.899		0.170274		0
0.9		0.170092		0
0.901		0.169911		0
0.902		0.16973		0
0.903		0.169549		0
0.904		0.169368		0
0.905		0.169188		0
0.906		0.169007		0
0.907		0.168827		0
0.908		0.168647		0
0.909		0.168468		0
0.91		0.168288		0
0.911		0.168109		0
0.912		0.16793		0
0.913		0.167751		0
0.914		0.167573		0
0.915		0.167394		0
0.916		0.167216		0
0.917		0.167038		0
0.918		0.166861		0
0.919		0.166683		0
0.92		0.166506		0
0.921		0.166329		0
0.922		0.166152		0
0.923		0.165976		0
0.924		0.165799		0
0.925		0.165623		0
0.926		0.165447		0
0.927		0.165272		0
0.928		0.165096		0
0.929		0.164921		0
0.93		0.164746		0
0.931		0.164571		0
0.932		0.164397		0
0.933		0.164222		0
0.934		0.164048		0
0.935		0.163874		0
0.936		0.1637		0
0.937		0.163527		0
0.938		0.163353		0
0.939		0.16318		0
0.94		0.163007		0
0.941		0.162835		0
0.942		0.162662		0
0.943		0.16249		0
0.944		0.162318		0
0.945		0.162146		0
0.946		0.161975		0
0.947		0.161803		0
0.948		0.161632		0
0.949		0.161461		0
0.95		0.161291		0
0.951		0.16112		0
0.952		0.16095		0
0.953		0.16078		0
0.954		0.16061		0
0.955		0.16044		0
0.956		0.160271		0
0.957		0.160101		0
0.958		0.159932		0
0.959		0.159764		0
0.96		0.159595		0
0.961		0.159427		0
0.962		0.159258		0
0.963		0.15909		0
0.964		0.158923		0
0.965		0.158755		0
0.966		0.158588		0
0.967		0.158421		0
0.968		0.158254		0
0.969		0.158087		0
0.97		0.157921		0
0.971		0.157754		0
0.972		0.157588		0
0.973		0.157422		0
0.974		0.157257		0
0.975		0.157091		0
0.976		0.156926		0
0.977		0.156761		0
0.978		0.156596		0
0.979		0.156432		0
0.98		0.156267		0
0.981		0.156103		0
0.982		0.155939		0
0.983		0.155775		0
0.984		0.155612		0
0.985		0.155448		0
0.986		0.155285		0
0.987		0.155122		0
0.988		0.154959		0
0.989		0.154797		0
0.99		0.154635		0
0.991		0.154472		0
0.992		0.154311		0
0.993		0.154149		0
0.994		0.153987		0
0.995		0.153826		0
0.996		0.153665		0
0.997		0.153504		0
0.998		0.153343		0
0.999		0.153183		0
1		0.153023		0
1.001		0.152862		0
1.002		0.152703		0
1.003		0.152543		0
1.004		0.152383		0
1.005		0.152224		0
1.006		0.152065		0
1.007		0.151906		0
1.008		0.151748		0
1.009		0.151589		0
1.01		0.151431		0
1.011		0.151273		0
1.012		0.151115		0
1.013		0.150957		0
1.014		0.1508		0
1.015		0.150642		0
1.016		0.150485		0
1.017		0.150329		0
1.018		0.150172		0
1.019		0.150015		0
1.02		0.149859		0
1.021		0.149703		0
1.022		0.149547		0
1.023		0.149392		0
1.024		0.149236		0
1.025		0.149081		0
1.026		0.148926		0
1.027		0.148771		0
1.028		0.148616		0
1.029		0.148462		0
1.03		0.148308		0
1.031		0.148153		0
1.032		0.148		0
1.033		0.147846		0
1.034		0.147692		0
1.035		0.147539		0
1.036		0.147386		0
1.037		0.147233		0
1.038		0.14708		0
1.039		0.146928		0
1.04		0.146776		0
1.041		0.146623		0
1.042		0.146471		0
1.043		0.14632		0
1.044		0.146168		0
1.045		0.146017		0
1.046		0.145866		0
1.047		0.145715		0
1.048		0.145564		0
1.049		0.145413		0
1.05		0.145263		0
1.051		0.145113		0
1.052		0.144963		0
1.053		0.144813		0
1.054		0.144663		0
1.055		0.144514		0
1.056		0.144365		0
1.057		0.144216		0
1.058		0.144067		0
1.059		0.143918		0
1.06		0.14377		0
1.061		0.143621		0
1.062		0.143473		0
1.063		0.143325		0
1.064		0.143178		0
1.065		0.14303		0
1.066		0.142883		0
1.067		0.142736		0
1.068		0.142589		0
1.069		0.142442		0
1.07		0.142295		0
1.071		0.142149		0
1.072		0.142003		0
1.073		0.141857		0
1.074		0.141711		0
1.075		0.141565		0
1.076		0.14142		0
1.077		0.141275		0
1.078		0.14113		0
1.079		0.140985		0
1.08		0.14084		0
1.081		0.140695		0
1.082		0.140551		0
1.083		0.140407		0
1.084		0.140263		0
1.085		0.140119		0
1.086		0.139976		0
1.087		0.139832		0
1.088		0.139689		0
1.089		0.139546		0
1.09		0.139403		0
1.091		0.13926		0
1.092		0.139118		0
1.093		0.138976		0
1.094		0.138833		0
1.095		0.138692		0
1.096		0.13855		0
1.097		0.138408		0
1.098		0.138267		0
1.099		0.138126		0
1.1		0.137985		0
1.101		0.137844		0
1.102		0.137703		0
1.103		0.137562		0
1.104		0.137422		0
1.105		0.137282		0
1.106		0.137142		0
1.107		0.137002		0
1.108		0.136863		0
1.109		0.136723		0
1.11		0.136584		0
1.111		0.136445		0
1.112		0.136306		0
1.113		0.136167		0
1.114		0.136029		0
1.115		0.135891		0
1.116		0.135752		0
1.117		0.135614		0
1.118		0.135477		0
1.119		0.135339		0
1.12		0.135201		0
1.121		0.135064		0
1.122		0.134927		0
1.123		0.13479		0
1.124		0.134653		0
1.125		0.134517		0
1.126		0.13438		0
1.127		0.134244		0
1.128		0.134108		0
1.129		0.133972		0
1.13		0.133837		0
1.131		0.133701		0
1.132		0.133566		0
1.133		0.13343		0
1.134		0.133295		0
1.135		0.133161		0
1.136		0.133026		0
1.137		0.132891		0
1.138		0.132757		0
1.139		0.132623		0
1.14		0.132489		0
1.141		0.132355		0
1.142		0.132222		0
1.143		0.132088		0
1.144		0.131955		0
1.145		0.131822		0
1.146		0.131689		0
1.147		0.131556		0
1.148		0.131423		0
1.149		0.131291		0
1.15		0.131159		0
1.151		0.131027		0
1.152		0.130895		0
1.153		0.130763		0
1.154		0.130631		0
1.155		0.1305		0
1.156		0.130369		0
1.157		0.130238		0
1.158		0.130107		0
1.159		0.129976		0
1.16		0.129845		0
1.161		0.129715		0
1.162		0.129585		0
1.163		0.129455		0
1.164		0.129325		0
1.165		0.129195		0
1.166		0.129065		0
1.167		0.128936		0
1.168		0.128807		0
1.169		0.128678		0
1.17		0.128549		0
1.171		0.12842		0
1.172		0.128291		0
1.173		0.128163		0
1.174		0.128035		0
1.175		0.127907		0
1.176		0.127779		0
1.177		0.127651		0
1.178		0.127523		0
1.179		0.127396		0
1.18		0.127269		0
1.181		0.127142		0
1.182		0.127015		0
1.183		0.126888		0
1.184		0.126761		0
1.185		0.126635		0
1.186		0.126509		0
1.187		0.126382		0
1.188		0.126256		0
1.189		0.126131		0
1.19		0.126005		0
1.191		0.125879		0
1.192		0.125754		0
1.193		0.125629		0
1.194		0.125504		0
1.195		0.125379		0
1.196		0.125254		0
1.197		0.12513		0
1.198		0.125006		0
1.199		0.124881		0
1.2		0.124757		0
1.201		0.124633		0
1.202		0.12451		0
1.203		0.124386		0
1.204		0.124263		0
1.205		0.124139		0
1.206		0.124016		0
1.207		0.123893		0
1.208		0.123771		0
1.209		0.123648		0
1.21		0.123526		0
1.211		0.123403		0
1.212		0.123281		0
1.213		0.123159		0
1.214		0.123037		0
1.215		0.122916		0
1.216		0.122794		0
1.217		0.122673		0
1.218		0.122551		0
1.219		0.12243		0
1.22		0.122309		0
1.221		0.122189		0
1.222		0.122068		0
1.223		0.121948		0
1.224		0.121827		0
1.225		0.121707		0
1.226		0.121587		0
1.227		0.121467		0
1.228		0.121348		0
1.229		0.121228		0
1.23		0.121109		0
1.231		0.12099		0
1.232		0.120871		0
1.233		0.120752		0
1.234		0.120633		0
1.235		0.120514		0
1.236		0.120396		0
1.237		0.120277		0
1.238		0.120159		0
1.239		0.120041		0
1.24		0.119923		0
1.241		0.119806		0
1.242		0.119688		0
1.243		0.119571		0
1.244		0.119454		0
1.245		0.119336		0
1.246		0.119219		0
1.247		0.119103		0
1.248		0.118986		0
1.249		0.118869		0
1.25		0.118753		0
1.251		0.118637		0
1.252		0.118521		0
1.253		0.118405		0
1.254		0.118289		0
1.255		0.118173		0
1.256		0.118058		0
1.257		0.117943		0
1.258		0.117827		0
1.259		0.117712		0
1.26		0.117598		0
1.261		0.117483		0
1.262		0.117368		0
1.263		0.117254		0
1.264		0.117139		0
1.265		0.117025		0
1.266		0.116911		0
1.267		0.116797		0
1.268		0.116684		0
1.269		0.11657		0
1.27		0.116457		0
1.271		0.116343		0
1.272		0.11623		0
1.273		0.116117		0
1.274		0.116004		0
1.275		0.115892		0
1.276		0.115779		0
1.277		0.115667		0
1.278		0.115554		0
1.279		0.115442		0
1.28		0.11533		0
1.281		0.115218		0
1.282		0.115107		0
1.283		0.114995		0
1.284		0.114884		0
1.285		0.114772		0
1.286		0.114661		0
1.287		0.11455		0
1.288		0.114439		0
1.289		0.114329		0
1.29		0.114218		0
1.291		0.114107		0
1.292		0.113997		0
1.293		0.113887		0
1.294		0.113777		0
1.295		0.113667		0
1.296		0.113557		0
1.297		0.113448		0
1.298		0.113338		0
1.299		0.113229		0
1.3		0.11312		0
1.301		0.113011		0
1.302		0.112902		0
1.303		0.112793		0
1.304		0.112684		0
1.305		0.112576		0
1.306		0.112467		0
1.307		0.112359		0
1.308		0.112251		0
1.309		0.112143		0
1.31		0.112035		0
1.311		0.111928		0
1.312		0.11182		0
1.313		0.111713		0
1.314		0.111605		0
1.315		0.111498		0
1.316		0.111391		0
1.317		0.111284		0
1.318		0.111178		0
1.319		0.111071		0
1.32		0.110965		0
1.321		0.110858		0
1.322		0.110752		0
1.323		0.110646		0
1.324		0.11054		0
1.325		0.110434		0
1.326		0.110329		0
1.327		0.110223		0
1.328		0.110118		0
1.329		0.110012		0
1.33		0.109907		0
1.331		0.109802		0
1.332		0.109697		0
1.333		0.109593		0
1.334		0.109488		0
1.335		0.109384		0
1.336		0.109279		0
1.337		0.109175		0
1.338		0.109071		0
1.339		0.108967		0
1.34		0.108863		0
1.341		0.10876		0
1.342		0.108656		0
1.343		0.108553		0
1.344		0.108449		0
1.345		0.108346		0
1.346		0.108243		0
1.347		0.10814		0
1.348		0.108037		0
1.349		0.107935		0
1.35		0.107832		0
1.351		0.10773		0
1.352		0.107628		0
1.353		0.107526		0
1.354		0.107424		0
1.355		0.107322		0
1.356		0.10722		0
1.357		0.107118		0
1.358		0.107017		0
1.359		0.106916		0
1.36		0.106814		0
1.361		0.106713		0
1.362		0.106612		0
1.363		0.106511		0
1.364		0.106411		0
1.365		0.10631		0
1.366		0.10621		0
1.367		0.106109		0
1.368		0.106009		0
1.369		0.105909		0
1.37		0.105809		0
1.371		0.105709		0
1.372		0.105609		0
1.373		0.10551		0
1.374		0.10541		0
1.375		0.105311		0
1.376		0.105212		0
1.377		0.105113		0
1.378		0.105014		0
1.379		0.104915		0
1.38		0.104816		0
1.381		0.104718		0
1.382		0.104619		0
1.383		0.104521		0
1.384		0.104422		0
1.385		0.104324		0
1.386		0.104226		0
1.387		0.104129		0
1.388		0.104031		0
1.389		0.103933		0
1.39		0.103836		0
1.391		0.103738		0
1.392		0.103641		0
1.393		0.103544		0
1.394		0.103447		0
1.395		0.10335		0
1.396		0.103253		0
1.397		0.103157		0
1.398		0.10306		0
1.399		0.102964		0
1.4		0.102867		0
1.401		0.102771		0
1.402		0.102675		0
1.403		0.102579		0
1.404		0.102483		0
1.405		0.102388		0
1.406		0.102292		0
1.407		0.102197		0
1.408		0.102101		0
1.409		0.102006		0
1.41		0.101911		0
1.411		0.101816		0
1.412		0.101721		0
1.413		0.101627		0
1.414		0.101532		0
1.415		0.101437		0
1.416		0.101343		0
1.417		0.101249		0
1.418		0.101155		0
1.419		0.101061		0
1.42		0.100967		0
1.421		0.100873		0
1.422		0.100779		0
1.423		0.100686		0
1.424		0.100592		0
1.425		0.100499		0
1.426		0.100406		0
1.427		0.100313		0
1.428		0.10022		0
1.429		0.100127		0
1.43		0.100034		0
1.431		0.0999414		0
1.432		0.0998488		0
1.433		0.0997564		0
1.434		0.0996641		0
1.435		0.099572		0
1.436		0.0994799		0
1.437		0.0993879		0
1.438		0.0992961		0
1.439		0.0992044		0
1.44		0.0991128		0
1.441		0.0990213		0
1.442		0.0989299		0
1.443		0.0988386		0
1.444		0.0987475		0
1.445		0.0986564		0
1.446		0.0985655		0
1.447		0.0984747		0
1.448		0.098384		0
1.449		0.0982934		0
1.45		0.0982029		0
1.451		0.0981125		0
1.452		0.0980223		0
1.453		0.0979321		0
1.454		0.0978421		0
1.455		0.0977522		0
1.456		0.0976623		0
1.457		0.0975726		0
1.458		0.097483		0
1.459		0.0973936		0
1.46		0.0973042		0
1.461		0.0972149		0
1.462		0.0971258		0
1.463		0.0970367		0
1.464		0.0969478		0
1.465		0.096859		0
1.466		0.0967703		0
1.467		0.0966817		0
1.468		0.0965932		0
1.469		0.0965048		0
1.47		0.0964165		0
1.471		0.0963284		0
1.472		0.0962403		0
1.473		0.0961524		0
1.474		0.0960645		0
1.475		0.0959768		0
1.476		0.0958892		0
1.477		0.0958016		0
1.478		0.0957142		0
1.479		0.0956269		0
1.48		0.0955397		0
1.481		0.0954526		0
1.482		0.0953657		0
1.483		0.0952788		0
1.484		0.095192		0
1.485		0.0951054		0
1.486		0.0950188		0
1.487		0.0949324		0
1.488		0.094846		0
1.489		0.0947598		0
1.49		0.0946736		0
1.491		0.0945876		0
1.492		0.0945017		0
1.493		0.0944159		0
1.494		0.0943302		0
1.495		0.0942446		0
1.496		0.0941591		0
1.497		0.0940737		0
1.498		0.0939884		0
1.499		0.0939032		0
1.5		0.0938181		0
1.501		0.0937332		0
1.502		0.0936483		0
1.503		0.0935635		0
1.504		0.0934789		0
1.505		0.0933943		0
1.506		0.0933098		0
1.507		0.0932255		0
1.508		0.0931412		0
1.509		0.0930571		0
1.51		0.092973		0
1.511		0.0928891		0
1.512		0.0928053		0
1.513		0.0927215		0
1.514		0.0926379		0
1.515		0.0925543		0
1.516		0.0924709		0
1.517		0.0923876		0
1.518		0.0923044		0
1.519		0.0922212		0
1.52		0.0921382		0
1.521		0.0920553		0
1.522		0.0919725		0
1.523		0.0918897		0
1.524		0.0918071		0
1.525		0.0917246		0
1.526		0.0916422		0
1.527		0.0915599		0
1.528		0.0914776		0
1.529		0.0913955		0
1.53		0.0913135		0
1.531		0.0912316		0
1.532		0.0911498		0
1.533		0.091068		0
1.534		0.0909864		0
1.535		0.0909049		0
1.536		0.0908235		0
1.537		0.0907422		0
1.538		0.0906609		0
1.539		0.0905798		0
1.54		0.0904988		0
1.541		0.0904178		0
1.542		0.090337		0
1.543		0.0902563		0
1.544		0.0901756		0
1.545		0.0900951		0
1.546		0.0900147		0
1.547		0.0899343		0
1.548		0.0898541		0
1.549		0.0897739		0
1.55		0.0896939		0
1.551		0.0896139		0
1.552		0.0895341		0
1.553		0.0894543		0
1.554		0.0893747		0
1.555		0.0892951		0
1.556		0.0892156		0
1.557		0.0891362		0
1.558		0.089057		0
1.559		0.0889778		0
1.56		0.0888987		0
1.561		0.0888197		0
1.562		0.0887408		0
1.563		0.088662		0
1.564		0.0885833		0
1.565		0.0885047		0
1.566		0.0884262		0
1.567		0.0883478		0
1.568		0.0882694		0
1.569		0.0881912		0
1.57		0.0881131		0
1.571		0.088035		0
1.572		0.0879571		0
1.573		0.0878792		0
1.574		0.0878015		0
1.575		0.0877238		0
1.576		0.0876462		0
1.577		0.0875688		0
1.578		0.0874914		0
1.579		0.0874141		0
1.58		0.0873369		0
1.581		0.0872598		0
1.582		0.0871828		0
1.583		0.0871058		0
1.584		0.087029		0
1.585		0.0869523		0
1.586		0.0868756		0
1.587		0.0867991		0
1.588		0.0867226		0
1.589		0.0866463		0
1.59		0.08657		0
1.591		0.0864938		0
1.592		0.0864177		0
1.593		0.0863417		0
1.594		0.0862658		0
1.595		0.08619		0
1.596		0.0861142		0
1.597		0.0860386		0
1.598		0.0859631		0
1.599		0.0858876		0
1.6		0.0858122		0
1.601		0.085737		0
1.602		0.0856618		0
1.603		0.0855867		0
1.604		0.0855117		0
1.605		0.0854368		0
1.606		0.0853619		0
1.607		0.0852872		0
1.608		0.0852126		0
1.609		0.085138		0
1.61		0.0850635		0
1.611		0.0849891		0
1.612		0.0849149		0
1.613		0.0848407		0
1.614		0.0847665		0
1.615		0.0846925		0
1.616		0.0846186		0
1.617		0.0845447		0
1.618		0.084471		0
1.619		0.0843973		0
1.62		0.0843237		0
1.621		0.0842502		0
1.622		0.0841768		0
1.623		0.0841035		0
1.624		0.0840303		0
1.625		0.0839571		0
1.626		0.0838841		0
1.627		0.0838111		0
1.628		0.0837382		0
1.629		0.0836654		0
1.63		0.0835927		0
1.631		0.0835201		0
1.632		0.0834475		0
1.633		0.0833751		0
1.634		0.0833027		0
1.635		0.0832304		0
1.636		0.0831583		0
1.637		0.0830861		0
1.638		0.0830141		0
1.639		0.0829422		0
1.64		0.0828703		0
1.641		0.0827986		0
1.642		0.0827269		0
1.643		0.0826553		0
1.644		0.0825838		0
1.645		0.0825124		0
1.646		0.082441		0
1.647		0.0823698		0
1.648		0.0822986		0
1.649		0.0822275		0
1.65		0.0821565		0
1.651		0.0820856		0
1.652		0.0820148		0
1.653		0.081944		0
1.654		0.0818733		0
1.655		0.0818028		0
1.656		0.0817323		0
1.657		0.0816618		0
1.658		0.0815915		0
1.659		0.0815213		0
1.66		0.0814511		0
1.661		0.081381		0
1.662		0.081311		0
1.663		0.0812411		0
1.664		0.0811713		0
1.665		0.0811015		0
1.666		0.0810318		0
1.667		0.0809622		0
1.668		0.0808927		0
1.669		0.0808233		0
1.67		0.080754		0
1.671		0.0806847		0
1.672		0.0806155		0
1.673		0.0805464		0
1.674		0.0804774		0
1.675		0.0804085		0
1.676		0.0803396		0
1.677		0.0802709		0
1.678		0.0802022		0
1.679		0.0801336		0
1.68		0.080065		0
1.681		0.0799966		0
1.682		0.0799282		0
1.683		0.0798599		0
1.684		0.0797917		0
1.685		0.0797236		0
1.686		0.0796556		0
1.687		0.0795876		0
1.688		0.0795197		0
1.689		0.0794519		0
1.69		0.0793842		0
1.691		0.0793165		0
1.692		0.0792489		0
1.693		0.0791815		0
1.694		0.079114		0
1.695		0.0790467		0
1.696		0.0789795		0
1.697		0.0789123		0
1.698		0.0788452		0
1.699		0.0787782		0
1.7		0.0787112		0
1.701		0.0786444		0
1.702		0.0785776		0
1.703		0.0785109		0
1.704		0.0784443		0
1.705		0.0783777		0
1.706		0.0783113		0
1.707		0.0782449		0
1.708		0.0781786		0
1.709		0.0781123		0
1.71		0.0780462		0
1.711		0.0779801		0
1.712		0.0779141		0
1.713		0.0778482		0
1.714		0.0777823		0
1.715		0.0777165		0
1.716		0.0776508		0
1.717		0.0775852		0
1.718		0.0775197		0
1.719		0.0774542		0
1.72		0.0773888		0
1.721		0.0773235		0
1.722		0.0772583		0
1.723		0.0771931		0
1.724		0.077128		0
1.725		0.077063		0
1.726		0.0769981		0
1.727		0.0769332		0
1.728		0.0768684		0
1.729		0.0768037		0
1.73		0.0767391		0
1.731		0.0766745		0
1.732		0.0766101		0
1.733		0.0765457		0
1.734		0.0764813		0
1.735		0.0764171		0
1.736		0.0763529		0
1.737		0.0762888		0
1.738		0.0762247		0
1.739		0.0761608		0
1.74		0.0760969		0
1.741		0.0760331		0
1.742		0.0759693		0
1.743		0.0759057		0
1.744		0.0758421		0
1.745		0.0757786		0
1.746		0.0757151		0
1.747		0.0756518		0
1.748		0.0755885		0
1.749		0.0755253		0
1.75		0.0754621		0
1.751		0.075399		0
1.752		0.075336		0
1.753		0.0752731		0
1.754		0.0752102		0
1.755		0.0751475		0
1.756		0.0750847		0
1.757		0.0750221		0
1.758		0.0749595		0
1.759		0.074897		0
1.76		0.0748346		0
1.761		0.0747723		0
1.762		0.07471		0
1.763		0.0746478		0
1.764		0.0745857		0
1.765		0.0745236		0
1.766		0.0744616		0
1.767		0.0743997		0
1.768		0.0743378		0
1.769		0.0742761		0
1.77		0.0742143		0
1.771		0.0741527		0
1.772		0.0740911		0
1.773		0.0740297		0
1.774		0.0739682		0
1.775		0.0739069		0
1.776		0.0738456		0
1.777		0.0737844		0
1.778		0.0737232		0
1.779		0.0736622		0
1.78		0.0736012		0
1.781		0.0735403		0
1.782		0.0734794		0
1.783		0.0734186		0
1.784		0.0733579		0
1.785		0.0732972		0
1.786		0.0732367		0
1.787		0.0731761		0
1.788		0.0731157		0
1.789		0.0730553		0
1.79		0.072995		0
1.791		0.0729348		0
1.792		0.0728746		0
1.793		0.0728145		0
1.794		0.0727545		0
1.795		0.0726945		0
1.796		0.0726347		0
1.797		0.0725748		0
1.798		0.0725151		0
1.799		0.0724554		0
1.8		0.0723958		0
1.801		0.0723362		0
1.802		0.0722768		0
1.803		0.0722173		0
1.804		0.072158		0
1.805		0.0720987		0
1.806		0.0720395		0
1.807		0.0719804		0
1.808		0.0719213		0
1.809		0.0718623		0
1.81		0.0718034		0
1.811		0.0717445		0
1.812		0.0716857		0
1.813		0.0716269		0
1.814		0.0715683		0
1.815		0.0715097		0
1.816		0.0714511		0
1.817		0.0713927		0
1.818		0.0713343		0
1.819		0.0712759		0
1.82		0.0712176		0
1.821		0.0711594		0
1.822		0.0711013		0
1.823		0.0710432		0
1.824		0.0709852		0
1.825		0.0709273		0
1.826		0.0708694		0
1.827		0.0708116		0
1.828		0.0707539		0
1.829		0.0706962		0
1.83		0.0706386		0
1.831		0.070581		0
1.832		0.0705235		0
1.833		0.0704661		0
1.834		0.0704088		0
1.835		0.0703515		0
1.836		0.0702943		0
1.837		0.0702371		0
1.838		0.07018		0
1.839		0.070123		0
1.84		0.070066		0
1.841		0.0700091		0
1.842		0.0699523		0
1.843		0.0698955		0
1.844		0.0698388		0
1.845		0.0697822		0
1.846		0.0697256		0
1.847		0.0696691		0
1.848		0.0696127		0
1.849		0.0695563		0
1.85		0.0695		0
1.851		0.0694437		0
1.852		0.0693875		0
1.853		0.0693314		0
1.854		0.0692753		0
1.855		0.0692193		0
1.856		0.0691634		0
1.857		0.0691075		0
1.858		0.0690517		0
1.859		0.0689959		0
1.86		0.0689402		0
1.861		0.0688846		0
1.862		0.068829		0
1.863		0.0687735		0
1.864		0.0687181		0
1.865		0.0686627		0
1.866		0.0686074		0
1.867		0.0685522		0
1.868		0.068497		0
1.869		0.0684418		0
1.87		0.0683868		0
1.871		0.0683318		0
1.872		0.0682768		0
1.873		0.068222		0
1.874		0.0681671		0
1.875		0.0681124		0
1.876		0.0680577		0
1.877		0.068003		0
1.878		0.0679485		0
1.879		0.067894		0
1.88		0.0678395		0
1.881		0.0677851		0
1.882		0.0677308		0
1.883		0.0676765		0
1.884		0.0676223		0
1.885		0.0675682		0
1.886		0.0675141		0
1.887		0.0674601		0
1.888		0.0674061		0
1.889		0.0673522		0
1.89		0.0672984		0
1.891		0.0672446		0
1.892		0.0671908		0
1.893		0.0671372		0
1.894		0.0670836		0
1.895		0.06703		0
1.896		0.0669766		0
1.897		0.0669231		0
1.898		0.0668698		0
1.899		0.0668165		0
1.9		0.0667632		0
1.901		0.06671		0
1.902		0.0666569		0
1.903		0.0666038		0
1.904		0.0665508		0
1.905		0.0664979		0
1.906		0.066445		0
1.907		0.0663922		0
1.908		0.0663394		0
1.909		0.0662867		0
1.91		0.066234		0
1.911		0.0661814		0
1.912		0.0661289		0
1.913		0.0660764		0
1.914		0.066024		0
1.915		0.0659716		0
1.916		0.0659193		0
1.917		0.0658671		0
1.918		0.0658149		0
1.919		0.0657627		0
1.92		0.0657107		0
1.921		0.0656587		0
1.922		0.0656067		0
1.923		0.0655548		0
1.924		0.0655029		0
1.925		0.0654512		0
1.926		0.0653994		0
1.927		0.0653478		0
1.928		0.0652962		0
1.929		0.0652446		0
1.93		0.0651931		0
1.931		0.0651417		0
1.932		0.0650903		0
1.933		0.0650389		0
1.934		0.0649877		0
1.935		0.0649365		0
1.936		0.0648853		0
1.937		0.0648342		0
1.938		0.0647832		0
1.939		0.0647322		0
1.94		0.0646812		0
1.941		0.0646304		0
1.942		0.0645795		0
1.943		0.0645288		0
1.944		0.0644781		0
1.945		0.0644274		0
1.946		0.0643768		0
1.947		0.0643263		0
1.948		0.0642758		0
1.949		0.0642254		0
1.95		0.064175		0
1.951		0.0641247		0
1.952		0.0640744		0
1.953		0.0640242		0
1.954		0.063974		0
1.955		0.0639239		0
1.956		0.0638739		0
1.957		0.0638239		0
1.958		0.063774		0
1.959		0.0637241		0
1.96		0.0636743		0
1.961		0.0636245		0
1.962		0.0635748		0
1.963		0.0635251		0
1.964		0.0634755		0
1.965		0.063426		0
1.966		0.0633765		0
1.967		0.0633271		0
1.968		0.0632777		0
1.969		0.0632283		0
1.97		0.0631791		0
1.971		0.0631298		0
1.972		0.0630807		0
1.973		0.0630315		0
1.974		0.0629825		0
1.975		0.0629335		0
1.976		0.0628845		0
1.977		0.0628356		0
1.978		0.0627868		0
1.979		0.062738		0
1.98		0.0626892		0
1.981		0.0626405		0
1.982		0.0625919		0
1.983		0.0625433		0
1.984		0.0624948		0
1.985		0.0624463		0
1.986		0.0623979		0
1.987		0.0623495		0
1.988		0.0623012		0
1.989		0.0622529		0
1.99		0.0622047		0
1.991		0.0621566		0
1.992		0.0621085		0
1.993		0.0620604		0
1.994		0.0620124		0
1.995		0.0619645		0
1.996		0.0619166		0
1.997		0.0618687		0
1.998		0.0618209		0
1.999		0.0617732		0
2		0.0617255		0
2.001		0.0616778		0
2.002		0.0616303		0
2.003		0.0615827		0
2.004		0.0615352		0
2.005		0.0614878		0
2.006		0.0614404		0
2.007		0.0613931		0
2.008		0.0613458		0
2.009		0.0612986		0
2.01		0.0612514		0
2.011		0.0612043		0
2.012		0.0611572		0
2.013		0.0611102		0
2.014		0.0610632		0
2.015		0.0610163		0
2.016		0.0609694		0
2.017		0.0609226		0
2.018		0.0608758		0
2.019		0.0608291		0
2.02		0.0607825		0
2.021		0.0607358		0
2.022		0.0606893		0
2.023		0.0606428		0
2.024		0.0605963		0
2.025		0.0605499		0
2.026		0.0605035		0
2.027		0.0604572		0
2.028		0.0604109		0
2.029		0.0603647		0
2.03		0.0603186		0
2.031		0.0602724		0
2.032		0.0602264		0
2.033		0.0601804		0
2.034		0.0601344		0
2.035		0.0600885		0
2.036		0.0600426		0
2.037		0.0599968		0
2.038		0.059951		0
2.039		0.0599053		0
2.04		0.0598596		0
2.041		0.059814		0
2.042		0.0597684		0
2.043		0.0597229		0
2.044		0.0596774		0
2.045		0.059632		0
2.046		0.0595866		0
2.047		0.0595413		0
2.048		0.059496		0
2.049		0.0594508		0
2.05		0.0594056		0
2.051		0.0593605		0
2.052		0.0593154		0
2.053		0.0592704		0
2.054		0.0592254		0
2.055		0.0591804		0
2.056		0.0591355		0
2.057		0.0590907		0
2.058		0.0590459		0
2.059		0.0590012		0
2.06		0.0589565		0
2.061		0.0589118		0
2.062		0.0588672		0
2.063		0.0588226		0
2.064		0.0587781		0
2.065		0.0587337		0
2.066		0.0586893		0
2.067		0.0586449		0
2.068		0.0586006		0
2.069		0.0585563		0
2.07		0.0585121		0
2.071		0.0584679		0
2.072		0.0584238		0
2.073		0.0583797		0
2.074		0.0583357		0
2.075		0.0582917		0
2.076		0.0582477		0
2.077		0.0582038		0
2.078		0.05816		0
2.079		0.0581162		0
2.08		0.0580724		0
2.081		0.0580287		0
2.082		0.0579851		0
2.083		0.0579414		0
2.084		0.0578979		0
2.085		0.0578543		0
2.086		0.0578109		0
2.087		0.0577674		0
2.088		0.0577241		0
2.089		0.0576807		0
2.09		0.0576374		0
2.091		0.0575942		0
2.092		0.057551		0
2.093		0.0575078		0
2.094		0.0574647		0
2.095		0.0574216		0
2.096		0.0573786		0
2.097		0.0573357		0
2.098		0.0572927		0
2.099		0.0572499		0
2.1		0.057207		0
2.101		0.0571642		0
2.102		0.0571215		0
2.103		0.0570788		0
2.104		0.0570361		0
2.105		0.0569935		0
2.106		0.056951		0
2.107		0.0569084		0
2.108		0.056866		0
2.109		0.0568235		0
2.11		0.0567812		0
2.111		0.0567388		0
2.112		0.0566965		0
2.113		0.0566543		0
2.114		0.0566121		0
2.115		0.0565699		0
2.116		0.0565278		0
2.117		0.0564857		0
2.118		0.0564437		0
2.119		0.0564017		0
2.12		0.0563598		0
2.121		0.0563179		0
2.122		0.056276		0
2.123		0.0562342		0
2.124		0.0561924		0
2.125		0.0561507		0
2.126		0.0561091		0
2.127		0.0560674		0
2.128		0.0560258		0
2.129		0.0559843		0
2.13		0.0559428		0
2.131		0.0559013		0
2.132		0.0558599		0
2.133		0.0558186		0
2.134		0.0557772		0
2.135		0.0557359		0
2.136		0.0556947		0
2.137		0.0556535		0
2.138		0.0556124		0
2.139		0.0555712		0
2.14		0.0555302		0
2.141		0.0554892		0
2.142		0.0554482		0
2.143		0.0554072		0
2.144		0.0553663		0
2.145		0.0553255		0
2.146		0.0552847		0
2.147		0.0552439		0
2.148		0.0552032		0
2.149		0.0551625		0
2.15		0.0551219		0
2.151		0.0550813		0
2.152		0.0550407		0
2.153		0.0550002		0
2.154		0.0549597		0
2.155		0.0549193		0
2.156		0.0548789		0
2.157		0.0548386		0
2.158		0.0547983		0
2.159		0.054758		0
2.16		0.0547178		0
2.161		0.0546776		0
2.162		0.0546375		0
2.163		0.0545974		0
2.164		0.0545574		0
2.165		0.0545174		0
2.166		0.0544774		0
2.167		0.0544375		0
2.168		0.0543976		0
2.169		0.0543578		0
2.17		0.054318		0
2.171		0.0542782		0
2.172		0.0542385		0
2.173		0.0541988		0
2.174		0.0541592		0
2.175		0.0541196		0
2.176		0.05408		0
2.177		0.0540405		0
2.178		0.054001		0
2.179		0.0539616		0
2.18		0.0539222		0
2.181		0.0538829		0
2.182		0.0538436		0
2.183		0.0538043		0
2.184		0.0537651		0
2.185		0.0537259		0
2.186		0.0536868		0
2.187		0.0536477		0
2.188		0.0536086		0
2.189		0.0535696		0
2.19		0.0535306		0
2.191		0.0534916		0
2.192		0.0534527		0
2.193		0.0534139		0
2.194		0.0533751		0
2.195		0.0533363		0
2.196		0.0532975		0
2.197		0.0532588		0
2.198		0.0532202		0
2.199		0.0531816		0
2.2		0.053143		0
2.201		0.0531044		0
2.202		0.0530659		0
2.203		0.0530275		0
2.204		0.0529891		0
2.205		0.0529507		0
2.206		0.0529123		0
2.207		0.052874		0
2.208		0.0528358		0
2.209		0.0527975		0
2.21		0.0527593		0
2.211		0.0527212		0
2.212		0.0526831		0
2.213		0.052645		0
2.214		0.052607		0
2.215		0.052569		0
2.216		0.0525311		0
2.217		0.0524932		0
2.218		0.0524553		0
2.219		0.0524174		0
2.22		0.0523797		0
2.221		0.0523419		0
2.222		0.0523042		0
2.223		0.0522665		0
2.224		0.0522289		0
2.225		0.0521913		0
2.226		0.0521537		0
2.227		0.0521162		0
2.228		0.0520787		0
2.229		0.0520412		0
2.23		0.0520038		0
2.231		0.0519665		0
2.232		0.0519291		0
2.233		0.0518918		0
2.234		0.0518546		0
2.235		0.0518174		0
2.236		0.0517802		0
2.237		0.051743		0
2.238		0.0517059		0
2.239		0.0516689		0
2.24		0.0516318		0
2.241		0.0515948		0
2.242		0.0515579		0
2.243		0.051521		0
2.244		0.0514841		0
2.245		0.0514473		0
2.246		0.0514105		0
2.247		0.0513737		0
2.248		0.051337		0
2.249		0.0513003		0
2.25		0.0512636		0
2.251		0.051227		0
2.252		0.0511904		0
2.253		0.0511539		0
2.254		0.0511174		0
2.255		0.0510809		0
2.256		0.0510445		0
2.257		0.0510081		0
2.258		0.0509718		0
2.259		0.0509354		0
2.26		0.0508992		0
2.261		0.0508629		0
2.262		0.0508267		0
2.263		0.0507905		0
2.264		0.0507544		0
2.265		0.0507183		0
2.266		0.0506822		0
2.267		0.0506462		0
2.268		0.0506102		0
2.269		0.0505743		0
2.27		0.0505384		0
2.271		0.0505025		0
2.272		0.0504666		0
2.273		0.0504308		0
2.274		0.0503951		0
2.275		0.0503593		0
2.276		0.0503236		0
2.277		0.050288		0
2.278		0.0502523		0
2.279		0.0502168		0
2.28		0.0501812		0
2.281		0.0501457		0
2.282		0.0501102		0
2.283		0.0500748		0
2.284		0.0500394		0
2.285		0.050004		0
2.286		0.0499686		0
2.287		0.0499333		0
2.288		0.0498981		0
2.289		0.0498628		0
2.29		0.0498276		0
2.291		0.0497925		0
2.292		0.0497574		0
2.293		0.0497223		0
2.294		0.0496872		0
2.295		0.0496522		0
2.296		0.0496172		0
2.297		0.0495823		0
2.298		0.0495473		0
2.299		0.0495125		0
2.3		0.0494776		0
2.301		0.0494428		0
2.302		0.049408		0
2.303		0.0493733		0
2.304		0.0493386		0
2.305		0.0493039		0
2.306		0.0492693		0
2.307		0.0492347		0
2.308		0.0492001		0
2.309		0.0491656		0
2.31		0.0491311		0
2.311		0.0490966		0
2.312		0.0490622		0
2.313		0.0490278		0
2.314		0.0489935		0
2.315		0.0489592		0
2.316		0.0489249		0
2.317		0.0488906		0
2.318		0.0488564		0
2.319		0.0488222		0
2.32		0.0487881		0
2.321		0.0487539		0
2.322		0.0487199		0
2.323		0.0486858		0
2.324		0.0486518		0
2.325		0.0486178		0
2.326		0.0485839		0
2.327		0.0485499		0
2.328		0.0485161		0
2.329		0.0484822		0
2.33		0.0484484		0
2.331		0.0484146		0
2.332		0.0483809		0
2.333		0.0483472		0
2.334		0.0483135		0
2.335		0.0482799		0
2.336		0.0482462		0
2.337		0.0482127		0
2.338		0.0481791		0
2.339		0.0481456		0
2.34		0.0481121		0
2.341		0.0480787		0
2.342		0.0480453		0
2.343		0.0480119		0
2.344		0.0479786		0
2.345		0.0479453		0
2.346		0.047912		0
2.347		0.0478787		0
2.348		0.0478455		0
2.349		0.0478123		0
2.35		0.0477792		0
2.351		0.0477461		0
2.352		0.047713		0
2.353		0.04768		0
2.354		0.0476469		0
2.355		0.047614		0
2.356		0.047581		0
2.357		0.0475481		0
2.358		0.0475152		0
2.359		0.0474824		0
2.36		0.0474495		0
2.361		0.0474168		0
2.362		0.047384		0
2.363		0.0473513		0
2.364		0.0473186		0
2.365		0.0472859		0
2.366		0.0472533		0
2.367		0.0472207		0
2.368		0.0471882		0
2.369		0.0471556		0
2.37		0.0471231		0
2.371		0.0470907		0
2.372		0.0470582		0
2.373		0.0470258		0
2.374		0.0469935		0
2.375		0.0469611		0
2.376		0.0469288		0
2.377		0.0468966		0
2.378		0.0468643		0
2.379		0.0468321		0
2.38		0.0467999		0
2.381		0.0467678		0
2.382		0.0467357		0
2.383		0.0467036		0
2.384		0.0466715		0
2.385		0.0466395		0
2.386		0.0466075		0
2.387		0.0465756		0
2.388		0.0465437		0
2.389		0.0465118		0
2.39		0.0464799		0
2.391		0.0464481		0
2.392		0.0464163		0
2.393		0.0463845		0
2.394		0.0463528		0
2.395		0.0463211		0
2.396		0.0462894		0
2.397		0.0462577		0
2.398		0.0462261		0
2.399		0.0461945		0
2.4		0.046163		0
2.401		0.0461315		0
2.402		0.0461		0
2.403		0.0460685		0
2.404		0.0460371		0
2.405		0.0460057		0
2.406		0.0459743		0
2.407		0.045943		0
2.408		0.0459117		0
2.409		0.0458804		0
2.41		0.0458492		0
2.411		0.045818		0
2.412		0.0457868		0
2.413		0.0457556		0
2.414		0.0457245		0
2.415		0.0456934		0
2.416		0.0456624		0
2.417		0.0456313		0
2.418		0.0456003		0
2.419		0.0455693		0
2.42		0.0455384		0
2.421		0.0455075		0
2.422		0.0454766		0
2.423		0.0454458		0
2.424		0.0454149		0
2.425		0.0453842		0
2.426		0.0453534		0
2.427		0.0453227		0
2.428		0.045292		0
2.429		0.0452613		0
2.43		0.0452307		0
2.431		0.0452		0
2.432		0.0451695		0
2.433		0.0451389		0
2.434		0.0451084		0
2.435		0.0450779		0
2.436		0.0450474		0
2.437		0.045017		0
2.438		0.0449866		0
2.439		0.0449562		0
2.44		0.0449259		0
2.441		0.0448956		0
2.442		0.0448653		0
2.443		0.044835		0
2.444		0.0448048		0
2.445		0.0447746		0
2.446		0.0447444		0
2.447		0.0447143		0
2.448		0.0446842		0
2.449		0.0446541		0
2.45		0.044624		0
2.451		0.044594		0
2.452		0.044564		0
2.453		0.0445341		0
2.454		0.0445041		0
2.455		0.0444742		0
2.456		0.0444443		0
2.457		0.0444145		0
2.458		0.0443847		0
2.459		0.0443549		0
2.46		0.0443251		0
2.461		0.0442954		0
2.462		0.0442657		0
2.463		0.044236		0
2.464		0.0442063		0
2.465		0.0441767		0
2.466		0.0441471		0
2.467		0.0441176		0
2.468		0.044088		0
2.469		0.0440585		0
2.47		0.044029		0
2.471		0.0439996		0
2.472		0.0439702		0
2.473		0.0439408		0
2.474		0.0439114		0
2.475		0.0438821		0
2.476		0.0438528		0
2.477		0.0438235		0
2.478		0.0437942		0
2.479		0.043765		0
2.48		0.0437358		0
2.481		0.0437066		0
2.482		0.0436775		0
2.483		0.0436484		0
2.484		0.0436193		0
2.485		0.0435902		0
2.486		0.0435612		0
2.487		0.0435322		0
2.488		0.0435032		0
2.489		0.0434743		0
2.49		0.0434454		0
2.491		0.0434165		0
2.492		0.0433876		0
2.493		0.0433588		0
2.494		0.04333		0
2.495		0.0433012		0
2.496		0.0432725		0
2.497		0.0432437		0
2.498		0.043215		0
2.499		0.0431864		0
2.5		0.0431577		0
2.501		0.0431291		0
2.502		0.0431005		0
2.503		0.0430719		0
2.504		0.0430434		0
2.505		0.0430149		0
2.506		0.0429864		0
2.507		0.042958		0
2.508		0.0429296		0
2.509		0.0429012		0
2.51		0.0428728		0
2.511		0.0428444		0
2.512		0.0428161		0
2.513		0.0427878		0
2.514		0.0427596		0
2.515		0.0427313		0
2.516		0.0427031		0
2.517		0.0426749		0
2.518		0.0426468		0
2.519		0.0426186		0
2.52		0.0425905		0
2.521		0.0425625		0
2.522		0.0425344		0
2.523		0.0425064		0
2.524		0.0424784		0
2.525		0.0424504		0
2.526		0.0424225		0
2.527		0.0423946		0
2.528		0.0423667		0
2.529		0.0423388		0
2.53		0.042311		0
2.531		0.0422832		0
2.532		0.0422554		0
2.533		0.0422276		0
2.534		0.0421999		0
2.535		0.0421722		0
2.536		0.0421445		0
2.537		0.0421169		0
2.538		0.0420892		0
2.539		0.0420616		0
2.54		0.042034		0
2.541		0.0420065		0
2.542		0.041979		0
2.543		0.0419515		0
2.544		0.041924		0
2.545		0.0418966		0
2.546		0.0418691		0
2.547		0.0418417		0
2.548		0.0418144		0
2.549		0.041787		0
2.55		0.0417597		0
2.551		0.0417324		0
2.552		0.0417052		0
2.553		0.0416779		0
2.554		0.0416507		0
2.555		0.0416235		0
2.556		0.0415964		0
2.557		0.0415692		0
2.558		0.0415421		0
2.559		0.041515		0
2.56		0.041488		0
2.561		0.0414609		0
2.562		0.0414339		0
2.563		0.0414069		0
2.564		0.04138		0
2.565		0.041353		0
2.566		0.0413261		0
2.567		0.0412992		0
2.568		0.0412724		0
2.569		0.0412456		0
2.57		0.0412187		0
2.571		0.041192		0
2.572		0.0411652		0
2.573		0.0411385		0
2.574		0.0411118		0
2.575		0.0410851		0
2.576		0.0410584		0
2.577		0.0410318		0
2.578		0.0410052		0
2.579		0.0409786		0
2.58		0.040952		0
2.581		0.0409255		0
2.582		0.040899		0
2.583		0.0408725		0
2.584		0.0408461		0
2.585		0.0408196		0
2.586		0.0407932		0
2.587		0.0407668		0
2.588		0.0407405		0
2.589		0.0407141		0
2.59		0.0406878		0
2.591		0.0406615		0
2.592		0.0406353		0
2.593		0.040609		0
2.594		0.0405828		0
2.595		0.0405566		0
2.596		0.0405305		0
2.597		0.0405043		0
2.598		0.0404782		0
2.599		0.0404521		0
2.6		0.040426		0
2.601		0.0404		0
2.602		0.040374		0
2.603		0.040348		0
2.604		0.040322		0
2.605		0.0402961		0
2.606		0.0402701		0
2.607		0.0402442		0
2.608		0.0402184		0
2.609		0.0401925		0
2.61		0.0401667		0
2.611		0.0401409		0
2.612		0.0401151		0
2.613		0.0400894		0
2.614		0.0400636		0
2.615		0.0400379		0
2.616		0.0400122		0
2.617		0.0399866		0
2.618		0.0399609		0
2.619		0.0399353		0
2.62		0.0399097		0
2.621		0.0398842		0
2.622		0.0398586		0
2.623		0.0398331		0
2.624		0.0398076		0
2.625		0.0397822		0
2.626		0.0397567		0
2.627		0.0397313		0
2.628		0.0397059		0
2.629		0.0396805		0
2.63		0.0396552		0
2.631		0.0396298		0
2.632		0.0396045		0
2.633		0.0395792		0
2.634		0.039554		0
2.635		0.0395287		0
2.636		0.0395035		0
2.637		0.0394783		0
2.638		0.0394532		0
2.639		0.039428		0
2.64		0.0394029		0
2.641		0.0393778		0
2.642		0.0393527		0
2.643		0.0393277		0
2.644		0.0393026		0
2.645		0.0392776		0
2.646		0.0392527		0
2.647		0.0392277		0
2.648		0.0392028		0
2.649		0.0391779		0
2.65		0.039153		0
2.651		0.0391281		0
2.652		0.0391032		0
2.653		0.0390784		0
2.654		0.0390536		0
2.655		0.0390289		0
2.656		0.0390041		0
2.657		0.0389794		0
2.658		0.0389547		0
2.659		0.03893		0
2.66		0.0389053		0
2.661		0.0388807		0
2.662		0.038856		0
2.663		0.0388315		0
2.664		0.0388069		0
2.665		0.0387823		0
2.666		0.0387578		0
2.667		0.0387333		0
2.668		0.0387088		0
2.669		0.0386844		0
2.67		0.0386599		0
2.671		0.0386355		0
2.672		0.0386111		0
2.673		0.0385867		0
2.674		0.0385624		0
2.675		0.0385381		0
2.676		0.0385137		0
2.677		0.0384895		0
2.678		0.0384652		0
2.679		0.038441		0
2.68		0.0384167		0
2.681		0.0383926		0
2.682		0.0383684		0
2.683		0.0383442		0
2.684		0.0383201		0
2.685		0.038296		0
2.686		0.0382719		0
2.687		0.0382478		0
2.688		0.0382238		0
2.689		0.0381998		0
2.69		0.0381758		0
2.691		0.0381518		0
2.692		0.0381279		0
2.693		0.0381039		0
2.694		0.03808		0
2.695		0.0380561		0
2.696		0.0380323		0
2.697		0.0380084		0
2.698		0.0379846		0
2.699		0.0379608		0
2.7		0.037937		0
2.701		0.0379132		0
2.702		0.0378895		0
2.703		0.0378658		0
2.704		0.0378421		0
2.705		0.0378184		0
2.706		0.0377948		0
2.707		0.0377711		0
2.708		0.0377475		0
2.709		0.0377239		0
2.71		0.0377004		0
2.711		0.0376768		0
2.712		0.0376533		0
2.713		0.0376298		0
2.714		0.0376063		0
2.715		0.0375829		0
2.716		0.0375594		0
2.717		0.037536		0
2.718		0.0375126		0
2.719		0.0374892		0
2.72		0.0374659		0
2.721		0.0374425		0
2.722		0.0374192		0
2.723		0.0373959		0
2.724		0.0373727		0
2.725		0.0373494		0
2.726		0.0373262		0
2.727		0.037303		0
2.728		0.0372798		0
2.729		0.0372566		0
2.73		0.0372335		0
2.731		0.0372104		0
2.732		0.0371873		0
2.733		0.0371642		0
2.734		0.0371411		0
2.735		0.0371181		0
2.736		0.0370951		0
2.737		0.0370721		0
2.738		0.0370491		0
2.739		0.0370261		0
2.74		0.0370032		0
2.741		0.0369803		0
2.742		0.0369574		0
2.743		0.0369345		0
2.744		0.0369116		0
2.745		0.0368888		0
2.746		0.036866		0
2.747		0.0368432		0
2.748		0.0368204		0
2.749		0.0367977		0
2.75		0.0367749		0
2.751		0.0367522		0
2.752		0.0367295		0
2.753		0.0367069		0
2.754		0.0366842		0
2.755		0.0366616		0
2.756		0.036639		0
2.757		0.0366164		0
2.758		0.0365938		0
2.759		0.0365712		0
2.76		0.0365487		0
2.761		0.0365262		0
2.762		0.0365037		0
2.763		0.0364812		0
2.764		0.0364588		0
2.765		0.0364364		0
2.766		0.0364139		0
2.767		0.0363916		0
2.768		0.0363692		0
2.769		0.0363468		0
2.77		0.0363245		0
2.771		0.0363022		0
2.772		0.0362799		0
2.773		0.0362576		0
2.774		0.0362354		0
2.775		0.0362131		0
2.776		0.0361909		0
2.777		0.0361687		0
2.778		0.0361466		0
2.779		0.0361244		0
2.78		0.0361023		0
2.781		0.0360802		0
2.782		0.0360581		0
2.783		0.036036		0
2.784		0.0360139		0
2.785		0.0359919		0
2.786		0.0359699		0
2.787		0.0359479		0
2.788		0.0359259		0
2.789		0.035904		0
2.79		0.035882		0
2.791		0.0358601		0
2.792		0.0358382		0
2.793		0.0358163		0
2.794		0.0357945		0
2.795		0.0357726		0
2.796		0.0357508		0
2.797		0.035729		0
2.798		0.0357072		0
2.799		0.0356855		0
2.8		0.0356637		0
2.801		0.035642		0
2.802		0.0356203		0
2.803		0.0355986		0
2.804		0.0355769		0
2.805		0.0355553		0
2.806		0.0355336		0
2.807		0.035512		0
2.808		0.0354904		0
2.809		0.0354689		0
2.81		0.0354473		0
2.811		0.0354258		0
2.812		0.0354043		0
2.813		0.0353828		0
2.814		0.0353613		0
2.815		0.0353398		0
2.816		0.0353184		0
2.817		0.035297		0
2.818		0.0352756		0
2.819		0.0352542		0
2.82		0.0352328		0
2.821		0.0352115		0
2.822		0.0351902		0
2.823		0.0351688		0
2.824		0.0351476		0
2.825		0.0351263		0
2.826		0.035105		0
2.827		0.0350838		0
2.828		0.0350626		0
2.829		0.0350414		0
2.83		0.0350202		0
2.831		0.0349991		0
2.832		0.0349779		0
2.833		0.0349568		0
2.834		0.0349357		0
2.835		0.0349146		0
2.836		0.0348935		0
2.837		0.0348725		0
2.838		0.0348515		0
2.839		0.0348304		0
2.84		0.0348095		0
2.841		0.0347885		0
2.842		0.0347675		0
2.843		0.0347466		0
2.844		0.0347257		0
2.845		0.0347048		0
2.846		0.0346839		0
2.847		0.034663		0
2.848		0.0346422		0
2.849		0.0346213		0
2.85		0.0346005		0
2.851		0.0345797		0
2.852		0.034559		0
2.853		0.0345382		0
2.854		0.0345175		0
2.855		0.0344968		0
2.856		0.0344761		0
2.857		0.0344554		0
2.858		0.0344347		0
2.859		0.0344141		0
2.86		0.0343934		0
2.861		0.0343728		0
2.862		0.0343522		0
2.863		0.0343316		0
2.864		0.0343111		0
2.865		0.0342905		0
2.866		0.03427		0
2.867		0.0342495		0
2.868		0.034229		0
2.869		0.0342086		0
2.87		0.0341881		0
2.871		0.0341677		0
2.872		0.0341473		0
2.873		0.0341269		0
2.874		0.0341065		0
2.875		0.0340861		0
2.876		0.0340658		0
2.877		0.0340455		0
2.878		0.0340251		0
2.879		0.0340049		0
2.88		0.0339846		0
2.881		0.0339643		0
2.882		0.0339441		0
2.883		0.0339239		0
2.884		0.0339037		0
2.885		0.0338835		0
2.886		0.0338633		0
2.887		0.0338431		0
2.888		0.033823		0
2.889		0.0338029		0
2.89		0.0337828		0
2.891		0.0337627		0
2.892		0.0337427		0
2.893		0.0337226		0
2.894		0.0337026		0
2.895		0.0336826		0
2.896		0.0336626		0
2.897		0.0336426		0
2.898		0.0336226		0
2.899		0.0336027		0
2.9		0.0335828		0
2.901		0.0335628		0
2.902		0.033543		0
2.903		0.0335231		0
2.904		0.0335032		0
2.905		0.0334834		0
2.906		0.0334636		0
2.907		0.0334437		0
2.908		0.033424		0
2.909		0.0334042		0
2.91		0.0333844		0
2.911		0.0333647		0
2.912		0.033345		0
2.913		0.0333253		0
2.914		0.0333056		0
2.915		0.0332859		0
2.916		0.0332662		0
2.917		0.0332466		0
2.918		0.033227		0
2.919		0.0332074		0
2.92		0.0331878		0
2.921		0.0331682		0
2.922		0.0331487		0
2.923		0.0331291		0
2.924		0.0331096		0
2.925		0.0330901		0
2.926		0.0330706		0
2.927		0.0330512		0
2.928		0.0330317		0
2.929		0.0330123		0
2.93		0.0329928		0
2.931		0.0329734		0
2.932		0.0329541		0
2.933		0.0329347		0
2.934		0.0329153		0
2.935		0.032896		0
2.936		0.0328767		0
2.937		0.0328574		0
2.938		0.0328381		0
2.939		0.0328188		0
2.94		0.0327996		0
2.941		0.0327803		0
2.942		0.0327611		0
2.943		0.0327419		0
2.944		0.0327227		0
2.945		0.0327035		0
2.946		0.0326844		0
2.947		0.0326652		0
2.948		0.0326461		0
2.949		0.032627		0
2.95		0.0326079		0
2.951		0.0325888		0
2.952		0.0325698		0
2.953		0.0325507		0
2.954		0.0325317		0
2.955		0.0325127		0
2.956		0.0324937		0
2.957		0.0324747		0
2.958		0.0324558		0
2.959		0.0324368		0
2.96		0.0324179		0
2.961		0.032399		0
2.962		0.0323801		0
2.963		0.0323612		0
2.964		0.0323423		0
2.965		0.0323235		0
2.966		0.0323046		0
2.967		0.0322858		0
2.968		0.032267		0
2.969		0.0322482		0
2.97		0.0322295		0
2.971		0.0322107		0
2.972		0.032192		0
2.973		0.0321733		0
2.974		0.0321546		0
2.975		0.0321359		0
2.976		0.0321172		0
2.977		0.0320985		0
2.978		0.0320799		0
2.979		0.0320613		0
2.98		0.0320426		0
2.981		0.032024		0
2.982		0.0320055		0
2.983		0.0319869		0
2.984		0.0319684		0
2.985		0.0319498		0
2.986		0.0319313		0
2.987		0.0319128		0
2.988		0.0318943		0
2.989		0.0318758		0
2.99		0.0318574		0
2.991		0.031839		0
2.992		0.0318205		0
2.993		0.0318021		0
2.994		0.0317837		0
2.995		0.0317653		0
2.996		0.031747		0
2.997		0.0317286		0
2.998		0.0317103		0
2.999		0.031692		0
3		0.0316737		0
