0.001		0.0467366		0
0.002		0.0884054		0
0.003		0.101533		0
0.004		0.102673		0
0.005		0.0997871		0
0.006		0.0943672		0
0.007		0.0875151		0
0.008		0.0801244		0
0.009		0.0728056		0
0.01		0.0659275		0
0.011		0.0596894		0
0.012		0.054185		0
0.013		0.049445		0
0.014		0.0454642		0
0.015		0.042217		0
0.016		0.0396659		0
0.017		0.037767		0
0.018		0.0364725		0
0.019		0.0357328		0
0.02		0.0354979		0
0.021		0.0357181		0
0.022		0.0363451		0
0.023		0.0373321		0
0.024		0.0386347		0
0.025		0.040211		0
0.026		0.0420219		0
0.027		0.0440309		0
0.028		0.0462047		0
0.029		0.0485129		0
0.03		0.0509276		0
0.031		0.0534239		0
0.032		0.0559796		0
0.033		0.0585745		0
0.034		0.0611913		0
0.035		0.0638143		0
0.036		0.06643		0
0.037		0.0690269		0
0.038		0.0715947		0
0.039		0.0741252		0
0.04		0.0766109		0
0.041		0.0790462		0
0.042		0.0814261		0
0.043		0.0837469		0
0.044		0.0860057		0
0.045		0.0882003		0
0.046		0.0903295		0
0.047		0.0923923		0
0.048		0.0943887		0
0.049		0.0963188		0
0.05		0.0981834		0
0.051		0.0999834		0
0.052		0.10172		0
0.053		0.103396		0
0.054		0.105011		0
0.055		0.106569		0
0.056		0.108071		0
0.057		0.10952		0
0.058		0.110917		0
0.059		0.112266		0
0.06		0.113569		0
0.061		0.114828		0
0.062		0.116045		0
0.063		0.117224		0
0.064		0.118366		0
0.065		0.119474		0
0.066		0.120551		0
0.067		0.121598		0
0.068		0.122617		0
0.069		0.123612		0
0.07		0.124584		0
0.071		0.125534		0
0.072		0.126466		0
0.073		0.12738		0
0.074		0.128279		0
0.075		0.129164		0
0.076		0.130038		0
0.077		0.130901		0
0.078		0.131755		0
0.079		0.132601		0
0.08		0.133441		0
0.081		0.134276		0
0.082		0.135107		0
0.083		0.135936		0
0.084		0.136763		0
0.085		0.13759		0
0.086		0.138416		0
0.087		0.139244		0
0.088		0.140074		0
0.089		0.140907		0
0.09		0.141743		0
0.091		0.142583		0
0.092		0.143427		0
0.093		0.144277		0
0.094		0.145133		0
0.095		0.145994		0
0.096		0.146862		0
0.097		0.147737		0
0.098		0.148619		0
0.099		0.149509		0
0.1		0.150406		0
0.101		0.151311		0
0.102		0.152224		0
0.103		0.153146		0
0.104		0.154076		0
0.105		0.155014		0
0.106		0.155962		0
0.107		0.156917		0
0.108		0.157881		0
0.109		0.158854		0
0.11		0.159836		0
0.111		0.160826		0
0.112		0.161825		0
0.113		0.162832		0
0.114		0.163847		0
0.115		0.164871		0
0.116		0.165902		0
0.117		0.166942		0
0.118		0.167989		0
0.119		0.169044		0
0.12		0.170107		0
0.121		0.171176		0
0.122		0.172253		0
0.123		0.173337		0
0.124		0.174427		0
0.125		0.175523		0
0.126		0.176626		0
0.127		0.177735		0
0.128		0.178849		0
0.129		0.179969		0
0.13		0.181094		0
0.131		0.182224		0
0.132		0.183359		0
0.133		0.184497		0
0.134		0.185641		0
0.135		0.186787		0
0.136		0.187938		0
0.137		0.189091		0
0.138		0.190248		0
0.139		0.191408		0
0.14		0.192569		0
0.141		0.193733		0
0.142		0.194899		0
0.143		0.196067		0
0.144		0.197235		0
0.145		0.198405		0
0.146		0.199575		0
0.147		0.200746		0
0.148		0.201917		0
0.149		0.203088		0
0.15		0.204259		0
0.151		0.205429		0
0.152		0.206598		0
0.153		0.207766		0
0.154		0.208932		0
0.155		0.210097		0
0.156		0.211259		0
0.157		0.21242		0
0.158		0.213578		0
0.159		0.214733		0
0.16		0.215885		0
0.161		0.217034		0
0.162		0.21818		0
0.163		0.219321		0
0.164		0.220459		0
0.165		0.221593		0
0.166		0.222722		0
0.167		0.223847		0
0.168		0.224967		0
0.169		0.226082		0
0.17		0.227191		0
0.171		0.228295		0
0.172		0.229394		0
0.173		0.230487		0
0.174		0.231573		0
0.175		0.232654		0
0.176		0.233728		0
0.177		0.234795		0
0.178		0.235856		0
0.179		0.236909		0
0.18		0.237956		0
0.181		0.238995		0
0.182		0.240027		0
0.183		0.241052		0
0.184		0.242069		0
0.185		0.243077		0
0.186		0.244078		0
0.187		0.245071		0
0.188		0.246056		0
0.189		0.247032		0
0.19		0.248		0
0.191		0.248959		0
0.192		0.249909		0
0.193		0.250851		0
0.194		0.251784		0
0.195		0.252707		0
0.196		0.253622		0
0.197		0.254527		0
0.198		0.255423		0
0.199		0.25631		0
0.2		0.257187		0
0.201		0.258055		0
0.202		0.258913		0
0.203		0.259761		0
0.204		0.2606		0
0.205		0.261429		0
0.206		0.262248		0
0.207		0.263057		0
0.208		0.263856		0
0.209		0.264645		0
0.21		0.265424		0
0.211		0.266193		0
0.212		0.266952		0
0.213		0.267701		0
0.214		0.26844		0
0.215		0.269168		0
0.216		0.269886		0
0.217		0.270594		0
0.218		0.271291		0
0.219		0.271979		0
0.22		0.272656		0
0.221		0.273322		0
0.222		0.273979		0
0.223		0.274625		0
0.224		0.27526		0
0.225		0.275886		0
0.226		0.276501		0
0.227		0.277106		0
0.228		0.2777		0
0.229		0.278284		0
0.23		0.278858		0
0.231		0.279422		0
0.232		0.279975		0
0.233		0.280518		0
0.234		0.281051		0
0.235		0.281574		0
0.236		0.282086		0
0.237		0.282589		0
0.238		0.283081		0
0.239		0.283564		0
0.24		0.284036		0
0.241		0.284498		0
0.242		0.28495		0
0.243		0.285393		0
0.244		0.285825		0
0.245		0.286248		0
0.246		0.28666		0
0.247		0.287064		0
0.248		0.287457		0
0.249		0.28784		0
0.25		0.288215		0
0.251		0.288579		0
0.252		0.288934		0
0.253		0.289279		0
0.254		0.289615		0
0.255		0.289942		0
0.256		0.290259		0
0.257		0.290568		0
0.258		0.290866		0
0.259		0.291156		0
0.26		0.291437		0
0.261		0.291709		0
0.262		0.291971		0
0.263		0.292225		0
0.264		0.29247		0
0.265		0.292706		0
0.266		0.292934		0
0.267		0.293153		0
0.268		0.293363		0
0.269		0.293564		0
0.27		0.293758		0
0.271		0.293943		0
0.272		0.294119		0
0.273		0.294287		0
0.274		0.294447		0
0.275		0.294599		0
0.276		0.294743		0
0.277		0.294879		0
0.278		0.295007		0
0.279		0.295127		0
0.28		0.29524		0
0.281		0.295344		0
0.282		0.295441		0
0.283		0.295531		0
0.284		0.295613		0
0.285		0.295687		0
0.286		0.295754		0
0.287		0.295814		0
0.288		0.295867		0
0.289		0.295913		0
0.29		0.295951		0
0.291		0.295982		0
0.292		0.296007		0
0.293		0.296024		0
0.294		0.296035		0
0.295		0.296039		0
0.296		0.296037		0
0.297		0.296028		0
0.298		0.296012		0
0.299		0.29599		0
0.3		0.295962		0
0.301		0.295927		0
0.302		0.295886		0
0.303		0.295839		0
0.304		0.295786		0
0.305		0.295726		0
0.306		0.295661		0
0.307		0.29559		0
0.308		0.295513		0
0.309		0.295431		0
0.31		0.295342		0
0.311		0.295249		0
0.312		0.295149		0
0.313		0.295044		0
0.314		0.294934		0
0.315		0.294818		0
0.316		0.294697		0
0.317		0.294571		0
0.318		0.29444		0
0.319		0.294304		0
0.32		0.294162		0
0.321		0.294016		0
0.322		0.293865		0
0.323		0.293709		0
0.324		0.293549		0
0.325		0.293383		0
0.326		0.293213		0
0.327		0.293039		0
0.328		0.29286		0
0.329		0.292676		0
0.33		0.292489		0
0.331		0.292296		0
0.332		0.2921		0
0.333		0.2919		0
0.334		0.291695		0
0.335		0.291486		0
0.336		0.291274		0
0.337		0.291057		0
0.338		0.290836		0
0.339		0.290612		0
0.34		0.290384		0
0.341		0.290152		0
0.342		0.289917		0
0.343		0.289678		0
0.344		0.289435		0
0.345		0.289189		0
0.346		0.288939		0
0.347		0.288686		0
0.348		0.28843		0
0.349		0.288171		0
0.35		0.287908		0
0.351		0.287642		0
0.352		0.287373		0
0.353		0.287101		0
0.354		0.286826		0
0.355		0.286548		0
0.356		0.286267		0
0.357		0.285984		0
0.358		0.285697		0
0.359		0.285408		0
0.36		0.285116		0
0.361		0.284821		0
0.362		0.284524		0
0.363		0.284225		0
0.364		0.283922		0
0.365		0.283618		0
0.366		0.28331		0
0.367		0.283001		0
0.368		0.282689		0
0.369		0.282375		0
0.37		0.282059		0
0.371		0.28174		0
0.372		0.28142		0
0.373		0.281097		0
0.374		0.280772		0
0.375		0.280445		0
0.376		0.280116		0
0.377		0.279786		0
0.378		0.279453		0
0.379		0.279119		0
0.38		0.278782		0
0.381		0.278444		0
0.382		0.278104		0
0.383		0.277763		0
0.384		0.27742		0
0.385		0.277075		0
0.386		0.276729		0
0.387		0.276381		0
0.388		0.276032		0
0.389		0.275681		0
0.39		0.275329		0
0.391		0.274975		0
0.392		0.27462		0
0.393		0.274264		0
0.394		0.273906		0
0.395		0.273547		0
0.396		0.273187		0
0.397		0.272826		0
0.398		0.272464		0
0.399		0.2721		0
0.4		0.271736		0
0.401		0.27137		0
0.402		0.271003		0
0.403		0.270635		0
0.404		0.270267		0
0.405		0.269897		0
0.406		0.269527		0
0.407		0.269155		0
0.408		0.268783		0
0.409		0.26841		0
0.41		0.268037		0
0.411		0.267662		0
0.412		0.267287		0
0.413		0.266911		0
0.414		0.266534		0
0.415		0.266157		0
0.416		0.265779		0
0.417		0.2654		0
0.418		0.265021		0
0.419		0.264642		0
0.42		0.264262		0
0.421		0.263881		0
0.422		0.2635		0
0.423		0.263118		0
0.424		0.262736		0
0.425		0.262354		0
0.426		0.261971		0
0.427		0.261588		0
0.428		0.261205		0
0.429		0.260821		0
0.43		0.260437		0
0.431		0.260053		0
0.432		0.259669		0
0.433		0.259284		0
0.434		0.258899		0
0.435		0.258514		0
0.436		0.258129		0
0.437		0.257743		0
0.438		0.257358		0
0.439		0.256972		0
0.44		0.256587		0
0.441		0.256201		0
0.442		0.255815		0
0.443		0.255429		0
0.444		0.255044		0
0.445		0.254658		0
0.446		0.254272		0
0.447		0.253886		0
0.448		0.253501		0
0.449		0.253115		0
0.45		0.25273		0
0.451		0.252344		0
0.452		0.251959		0
0.453		0.251574		0
0.454		0.251189		0
0.455		0.250805		0
0.456		0.25042		0
0.457		0.250036		0
0.458		0.249652		0
0.459		0.249268		0
0.46		0.248884		0
0.461		0.248501		0
0.462		0.248118		0
0.463		0.247735		0
0.464		0.247353		0
0.465		0.246971		0
0.466		0.246589		0
0.467		0.246207		0
0.468		0.245826		0
0.469		0.245445		0
0.47		0.245065		0
0.471		0.244685		0
0.472		0.244306		0
0.473		0.243926		0
0.474		0.243548		0
0.475		0.243169		0
0.476		0.242792		0
0.477		0.242414		0
0.478		0.242037		0
0.479		0.241661		0
0.48		0.241285		0
0.481		0.24091		0
0.482		0.240535		0
0.483		0.24016		0
0.484		0.239787		0
0.485		0.239413		0
0.486		0.23904		0
0.487		0.238668		0
0.488		0.238297		0
0.489		0.237926		0
0.49		0.237555		0
0.491		0.237185		0
0.492		0.236816		0
0.493		0.236447		0
0.494		0.236079		0
0.495		0.235712		0
0.496		0.235345		0
0.497		0.234979		0
0.498		0.234613		0
0.499		0.234248		0
0.5		0.233884		0
0.501		0.233521		0
0.502		0.233158		0
0.503		0.232795		0
0.504		0.232434		0
0.505		0.232073		0
0.506		0.231713		0
0.507		0.231354		0
0.508		0.230995		0
0.509		0.230637		0
0.51		0.23028		0
0.511		0.229923		0
0.512		0.229567		0
0.513		0.229212		0
0.514		0.228858		0
0.515		0.228504		0
0.516		0.228151		0
0.517		0.227799		0
0.518		0.227448		0
0.519		0.227097		0
0.52		0.226748		0
0.521		0.226399		0
0.522		0.22605		0
0.523		0.225703		0
0.524		0.225356		0
0.525		0.22501		0
0.526		0.224665		0
0.527		0.224321		0
0.528		0.223978		0
0.529		0.223635		0
0.53		0.223293		0
0.531		0.222952		0
0.532		0.222612		0
0.533		0.222272		0
0.534		0.221934		0
0.535		0.221596		0
0.536		0.221259		0
0.537		0.220923		0
0.538		0.220588		0
0.539		0.220253		0
0.54		0.219919		0
0.541		0.219587		0
0.542		0.219255		0
0.543		0.218924		0
0.544		0.218593		0
0.545		0.218264		0
0.546		0.217935		0
0.547		0.217608		0
0.548		0.217281		0
0.549		0.216955		0
0.55		0.21663		0
0.551		0.216305		0
0.552		0.215982		0
0.553		0.215659		0
0.554		0.215338		0
0.555		0.215017		0
0.556		0.214697		0
0.557		0.214378		0
0.558		0.21406		0
0.559		0.213742		0
0.56		0.213426		0
0.561		0.21311		0
0.562		0.212795		0
0.563		0.212481		0
0.564		0.212168		0
0.565		0.211856		0
0.566		0.211545		0
0.567		0.211235		0
0.568		0.210925		0
0.569		0.210617		0
0.57		0.210309		0
0.571		0.210002		0
0.572		0.209696		0
0.573		0.209391		0
0.574		0.209086		0
0.575		0.208783		0
0.576		0.208481		0
0.577		0.208179		0
0.578		0.207878		0
0.579		0.207578		0
0.58		0.207279		0
0.581		0.206981		0
0.582		0.206684		0
0.583		0.206388		0
0.584		0.206092		0
0.585		0.205798		0
0.586		0.205504		0
0.587		0.205211		0
0.588		0.204919		0
0.589		0.204628		0
0.59		0.204338		0
0.591		0.204048		0
0.592		0.20376		0
0.593		0.203472		0
0.594		0.203185		0
0.595		0.202899		0
0.596		0.202614		0
0.597		0.20233		0
0.598		0.202047		0
0.599		0.201765		0
0.6		0.201483		0
0.601		0.201202		0
0.602		0.200923		0
0.603		0.200644		0
0.604		0.200365		0
0.605		0.200088		0
0.606		0.199812		0
0.607		0.199536		0
0.608		0.199262		0
0.609		0.198988		0
0.61		0.198715		0
0.611		0.198443		0
0.612		0.198172		0
0.613		0.197901		0
0.614		0.197632		0
0.615		0.197363		0
0.616		0.197095		0
0.617		0.196828		0
0.618		0.196562		0
0.619		0.196297		0
0.62		0.196032		0
0.621		0.195769		0
0.622		0.195506		0
0.623		0.195244		0
0.624		0.194983		0
0.625		0.194722		0
0.626		0.194463		0
0.627		0.194204		0
0.628		0.193947		0
0.629		0.19369		0
0.63		0.193433		0
0.631		0.193178		0
0.632		0.192924		0
0.633		0.19267		0
0.634		0.192417		0
0.635		0.192165		0
0.636		0.191914		0
0.637		0.191663		0
0.638		0.191414		0
0.639		0.191165		0
0.64		0.190917		0
0.641		0.19067		0
0.642		0.190423		0
0.643		0.190178		0
0.644		0.189933		0
0.645		0.189689		0
0.646		0.189446		0
0.647		0.189204		0
0.648		0.188962		0
0.649		0.188721		0
0.65		0.188481		0
0.651		0.188242		0
0.652		0.188003		0
0.653		0.187766		0
0.654		0.187529		0
0.655		0.187293		0
0.656		0.187057		0
0.657		0.186823		0
0.658		0.186589		0
0.659		0.186356		0
0.66		0.186124		0
0.661		0.185892		0
0.662		0.185662		0
0.663		0.185432		0
0.664		0.185203		0
0.665		0.184974		0
0.666		0.184747		0
0.667		0.18452		0
0.668		0.184293		0
0.669		0.184068		0
0.67		0.183843		0
0.671		0.183619		0
0.672		0.183396		0
0.673		0.183174		0
0.674		0.182952		0
0.675		0.182731		0
0.676		0.182511		0
0.677		0.182291		0
0.678		0.182073		0
0.679		0.181855		0
0.68		0.181637		0
0.681		0.181421		0
0.682		0.181205		0
0.683		0.18099		0
0.684		0.180775		0
0.685		0.180561		0
0.686		0.180348		0
0.687		0.180136		0
0.688		0.179925		0
0.689		0.179714		0
0.69		0.179503		0
0.691		0.179294		0
0.692		0.179085		0
0.693		0.178877		0
0.694		0.17867		0
0.695		0.178463		0
0.696		0.178257		0
0.697		0.178052		0
0.698		0.177847		0
0.699		0.177643		0
0.7		0.17744		0
0.701		0.177237		0
0.702		0.177035		0
0.703		0.176834		0
0.704		0.176633		0
0.705		0.176434		0
0.706		0.176234		0
0.707		0.176036		0
0.708		0.175838		0
0.709		0.175641		0
0.71		0.175444		0
0.711		0.175248		0
0.712		0.175053		0
0.713		0.174858		0
0.714		0.174664		0
0.715		0.174471		0
0.716		0.174278		0
0.717		0.174086		0
0.718		0.173895		0
0.719		0.173704		0
0.72		0.173514		0
0.721		0.173324		0
0.722		0.173135		0
0.723		0.172947		0
0.724		0.17276		0
0.725		0.172573		0
0.726		0.172386		0
0.727		0.172201		0
0.728		0.172015		0
0.729		0.171831		0
0.73		0.171647		0
0.731		0.171464		0
0.732		0.171281		0
0.733		0.171099		0
0.734		0.170918		0
0.735		0.170737		0
0.736		0.170557		0
0.737		0.170377		0
0.738		0.170198		0
0.739		0.170019		0
0.74		0.169842		0
0.741		0.169664		0
0.742		0.169488		0
0.743		0.169311		0
0.744		0.169136		0
0.745		0.168961		0
0.746		0.168787		0
0.747		0.168613		0
0.748		0.16844		0
0.749		0.168267		0
0.75		0.168095		0
0.751		0.167924		0
0.752		0.167753		0
0.753		0.167582		0
0.754		0.167412		0
0.755		0.167243		0
0.756		0.167075		0
0.757		0.166906		0
0.758		0.166739		0
0.759		0.166572		0
0.76		0.166405		0
0.761		0.166239		0
0.762		0.166074		0
0.763		0.165909		0
0.764		0.165745		0
0.765		0.165581		0
0.766		0.165418		0
0.767		0.165255		0
0.768		0.165093		0
0.769		0.164932		0
0.77		0.164771		0
0.771		0.16461		0
0.772		0.16445		0
0.773		0.16429		0
0.774		0.164132		0
0.775		0.163973		0
0.776		0.163815		0
0.777		0.163658		0
0.778		0.163501		0
0.779		0.163344		0
0.78		0.163188		0
0.781		0.163033		0
0.782		0.162878		0
0.783		0.162724		0
0.784		0.16257		0
0.785		0.162417		0
0.786		0.162264		0
0.787		0.162111		0
0.788		0.161959		0
0.789		0.161808		0
0.79		0.161657		0
0.791		0.161507		0
0.792		0.161357		0
0.793		0.161207		0
0.794		0.161058		0
0.795		0.16091		0
0.796		0.160762		0
0.797		0.160614		0
0.798		0.160467		0
0.799		0.160321		0
0.8		0.160175		0
0.801		0.160029		0
0.802		0.159884		0
0.803		0.159739		0
0.804		0.159595		0
0.805		0.159451		0
0.806		0.159308		0
0.807		0.159165		0
0.808		0.159023		0
0.809		0.158881		0
0.81		0.158739		0
0.811		0.158598		0
0.812		0.158457		0
0.813		0.158317		0
0.814		0.158178		0
0.815		0.158038		0
0.816		0.1579		0
0.817		0.157761		0
0.818		0.157623		0
0.819		0.157486		0
0.82		0.157349		0
0.821		0.157212		0
0.822		0.157076		0
0.823		0.15694		0
0.824		0.156805		0
0.825		0.15667		0
0.826		0.156535		0
0.827		0.156401		0
0.828		0.156268		0
0.829		0.156134		0
0.83		0.156002		0
0.831		0.155869		0
0.832		0.155737		0
0.833		0.155606		0
0.834		0.155475		0
0.835		0.155344		0
0.836		0.155213		0
0.837		0.155084		0
0.838		0.154954		0
0.839		0.154825		0
0.84		0.154696		0
0.841		0.154568		0
0.842		0.15444		0
0.843		0.154312		0
0.844		0.154185		0
0.845		0.154059		0
0.846		0.153932		0
0.847		0.153806		0
0.848		0.153681		0
0.849		0.153556		0
0.85		0.153431		0
0.851		0.153306		0
0.852		0.153182		0
0.853		0.153059		0
0.854		0.152935		0
0.855		0.152813		0
0.856		0.15269		0
0.857		0.152568		0
0.858		0.152446		0
0.859		0.152325		0
0.86		0.152204		0
0.861		0.152083		0
0.862		0.151963		0
0.863		0.151843		0
0.864		0.151723		0
0.865		0.151604		0
0.866		0.151485		0
0.867		0.151367		0
0.868		0.151249		0
0.869		0.151131		0
0.87		0.151014		0
0.871		0.150897		0
0.872		0.15078		0
0.873		0.150664		0
0.874		0.150548		0
0.875		0.150432		0
0.876		0.150317		0
0.877		0.150202		0
0.878		0.150087		0
0.879		0.149973		0
0.88		0.149859		0
0.881		0.149746		0
0.882		0.149632		0
0.883		0.149519		0
0.884		0.149407		0
0.885		0.149295		0
0.886		0.149183		0
0.887		0.149071		0
0.888		0.14896		0
0.889		0.148849		0
0.89		0.148739		0
0.891		0.148628		0
0.892		0.148518		0
0.893		0.148409		0
0.894		0.1483		0
0.895		0.148191		0
0.896		0.148082		0
0.897		0.147974		0
0.898		0.147866		0
0.899		0.147758		0
0.9		0.147651		0
0.901		0.147544		0
0.902		0.147437		0
0.903		0.147331		0
0.904		0.147225		0
0.905		0.147119		0
0.906		0.147013		0
0.907		0.146908		0
0.908		0.146803		0
0.909		0.146699		0
0.91		0.146594		0
0.911		0.14649		0
0.912		0.146387		0
0.913		0.146283		0
0.914		0.14618		0
0.915		0.146078		0
0.916		0.145975		0
0.917		0.145873		0
0.918		0.145771		0
0.919		0.145669		0
0.92		0.145568		0
0.921		0.145467		0
0.922		0.145366		0
0.923		0.145266		0
0.924		0.145166		0
0.925		0.145066		0
0.926		0.144966		0
0.927		0.144867		0
0.928		0.144768		0
0.929		0.144669		0
0.93		0.144571		0
0.931		0.144473		0
0.932		0.144375		0
0.933		0.144277		0
0.934		0.14418		0
0.935		0.144083		0
0.936		0.143986		0
0.937		0.143889		0
0.938		0.143793		0
0.939		0.143697		0
0.94		0.143601		0
0.941		0.143506		0
0.942		0.143411		0
0.943		0.143316		0
0.944		0.143221		0
0.945		0.143127		0
0.946		0.143033		0
0.947		0.142939		0
0.948		0.142845		0
0.949		0.142752		0
0.95		0.142659		0
0.951		0.142566		0
0.952		0.142473		0
0.953		0.142381		0
0.954		0.142289		0
0.955		0.142197		0
0.956		0.142106		0
0.957		0.142014		0
0.958		0.141923		0
0.959		0.141832		0
0.96		0.141742		0
0.961		0.141652		0
0.962		0.141561		0
0.963		0.141472		0
0.964		0.141382		0
0.965		0.141293		0
0.966		0.141204		0
0.967		0.141115		0
0.968		0.141026		0
0.969		0.140938		0
0.97		0.14085		0
0.971		0.140762		0
0.972		0.140674		0
0.973		0.140587		0
0.974		0.140499		0
0.975		0.140413		0
0.976		0.140326		0
0.977		0.140239		0
0.978		0.140153		0
0.979		0.140067		0
0.98		0.139981		0
0.981		0.139896		0
0.982		0.13981		0
0.983		0.139725		0
0.984		0.13964		0
0.985		0.139556		0
0.986		0.139471		0
0.987		0.139387		0
0.988		0.139303		0
0.989		0.139219		0
0.99		0.139136		0
0.991		0.139052		0
0.992		0.138969		0
0.993		0.138886		0
0.994		0.138803		0
0.995		0.138721		0
0.996		0.138639		0
0.997		0.138557		0
0.998		0.138475		0
0.999		0.138393		0
1		0.138312		0
1.001		0.138231		0
1.002		0.13815		0
1.003		0.138069		0
1.004		0.137988		0
1.005		0.137908		0
1.006		0.137828		0
1.007		0.137748		0
1.008		0.137668		0
1.009		0.137589		0
1.01		0.137509		0
1.011		0.13743		0
1.012		0.137351		0
1.013		0.137273		0
1.014		0.137194		0
1.015		0.137116		0
1.016		0.137038		0
1.017		0.13696		0
1.018		0.136882		0
1.019		0.136804		0
1.02		0.136727		0
1.021		0.13665		0
1.022		0.136573		0
1.023		0.136496		0
1.024		0.13642		0
1.025		0.136343		0
1.026		0.136267		0
1.027		0.136191		0
1.028		0.136115		0
1.029		0.13604		0
1.03		0.135964		0
1.031		0.135889		0
1.032		0.135814		0
1.033		0.135739		0
1.034		0.135665		0
1.035		0.13559		0
1.036		0.135516		0
1.037		0.135442		0
1.038		0.135368		0
1.039		0.135294		0
1.04		0.13522		0
1.041		0.135147		0
1.042		0.135074		0
1.043		0.135001		0
1.044		0.134928		0
1.045		0.134855		0
1.046		0.134783		0
1.047		0.134711		0
1.048		0.134638		0
1.049		0.134566		0
1.05		0.134495		0
1.051		0.134423		0
1.052		0.134352		0
1.053		0.13428		0
1.054		0.134209		0
1.055		0.134138		0
1.056		0.134068		0
1.057		0.133997		0
1.058		0.133927		0
1.059		0.133856		0
1.06		0.133786		0
1.061		0.133716		0
1.062		0.133647		0
1.063		0.133577		0
1.064		0.133508		0
1.065		0.133438		0
1.066		0.133369		0
1.067		0.1333		0
1.068		0.133232		0
1.069		0.133163		0
1.07		0.133095		0
1.071		0.133026		0
1.072		0.132958		0
1.073		0.13289		0
1.074		0.132823		0
1.075		0.132755		0
1.076		0.132688		0
1.077		0.13262		0
1.078		0.132553		0
1.079		0.132486		0
1.08		0.132419		0
1.081		0.132353		0
1.082		0.132286		0
1.083		0.13222		0
1.084		0.132154		0
1.085		0.132087		0
1.086		0.132022		0
1.087		0.131956		0
1.088		0.13189		0
1.089		0.131825		0
1.09		0.131759		0
1.091		0.131694		0
1.092		0.131629		0
1.093		0.131564		0
1.094		0.1315		0
1.095		0.131435		0
1.096		0.131371		0
1.097		0.131307		0
1.098		0.131242		0
1.099		0.131178		0
1.1		0.131115		0
1.101		0.131051		0
1.102		0.130987		0
1.103		0.130924		0
1.104		0.130861		0
1.105		0.130798		0
1.106		0.130735		0
1.107		0.130672		0
1.108		0.130609		0
1.109		0.130547		0
1.11		0.130484		0
1.111		0.130422		0
1.112		0.13036		0
1.113		0.130298		0
1.114		0.130236		0
1.115		0.130174		0
1.116		0.130113		0
1.117		0.130051		0
1.118		0.12999		0
1.119		0.129929		0
1.12		0.129868		0
1.121		0.129807		0
1.122		0.129746		0
1.123		0.129685		0
1.124		0.129625		0
1.125		0.129565		0
1.126		0.129504		0
1.127		0.129444		0
1.128		0.129384		0
1.129		0.129324		0
1.13		0.129265		0
1.131		0.129205		0
1.132		0.129146		0
1.133		0.129086		0
1.134		0.129027		0
1.135		0.128968		0
1.136		0.128909		0
1.137		0.12885		0
1.138		0.128792		0
1.139		0.128733		0
1.14		0.128675		0
1.141		0.128616		0
1.142		0.128558		0
1.143		0.1285		0
1.144		0.128442		0
1.145		0.128384		0
1.146		0.128327		0
1.147		0.128269		0
1.148		0.128212		0
1.149		0.128154		0
1.15		0.128097		0
1.151		0.12804		0
1.152		0.127983		0
1.153		0.127926		0
1.154		0.12787		0
1.155		0.127813		0
1.156		0.127756		0
1.157		0.1277		0
1.158		0.127644		0
1.159		0.127588		0
1.16		0.127532		0
1.161		0.127476		0
1.162		0.12742		0
1.163		0.127364		0
1.164		0.127309		0
1.165		0.127253		0
1.166		0.127198		0
1.167		0.127143		0
1.168		0.127088		0
1.169		0.127033		0
1.17		0.126978		0
1.171		0.126923		0
1.172		0.126868		0
1.173		0.126814		0
1.174		0.126759		0
1.175		0.126705		0
1.176		0.126651		0
1.177		0.126597		0
1.178		0.126543		0
1.179		0.126489		0
1.18		0.126435		0
1.181		0.126381		0
1.182		0.126328		0
1.183		0.126274		0
1.184		0.126221		0
1.185		0.126168		0
1.186		0.126115		0
1.187		0.126062		0
1.188		0.126009		0
1.189		0.125956		0
1.19		0.125903		0
1.191		0.125851		0
1.192		0.125798		0
1.193		0.125746		0
1.194		0.125693		0
1.195		0.125641		0
1.196		0.125589		0
1.197		0.125537		0
1.198		0.125485		0
1.199		0.125433		0
1.2		0.125382		0
1.201		0.12533		0
1.202		0.125279		0
1.203		0.125227		0
1.204		0.125176		0
1.205		0.125125		0
1.206		0.125074		0
1.207		0.125023		0
1.208		0.124972		0
1.209		0.124921		0
1.21		0.12487		0
1.211		0.12482		0
1.212		0.124769		0
1.213		0.124719		0
1.214		0.124669		0
1.215		0.124618		0
1.216		0.124568		0
1.217		0.124518		0
1.218		0.124468		0
1.219		0.124419		0
1.22		0.124369		0
1.221		0.124319		0
1.222		0.12427		0
1.223		0.12422		0
1.224		0.124171		0
1.225		0.124122		0
1.226		0.124072		0
1.227		0.124023		0
1.228		0.123974		0
1.229		0.123925		0
1.23		0.123877		0
1.231		0.123828		0
1.232		0.123779		0
1.233		0.123731		0
1.234		0.123682		0
1.235		0.123634		0
1.236		0.123586		0
1.237		0.123537		0
1.238		0.123489		0
1.239		0.123441		0
1.24		0.123393		0
1.241		0.123346		0
1.242		0.123298		0
1.243		0.12325		0
1.244		0.123203		0
1.245		0.123155		0
1.246		0.123108		0
1.247		0.123061		0
1.248		0.123013		0
1.249		0.122966		0
1.25		0.122919		0
1.251		0.122872		0
1.252		0.122825		0
1.253		0.122778		0
1.254		0.122732		0
1.255		0.122685		0
1.256		0.122639		0
1.257		0.122592		0
1.258		0.122546		0
1.259		0.122499		0
1.26		0.122453		0
1.261		0.122407		0
1.262		0.122361		0
1.263		0.122315		0
1.264		0.122269		0
1.265		0.122223		0
1.266		0.122178		0
1.267		0.122132		0
1.268		0.122086		0
1.269		0.122041		0
1.27		0.121995		0
1.271		0.12195		0
1.272		0.121905		0
1.273		0.12186		0
1.274		0.121815		0
1.275		0.12177		0
1.276		0.121725		0
1.277		0.12168		0
1.278		0.121635		0
1.279		0.12159		0
1.28		0.121546		0
1.281		0.121501		0
1.282		0.121457		0
1.283		0.121412		0
1.284		0.121368		0
1.285		0.121324		0
1.286		0.121279		0
1.287		0.121235		0
1.288		0.121191		0
1.289		0.121147		0
1.29		0.121103		0
1.291		0.12106		0
1.292		0.121016		0
1.293		0.120972		0
1.294		0.120929		0
1.295		0.120885		0
1.296		0.120842		0
1.297		0.120798		0
1.298		0.120755		0
1.299		0.120712		0
1.3		0.120669		0
1.301		0.120625		0
1.302		0.120582		0
1.303		0.120539		0
1.304		0.120497		0
1.305		0.120454		0
1.306		0.120411		0
1.307		0.120368		0
1.308		0.120326		0
1.309		0.120283		0
1.31		0.120241		0
1.311		0.120198		0
1.312		0.120156		0
1.313		0.120114		0
1.314		0.120072		0
1.315		0.120029		0
1.316		0.119987		0
1.317		0.119945		0
1.318		0.119904		0
1.319		0.119862		0
1.32		0.11982		0
1.321		0.119778		0
1.322		0.119737		0
1.323		0.119695		0
1.324		0.119653		0
1.325		0.119612		0
1.326		0.119571		0
1.327		0.119529		0
1.328		0.119488		0
1.329		0.119447		0
1.33		0.119406		0
1.331		0.119365		0
1.332		0.119324		0
1.333		0.119283		0
1.334		0.119242		0
1.335		0.119201		0
1.336		0.11916		0
1.337		0.119119		0
1.338		0.119079		0
1.339		0.119038		0
1.34		0.118998		0
1.341		0.118957		0
1.342		0.118917		0
1.343		0.118877		0
1.344		0.118836		0
1.345		0.118796		0
1.346		0.118756		0
1.347		0.118716		0
1.348		0.118676		0
1.349		0.118636		0
1.35		0.118596		0
1.351		0.118556		0
1.352		0.118517		0
1.353		0.118477		0
1.354		0.118437		0
1.355		0.118398		0
1.356		0.118358		0
1.357		0.118319		0
1.358		0.118279		0
1.359		0.11824		0
1.36		0.118201		0
1.361		0.118161		0
1.362		0.118122		0
1.363		0.118083		0
1.364		0.118044		0
1.365		0.118005		0
1.366		0.117966		0
1.367		0.117927		0
1.368		0.117888		0
1.369		0.117849		0
1.37		0.117811		0
1.371		0.117772		0
1.372		0.117733		0
1.373		0.117695		0
1.374		0.117656		0
1.375		0.117618		0
1.376		0.117579		0
1.377		0.117541		0
1.378		0.117503		0
1.379		0.117465		0
1.38		0.117426		0
1.381		0.117388		0
1.382		0.11735		0
1.383		0.117312		0
1.384		0.117274		0
1.385		0.117236		0
1.386		0.117198		0
1.387		0.117161		0
1.388		0.117123		0
1.389		0.117085		0
1.39		0.117048		0
1.391		0.11701		0
1.392		0.116972		0
1.393		0.116935		0
1.394		0.116897		0
1.395		0.11686		0
1.396		0.116823		0
1.397		0.116785		0
1.398		0.116748		0
1.399		0.116711		0
1.4		0.116674		0
1.401		0.116637		0
1.402		0.1166		0
1.403		0.116563		0
1.404		0.116526		0
1.405		0.116489		0
1.406		0.116452		0
1.407		0.116415		0
1.408		0.116379		0
1.409		0.116342		0
1.41		0.116305		0
1.411		0.116269		0
1.412		0.116232		0
1.413		0.116196		0
1.414		0.116159		0
1.415		0.116123		0
1.416		0.116086		0
1.417		0.11605		0
1.418		0.116014		0
1.419		0.115978		0
1.42		0.115941		0
1.421		0.115905		0
1.422		0.115869		0
1.423		0.115833		0
1.424		0.115797		0
1.425		0.115761		0
1.426		0.115726		0
1.427		0.11569		0
1.428		0.115654		0
1.429		0.115618		0
1.43		0.115582		0
1.431		0.115547		0
1.432		0.115511		0
1.433		0.115476		0
1.434		0.11544		0
1.435		0.115405		0
1.436		0.115369		0
1.437		0.115334		0
1.438		0.115298		0
1.439		0.115263		0
1.44		0.115228		0
1.441		0.115193		0
1.442		0.115158		0
1.443		0.115122		0
1.444		0.115087		0
1.445		0.115052		0
1.446		0.115017		0
1.447		0.114982		0
1.448		0.114947		0
1.449		0.114913		0
1.45		0.114878		0
1.451		0.114843		0
1.452		0.114808		0
1.453		0.114774		0
1.454		0.114739		0
1.455		0.114704		0
1.456		0.11467		0
1.457		0.114635		0
1.458		0.114601		0
1.459		0.114566		0
1.46		0.114532		0
1.461		0.114498		0
1.462		0.114463		0
1.463		0.114429		0
1.464		0.114395		0
1.465		0.11436		0
1.466		0.114326		0
1.467		0.114292		0
1.468		0.114258		0
1.469		0.114224		0
1.47		0.11419		0
1.471		0.114156		0
1.472		0.114122		0
1.473		0.114088		0
1.474		0.114054		0
1.475		0.114021		0
1.476		0.113987		0
1.477		0.113953		0
1.478		0.113919		0
1.479		0.113886		0
1.48		0.113852		0
1.481		0.113819		0
1.482		0.113785		0
1.483		0.113752		0
1.484		0.113718		0
1.485		0.113685		0
1.486		0.113651		0
1.487		0.113618		0
1.488		0.113585		0
1.489		0.113551		0
1.49		0.113518		0
1.491		0.113485		0
1.492		0.113452		0
1.493		0.113419		0
1.494		0.113386		0
1.495		0.113352		0
1.496		0.113319		0
1.497		0.113286		0
1.498		0.113254		0
1.499		0.113221		0
1.5		0.113188		0
1.501		0.113155		0
1.502		0.113122		0
1.503		0.113089		0
1.504		0.113057		0
1.505		0.113024		0
1.506		0.112991		0
1.507		0.112959		0
1.508		0.112926		0
1.509		0.112893		0
1.51		0.112861		0
1.511		0.112828		0
1.512		0.112796		0
1.513		0.112764		0
1.514		0.112731		0
1.515		0.112699		0
1.516		0.112666		0
1.517		0.112634		0
1.518		0.112602		0
1.519		0.11257		0
1.52		0.112537		0
1.521		0.112505		0
1.522		0.112473		0
1.523		0.112441		0
1.524		0.112409		0
1.525		0.112377		0
1.526		0.112345		0
1.527		0.112313		0
1.528		0.112281		0
1.529		0.112249		0
1.53		0.112217		0
1.531		0.112186		0
1.532		0.112154		0
1.533		0.112122		0
1.534		0.11209		0
1.535		0.112059		0
1.536		0.112027		0
1.537		0.111995		0
1.538		0.111964		0
1.539		0.111932		0
1.54		0.1119		0
1.541		0.111869		0
1.542		0.111837		0
1.543		0.111806		0
1.544		0.111775		0
1.545		0.111743		0
1.546		0.111712		0
1.547		0.11168		0
1.548		0.111649		0
1.549		0.111618		0
1.55		0.111587		0
1.551		0.111555		0
1.552		0.111524		0
1.553		0.111493		0
1.554		0.111462		0
1.555		0.111431		0
1.556		0.1114		0
1.557		0.111369		0
1.558		0.111338		0
1.559		0.111307		0
1.56		0.111276		0
1.561		0.111245		0
1.562		0.111214		0
1.563		0.111183		0
1.564		0.111152		0
1.565		0.111121		0
1.566		0.111091		0
1.567		0.11106		0
1.568		0.111029		0
1.569		0.110998		0
1.57		0.110968		0
1.571		0.110937		0
1.572		0.110907		0
1.573		0.110876		0
1.574		0.110845		0
1.575		0.110815		0
1.576		0.110784		0
1.577		0.110754		0
1.578		0.110723		0
1.579		0.110693		0
1.58		0.110663		0
1.581		0.110632		0
1.582		0.110602		0
1.583		0.110572		0
1.584		0.110541		0
1.585		0.110511		0
1.586		0.110481		0
1.587		0.11045		0
1.588		0.11042		0
1.589		0.11039		0
1.59		0.11036		0
1.591		0.11033		0
1.592		0.1103		0
1.593		0.11027		0
1.594		0.11024		0
1.595		0.11021		0
1.596		0.11018		0
1.597		0.11015		0
1.598		0.11012		0
1.599		0.11009		0
1.6		0.11006		0
1.601		0.11003		0
1.602		0.11		0
1.603		0.10997		0
1.604		0.109941		0
1.605		0.109911		0
1.606		0.109881		0
1.607		0.109851		0
1.608		0.109822		0
1.609		0.109792		0
1.61		0.109762		0
1.611		0.109733		0
1.612		0.109703		0
1.613		0.109674		0
1.614		0.109644		0
1.615		0.109615		0
1.616		0.109585		0
1.617		0.109556		0
1.618		0.109526		0
1.619		0.109497		0
1.62		0.109467		0
1.621		0.109438		0
1.622		0.109409		0
1.623		0.109379		0
1.624		0.10935		0
1.625		0.109321		0
1.626		0.109291		0
1.627		0.109262		0
1.628		0.109233		0
1.629		0.109204		0
1.63		0.109174		0
1.631		0.109145		0
1.632		0.109116		0
1.633		0.109087		0
1.634		0.109058		0
1.635		0.109029		0
1.636		0.109		0
1.637		0.108971		0
1.638		0.108942		0
1.639		0.108913		0
1.64		0.108884		0
1.641		0.108855		0
1.642		0.108826		0
1.643		0.108797		0
1.644		0.108768		0
1.645		0.108739		0
1.646		0.10871		0
1.647		0.108682		0
1.648		0.108653		0
1.649		0.108624		0
1.65		0.108595		0
1.651		0.108567		0
1.652		0.108538		0
1.653		0.108509		0
1.654		0.108481		0
1.655		0.108452		0
1.656		0.108423		0
1.657		0.108395		0
1.658		0.108366		0
1.659		0.108337		0
1.66		0.108309		0
1.661		0.10828		0
1.662		0.108252		0
1.663		0.108223		0
1.664		0.108195		0
1.665		0.108166		0
1.666		0.108138		0
1.667		0.10811		0
1.668		0.108081		0
1.669		0.108053		0
1.67		0.108024		0
1.671		0.107996		0
1.672		0.107968		0
1.673		0.107939		0
1.674		0.107911		0
1.675		0.107883		0
1.676		0.107855		0
1.677		0.107826		0
1.678		0.107798		0
1.679		0.10777		0
1.68		0.107742		0
1.681		0.107714		0
1.682		0.107686		0
1.683		0.107657		0
1.684		0.107629		0
1.685		0.107601		0
1.686		0.107573		0
1.687		0.107545		0
1.688		0.107517		0
1.689		0.107489		0
1.69		0.107461		0
1.691		0.107433		0
1.692		0.107405		0
1.693		0.107377		0
1.694		0.107349		0
1.695		0.107321		0
1.696		0.107294		0
1.697		0.107266		0
1.698		0.107238		0
1.699		0.10721		0
1.7		0.107182		0
1.701		0.107154		0
1.702		0.107127		0
1.703		0.107099		0
1.704		0.107071		0
1.705		0.107043		0
1.706		0.107016		0
1.707		0.106988		0
1.708		0.10696		0
1.709		0.106933		0
1.71		0.106905		0
1.711		0.106877		0
1.712		0.10685		0
1.713		0.106822		0
1.714		0.106795		0
1.715		0.106767		0
1.716		0.106739		0
1.717		0.106712		0
1.718		0.106684		0
1.719		0.106657		0
1.72		0.106629		0
1.721		0.106602		0
1.722		0.106574		0
1.723		0.106547		0
1.724		0.10652		0
1.725		0.106492		0
1.726		0.106465		0
1.727		0.106437		0
1.728		0.10641		0
1.729		0.106383		0
1.73		0.106355		0
1.731		0.106328		0
1.732		0.106301		0
1.733		0.106273		0
1.734		0.106246		0
1.735		0.106219		0
1.736		0.106192		0
1.737		0.106164		0
1.738		0.106137		0
1.739		0.10611		0
1.74		0.106083		0
1.741		0.106056		0
1.742		0.106028		0
1.743		0.106001		0
1.744		0.105974		0
1.745		0.105947		0
1.746		0.10592		0
1.747		0.105893		0
1.748		0.105866		0
1.749		0.105839		0
1.75		0.105812		0
1.751		0.105785		0
1.752		0.105758		0
1.753		0.105731		0
1.754		0.105704		0
1.755		0.105677		0
1.756		0.10565		0
1.757		0.105623		0
1.758		0.105596		0
1.759		0.105569		0
1.76		0.105542		0
1.761		0.105515		0
1.762		0.105488		0
1.763		0.105461		0
1.764		0.105435		0
1.765		0.105408		0
1.766		0.105381		0
1.767		0.105354		0
1.768		0.105327		0
1.769		0.105301		0
1.77		0.105274		0
1.771		0.105247		0
1.772		0.10522		0
1.773		0.105193		0
1.774		0.105167		0
1.775		0.10514		0
1.776		0.105113		0
1.777		0.105087		0
1.778		0.10506		0
1.779		0.105033		0
1.78		0.105007		0
1.781		0.10498		0
1.782		0.104953		0
1.783		0.104927		0
1.784		0.1049		0
1.785		0.104874		0
1.786		0.104847		0
1.787		0.104821		0
1.788		0.104794		0
1.789		0.104767		0
1.79		0.104741		0
1.791		0.104714		0
1.792		0.104688		0
1.793		0.104661		0
1.794		0.104635		0
1.795		0.104609		0
1.796		0.104582		0
1.797		0.104556		0
1.798		0.104529		0
1.799		0.104503		0
1.8		0.104476		0
1.801		0.10445		0
1.802		0.104424		0
1.803		0.104397		0
1.804		0.104371		0
1.805		0.104345		0
1.806		0.104318		0
1.807		0.104292		0
1.808		0.104266		0
1.809		0.104239		0
1.81		0.104213		0
1.811		0.104187		0
1.812		0.10416		0
1.813		0.104134		0
1.814		0.104108		0
1.815		0.104082		0
1.816		0.104055		0
1.817		0.104029		0
1.818		0.104003		0
1.819		0.103977		0
1.82		0.103951		0
1.821		0.103924		0
1.822		0.103898		0
1.823		0.103872		0
1.824		0.103846		0
1.825		0.10382		0
1.826		0.103794		0
1.827		0.103768		0
1.828		0.103742		0
1.829		0.103715		0
1.83		0.103689		0
1.831		0.103663		0
1.832		0.103637		0
1.833		0.103611		0
1.834		0.103585		0
1.835		0.103559		0
1.836		0.103533		0
1.837		0.103507		0
1.838		0.103481		0
1.839		0.103455		0
1.84		0.103429		0
1.841		0.103403		0
1.842		0.103377		0
1.843		0.103351		0
1.844		0.103325		0
1.845		0.103299		0
1.846		0.103273		0
1.847		0.103248		0
1.848		0.103222		0
1.849		0.103196		0
1.85		0.10317		0
1.851		0.103144		0
1.852		0.103118		0
1.853		0.103092		0
1.854		0.103066		0
1.855		0.103041		0
1.856		0.103015		0
1.857		0.102989		0
1.858		0.102963		0
1.859		0.102937		0
1.86		0.102912		0
1.861		0.102886		0
1.862		0.10286		0
1.863		0.102834		0
1.864		0.102809		0
1.865		0.102783		0
1.866		0.102757		0
1.867		0.102731		0
1.868		0.102706		0
1.869		0.10268		0
1.87		0.102654		0
1.871		0.102628		0
1.872		0.102603		0
1.873		0.102577		0
1.874		0.102551		0
1.875		0.102526		0
1.876		0.1025		0
1.877		0.102475		0
1.878		0.102449		0
1.879		0.102423		0
1.88		0.102398		0
1.881		0.102372		0
1.882		0.102346		0
1.883		0.102321		0
1.884		0.102295		0
1.885		0.10227		0
1.886		0.102244		0
1.887		0.102219		0
1.888		0.102193		0
1.889		0.102167		0
1.89		0.102142		0
1.891		0.102116		0
1.892		0.102091		0
1.893		0.102065		0
1.894		0.10204		0
1.895		0.102014		0
1.896		0.101989		0
1.897		0.101963		0
1.898		0.101938		0
1.899		0.101913		0
1.9		0.101887		0
1.901		0.101862		0
1.902		0.101836		0
1.903		0.101811		0
1.904		0.101785		0
1.905		0.10176		0
1.906		0.101734		0
1.907		0.101709		0
1.908		0.101684		0
1.909		0.101658		0
1.91		0.101633		0
1.911		0.101608		0
1.912		0.101582		0
1.913		0.101557		0
1.914		0.101531		0
1.915		0.101506		0
1.916		0.101481		0
1.917		0.101455		0
1.918		0.10143		0
1.919		0.101405		0
1.92		0.10138		0
1.921		0.101354		0
1.922		0.101329		0
1.923		0.101304		0
1.924		0.101278		0
1.925		0.101253		0
1.926		0.101228		0
1.927		0.101203		0
1.928		0.101177		0
1.929		0.101152		0
1.93		0.101127		0
1.931		0.101102		0
1.932		0.101076		0
1.933		0.101051		0
1.934		0.101026		0
1.935		0.101001		0
1.936		0.100976		0
1.937		0.10095		0
1.938		0.100925		0
1.939		0.1009		0
1.94		0.100875		0
1.941		0.10085		0
1.942		0.100825		0
1.943		0.100799		0
1.944		0.100774		0
1.945		0.100749		0
1.946		0.100724		0
1.947		0.100699		0
1.948		0.100674		0
1.949		0.100649		0
1.95		0.100624		0
1.951		0.100598		0
1.952		0.100573		0
1.953		0.100548		0
1.954		0.100523		0
1.955		0.100498		0
1.956		0.100473		0
1.957		0.100448		0
1.958		0.100423		0
1.959		0.100398		0
1.96		0.100373		0
1.961		0.100348		0
1.962		0.100323		0
1.963		0.100298		0
1.964		0.100273		0
1.965		0.100248		0
1.966		0.100223		0
1.967		0.100198		0
1.968		0.100173		0
1.969		0.100148		0
1.97		0.100123		0
1.971		0.100098		0
1.972		0.100073		0
1.973		0.100048		0
1.974		0.100023		0
1.975		0.0999979		0
1.976		0.099973		0
1.977		0.099948		0
1.978		0.0999231		0
1.979		0.0998982		0
1.98		0.0998732		0
1.981		0.0998483		0
1.982		0.0998234		0
1.983		0.0997985		0
1.984		0.0997736		0
1.985		0.0997487		0
1.986		0.0997238		0
1.987		0.0996989		0
1.988		0.099674		0
1.989		0.0996492		0
1.99		0.0996243		0
1.991		0.0995994		0
1.992		0.0995746		0
1.993		0.0995497		0
1.994		0.0995249		0
1.995		0.0995		0
1.996		0.0994752		0
1.997		0.0994503		0
1.998		0.0994255		0
1.999		0.0994007		0
2		0.0993759		0
2.001		0.0993511		0
2.002		0.0993263		0
2.003		0.0993015		0
2.004		0.0992767		0
2.005		0.0992519		0
2.006		0.0992271		0
2.007		0.0992023		0
2.008		0.0991775		0
2.009		0.0991528		0
2.01		0.099128		0
2.011		0.0991032		0
2.012		0.0990785		0
2.013		0.0990537		0
2.014		0.099029		0
2.015		0.0990042		0
2.016		0.0989795		0
2.017		0.0989548		0
2.018		0.09893		0
2.019		0.0989053		0
2.02		0.0988806		0
2.021		0.0988559		0
2.022		0.0988312		0
2.023		0.0988065		0
2.024		0.0987818		0
2.025		0.0987571		0
2.026		0.0987324		0
2.027		0.0987077		0
2.028		0.098683		0
2.029		0.0986583		0
2.03		0.0986337		0
2.031		0.098609		0
2.032		0.0985843		0
2.033		0.0985597		0
2.034		0.098535		0
2.035		0.0985104		0
2.036		0.0984857		0
2.037		0.0984611		0
2.038		0.0984365		0
2.039		0.0984118		0
2.04		0.0983872		0
2.041		0.0983626		0
2.042		0.098338		0
2.043		0.0983134		0
2.044		0.0982888		0
2.045		0.0982642		0
2.046		0.0982396		0
2.047		0.098215		0
2.048		0.0981904		0
2.049		0.0981658		0
2.05		0.0981412		0
2.051		0.0981166		0
2.052		0.0980921		0
2.053		0.0980675		0
2.054		0.0980429		0
2.055		0.0980184		0
2.056		0.0979938		0
2.057		0.0979693		0
2.058		0.0979447		0
2.059		0.0979202		0
2.06		0.0978956		0
2.061		0.0978711		0
2.062		0.0978466		0
2.063		0.097822		0
2.064		0.0977975		0
2.065		0.097773		0
2.066		0.0977485		0
2.067		0.097724		0
2.068		0.0976995		0
2.069		0.097675		0
2.07		0.0976505		0
2.071		0.097626		0
2.072		0.0976015		0
2.073		0.097577		0
2.074		0.0975525		0
2.075		0.097528		0
2.076		0.0975036		0
2.077		0.0974791		0
2.078		0.0974546		0
2.079		0.0974302		0
2.08		0.0974057		0
2.081		0.0973813		0
2.082		0.0973568		0
2.083		0.0973324		0
2.084		0.0973079		0
2.085		0.0972835		0
2.086		0.097259		0
2.087		0.0972346		0
2.088		0.0972102		0
2.089		0.0971858		0
2.09		0.0971613		0
2.091		0.0971369		0
2.092		0.0971125		0
2.093		0.0970881		0
2.094		0.0970637		0
2.095		0.0970393		0
2.096		0.0970149		0
2.097		0.0969905		0
2.098		0.0969661		0
2.099		0.0969417		0
2.1		0.0969173		0
2.101		0.0968929		0
2.102		0.0968686		0
2.103		0.0968442		0
2.104		0.0968198		0
2.105		0.0967955		0
2.106		0.0967711		0
2.107		0.0967467		0
2.108		0.0967224		0
2.109		0.096698		0
2.11		0.0966737		0
2.111		0.0966493		0
2.112		0.096625		0
2.113		0.0966007		0
2.114		0.0965763		0
2.115		0.096552		0
2.116		0.0965277		0
2.117		0.0965033		0
2.118		0.096479		0
2.119		0.0964547		0
2.12		0.0964304		0
2.121		0.0964061		0
2.122		0.0963818		0
2.123		0.0963575		0
2.124		0.0963332		0
2.125		0.0963089		0
2.126		0.0962846		0
2.127		0.0962603		0
2.128		0.096236		0
2.129		0.0962117		0
2.13		0.0961874		0
2.131		0.0961632		0
2.132		0.0961389		0
2.133		0.0961146		0
2.134		0.0960903		0
2.135		0.0960661		0
2.136		0.0960418		0
2.137		0.0960176		0
2.138		0.0959933		0
2.139		0.0959691		0
2.14		0.0959448		0
2.141		0.0959206		0
2.142		0.0958963		0
2.143		0.0958721		0
2.144		0.0958478		0
2.145		0.0958236		0
2.146		0.0957994		0
2.147		0.0957752		0
2.148		0.0957509		0
2.149		0.0957267		0
2.15		0.0957025		0
2.151		0.0956783		0
2.152		0.0956541		0
2.153		0.0956299		0
2.154		0.0956057		0
2.155		0.0955815		0
2.156		0.0955573		0
2.157		0.0955331		0
2.158		0.0955089		0
2.159		0.0954847		0
2.16		0.0954605		0
2.161		0.0954363		0
2.162		0.0954121		0
2.163		0.095388		0
2.164		0.0953638		0
2.165		0.0953396		0
2.166		0.0953154		0
2.167		0.0952913		0
2.168		0.0952671		0
2.169		0.0952429		0
2.17		0.0952188		0
2.171		0.0951946		0
2.172		0.0951705		0
2.173		0.0951463		0
2.174		0.0951222		0
2.175		0.0950981		0
2.176		0.0950739		0
2.177		0.0950498		0
2.178		0.0950256		0
2.179		0.0950015		0
2.18		0.0949774		0
2.181		0.0949533		0
2.182		0.0949291		0
2.183		0.094905		0
2.184		0.0948809		0
2.185		0.0948568		0
2.186		0.0948327		0
2.187		0.0948086		0
2.188		0.0947845		0
2.189		0.0947604		0
2.19		0.0947363		0
2.191		0.0947122		0
2.192		0.0946881		0
2.193		0.094664		0
2.194		0.0946399		0
2.195		0.0946158		0
2.196		0.0945917		0
2.197		0.0945676		0
2.198		0.0945436		0
2.199		0.0945195		0
2.2		0.0944954		0
2.201		0.0944714		0
2.202		0.0944473		0
2.203		0.0944232		0
2.204		0.0943992		0
2.205		0.0943751		0
2.206		0.094351		0
2.207		0.094327		0
2.208		0.0943029		0
2.209		0.0942789		0
2.21		0.0942549		0
2.211		0.0942308		0
2.212		0.0942068		0
2.213		0.0941827		0
2.214		0.0941587		0
2.215		0.0941347		0
2.216		0.0941106		0
2.217		0.0940866		0
2.218		0.0940626		0
2.219		0.0940386		0
2.22		0.0940146		0
2.221		0.0939905		0
2.222		0.0939665		0
2.223		0.0939425		0
2.224		0.0939185		0
2.225		0.0938945		0
2.226		0.0938705		0
2.227		0.0938465		0
2.228		0.0938225		0
2.229		0.0937985		0
2.23		0.0937745		0
2.231		0.0937505		0
2.232		0.0937265		0
2.233		0.0937025		0
2.234		0.0936786		0
2.235		0.0936546		0
2.236		0.0936306		0
2.237		0.0936066		0
2.238		0.0935827		0
2.239		0.0935587		0
2.24		0.0935347		0
2.241		0.0935108		0
2.242		0.0934868		0
2.243		0.0934628		0
2.244		0.0934389		0
2.245		0.0934149		0
2.246		0.093391		0
2.247		0.093367		0
2.248		0.0933431		0
2.249		0.0933191		0
2.25		0.0932952		0
2.251		0.0932713		0
2.252		0.0932473		0
2.253		0.0932234		0
2.254		0.0931994		0
2.255		0.0931755		0
2.256		0.0931516		0
2.257		0.0931277		0
2.258		0.0931037		0
2.259		0.0930798		0
2.26		0.0930559		0
2.261		0.093032		0
2.262		0.0930081		0
2.263		0.0929842		0
2.264		0.0929603		0
2.265		0.0929364		0
2.266		0.0929125		0
2.267		0.0928886		0
2.268		0.0928647		0
2.269		0.0928408		0
2.27		0.0928169		0
2.271		0.092793		0
2.272		0.0927691		0
2.273		0.0927452		0
2.274		0.0927213		0
2.275		0.0926974		0
2.276		0.0926736		0
2.277		0.0926497		0
2.278		0.0926258		0
2.279		0.0926019		0
2.28		0.0925781		0
2.281		0.0925542		0
2.282		0.0925303		0
2.283		0.0925065		0
2.284		0.0924826		0
2.285		0.0924588		0
2.286		0.0924349		0
2.287		0.092411		0
2.288		0.0923872		0
2.289		0.0923633		0
2.29		0.0923395		0
2.291		0.0923157		0
2.292		0.0922918		0
2.293		0.092268		0
2.294		0.0922441		0
2.295		0.0922203		0
2.296		0.0921965		0
2.297		0.0921727		0
2.298		0.0921488		0
2.299		0.092125		0
2.3		0.0921012		0
2.301		0.0920774		0
2.302		0.0920535		0
2.303		0.0920297		0
2.304		0.0920059		0
2.305		0.0919821		0
2.306		0.0919583		0
2.307		0.0919345		0
2.308		0.0919107		0
2.309		0.0918869		0
2.31		0.0918631		0
2.311		0.0918393		0
2.312		0.0918155		0
2.313		0.0917917		0
2.314		0.0917679		0
2.315		0.0917441		0
2.316		0.0917203		0
2.317		0.0916966		0
2.318		0.0916728		0
2.319		0.091649		0
2.32		0.0916252		0
2.321		0.0916015		0
2.322		0.0915777		0
2.323		0.0915539		0
2.324		0.0915301		0
2.325		0.0915064		0
2.326		0.0914826		0
2.327		0.0914589		0
2.328		0.0914351		0
2.329		0.0914113		0
2.33		0.0913876		0
2.331		0.0913638		0
2.332		0.0913401		0
2.333		0.0913163		0
2.334		0.0912926		0
2.335		0.0912689		0
2.336		0.0912451		0
2.337		0.0912214		0
2.338		0.0911977		0
2.339		0.0911739		0
2.34		0.0911502		0
2.341		0.0911265		0
2.342		0.0911027		0
2.343		0.091079		0
2.344		0.0910553		0
2.345		0.0910316		0
2.346		0.0910079		0
2.347		0.0909841		0
2.348		0.0909604		0
2.349		0.0909367		0
2.35		0.090913		0
2.351		0.0908893		0
2.352		0.0908656		0
2.353		0.0908419		0
2.354		0.0908182		0
2.355		0.0907945		0
2.356		0.0907708		0
2.357		0.0907471		0
2.358		0.0907234		0
2.359		0.0906998		0
2.36		0.0906761		0
2.361		0.0906524		0
2.362		0.0906287		0
2.363		0.090605		0
2.364		0.0905814		0
2.365		0.0905577		0
2.366		0.090534		0
2.367		0.0905103		0
2.368		0.0904867		0
2.369		0.090463		0
2.37		0.0904394		0
2.371		0.0904157		0
2.372		0.090392		0
2.373		0.0903684		0
2.374		0.0903447		0
2.375		0.0903211		0
2.376		0.0902974		0
2.377		0.0902738		0
2.378		0.0902501		0
2.379		0.0902265		0
2.38		0.0902029		0
2.381		0.0901792		0
2.382		0.0901556		0
2.383		0.090132		0
2.384		0.0901083		0
2.385		0.0900847		0
2.386		0.0900611		0
2.387		0.0900374		0
2.388		0.0900138		0
2.389		0.0899902		0
2.39		0.0899666		0
2.391		0.089943		0
2.392		0.0899194		0
2.393		0.0898958		0
2.394		0.0898722		0
2.395		0.0898485		0
2.396		0.0898249		0
2.397		0.0898013		0
2.398		0.0897777		0
2.399		0.0897541		0
2.4		0.0897306		0
2.401		0.089707		0
2.402		0.0896834		0
2.403		0.0896598		0
2.404		0.0896362		0
2.405		0.0896126		0
2.406		0.089589		0
2.407		0.0895655		0
2.408		0.0895419		0
2.409		0.0895183		0
2.41		0.0894947		0
2.411		0.0894712		0
2.412		0.0894476		0
2.413		0.089424		0
2.414		0.0894005		0
2.415		0.0893769		0
2.416		0.0893534		0
2.417		0.0893298		0
2.418		0.0893063		0
2.419		0.0892827		0
2.42		0.0892592		0
2.421		0.0892356		0
2.422		0.0892121		0
2.423		0.0891885		0
2.424		0.089165		0
2.425		0.0891415		0
2.426		0.0891179		0
2.427		0.0890944		0
2.428		0.0890709		0
2.429		0.0890473		0
2.43		0.0890238		0
2.431		0.0890003		0
2.432		0.0889768		0
2.433		0.0889533		0
2.434		0.0889297		0
2.435		0.0889062		0
2.436		0.0888827		0
2.437		0.0888592		0
2.438		0.0888357		0
2.439		0.0888122		0
2.44		0.0887887		0
2.441		0.0887652		0
2.442		0.0887417		0
2.443		0.0887182		0
2.444		0.0886947		0
2.445		0.0886712		0
2.446		0.0886477		0
2.447		0.0886242		0
2.448		0.0886008		0
2.449		0.0885773		0
2.45		0.0885538		0
2.451		0.0885303		0
2.452		0.0885069		0
2.453		0.0884834		0
2.454		0.0884599		0
2.455		0.0884364		0
2.456		0.088413		0
2.457		0.0883895		0
2.458		0.0883661		0
2.459		0.0883426		0
2.46		0.0883192		0
2.461		0.0882957		0
2.462		0.0882723		0
2.463		0.0882488		0
2.464		0.0882254		0
2.465		0.0882019		0
2.466		0.0881785		0
2.467		0.088155		0
2.468		0.0881316		0
2.469		0.0881082		0
2.47		0.0880847		0
2.471		0.0880613		0
2.472		0.0880379		0
2.473		0.0880145		0
2.474		0.087991		0
2.475		0.0879676		0
2.476		0.0879442		0
2.477		0.0879208		0
2.478		0.0878974		0
2.479		0.087874		0
2.48		0.0878506		0
2.481		0.0878272		0
2.482		0.0878038		0
2.483		0.0877804		0
2.484		0.087757		0
2.485		0.0877336		0
2.486		0.0877102		0
2.487		0.0876868		0
2.488		0.0876634		0
2.489		0.08764		0
2.49		0.0876166		0
2.491		0.0875932		0
2.492		0.0875699		0
2.493		0.0875465		0
2.494		0.0875231		0
2.495		0.0874997		0
2.496		0.0874764		0
2.497		0.087453		0
2.498		0.0874296		0
2.499		0.0874063		0
2.5		0.0873829		0
2.501		0.0873596		0
2.502		0.0873362		0
2.503		0.0873129		0
2.504		0.0872895		0
2.505		0.0872662		0
2.506		0.0872428		0
2.507		0.0872195		0
2.508		0.0871961		0
2.509		0.0871728		0
2.51		0.0871495		0
2.511		0.0871261		0
2.512		0.0871028		0
2.513		0.0870795		0
2.514		0.0870562		0
2.515		0.0870328		0
2.516		0.0870095		0
2.517		0.0869862		0
2.518		0.0869629		0
2.519		0.0869396		0
2.52		0.0869163		0
2.521		0.086893		0
2.522		0.0868697		0
2.523		0.0868464		0
2.524		0.0868231		0
2.525		0.0867998		0
2.526		0.0867765		0
2.527		0.0867532		0
2.528		0.0867299		0
2.529		0.0867066		0
2.53		0.0866833		0
2.531		0.08666		0
2.532		0.0866367		0
2.533		0.0866135		0
2.534		0.0865902		0
2.535		0.0865669		0
2.536		0.0865437		0
2.537		0.0865204		0
2.538		0.0864971		0
2.539		0.0864739		0
2.54		0.0864506		0
2.541		0.0864274		0
2.542		0.0864041		0
2.543		0.0863808		0
2.544		0.0863576		0
2.545		0.0863344		0
2.546		0.0863111		0
2.547		0.0862879		0
2.548		0.0862646		0
2.549		0.0862414		0
2.55		0.0862182		0
2.551		0.0861949		0
2.552		0.0861717		0
2.553		0.0861485		0
2.554		0.0861253		0
2.555		0.086102		0
2.556		0.0860788		0
2.557		0.0860556		0
2.558		0.0860324		0
2.559		0.0860092		0
2.56		0.085986		0
2.561		0.0859628		0
2.562		0.0859396		0
2.563		0.0859164		0
2.564		0.0858932		0
2.565		0.08587		0
2.566		0.0858468		0
2.567		0.0858236		0
2.568		0.0858004		0
2.569		0.0857772		0
2.57		0.085754		0
2.571		0.0857309		0
2.572		0.0857077		0
2.573		0.0856845		0
2.574		0.0856613		0
2.575		0.0856382		0
2.576		0.085615		0
2.577		0.0855919		0
2.578		0.0855687		0
2.579		0.0855455		0
2.58		0.0855224		0
2.581		0.0854992		0
2.582		0.0854761		0
2.583		0.0854529		0
2.584		0.0854298		0
2.585		0.0854067		0
2.586		0.0853835		0
2.587		0.0853604		0
2.588		0.0853372		0
2.589		0.0853141		0
2.59		0.085291		0
2.591		0.0852679		0
2.592		0.0852447		0
2.593		0.0852216		0
2.594		0.0851985		0
2.595		0.0851754		0
2.596		0.0851523		0
2.597		0.0851292		0
2.598		0.0851061		0
2.599		0.085083		0
2.6		0.0850599		0
2.601		0.0850368		0
2.602		0.0850137		0
2.603		0.0849906		0
2.604		0.0849675		0
2.605		0.0849444		0
2.606		0.0849213		0
2.607		0.0848982		0
2.608		0.0848752		0
2.609		0.0848521		0
2.61		0.084829		0
2.611		0.0848059		0
2.612		0.0847829		0
2.613		0.0847598		0
2.614		0.0847368		0
2.615		0.0847137		0
2.616		0.0846906		0
2.617		0.0846676		0
2.618		0.0846445		0
2.619		0.0846215		0
2.62		0.0845984		0
2.621		0.0845754		0
2.622		0.0845524		0
2.623		0.0845293		0
2.624		0.0845063		0
2.625		0.0844833		0
2.626		0.0844602		0
2.627		0.0844372		0
2.628		0.0844142		0
2.629		0.0843912		0
2.63		0.0843682		0
2.631		0.0843451		0
2.632		0.0843221		0
2.633		0.0842991		0
2.634		0.0842761		0
2.635		0.0842531		0
2.636		0.0842301		0
2.637		0.0842071		0
2.638		0.0841841		0
2.639		0.0841611		0
2.64		0.0841381		0
2.641		0.0841152		0
2.642		0.0840922		0
2.643		0.0840692		0
2.644		0.0840462		0
2.645		0.0840233		0
2.646		0.0840003		0
2.647		0.0839773		0
2.648		0.0839543		0
2.649		0.0839314		0
2.65		0.0839084		0
2.651		0.0838855		0
2.652		0.0838625		0
2.653		0.0838396		0
2.654		0.0838166		0
2.655		0.0837937		0
2.656		0.0837707		0
2.657		0.0837478		0
2.658		0.0837249		0
2.659		0.0837019		0
2.66		0.083679		0
2.661		0.0836561		0
2.662		0.0836332		0
2.663		0.0836102		0
2.664		0.0835873		0
2.665		0.0835644		0
2.666		0.0835415		0
2.667		0.0835186		0
2.668		0.0834957		0
2.669		0.0834728		0
2.67		0.0834499		0
2.671		0.083427		0
2.672		0.0834041		0
2.673		0.0833812		0
2.674		0.0833583		0
2.675		0.0833354		0
2.676		0.0833125		0
2.677		0.0832897		0
2.678		0.0832668		0
2.679		0.0832439		0
2.68		0.083221		0
2.681		0.0831982		0
2.682		0.0831753		0
2.683		0.0831525		0
2.684		0.0831296		0
2.685		0.0831067		0
2.686		0.0830839		0
2.687		0.083061		0
2.688		0.0830382		0
2.689		0.0830154		0
2.69		0.0829925		0
2.691		0.0829697		0
2.692		0.0829468		0
2.693		0.082924		0
2.694		0.0829012		0
2.695		0.0828784		0
2.696		0.0828555		0
2.697		0.0828327		0
2.698		0.0828099		0
2.699		0.0827871		0
2.7		0.0827643		0
2.701		0.0827415		0
2.702		0.0827187		0
2.703		0.0826959		0
2.704		0.0826731		0
2.705		0.0826503		0
2.706		0.0826275		0
2.707		0.0826047		0
2.708		0.0825819		0
2.709		0.0825592		0
2.71		0.0825364		0
2.711		0.0825136		0
2.712		0.0824908		0
2.713		0.0824681		0
2.714		0.0824453		0
2.715		0.0824226		0
2.716		0.0823998		0
2.717		0.082377		0
2.718		0.0823543		0
2.719		0.0823315		0
2.72		0.0823088		0
2.721		0.0822861		0
2.722		0.0822633		0
2.723		0.0822406		0
2.724		0.0822178		0
2.725		0.0821951		0
2.726		0.0821724		0
2.727		0.0821497		0
2.728		0.0821269		0
2.729		0.0821042		0
2.73		0.0820815		0
2.731		0.0820588		0
2.732		0.0820361		0
2.733		0.0820134		0
2.734		0.0819907		0
2.735		0.081968		0
2.736		0.0819453		0
2.737		0.0819226		0
2.738		0.0818999		0
2.739		0.0818772		0
2.74		0.0818546		0
2.741		0.0818319		0
2.742		0.0818092		0
2.743		0.0817865		0
2.744		0.0817639		0
2.745		0.0817412		0
2.746		0.0817186		0
2.747		0.0816959		0
2.748		0.0816732		0
2.749		0.0816506		0
2.75		0.0816279		0
2.751		0.0816053		0
2.752		0.0815827		0
2.753		0.08156		0
2.754		0.0815374		0
2.755		0.0815148		0
2.756		0.0814921		0
2.757		0.0814695		0
2.758		0.0814469		0
2.759		0.0814243		0
2.76		0.0814016		0
2.761		0.081379		0
2.762		0.0813564		0
2.763		0.0813338		0
2.764		0.0813112		0
2.765		0.0812886		0
2.766		0.081266		0
2.767		0.0812434		0
2.768		0.0812208		0
2.769		0.0811983		0
2.77		0.0811757		0
2.771		0.0811531		0
2.772		0.0811305		0
2.773		0.081108		0
2.774		0.0810854		0
2.775		0.0810628		0
2.776		0.0810403		0
2.777		0.0810177		0
2.778		0.0809952		0
2.779		0.0809726		0
2.78		0.0809501		0
2.781		0.0809275		0
2.782		0.080905		0
2.783		0.0808824		0
2.784		0.0808599		0
2.785		0.0808374		0
2.786		0.0808148		0
2.787		0.0807923		0
2.788		0.0807698		0
2.789		0.0807473		0
2.79		0.0807248		0
2.791		0.0807023		0
2.792		0.0806798		0
2.793		0.0806573		0
2.794		0.0806348		0
2.795		0.0806123		0
2.796		0.0805898		0
2.797		0.0805673		0
2.798		0.0805448		0
2.799		0.0805223		0
2.8		0.0804998		0
2.801		0.0804774		0
2.802		0.0804549		0
2.803		0.0804324		0
2.804		0.08041		0
2.805		0.0803875		0
2.806		0.080365		0
2.807		0.0803426		0
2.808		0.0803201		0
2.809		0.0802977		0
2.81		0.0802752		0
2.811		0.0802528		0
2.812		0.0802304		0
2.813		0.0802079		0
2.814		0.0801855		0
2.815		0.0801631		0
2.816		0.0801407		0
2.817		0.0801182		0
2.818		0.0800958		0
2.819		0.0800734		0
2.82		0.080051		0
2.821		0.0800286		0
2.822		0.0800062		0
2.823		0.0799838		0
2.824		0.0799614		0
2.825		0.079939		0
2.826		0.0799166		0
2.827		0.0798943		0
2.828		0.0798719		0
2.829		0.0798495		0
2.83		0.0798271		0
2.831		0.0798048		0
2.832		0.0797824		0
2.833		0.07976		0
2.834		0.0797377		0
2.835		0.0797153		0
2.836		0.079693		0
2.837		0.0796706		0
2.838		0.0796483		0
2.839		0.079626		0
2.84		0.0796036		0
2.841		0.0795813		0
2.842		0.079559		0
2.843		0.0795366		0
2.844		0.0795143		0
2.845		0.079492		0
2.846		0.0794697		0
2.847		0.0794474		0
2.848		0.0794251		0
2.849		0.0794028		0
2.85		0.0793805		0
2.851		0.0793582		0
2.852		0.0793359		0
2.853		0.0793136		0
2.854		0.0792913		0
2.855		0.079269		0
2.856		0.0792468		0
2.857		0.0792245		0
2.858		0.0792022		0
2.859		0.07918		0
2.86		0.0791577		0
2.861		0.0791354		0
2.862		0.0791132		0
2.863		0.0790909		0
2.864		0.0790687		0
2.865		0.0790464		0
2.866		0.0790242		0
2.867		0.079002		0
2.868		0.0789797		0
2.869		0.0789575		0
2.87		0.0789353		0
2.871		0.0789131		0
2.872		0.0788908		0
2.873		0.0788686		0
2.874		0.0788464		0
2.875		0.0788242		0
2.876		0.078802		0
2.877		0.0787798		0
2.878		0.0787576		0
2.879		0.0787354		0
2.88		0.0787132		0
2.881		0.0786911		0
2.882		0.0786689		0
2.883		0.0786467		0
2.884		0.0786245		0
2.885		0.0786024		0
2.886		0.0785802		0
2.887		0.0785581		0
2.888		0.0785359		0
2.889		0.0785137		0
2.89		0.0784916		0
2.891		0.0784695		0
2.892		0.0784473		0
2.893		0.0784252		0
2.894		0.078403		0
2.895		0.0783809		0
2.896		0.0783588		0
2.897		0.0783367		0
2.898		0.0783145		0
2.899		0.0782924		0
2.9		0.0782703		0
2.901		0.0782482		0
2.902		0.0782261		0
2.903		0.078204		0
2.904		0.0781819		0
2.905		0.0781598		0
2.906		0.0781378		0
2.907		0.0781157		0
2.908		0.0780936		0
2.909		0.0780715		0
2.91		0.0780494		0
2.911		0.0780274		0
2.912		0.0780053		0
2.913		0.0779833		0
2.914		0.0779612		0
2.915		0.0779392		0
2.916		0.0779171		0
2.917		0.0778951		0
2.918		0.077873		0
2.919		0.077851		0
2.92		0.077829		0
2.921		0.0778069		0
2.922		0.0777849		0
2.923		0.0777629		0
2.924		0.0777409		0
2.925		0.0777189		0
2.926		0.0776968		0
2.927		0.0776748		0
2.928		0.0776528		0
2.929		0.0776309		0
2.93		0.0776089		0
2.931		0.0775869		0
2.932		0.0775649		0
2.933		0.0775429		0
2.934		0.0775209		0
2.935		0.077499		0
2.936		0.077477		0
2.937		0.077455		0
2.938		0.0774331		0
2.939		0.0774111		0
2.94		0.0773892		0
2.941		0.0773672		0
2.942		0.0773453		0
2.943		0.0773233		0
2.944		0.0773014		0
2.945		0.0772795		0
2.946		0.0772575		0
2.947		0.0772356		0
2.948		0.0772137		0
2.949		0.0771918		0
2.95		0.0771699		0
2.951		0.077148		0
2.952		0.0771261		0
2.953		0.0771042		0
2.954		0.0770823		0
2.955		0.0770604		0
2.956		0.0770385		0
2.957		0.0770166		0
2.958		0.0769947		0
2.959		0.0769728		0
2.96		0.076951		0
2.961		0.0769291		0
2.962		0.0769072		0
2.963		0.0768854		0
2.964		0.0768635		0
2.965		0.0768417		0
2.966		0.0768198		0
2.967		0.076798		0
2.968		0.0767762		0
2.969		0.0767543		0
2.97		0.0767325		0
2.971		0.0767107		0
2.972		0.0766888		0
2.973		0.076667		0
2.974		0.0766452		0
2.975		0.0766234		0
2.976		0.0766016		0
2.977		0.0765798		0
2.978		0.076558		0
2.979		0.0765362		0
2.98		0.0765144		0
2.981		0.0764926		0
2.982		0.0764709		0
2.983		0.0764491		0
2.984		0.0764273		0
2.985		0.0764055		0
2.986		0.0763838		0
2.987		0.076362		0
2.988		0.0763403		0
2.989		0.0763185		0
2.99		0.0762968		0
2.991		0.076275		0
2.992		0.0762533		0
2.993		0.0762316		0
2.994		0.0762098		0
2.995		0.0761881		0
2.996		0.0761664		0
2.997		0.0761447		0
2.998		0.076123		0
2.999		0.0761012		0
3		0.0760795		0
