0.001		0.0885973		0
0.002		0.130586		0
0.003		0.102996		0
0.004		0.0775999		0
0.005		0.0589252		0
0.006		0.0456484		0
0.007		0.036214		0
0.008		0.0294897		0
0.009		0.0247277		0
0.01		0.021441		0
0.011		0.0193064		0
0.012		0.0181022		0
0.013		0.0176698		0
0.014		0.017889		0
0.015		0.0186645		0
0.016		0.0199162		0
0.017		0.0215738		0
0.018		0.0235745		0
0.019		0.0258607		0
0.02		0.0283795		0
0.021		0.0310824		0
0.022		0.0339253		0
0.023		0.0368685		0
0.024		0.0398765		0
0.025		0.0429181		0
0.026		0.0459664		0
0.027		0.0489983		0
0.028		0.0519942		0
0.029		0.0549382		0
0.03		0.0578173		0
0.031		0.0606212		0
0.032		0.0633421		0
0.033		0.0659744		0
0.034		0.0685142		0
0.035		0.070959		0
0.036		0.073308		0
0.037		0.0755612		0
0.038		0.0777196		0
0.039		0.0797849		0
0.04		0.0817595		0
0.041		0.0836461		0
0.042		0.0854478		0
0.043		0.0871681		0
0.044		0.0888106		0
0.045		0.0903789		0
0.046		0.0918769		0
0.047		0.0933084		0
0.048		0.0946772		0
0.049		0.0959872		0
0.05		0.097242		0
0.051		0.0984452		0
0.052		0.0996006		0
0.053		0.100711		0
0.054		0.101781		0
0.055		0.102813		0
0.056		0.10381		0
0.057		0.104775		0
0.058		0.105711		0
0.059		0.106621		0
0.06		0.107508		0
0.061		0.108373		0
0.062		0.109219		0
0.063		0.110049		0
0.064		0.110865		0
0.065		0.111667		0
0.066		0.11246		0
0.067		0.113243		0
0.068		0.114019		0
0.069		0.11479		0
0.07		0.115556		0
0.071		0.11632		0
0.072		0.117082		0
0.073		0.117844		0
0.074		0.118607		0
0.075		0.119371		0
0.076		0.120138		0
0.077		0.120909		0
0.078		0.121685		0
0.079		0.122466		0
0.08		0.123252		0
0.081		0.124046		0
0.082		0.124846		0
0.083		0.125654		0
0.084		0.12647		0
0.085		0.127295		0
0.086		0.128128		0
0.087		0.128971		0
0.088		0.129824		0
0.089		0.130686		0
0.09		0.131558		0
0.091		0.132441		0
0.092		0.133333		0
0.093		0.134237		0
0.094		0.13515		0
0.095		0.136075		0
0.096		0.13701		0
0.097		0.137955		0
0.098		0.138911		0
0.099		0.139878		0
0.1		0.140856		0
0.101		0.141843		0
0.102		0.142842		0
0.103		0.14385		0
0.104		0.144869		0
0.105		0.145897		0
0.106		0.146936		0
0.107		0.147984		0
0.108		0.149042		0
0.109		0.150108		0
0.11		0.151184		0
0.111		0.152269		0
0.112		0.153363		0
0.113		0.154465		0
0.114		0.155575		0
0.115		0.156693		0
0.116		0.157819		0
0.117		0.158952		0
0.118		0.160092		0
0.119		0.16124		0
0.12		0.162393		0
0.121		0.163554		0
0.122		0.16472		0
0.123		0.165892		0
0.124		0.167069		0
0.125		0.168252		0
0.126		0.169439		0
0.127		0.170631		0
0.128		0.171828		0
0.129		0.173028		0
0.13		0.174232		0
0.131		0.175439		0
0.132		0.17665		0
0.133		0.177863		0
0.134		0.179079		0
0.135		0.180297		0
0.136		0.181517		0
0.137		0.182738		0
0.138		0.183961		0
0.139		0.185184		0
0.14		0.186409		0
0.141		0.187633		0
0.142		0.188858		0
0.143		0.190083		0
0.144		0.191307		0
0.145		0.192531		0
0.146		0.193753		0
0.147		0.194975		0
0.148		0.196194		0
0.149		0.197412		0
0.15		0.198628		0
0.151		0.199841		0
0.152		0.201052		0
0.153		0.20226		0
0.154		0.203465		0
0.155		0.204667		0
0.156		0.205864		0
0.157		0.207059		0
0.158		0.208249		0
0.159		0.209434		0
0.16		0.210615		0
0.161		0.211792		0
0.162		0.212963		0
0.163		0.21413		0
0.164		0.215291		0
0.165		0.216446		0
0.166		0.217595		0
0.167		0.218739		0
0.168		0.219876		0
0.169		0.221007		0
0.17		0.222132		0
0.171		0.22325		0
0.172		0.224361		0
0.173		0.225465		0
0.174		0.226561		0
0.175		0.227651		0
0.176		0.228732		0
0.177		0.229807		0
0.178		0.230873		0
0.179		0.231931		0
0.18		0.232982		0
0.181		0.234024		0
0.182		0.235057		0
0.183		0.236083		0
0.184		0.237099		0
0.185		0.238108		0
0.186		0.239107		0
0.187		0.240097		0
0.188		0.241079		0
0.189		0.242051		0
0.19		0.243014		0
0.191		0.243968		0
0.192		0.244912		0
0.193		0.245848		0
0.194		0.246773		0
0.195		0.247689		0
0.196		0.248596		0
0.197		0.249492		0
0.198		0.250379		0
0.199		0.251257		0
0.2		0.252124		0
0.201		0.252981		0
0.202		0.253829		0
0.203		0.254666		0
0.204		0.255494		0
0.205		0.256311		0
0.206		0.257118		0
0.207		0.257915		0
0.208		0.258702		0
0.209		0.259479		0
0.21		0.260246		0
0.211		0.261003		0
0.212		0.261749		0
0.213		0.262485		0
0.214		0.263211		0
0.215		0.263927		0
0.216		0.264632		0
0.217		0.265327		0
0.218		0.266012		0
0.219		0.266687		0
0.22		0.267352		0
0.221		0.268006		0
0.222		0.26865		0
0.223		0.269284		0
0.224		0.269909		0
0.225		0.270522		0
0.226		0.271126		0
0.227		0.27172		0
0.228		0.272304		0
0.229		0.272878		0
0.23		0.273441		0
0.231		0.273995		0
0.232		0.274539		0
0.233		0.275073		0
0.234		0.275598		0
0.235		0.276112		0
0.236		0.276617		0
0.237		0.277112		0
0.238		0.277598		0
0.239		0.278073		0
0.24		0.27854		0
0.241		0.278997		0
0.242		0.279444		0
0.243		0.279882		0
0.244		0.280311		0
0.245		0.28073		0
0.246		0.28114		0
0.247		0.281541		0
0.248		0.281933		0
0.249		0.282316		0
0.25		0.28269		0
0.251		0.283055		0
0.252		0.283411		0
0.253		0.283758		0
0.254		0.284097		0
0.255		0.284427		0
0.256		0.284748		0
0.257		0.285061		0
0.258		0.285365		0
0.259		0.285661		0
0.26		0.285948		0
0.261		0.286228		0
0.262		0.286499		0
0.263		0.286761		0
0.264		0.287016		0
0.265		0.287263		0
0.266		0.287502		0
0.267		0.287733		0
0.268		0.287956		0
0.269		0.288172		0
0.27		0.28838		0
0.271		0.28858		0
0.272		0.288773		0
0.273		0.288958		0
0.274		0.289136		0
0.275		0.289307		0
0.276		0.289471		0
0.277		0.289627		0
0.278		0.289776		0
0.279		0.289919		0
0.28		0.290054		0
0.281		0.290183		0
0.282		0.290305		0
0.283		0.29042		0
0.284		0.290528		0
0.285		0.29063		0
0.286		0.290726		0
0.287		0.290815		0
0.288		0.290897		0
0.289		0.290974		0
0.29		0.291044		0
0.291		0.291108		0
0.292		0.291166		0
0.293		0.291219		0
0.294		0.291265		0
0.295		0.291305		0
0.296		0.29134		0
0.297		0.291368		0
0.298		0.291392		0
0.299		0.291409		0
0.3		0.291422		0
0.301		0.291428		0
0.302		0.29143		0
0.303		0.291426		0
0.304		0.291417		0
0.305		0.291403		0
0.306		0.291383		0
0.307		0.291359		0
0.308		0.29133		0
0.309		0.291295		0
0.31		0.291256		0
0.311		0.291213		0
0.312		0.291164		0
0.313		0.291111		0
0.314		0.291053		0
0.315		0.290991		0
0.316		0.290925		0
0.317		0.290854		0
0.318		0.290779		0
0.319		0.290699		0
0.32		0.290615		0
0.321		0.290528		0
0.322		0.290436		0
0.323		0.29034		0
0.324		0.29024		0
0.325		0.290136		0
0.326		0.290028		0
0.327		0.289917		0
0.328		0.289802		0
0.329		0.289683		0
0.33		0.289561		0
0.331		0.289435		0
0.332		0.289306		0
0.333		0.289173		0
0.334		0.289037		0
0.335		0.288897		0
0.336		0.288754		0
0.337		0.288608		0
0.338		0.288459		0
0.339		0.288306		0
0.34		0.288151		0
0.341		0.287992		0
0.342		0.287831		0
0.343		0.287667		0
0.344		0.287499		0
0.345		0.287329		0
0.346		0.287156		0
0.347		0.286981		0
0.348		0.286803		0
0.349		0.286622		0
0.35		0.286438		0
0.351		0.286252		0
0.352		0.286064		0
0.353		0.285873		0
0.354		0.285679		0
0.355		0.285484		0
0.356		0.285286		0
0.357		0.285085		0
0.358		0.284883		0
0.359		0.284678		0
0.36		0.284471		0
0.361		0.284262		0
0.362		0.284051		0
0.363		0.283837		0
0.364		0.283622		0
0.365		0.283405		0
0.366		0.283186		0
0.367		0.282965		0
0.368		0.282742		0
0.369		0.282518		0
0.37		0.282291		0
0.371		0.282063		0
0.372		0.281833		0
0.373		0.281602		0
0.374		0.281369		0
0.375		0.281134		0
0.376		0.280898		0
0.377		0.28066		0
0.378		0.280421		0
0.379		0.28018		0
0.38		0.279938		0
0.381		0.279695		0
0.382		0.27945		0
0.383		0.279203		0
0.384		0.278956		0
0.385		0.278707		0
0.386		0.278457		0
0.387		0.278206		0
0.388		0.277953		0
0.389		0.2777		0
0.39		0.277445		0
0.391		0.277189		0
0.392		0.276932		0
0.393		0.276674		0
0.394		0.276415		0
0.395		0.276155		0
0.396		0.275894		0
0.397		0.275632		0
0.398		0.275369		0
0.399		0.275106		0
0.4		0.274841		0
0.401		0.274576		0
0.402		0.274309		0
0.403		0.274042		0
0.404		0.273774		0
0.405		0.273506		0
0.406		0.273237		0
0.407		0.272967		0
0.408		0.272696		0
0.409		0.272424		0
0.41		0.272152		0
0.411		0.27188		0
0.412		0.271607		0
0.413		0.271333		0
0.414		0.271058		0
0.415		0.270783		0
0.416		0.270508		0
0.417		0.270232		0
0.418		0.269956		0
0.419		0.269679		0
0.42		0.269401		0
0.421		0.269123		0
0.422		0.268845		0
0.423		0.268567		0
0.424		0.268288		0
0.425		0.268008		0
0.426		0.267729		0
0.427		0.267449		0
0.428		0.267168		0
0.429		0.266888		0
0.43		0.266607		0
0.431		0.266326		0
0.432		0.266044		0
0.433		0.265763		0
0.434		0.265481		0
0.435		0.265199		0
0.436		0.264916		0
0.437		0.264634		0
0.438		0.264351		0
0.439		0.264068		0
0.44		0.263785		0
0.441		0.263502		0
0.442		0.263219		0
0.443		0.262936		0
0.444		0.262653		0
0.445		0.262369		0
0.446		0.262086		0
0.447		0.261802		0
0.448		0.261518		0
0.449		0.261235		0
0.45		0.260951		0
0.451		0.260667		0
0.452		0.260384		0
0.453		0.2601		0
0.454		0.259816		0
0.455		0.259533		0
0.456		0.259249		0
0.457		0.258966		0
0.458		0.258682		0
0.459		0.258399		0
0.46		0.258116		0
0.461		0.257832		0
0.462		0.257549		0
0.463		0.257266		0
0.464		0.256983		0
0.465		0.2567		0
0.466		0.256418		0
0.467		0.256135		0
0.468		0.255853		0
0.469		0.255571		0
0.47		0.255289		0
0.471		0.255007		0
0.472		0.254725		0
0.473		0.254443		0
0.474		0.254162		0
0.475		0.253881		0
0.476		0.2536		0
0.477		0.253319		0
0.478		0.253039		0
0.479		0.252759		0
0.48		0.252478		0
0.481		0.252199		0
0.482		0.251919		0
0.483		0.25164		0
0.484		0.251361		0
0.485		0.251082		0
0.486		0.250803		0
0.487		0.250525		0
0.488		0.250247		0
0.489		0.249969		0
0.49		0.249692		0
0.491		0.249415		0
0.492		0.249138		0
0.493		0.248862		0
0.494		0.248585		0
0.495		0.248309		0
0.496		0.248034		0
0.497		0.247759		0
0.498		0.247484		0
0.499		0.247209		0
0.5		0.246935		0
0.501		0.246661		0
0.502		0.246387		0
0.503		0.246114		0
0.504		0.245841		0
0.505		0.245569		0
0.506		0.245296		0
0.507		0.245025		0
0.508		0.244753		0
0.509		0.244482		0
0.51		0.244211		0
0.511		0.243941		0
0.512		0.243671		0
0.513		0.243401		0
0.514		0.243132		0
0.515		0.242863		0
0.516		0.242595		0
0.517		0.242327		0
0.518		0.242059		0
0.519		0.241792		0
0.52		0.241525		0
0.521		0.241258		0
0.522		0.240992		0
0.523		0.240727		0
0.524		0.240461		0
0.525		0.240196		0
0.526		0.239932		0
0.527		0.239668		0
0.528		0.239404		0
0.529		0.239141		0
0.53		0.238878		0
0.531		0.238616		0
0.532		0.238354		0
0.533		0.238093		0
0.534		0.237832		0
0.535		0.237571		0
0.536		0.237311		0
0.537		0.237051		0
0.538		0.236792		0
0.539		0.236533		0
0.54		0.236274		0
0.541		0.236016		0
0.542		0.235758		0
0.543		0.235501		0
0.544		0.235245		0
0.545		0.234988		0
0.546		0.234732		0
0.547		0.234477		0
0.548		0.234222		0
0.549		0.233968		0
0.55		0.233714		0
0.551		0.23346		0
0.552		0.233207		0
0.553		0.232954		0
0.554		0.232702		0
0.555		0.23245		0
0.556		0.232199		0
0.557		0.231948		0
0.558		0.231697		0
0.559		0.231447		0
0.56		0.231198		0
0.561		0.230949		0
0.562		0.2307		0
0.563		0.230452		0
0.564		0.230204		0
0.565		0.229957		0
0.566		0.22971		0
0.567		0.229464		0
0.568		0.229218		0
0.569		0.228973		0
0.57		0.228728		0
0.571		0.228483		0
0.572		0.228239		0
0.573		0.227996		0
0.574		0.227752		0
0.575		0.22751		0
0.576		0.227268		0
0.577		0.227026		0
0.578		0.226785		0
0.579		0.226544		0
0.58		0.226303		0
0.581		0.226063		0
0.582		0.225824		0
0.583		0.225585		0
0.584		0.225347		0
0.585		0.225109		0
0.586		0.224871		0
0.587		0.224634		0
0.588		0.224397		0
0.589		0.224161		0
0.59		0.223925		0
0.591		0.22369		0
0.592		0.223455		0
0.593		0.223221		0
0.594		0.222987		0
0.595		0.222753		0
0.596		0.22252		0
0.597		0.222288		0
0.598		0.222056		0
0.599		0.221824		0
0.6		0.221593		0
0.601		0.221362		0
0.602		0.221132		0
0.603		0.220902		0
0.604		0.220673		0
0.605		0.220444		0
0.606		0.220216		0
0.607		0.219988		0
0.608		0.21976		0
0.609		0.219533		0
0.61		0.219306		0
0.611		0.21908		0
0.612		0.218855		0
0.613		0.218629		0
0.614		0.218405		0
0.615		0.21818		0
0.616		0.217956		0
0.617		0.217733		0
0.618		0.21751		0
0.619		0.217287		0
0.62		0.217065		0
0.621		0.216844		0
0.622		0.216622		0
0.623		0.216402		0
0.624		0.216181		0
0.625		0.215961		0
0.626		0.215742		0
0.627		0.215523		0
0.628		0.215305		0
0.629		0.215086		0
0.63		0.214869		0
0.631		0.214652		0
0.632		0.214435		0
0.633		0.214218		0
0.634		0.214003		0
0.635		0.213787		0
0.636		0.213572		0
0.637		0.213358		0
0.638		0.213143		0
0.639		0.21293		0
0.64		0.212716		0
0.641		0.212504		0
0.642		0.212291		0
0.643		0.212079		0
0.644		0.211868		0
0.645		0.211657		0
0.646		0.211446		0
0.647		0.211236		0
0.648		0.211026		0
0.649		0.210816		0
0.65		0.210607		0
0.651		0.210399		0
0.652		0.210191		0
0.653		0.209983		0
0.654		0.209776		0
0.655		0.209569		0
0.656		0.209363		0
0.657		0.209157		0
0.658		0.208951		0
0.659		0.208746		0
0.66		0.208541		0
0.661		0.208337		0
0.662		0.208133		0
0.663		0.20793		0
0.664		0.207727		0
0.665		0.207524		0
0.666		0.207322		0
0.667		0.20712		0
0.668		0.206918		0
0.669		0.206717		0
0.67		0.206517		0
0.671		0.206317		0
0.672		0.206117		0
0.673		0.205918		0
0.674		0.205719		0
0.675		0.20552		0
0.676		0.205322		0
0.677		0.205124		0
0.678		0.204927		0
0.679		0.20473		0
0.68		0.204533		0
0.681		0.204337		0
0.682		0.204142		0
0.683		0.203946		0
0.684		0.203751		0
0.685		0.203557		0
0.686		0.203363		0
0.687		0.203169		0
0.688		0.202976		0
0.689		0.202783		0
0.69		0.20259		0
0.691		0.202398		0
0.692		0.202206		0
0.693		0.202015		0
0.694		0.201824		0
0.695		0.201633		0
0.696		0.201443		0
0.697		0.201253		0
0.698		0.201064		0
0.699		0.200875		0
0.7		0.200686		0
0.701		0.200498		0
0.702		0.20031		0
0.703		0.200123		0
0.704		0.199936		0
0.705		0.199749		0
0.706		0.199563		0
0.707		0.199377		0
0.708		0.199191		0
0.709		0.199006		0
0.71		0.198821		0
0.711		0.198636		0
0.712		0.198452		0
0.713		0.198269		0
0.714		0.198085		0
0.715		0.197902		0
0.716		0.19772		0
0.717		0.197538		0
0.718		0.197356		0
0.719		0.197174		0
0.72		0.196993		0
0.721		0.196812		0
0.722		0.196632		0
0.723		0.196452		0
0.724		0.196272		0
0.725		0.196093		0
0.726		0.195914		0
0.727		0.195735		0
0.728		0.195557		0
0.729		0.195379		0
0.73		0.195202		0
0.731		0.195025		0
0.732		0.194848		0
0.733		0.194672		0
0.734		0.194495		0
0.735		0.19432		0
0.736		0.194144		0
0.737		0.193969		0
0.738		0.193795		0
0.739		0.19362		0
0.74		0.193446		0
0.741		0.193273		0
0.742		0.1931		0
0.743		0.192927		0
0.744		0.192754		0
0.745		0.192582		0
0.746		0.19241		0
0.747		0.192238		0
0.748		0.192067		0
0.749		0.191896		0
0.75		0.191726		0
0.751		0.191556		0
0.752		0.191386		0
0.753		0.191217		0
0.754		0.191047		0
0.755		0.190879		0
0.756		0.19071		0
0.757		0.190542		0
0.758		0.190374		0
0.759		0.190207		0
0.76		0.19004		0
0.761		0.189873		0
0.762		0.189706		0
0.763		0.18954		0
0.764		0.189374		0
0.765		0.189209		0
0.766		0.189044		0
0.767		0.188879		0
0.768		0.188714		0
0.769		0.18855		0
0.77		0.188386		0
0.771		0.188223		0
0.772		0.18806		0
0.773		0.187897		0
0.774		0.187734		0
0.775		0.187572		0
0.776		0.18741		0
0.777		0.187249		0
0.778		0.187087		0
0.779		0.186926		0
0.78		0.186766		0
0.781		0.186605		0
0.782		0.186445		0
0.783		0.186286		0
0.784		0.186126		0
0.785		0.185967		0
0.786		0.185809		0
0.787		0.18565		0
0.788		0.185492		0
0.789		0.185334		0
0.79		0.185177		0
0.791		0.185019		0
0.792		0.184863		0
0.793		0.184706		0
0.794		0.18455		0
0.795		0.184394		0
0.796		0.184238		0
0.797		0.184083		0
0.798		0.183928		0
0.799		0.183773		0
0.8		0.183618		0
0.801		0.183464		0
0.802		0.18331		0
0.803		0.183157		0
0.804		0.183003		0
0.805		0.18285		0
0.806		0.182698		0
0.807		0.182545		0
0.808		0.182393		0
0.809		0.182242		0
0.81		0.18209		0
0.811		0.181939		0
0.812		0.181788		0
0.813		0.181637		0
0.814		0.181487		0
0.815		0.181337		0
0.816		0.181187		0
0.817		0.181038		0
0.818		0.180888		0
0.819		0.18074		0
0.82		0.180591		0
0.821		0.180443		0
0.822		0.180295		0
0.823		0.180147		0
0.824		0.179999		0
0.825		0.179852		0
0.826		0.179705		0
0.827		0.179559		0
0.828		0.179412		0
0.829		0.179266		0
0.83		0.17912		0
0.831		0.178975		0
0.832		0.17883		0
0.833		0.178685		0
0.834		0.17854		0
0.835		0.178395		0
0.836		0.178251		0
0.837		0.178107		0
0.838		0.177964		0
0.839		0.17782		0
0.84		0.177677		0
0.841		0.177535		0
0.842		0.177392		0
0.843		0.17725		0
0.844		0.177108		0
0.845		0.176966		0
0.846		0.176825		0
0.847		0.176683		0
0.848		0.176543		0
0.849		0.176402		0
0.85		0.176261		0
0.851		0.176121		0
0.852		0.175981		0
0.853		0.175842		0
0.854		0.175703		0
0.855		0.175563		0
0.856		0.175425		0
0.857		0.175286		0
0.858		0.175148		0
0.859		0.17501		0
0.86		0.174872		0
0.861		0.174734		0
0.862		0.174597		0
0.863		0.17446		0
0.864		0.174323		0
0.865		0.174187		0
0.866		0.17405		0
0.867		0.173914		0
0.868		0.173779		0
0.869		0.173643		0
0.87		0.173508		0
0.871		0.173373		0
0.872		0.173238		0
0.873		0.173103		0
0.874		0.172969		0
0.875		0.172835		0
0.876		0.172701		0
0.877		0.172568		0
0.878		0.172435		0
0.879		0.172301		0
0.88		0.172169		0
0.881		0.172036		0
0.882		0.171904		0
0.883		0.171772		0
0.884		0.17164		0
0.885		0.171508		0
0.886		0.171377		0
0.887		0.171246		0
0.888		0.171115		0
0.889		0.170984		0
0.89		0.170854		0
0.891		0.170724		0
0.892		0.170594		0
0.893		0.170464		0
0.894		0.170334		0
0.895		0.170205		0
0.896		0.170076		0
0.897		0.169947		0
0.898		0.169819		0
0.899		0.16969		0
0.9		0.169562		0
0.901		0.169435		0
0.902		0.169307		0
0.903		0.169179		0
0.904		0.169052		0
0.905		0.168925		0
0.906		0.168799		0
0.907		0.168672		0
0.908		0.168546		0
0.909		0.16842		0
0.91		0.168294		0
0.911		0.168168		0
0.912		0.168043		0
0.913		0.167918		0
0.914		0.167793		0
0.915		0.167668		0
0.916		0.167544		0
0.917		0.167419		0
0.918		0.167295		0
0.919		0.167171		0
0.92		0.167048		0
0.921		0.166924		0
0.922		0.166801		0
0.923		0.166678		0
0.924		0.166556		0
0.925		0.166433		0
0.926		0.166311		0
0.927		0.166189		0
0.928		0.166067		0
0.929		0.165945		0
0.93		0.165823		0
0.931		0.165702		0
0.932		0.165581		0
0.933		0.16546		0
0.934		0.16534		0
0.935		0.165219		0
0.936		0.165099		0
0.937		0.164979		0
0.938		0.164859		0
0.939		0.16474		0
0.94		0.16462		0
0.941		0.164501		0
0.942		0.164382		0
0.943		0.164263		0
0.944		0.164145		0
0.945		0.164026		0
0.946		0.163908		0
0.947		0.16379		0
0.948		0.163672		0
0.949		0.163555		0
0.95		0.163437		0
0.951		0.16332		0
0.952		0.163203		0
0.953		0.163086		0
0.954		0.16297		0
0.955		0.162853		0
0.956		0.162737		0
0.957		0.162621		0
0.958		0.162505		0
0.959		0.16239		0
0.96		0.162274		0
0.961		0.162159		0
0.962		0.162044		0
0.963		0.161929		0
0.964		0.161815		0
0.965		0.1617		0
0.966		0.161586		0
0.967		0.161472		0
0.968		0.161358		0
0.969		0.161245		0
0.97		0.161131		0
0.971		0.161018		0
0.972		0.160905		0
0.973		0.160792		0
0.974		0.160679		0
0.975		0.160566		0
0.976		0.160454		0
0.977		0.160342		0
0.978		0.16023		0
0.979		0.160118		0
0.98		0.160006		0
0.981		0.159895		0
0.982		0.159784		0
0.983		0.159673		0
0.984		0.159562		0
0.985		0.159451		0
0.986		0.15934		0
0.987		0.15923		0
0.988		0.15912		0
0.989		0.15901		0
0.99		0.1589		0
0.991		0.158791		0
0.992		0.158681		0
0.993		0.158572		0
0.994		0.158463		0
0.995		0.158354		0
0.996		0.158245		0
0.997		0.158136		0
0.998		0.158028		0
0.999		0.15792		0
1		0.157812		0
1.001		0.157704		0
1.002		0.157596		0
1.003		0.157489		0
1.004		0.157381		0
1.005		0.157274		0
1.006		0.157167		0
1.007		0.15706		0
1.008		0.156953		0
1.009		0.156847		0
1.01		0.156741		0
1.011		0.156634		0
1.012		0.156528		0
1.013		0.156422		0
1.014		0.156317		0
1.015		0.156211		0
1.016		0.156106		0
1.017		0.156001		0
1.018		0.155896		0
1.019		0.155791		0
1.02		0.155686		0
1.021		0.155582		0
1.022		0.155477		0
1.023		0.155373		0
1.024		0.155269		0
1.025		0.155165		0
1.026		0.155061		0
1.027		0.154958		0
1.028		0.154854		0
1.029		0.154751		0
1.03		0.154648		0
1.031		0.154545		0
1.032		0.154442		0
1.033		0.15434		0
1.034		0.154237		0
1.035		0.154135		0
1.036		0.154033		0
1.037		0.153931		0
1.038		0.153829		0
1.039		0.153728		0
1.04		0.153626		0
1.041		0.153525		0
1.042		0.153423		0
1.043		0.153322		0
1.044		0.153222		0
1.045		0.153121		0
1.046		0.15302		0
1.047		0.15292		0
1.048		0.152819		0
1.049		0.152719		0
1.05		0.152619		0
1.051		0.152519		0
1.052		0.15242		0
1.053		0.15232		0
1.054		0.152221		0
1.055		0.152122		0
1.056		0.152023		0
1.057		0.151924		0
1.058		0.151825		0
1.059		0.151726		0
1.06		0.151628		0
1.061		0.151529		0
1.062		0.151431		0
1.063		0.151333		0
1.064		0.151235		0
1.065		0.151137		0
1.066		0.15104		0
1.067		0.150942		0
1.068		0.150845		0
1.069		0.150747		0
1.07		0.15065		0
1.071		0.150553		0
1.072		0.150457		0
1.073		0.15036		0
1.074		0.150264		0
1.075		0.150167		0
1.076		0.150071		0
1.077		0.149975		0
1.078		0.149879		0
1.079		0.149783		0
1.08		0.149687		0
1.081		0.149592		0
1.082		0.149496		0
1.083		0.149401		0
1.084		0.149306		0
1.085		0.149211		0
1.086		0.149116		0
1.087		0.149021		0
1.088		0.148927		0
1.089		0.148832		0
1.09		0.148738		0
1.091		0.148644		0
1.092		0.14855		0
1.093		0.148456		0
1.094		0.148362		0
1.095		0.148269		0
1.096		0.148175		0
1.097		0.148082		0
1.098		0.147988		0
1.099		0.147895		0
1.1		0.147802		0
1.101		0.147709		0
1.102		0.147617		0
1.103		0.147524		0
1.104		0.147431		0
1.105		0.147339		0
1.106		0.147247		0
1.107		0.147155		0
1.108		0.147063		0
1.109		0.146971		0
1.11		0.146879		0
1.111		0.146788		0
1.112		0.146696		0
1.113		0.146605		0
1.114		0.146514		0
1.115		0.146423		0
1.116		0.146332		0
1.117		0.146241		0
1.118		0.14615		0
1.119		0.146059		0
1.12		0.145969		0
1.121		0.145879		0
1.122		0.145788		0
1.123		0.145698		0
1.124		0.145608		0
1.125		0.145518		0
1.126		0.145429		0
1.127		0.145339		0
1.128		0.145249		0
1.129		0.14516		0
1.13		0.145071		0
1.131		0.144982		0
1.132		0.144893		0
1.133		0.144804		0
1.134		0.144715		0
1.135		0.144626		0
1.136		0.144538		0
1.137		0.144449		0
1.138		0.144361		0
1.139		0.144273		0
1.14		0.144185		0
1.141		0.144097		0
1.142		0.144009		0
1.143		0.143921		0
1.144		0.143833		0
1.145		0.143746		0
1.146		0.143658		0
1.147		0.143571		0
1.148		0.143484		0
1.149		0.143397		0
1.15		0.14331		0
1.151		0.143223		0
1.152		0.143136		0
1.153		0.14305		0
1.154		0.142963		0
1.155		0.142877		0
1.156		0.14279		0
1.157		0.142704		0
1.158		0.142618		0
1.159		0.142532		0
1.16		0.142446		0
1.161		0.142361		0
1.162		0.142275		0
1.163		0.142189		0
1.164		0.142104		0
1.165		0.142019		0
1.166		0.141934		0
1.167		0.141848		0
1.168		0.141763		0
1.169		0.141679		0
1.17		0.141594		0
1.171		0.141509		0
1.172		0.141425		0
1.173		0.14134		0
1.174		0.141256		0
1.175		0.141172		0
1.176		0.141087		0
1.177		0.141003		0
1.178		0.140919		0
1.179		0.140836		0
1.18		0.140752		0
1.181		0.140668		0
1.182		0.140585		0
1.183		0.140501		0
1.184		0.140418		0
1.185		0.140335		0
1.186		0.140252		0
1.187		0.140169		0
1.188		0.140086		0
1.189		0.140003		0
1.19		0.13992		0
1.191		0.139838		0
1.192		0.139755		0
1.193		0.139673		0
1.194		0.13959		0
1.195		0.139508		0
1.196		0.139426		0
1.197		0.139344		0
1.198		0.139262		0
1.199		0.13918		0
1.2		0.139099		0
1.201		0.139017		0
1.202		0.138935		0
1.203		0.138854		0
1.204		0.138773		0
1.205		0.138691		0
1.206		0.13861		0
1.207		0.138529		0
1.208		0.138448		0
1.209		0.138367		0
1.21		0.138287		0
1.211		0.138206		0
1.212		0.138125		0
1.213		0.138045		0
1.214		0.137965		0
1.215		0.137884		0
1.216		0.137804		0
1.217		0.137724		0
1.218		0.137644		0
1.219		0.137564		0
1.22		0.137484		0
1.221		0.137405		0
1.222		0.137325		0
1.223		0.137245		0
1.224		0.137166		0
1.225		0.137086		0
1.226		0.137007		0
1.227		0.136928		0
1.228		0.136849		0
1.229		0.13677		0
1.23		0.136691		0
1.231		0.136612		0
1.232		0.136533		0
1.233		0.136455		0
1.234		0.136376		0
1.235		0.136298		0
1.236		0.136219		0
1.237		0.136141		0
1.238		0.136063		0
1.239		0.135985		0
1.24		0.135907		0
1.241		0.135829		0
1.242		0.135751		0
1.243		0.135673		0
1.244		0.135595		0
1.245		0.135518		0
1.246		0.13544		0
1.247		0.135363		0
1.248		0.135286		0
1.249		0.135208		0
1.25		0.135131		0
1.251		0.135054		0
1.252		0.134977		0
1.253		0.1349		0
1.254		0.134823		0
1.255		0.134747		0
1.256		0.13467		0
1.257		0.134593		0
1.258		0.134517		0
1.259		0.13444		0
1.26		0.134364		0
1.261		0.134288		0
1.262		0.134212		0
1.263		0.134135		0
1.264		0.134059		0
1.265		0.133984		0
1.266		0.133908		0
1.267		0.133832		0
1.268		0.133756		0
1.269		0.133681		0
1.27		0.133605		0
1.271		0.13353		0
1.272		0.133454		0
1.273		0.133379		0
1.274		0.133304		0
1.275		0.133229		0
1.276		0.133154		0
1.277		0.133079		0
1.278		0.133004		0
1.279		0.132929		0
1.28		0.132854		0
1.281		0.13278		0
1.282		0.132705		0
1.283		0.13263		0
1.284		0.132556		0
1.285		0.132482		0
1.286		0.132407		0
1.287		0.132333		0
1.288		0.132259		0
1.289		0.132185		0
1.29		0.132111		0
1.291		0.132037		0
1.292		0.131963		0
1.293		0.13189		0
1.294		0.131816		0
1.295		0.131742		0
1.296		0.131669		0
1.297		0.131596		0
1.298		0.131522		0
1.299		0.131449		0
1.3		0.131376		0
1.301		0.131303		0
1.302		0.131229		0
1.303		0.131156		0
1.304		0.131084		0
1.305		0.131011		0
1.306		0.130938		0
1.307		0.130865		0
1.308		0.130793		0
1.309		0.13072		0
1.31		0.130648		0
1.311		0.130575		0
1.312		0.130503		0
1.313		0.130431		0
1.314		0.130358		0
1.315		0.130286		0
1.316		0.130214		0
1.317		0.130142		0
1.318		0.13007		0
1.319		0.129998		0
1.32		0.129927		0
1.321		0.129855		0
1.322		0.129783		0
1.323		0.129712		0
1.324		0.12964		0
1.325		0.129569		0
1.326		0.129498		0
1.327		0.129426		0
1.328		0.129355		0
1.329		0.129284		0
1.33		0.129213		0
1.331		0.129142		0
1.332		0.129071		0
1.333		0.129		0
1.334		0.128929		0
1.335		0.128858		0
1.336		0.128788		0
1.337		0.128717		0
1.338		0.128647		0
1.339		0.128576		0
1.34		0.128506		0
1.341		0.128435		0
1.342		0.128365		0
1.343		0.128295		0
1.344		0.128225		0
1.345		0.128155		0
1.346		0.128085		0
1.347		0.128015		0
1.348		0.127945		0
1.349		0.127875		0
1.35		0.127805		0
1.351		0.127736		0
1.352		0.127666		0
1.353		0.127597		0
1.354		0.127527		0
1.355		0.127458		0
1.356		0.127388		0
1.357		0.127319		0
1.358		0.12725		0
1.359		0.127181		0
1.36		0.127112		0
1.361		0.127043		0
1.362		0.126974		0
1.363		0.126905		0
1.364		0.126836		0
1.365		0.126767		0
1.366		0.126698		0
1.367		0.12663		0
1.368		0.126561		0
1.369		0.126493		0
1.37		0.126424		0
1.371		0.126356		0
1.372		0.126287		0
1.373		0.126219		0
1.374		0.126151		0
1.375		0.126083		0
1.376		0.126015		0
1.377		0.125947		0
1.378		0.125879		0
1.379		0.125811		0
1.38		0.125743		0
1.381		0.125675		0
1.382		0.125607		0
1.383		0.12554		0
1.384		0.125472		0
1.385		0.125404		0
1.386		0.125337		0
1.387		0.125269		0
1.388		0.125202		0
1.389		0.125135		0
1.39		0.125068		0
1.391		0.125		0
1.392		0.124933		0
1.393		0.124866		0
1.394		0.124799		0
1.395		0.124732		0
1.396		0.124665		0
1.397		0.124598		0
1.398		0.124532		0
1.399		0.124465		0
1.4		0.124398		0
1.401		0.124331		0
1.402		0.124265		0
1.403		0.124198		0
1.404		0.124132		0
1.405		0.124066		0
1.406		0.123999		0
1.407		0.123933		0
1.408		0.123867		0
1.409		0.123801		0
1.41		0.123734		0
1.411		0.123668		0
1.412		0.123602		0
1.413		0.123536		0
1.414		0.123471		0
1.415		0.123405		0
1.416		0.123339		0
1.417		0.123273		0
1.418		0.123208		0
1.419		0.123142		0
1.42		0.123076		0
1.421		0.123011		0
1.422		0.122946		0
1.423		0.12288		0
1.424		0.122815		0
1.425		0.12275		0
1.426		0.122684		0
1.427		0.122619		0
1.428		0.122554		0
1.429		0.122489		0
1.43		0.122424		0
1.431		0.122359		0
1.432		0.122294		0
1.433		0.122229		0
1.434		0.122164		0
1.435		0.1221		0
1.436		0.122035		0
1.437		0.12197		0
1.438		0.121906		0
1.439		0.121841		0
1.44		0.121777		0
1.441		0.121712		0
1.442		0.121648		0
1.443		0.121584		0
1.444		0.121519		0
1.445		0.121455		0
1.446		0.121391		0
1.447		0.121327		0
1.448		0.121263		0
1.449		0.121199		0
1.45		0.121135		0
1.451		0.121071		0
1.452		0.121007		0
1.453		0.120943		0
1.454		0.12088		0
1.455		0.120816		0
1.456		0.120752		0
1.457		0.120689		0
1.458		0.120625		0
1.459		0.120562		0
1.46		0.120498		0
1.461		0.120435		0
1.462		0.120371		0
1.463		0.120308		0
1.464		0.120245		0
1.465		0.120182		0
1.466		0.120118		0
1.467		0.120055		0
1.468		0.119992		0
1.469		0.119929		0
1.47		0.119866		0
1.471		0.119803		0
1.472		0.119741		0
1.473		0.119678		0
1.474		0.119615		0
1.475		0.119552		0
1.476		0.11949		0
1.477		0.119427		0
1.478		0.119365		0
1.479		0.119302		0
1.48		0.11924		0
1.481		0.119177		0
1.482		0.119115		0
1.483		0.119052		0
1.484		0.11899		0
1.485		0.118928		0
1.486		0.118866		0
1.487		0.118804		0
1.488		0.118742		0
1.489		0.11868		0
1.49		0.118618		0
1.491		0.118556		0
1.492		0.118494		0
1.493		0.118432		0
1.494		0.11837		0
1.495		0.118308		0
1.496		0.118247		0
1.497		0.118185		0
1.498		0.118123		0
1.499		0.118062		0
1.5		0.118		0
1.501		0.117939		0
1.502		0.117877		0
1.503		0.117816		0
1.504		0.117755		0
1.505		0.117693		0
1.506		0.117632		0
1.507		0.117571		0
1.508		0.11751		0
1.509		0.117449		0
1.51		0.117388		0
1.511		0.117327		0
1.512		0.117266		0
1.513		0.117205		0
1.514		0.117144		0
1.515		0.117083		0
1.516		0.117022		0
1.517		0.116962		0
1.518		0.116901		0
1.519		0.11684		0
1.52		0.11678		0
1.521		0.116719		0
1.522		0.116658		0
1.523		0.116598		0
1.524		0.116538		0
1.525		0.116477		0
1.526		0.116417		0
1.527		0.116357		0
1.528		0.116296		0
1.529		0.116236		0
1.53		0.116176		0
1.531		0.116116		0
1.532		0.116056		0
1.533		0.115996		0
1.534		0.115936		0
1.535		0.115876		0
1.536		0.115816		0
1.537		0.115756		0
1.538		0.115696		0
1.539		0.115636		0
1.54		0.115577		0
1.541		0.115517		0
1.542		0.115457		0
1.543		0.115398		0
1.544		0.115338		0
1.545		0.115279		0
1.546		0.115219		0
1.547		0.11516		0
1.548		0.1151		0
1.549		0.115041		0
1.55		0.114982		0
1.551		0.114922		0
1.552		0.114863		0
1.553		0.114804		0
1.554		0.114745		0
1.555		0.114686		0
1.556		0.114627		0
1.557		0.114568		0
1.558		0.114509		0
1.559		0.11445		0
1.56		0.114391		0
1.561		0.114332		0
1.562		0.114273		0
1.563		0.114214		0
1.564		0.114156		0
1.565		0.114097		0
1.566		0.114038		0
1.567		0.11398		0
1.568		0.113921		0
1.569		0.113863		0
1.57		0.113804		0
1.571		0.113746		0
1.572		0.113687		0
1.573		0.113629		0
1.574		0.113571		0
1.575		0.113512		0
1.576		0.113454		0
1.577		0.113396		0
1.578		0.113338		0
1.579		0.11328		0
1.58		0.113221		0
1.581		0.113163		0
1.582		0.113105		0
1.583		0.113047		0
1.584		0.11299		0
1.585		0.112932		0
1.586		0.112874		0
1.587		0.112816		0
1.588		0.112758		0
1.589		0.112701		0
1.59		0.112643		0
1.591		0.112585		0
1.592		0.112528		0
1.593		0.11247		0
1.594		0.112412		0
1.595		0.112355		0
1.596		0.112298		0
1.597		0.11224		0
1.598		0.112183		0
1.599		0.112125		0
1.6		0.112068		0
1.601		0.112011		0
1.602		0.111954		0
1.603		0.111896		0
1.604		0.111839		0
1.605		0.111782		0
1.606		0.111725		0
1.607		0.111668		0
1.608		0.111611		0
1.609		0.111554		0
1.61		0.111497		0
1.611		0.11144		0
1.612		0.111384		0
1.613		0.111327		0
1.614		0.11127		0
1.615		0.111213		0
1.616		0.111157		0
1.617		0.1111		0
1.618		0.111043		0
1.619		0.110987		0
1.62		0.11093		0
1.621		0.110874		0
1.622		0.110817		0
1.623		0.110761		0
1.624		0.110704		0
1.625		0.110648		0
1.626		0.110592		0
1.627		0.110535		0
1.628		0.110479		0
1.629		0.110423		0
1.63		0.110367		0
1.631		0.110311		0
1.632		0.110255		0
1.633		0.110199		0
1.634		0.110143		0
1.635		0.110087		0
1.636		0.110031		0
1.637		0.109975		0
1.638		0.109919		0
1.639		0.109863		0
1.64		0.109807		0
1.641		0.109751		0
1.642		0.109696		0
1.643		0.10964		0
1.644		0.109584		0
1.645		0.109529		0
1.646		0.109473		0
1.647		0.109418		0
1.648		0.109362		0
1.649		0.109307		0
1.65		0.109251		0
1.651		0.109196		0
1.652		0.10914		0
1.653		0.109085		0
1.654		0.10903		0
1.655		0.108975		0
1.656		0.108919		0
1.657		0.108864		0
1.658		0.108809		0
1.659		0.108754		0
1.66		0.108699		0
1.661		0.108644		0
1.662		0.108589		0
1.663		0.108534		0
1.664		0.108479		0
1.665		0.108424		0
1.666		0.108369		0
1.667		0.108314		0
1.668		0.108259		0
1.669		0.108205		0
1.67		0.10815		0
1.671		0.108095		0
1.672		0.108041		0
1.673		0.107986		0
1.674		0.107931		0
1.675		0.107877		0
1.676		0.107822		0
1.677		0.107768		0
1.678		0.107713		0
1.679		0.107659		0
1.68		0.107604		0
1.681		0.10755		0
1.682		0.107496		0
1.683		0.107441		0
1.684		0.107387		0
1.685		0.107333		0
1.686		0.107279		0
1.687		0.107225		0
1.688		0.107171		0
1.689		0.107116		0
1.69		0.107062		0
1.691		0.107008		0
1.692		0.106954		0
1.693		0.1069		0
1.694		0.106847		0
1.695		0.106793		0
1.696		0.106739		0
1.697		0.106685		0
1.698		0.106631		0
1.699		0.106578		0
1.7		0.106524		0
1.701		0.10647		0
1.702		0.106416		0
1.703		0.106363		0
1.704		0.106309		0
1.705		0.106256		0
1.706		0.106202		0
1.707		0.106149		0
1.708		0.106095		0
1.709		0.106042		0
1.71		0.105989		0
1.711		0.105935		0
1.712		0.105882		0
1.713		0.105829		0
1.714		0.105775		0
1.715		0.105722		0
1.716		0.105669		0
1.717		0.105616		0
1.718		0.105563		0
1.719		0.10551		0
1.72		0.105457		0
1.721		0.105403		0
1.722		0.10535		0
1.723		0.105298		0
1.724		0.105245		0
1.725		0.105192		0
1.726		0.105139		0
1.727		0.105086		0
1.728		0.105033		0
1.729		0.10498		0
1.73		0.104928		0
1.731		0.104875		0
1.732		0.104822		0
1.733		0.10477		0
1.734		0.104717		0
1.735		0.104665		0
1.736		0.104612		0
1.737		0.10456		0
1.738		0.104507		0
1.739		0.104455		0
1.74		0.104402		0
1.741		0.10435		0
1.742		0.104298		0
1.743		0.104245		0
1.744		0.104193		0
1.745		0.104141		0
1.746		0.104088		0
1.747		0.104036		0
1.748		0.103984		0
1.749		0.103932		0
1.75		0.10388		0
1.751		0.103828		0
1.752		0.103776		0
1.753		0.103724		0
1.754		0.103672		0
1.755		0.10362		0
1.756		0.103568		0
1.757		0.103516		0
1.758		0.103464		0
1.759		0.103412		0
1.76		0.103361		0
1.761		0.103309		0
1.762		0.103257		0
1.763		0.103206		0
1.764		0.103154		0
1.765		0.103102		0
1.766		0.103051		0
1.767		0.102999		0
1.768		0.102948		0
1.769		0.102896		0
1.77		0.102845		0
1.771		0.102793		0
1.772		0.102742		0
1.773		0.10269		0
1.774		0.102639		0
1.775		0.102588		0
1.776		0.102536		0
1.777		0.102485		0
1.778		0.102434		0
1.779		0.102383		0
1.78		0.102332		0
1.781		0.10228		0
1.782		0.102229		0
1.783		0.102178		0
1.784		0.102127		0
1.785		0.102076		0
1.786		0.102025		0
1.787		0.101974		0
1.788		0.101923		0
1.789		0.101872		0
1.79		0.101822		0
1.791		0.101771		0
1.792		0.10172		0
1.793		0.101669		0
1.794		0.101618		0
1.795		0.101568		0
1.796		0.101517		0
1.797		0.101466		0
1.798		0.101416		0
1.799		0.101365		0
1.8		0.101315		0
1.801		0.101264		0
1.802		0.101214		0
1.803		0.101163		0
1.804		0.101113		0
1.805		0.101062		0
1.806		0.101012		0
1.807		0.100961		0
1.808		0.100911		0
1.809		0.100861		0
1.81		0.100811		0
1.811		0.10076		0
1.812		0.10071		0
1.813		0.10066		0
1.814		0.10061		0
1.815		0.10056		0
1.816		0.10051		0
1.817		0.10046		0
1.818		0.10041		0
1.819		0.10036		0
1.82		0.10031		0
1.821		0.10026		0
1.822		0.10021		0
1.823		0.10016		0
1.824		0.10011		0
1.825		0.10006		0
1.826		0.10001		0
1.827		0.0999606		0
1.828		0.0999108		0
1.829		0.0998611		0
1.83		0.0998114		0
1.831		0.0997618		0
1.832		0.0997121		0
1.833		0.0996626		0
1.834		0.099613		0
1.835		0.0995634		0
1.836		0.0995139		0
1.837		0.0994645		0
1.838		0.099415		0
1.839		0.0993656		0
1.84		0.0993162		0
1.841		0.0992668		0
1.842		0.0992175		0
1.843		0.0991682		0
1.844		0.0991189		0
1.845		0.0990697		0
1.846		0.0990204		0
1.847		0.0989712		0
1.848		0.0989221		0
1.849		0.0988729		0
1.85		0.0988238		0
1.851		0.0987748		0
1.852		0.0987257		0
1.853		0.0986767		0
1.854		0.0986277		0
1.855		0.0985787		0
1.856		0.0985298		0
1.857		0.0984809		0
1.858		0.098432		0
1.859		0.0983831		0
1.86		0.0983343		0
1.861		0.0982855		0
1.862		0.0982368		0
1.863		0.098188		0
1.864		0.0981393		0
1.865		0.0980906		0
1.866		0.098042		0
1.867		0.0979933		0
1.868		0.0979447		0
1.869		0.0978962		0
1.87		0.0978476		0
1.871		0.0977991		0
1.872		0.0977506		0
1.873		0.0977022		0
1.874		0.0976537		0
1.875		0.0976053		0
1.876		0.0975569		0
1.877		0.0975086		0
1.878		0.0974603		0
1.879		0.097412		0
1.88		0.0973637		0
1.881		0.0973155		0
1.882		0.0972673		0
1.883		0.0972191		0
1.884		0.0971709		0
1.885		0.0971228		0
1.886		0.0970747		0
1.887		0.0970266		0
1.888		0.0969786		0
1.889		0.0969306		0
1.89		0.0968826		0
1.891		0.0968346		0
1.892		0.0967867		0
1.893		0.0967388		0
1.894		0.0966909		0
1.895		0.096643		0
1.896		0.0965952		0
1.897		0.0965474		0
1.898		0.0964996		0
1.899		0.0964519		0
1.9		0.0964042		0
1.901		0.0963565		0
1.902		0.0963088		0
1.903		0.0962612		0
1.904		0.0962136		0
1.905		0.096166		0
1.906		0.0961185		0
1.907		0.0960709		0
1.908		0.0960234		0
1.909		0.095976		0
1.91		0.0959285		0
1.911		0.0958811		0
1.912		0.0958337		0
1.913		0.0957864		0
1.914		0.095739		0
1.915		0.0956917		0
1.916		0.0956444		0
1.917		0.0955972		0
1.918		0.0955499		0
1.919		0.0955027		0
1.92		0.0954556		0
1.921		0.0954084		0
1.922		0.0953613		0
1.923		0.0953142		0
1.924		0.0952671		0
1.925		0.0952201		0
1.926		0.0951731		0
1.927		0.0951261		0
1.928		0.0950791		0
1.929		0.0950322		0
1.93		0.0949853		0
1.931		0.0949384		0
1.932		0.0948916		0
1.933		0.0948447		0
1.934		0.0947979		0
1.935		0.0947512		0
1.936		0.0947044		0
1.937		0.0946577		0
1.938		0.094611		0
1.939		0.0945643		0
1.94		0.0945177		0
1.941		0.0944711		0
1.942		0.0944245		0
1.943		0.0943779		0
1.944		0.0943314		0
1.945		0.0942849		0
1.946		0.0942384		0
1.947		0.0941919		0
1.948		0.0941455		0
1.949		0.0940991		0
1.95		0.0940527		0
1.951		0.0940064		0
1.952		0.09396		0
1.953		0.0939137		0
1.954		0.0938675		0
1.955		0.0938212		0
1.956		0.093775		0
1.957		0.0937288		0
1.958		0.0936826		0
1.959		0.0936365		0
1.96		0.0935904		0
1.961		0.0935443		0
1.962		0.0934982		0
1.963		0.0934522		0
1.964		0.0934062		0
1.965		0.0933602		0
1.966		0.0933142		0
1.967		0.0932683		0
1.968		0.0932224		0
1.969		0.0931765		0
1.97		0.0931306		0
1.971		0.0930848		0
1.972		0.093039		0
1.973		0.0929932		0
1.974		0.0929475		0
1.975		0.0929017		0
1.976		0.092856		0
1.977		0.0928104		0
1.978		0.0927647		0
1.979		0.0927191		0
1.98		0.0926735		0
1.981		0.0926279		0
1.982		0.0925824		0
1.983		0.0925368		0
1.984		0.0924914		0
1.985		0.0924459		0
1.986		0.0924004		0
1.987		0.092355		0
1.988		0.0923096		0
1.989		0.0922643		0
1.99		0.0922189		0
1.991		0.0921736		0
1.992		0.0921283		0
1.993		0.092083		0
1.994		0.0920378		0
1.995		0.0919926		0
1.996		0.0919474		0
1.997		0.0919022		0
1.998		0.0918571		0
1.999		0.091812		0
2		0.0917669		0
2.001		0.0917218		0
2.002		0.0916768		0
2.003		0.0916318		0
2.004		0.0915868		0
2.005		0.0915418		0
2.006		0.0914969		0
2.007		0.091452		0
2.008		0.0914071		0
2.009		0.0913622		0
2.01		0.0913174		0
2.011		0.0912726		0
2.012		0.0912278		0
2.013		0.0911831		0
2.014		0.0911383		0
2.015		0.0910936		0
2.016		0.0910489		0
2.017		0.0910043		0
2.018		0.0909596		0
2.019		0.090915		0
2.02		0.0908704		0
2.021		0.0908259		0
2.022		0.0907814		0
2.023		0.0907368		0
2.024		0.0906924		0
2.025		0.0906479		0
2.026		0.0906035		0
2.027		0.0905591		0
2.028		0.0905147		0
2.029		0.0904703		0
2.03		0.090426		0
2.031		0.0903817		0
2.032		0.0903374		0
2.033		0.0902931		0
2.034		0.0902489		0
2.035		0.0902047		0
2.036		0.0901605		0
2.037		0.0901163		0
2.038		0.0900722		0
2.039		0.0900281		0
2.04		0.089984		0
2.041		0.08994		0
2.042		0.0898959		0
2.043		0.0898519		0
2.044		0.0898079		0
2.045		0.089764		0
2.046		0.08972		0
2.047		0.0896761		0
2.048		0.0896322		0
2.049		0.0895884		0
2.05		0.0895445		0
2.051		0.0895007		0
2.052		0.0894569		0
2.053		0.0894131		0
2.054		0.0893694		0
2.055		0.0893257		0
2.056		0.089282		0
2.057		0.0892383		0
2.058		0.0891947		0
2.059		0.0891511		0
2.06		0.0891075		0
2.061		0.0890639		0
2.062		0.0890204		0
2.063		0.0889768		0
2.064		0.0889333		0
2.065		0.0888899		0
2.066		0.0888464		0
2.067		0.088803		0
2.068		0.0887596		0
2.069		0.0887162		0
2.07		0.0886729		0
2.071		0.0886296		0
2.072		0.0885862		0
2.073		0.088543		0
2.074		0.0884997		0
2.075		0.0884565		0
2.076		0.0884133		0
2.077		0.0883701		0
2.078		0.0883269		0
2.079		0.0882838		0
2.08		0.0882407		0
2.081		0.0881976		0
2.082		0.0881546		0
2.083		0.0881115		0
2.084		0.0880685		0
2.085		0.0880255		0
2.086		0.0879826		0
2.087		0.0879396		0
2.088		0.0878967		0
2.089		0.0878538		0
2.09		0.087811		0
2.091		0.0877681		0
2.092		0.0877253		0
2.093		0.0876825		0
2.094		0.0876397		0
2.095		0.087597		0
2.096		0.0875543		0
2.097		0.0875116		0
2.098		0.0874689		0
2.099		0.0874262		0
2.1		0.0873836		0
2.101		0.087341		0
2.102		0.0872984		0
2.103		0.0872559		0
2.104		0.0872133		0
2.105		0.0871708		0
2.106		0.0871283		0
2.107		0.0870859		0
2.108		0.0870434		0
2.109		0.087001		0
2.11		0.0869586		0
2.111		0.0869163		0
2.112		0.0868739		0
2.113		0.0868316		0
2.114		0.0867893		0
2.115		0.086747		0
2.116		0.0867048		0
2.117		0.0866626		0
2.118		0.0866204		0
2.119		0.0865782		0
2.12		0.086536		0
2.121		0.0864939		0
2.122		0.0864518		0
2.123		0.0864097		0
2.124		0.0863677		0
2.125		0.0863256		0
2.126		0.0862836		0
2.127		0.0862416		0
2.128		0.0861997		0
2.129		0.0861577		0
2.13		0.0861158		0
2.131		0.0860739		0
2.132		0.086032		0
2.133		0.0859902		0
2.134		0.0859484		0
2.135		0.0859066		0
2.136		0.0858648		0
2.137		0.085823		0
2.138		0.0857813		0
2.139		0.0857396		0
2.14		0.0856979		0
2.141		0.0856563		0
2.142		0.0856146		0
2.143		0.085573		0
2.144		0.0855314		0
2.145		0.0854899		0
2.146		0.0854483		0
2.147		0.0854068		0
2.148		0.0853653		0
2.149		0.0853238		0
2.15		0.0852824		0
2.151		0.0852409		0
2.152		0.0851995		0
2.153		0.0851582		0
2.154		0.0851168		0
2.155		0.0850755		0
2.156		0.0850342		0
2.157		0.0849929		0
2.158		0.0849516		0
2.159		0.0849104		0
2.16		0.0848691		0
2.161		0.0848279		0
2.162		0.0847868		0
2.163		0.0847456		0
2.164		0.0847045		0
2.165		0.0846634		0
2.166		0.0846223		0
2.167		0.0845813		0
2.168		0.0845402		0
2.169		0.0844992		0
2.17		0.0844582		0
2.171		0.0844173		0
2.172		0.0843763		0
2.173		0.0843354		0
2.174		0.0842945		0
2.175		0.0842536		0
2.176		0.0842128		0
2.177		0.0841719		0
2.178		0.0841311		0
2.179		0.0840904		0
2.18		0.0840496		0
2.181		0.0840089		0
2.182		0.0839681		0
2.183		0.0839275		0
2.184		0.0838868		0
2.185		0.0838461		0
2.186		0.0838055		0
2.187		0.0837649		0
2.188		0.0837243		0
2.189		0.0836838		0
2.19		0.0836433		0
2.191		0.0836027		0
2.192		0.0835623		0
2.193		0.0835218		0
2.194		0.0834814		0
2.195		0.0834409		0
2.196		0.0834005		0
2.197		0.0833602		0
2.198		0.0833198		0
2.199		0.0832795		0
2.2		0.0832392		0
2.201		0.0831989		0
2.202		0.0831586		0
2.203		0.0831184		0
2.204		0.0830782		0
2.205		0.083038		0
2.206		0.0829978		0
2.207		0.0829577		0
2.208		0.0829176		0
2.209		0.0828775		0
2.21		0.0828374		0
2.211		0.0827973		0
2.212		0.0827573		0
2.213		0.0827173		0
2.214		0.0826773		0
2.215		0.0826373		0
2.216		0.0825974		0
2.217		0.0825574		0
2.218		0.0825175		0
2.219		0.0824777		0
2.22		0.0824378		0
2.221		0.082398		0
2.222		0.0823582		0
2.223		0.0823184		0
2.224		0.0822786		0
2.225		0.0822389		0
2.226		0.0821991		0
2.227		0.0821595		0
2.228		0.0821198		0
2.229		0.0820801		0
2.23		0.0820405		0
2.231		0.0820009		0
2.232		0.0819613		0
2.233		0.0819217		0
2.234		0.0818822		0
2.235		0.0818427		0
2.236		0.0818032		0
2.237		0.0817637		0
2.238		0.0817242		0
2.239		0.0816848		0
2.24		0.0816454		0
2.241		0.081606		0
2.242		0.0815666		0
2.243		0.0815273		0
2.244		0.081488		0
2.245		0.0814487		0
2.246		0.0814094		0
2.247		0.0813701		0
2.248		0.0813309		0
2.249		0.0812917		0
2.25		0.0812525		0
2.251		0.0812133		0
2.252		0.0811742		0
2.253		0.0811351		0
2.254		0.081096		0
2.255		0.0810569		0
2.256		0.0810178		0
2.257		0.0809788		0
2.258		0.0809398		0
2.259		0.0809008		0
2.26		0.0808618		0
2.261		0.0808229		0
2.262		0.0807839		0
2.263		0.080745		0
2.264		0.0807061		0
2.265		0.0806673		0
2.266		0.0806284		0
2.267		0.0805896		0
2.268		0.0805508		0
2.269		0.0805121		0
2.27		0.0804733		0
2.271		0.0804346		0
2.272		0.0803959		0
2.273		0.0803572		0
2.274		0.0803185		0
2.275		0.0802799		0
2.276		0.0802413		0
2.277		0.0802027		0
2.278		0.0801641		0
2.279		0.0801255		0
2.28		0.080087		0
2.281		0.0800485		0
2.282		0.08001		0
2.283		0.0799715		0
2.284		0.0799331		0
2.285		0.0798946		0
2.286		0.0798562		0
2.287		0.0798179		0
2.288		0.0797795		0
2.289		0.0797412		0
2.29		0.0797028		0
2.291		0.0796645		0
2.292		0.0796263		0
2.293		0.079588		0
2.294		0.0795498		0
2.295		0.0795116		0
2.296		0.0794734		0
2.297		0.0794352		0
2.298		0.0793971		0
2.299		0.079359		0
2.3		0.0793208		0
2.301		0.0792828		0
2.302		0.0792447		0
2.303		0.0792067		0
2.304		0.0791687		0
2.305		0.0791307		0
2.306		0.0790927		0
2.307		0.0790547		0
2.308		0.0790168		0
2.309		0.0789789		0
2.31		0.078941		0
2.311		0.0789031		0
2.312		0.0788653		0
2.313		0.0788275		0
2.314		0.0787897		0
2.315		0.0787519		0
2.316		0.0787141		0
2.317		0.0786764		0
2.318		0.0786387		0
2.319		0.078601		0
2.32		0.0785633		0
2.321		0.0785256		0
2.322		0.078488		0
2.323		0.0784504		0
2.324		0.0784128		0
2.325		0.0783752		0
2.326		0.0783377		0
2.327		0.0783002		0
2.328		0.0782626		0
2.329		0.0782252		0
2.33		0.0781877		0
2.331		0.0781503		0
2.332		0.0781128		0
2.333		0.0780754		0
2.334		0.0780381		0
2.335		0.0780007		0
2.336		0.0779634		0
2.337		0.077926		0
2.338		0.0778887		0
2.339		0.0778515		0
2.34		0.0778142		0
2.341		0.077777		0
2.342		0.0777398		0
2.343		0.0777026		0
2.344		0.0776654		0
2.345		0.0776283		0
2.346		0.0775911		0
2.347		0.077554		0
2.348		0.077517		0
2.349		0.0774799		0
2.35		0.0774428		0
2.351		0.0774058		0
2.352		0.0773688		0
2.353		0.0773318		0
2.354		0.0772949		0
2.355		0.0772579		0
2.356		0.077221		0
2.357		0.0771841		0
2.358		0.0771473		0
2.359		0.0771104		0
2.36		0.0770736		0
2.361		0.0770368		0
2.362		0.077		0
2.363		0.0769632		0
2.364		0.0769264		0
2.365		0.0768897		0
2.366		0.076853		0
2.367		0.0768163		0
2.368		0.0767796		0
2.369		0.076743		0
2.37		0.0767064		0
2.371		0.0766698		0
2.372		0.0766332		0
2.373		0.0765966		0
2.374		0.0765601		0
2.375		0.0765235		0
2.376		0.076487		0
2.377		0.0764506		0
2.378		0.0764141		0
2.379		0.0763777		0
2.38		0.0763412		0
2.381		0.0763048		0
2.382		0.0762685		0
2.383		0.0762321		0
2.384		0.0761958		0
2.385		0.0761594		0
2.386		0.0761231		0
2.387		0.0760869		0
2.388		0.0760506		0
2.389		0.0760144		0
2.39		0.0759782		0
2.391		0.075942		0
2.392		0.0759058		0
2.393		0.0758696		0
2.394		0.0758335		0
2.395		0.0757974		0
2.396		0.0757613		0
2.397		0.0757252		0
2.398		0.0756892		0
2.399		0.0756531		0
2.4		0.0756171		0
2.401		0.0755811		0
2.402		0.0755452		0
2.403		0.0755092		0
2.404		0.0754733		0
2.405		0.0754374		0
2.406		0.0754015		0
2.407		0.0753656		0
2.408		0.0753298		0
2.409		0.075294		0
2.41		0.0752582		0
2.411		0.0752224		0
2.412		0.0751866		0
2.413		0.0751509		0
2.414		0.0751151		0
2.415		0.0750794		0
2.416		0.0750437		0
2.417		0.0750081		0
2.418		0.0749724		0
2.419		0.0749368		0
2.42		0.0749012		0
2.421		0.0748656		0
2.422		0.0748301		0
2.423		0.0747945		0
2.424		0.074759		0
2.425		0.0747235		0
2.426		0.074688		0
2.427		0.0746525		0
2.428		0.0746171		0
2.429		0.0745817		0
2.43		0.0745463		0
2.431		0.0745109		0
2.432		0.0744755		0
2.433		0.0744402		0
2.434		0.0744049		0
2.435		0.0743695		0
2.436		0.0743343		0
2.437		0.074299		0
2.438		0.0742638		0
2.439		0.0742285		0
2.44		0.0741933		0
2.441		0.0741582		0
2.442		0.074123		0
2.443		0.0740878		0
2.444		0.0740527		0
2.445		0.0740176		0
2.446		0.0739825		0
2.447		0.0739475		0
2.448		0.0739124		0
2.449		0.0738774		0
2.45		0.0738424		0
2.451		0.0738074		0
2.452		0.0737725		0
2.453		0.0737375		0
2.454		0.0737026		0
2.455		0.0736677		0
2.456		0.0736328		0
2.457		0.0735979		0
2.458		0.0735631		0
2.459		0.0735283		0
2.46		0.0734935		0
2.461		0.0734587		0
2.462		0.0734239		0
2.463		0.0733892		0
2.464		0.0733544		0
2.465		0.0733197		0
2.466		0.073285		0
2.467		0.0732504		0
2.468		0.0732157		0
2.469		0.0731811		0
2.47		0.0731465		0
2.471		0.0731119		0
2.472		0.0730773		0
2.473		0.0730428		0
2.474		0.0730083		0
2.475		0.0729737		0
2.476		0.0729393		0
2.477		0.0729048		0
2.478		0.0728703		0
2.479		0.0728359		0
2.48		0.0728015		0
2.481		0.0727671		0
2.482		0.0727327		0
2.483		0.0726984		0
2.484		0.072664		0
2.485		0.0726297		0
2.486		0.0725954		0
2.487		0.0725612		0
2.488		0.0725269		0
2.489		0.0724927		0
2.49		0.0724585		0
2.491		0.0724243		0
2.492		0.0723901		0
2.493		0.0723559		0
2.494		0.0723218		0
2.495		0.0722877		0
2.496		0.0722536		0
2.497		0.0722195		0
2.498		0.0721854		0
2.499		0.0721514		0
2.5		0.0721174		0
2.501		0.0720834		0
2.502		0.0720494		0
2.503		0.0720154		0
2.504		0.0719815		0
2.505		0.0719475		0
2.506		0.0719136		0
2.507		0.0718797		0
2.508		0.0718459		0
2.509		0.071812		0
2.51		0.0717782		0
2.511		0.0717444		0
2.512		0.0717106		0
2.513		0.0716768		0
2.514		0.0716431		0
2.515		0.0716093		0
2.516		0.0715756		0
2.517		0.0715419		0
2.518		0.0715083		0
2.519		0.0714746		0
2.52		0.071441		0
2.521		0.0714073		0
2.522		0.0713737		0
2.523		0.0713402		0
2.524		0.0713066		0
2.525		0.0712731		0
2.526		0.0712395		0
2.527		0.071206		0
2.528		0.0711726		0
2.529		0.0711391		0
2.53		0.0711056		0
2.531		0.0710722		0
2.532		0.0710388		0
2.533		0.0710054		0
2.534		0.0709721		0
2.535		0.0709387		0
2.536		0.0709054		0
2.537		0.0708721		0
2.538		0.0708388		0
2.539		0.0708055		0
2.54		0.0707722		0
2.541		0.070739		0
2.542		0.0707058		0
2.543		0.0706726		0
2.544		0.0706394		0
2.545		0.0706062		0
2.546		0.0705731		0
2.547		0.07054		0
2.548		0.0705069		0
2.549		0.0704738		0
2.55		0.0704407		0
2.551		0.0704077		0
2.552		0.0703746		0
2.553		0.0703416		0
2.554		0.0703086		0
2.555		0.0702757		0
2.556		0.0702427		0
2.557		0.0702098		0
2.558		0.0701769		0
2.559		0.070144		0
2.56		0.0701111		0
2.561		0.0700782		0
2.562		0.0700454		0
2.563		0.0700126		0
2.564		0.0699798		0
2.565		0.069947		0
2.566		0.0699142		0
2.567		0.0698815		0
2.568		0.0698487		0
2.569		0.069816		0
2.57		0.0697833		0
2.571		0.0697507		0
2.572		0.069718		0
2.573		0.0696854		0
2.574		0.0696528		0
2.575		0.0696202		0
2.576		0.0695876		0
2.577		0.069555		0
2.578		0.0695225		0
2.579		0.06949		0
2.58		0.0694575		0
2.581		0.069425		0
2.582		0.0693925		0
2.583		0.0693601		0
2.584		0.0693276		0
2.585		0.0692952		0
2.586		0.0692628		0
2.587		0.0692305		0
2.588		0.0691981		0
2.589		0.0691658		0
2.59		0.0691334		0
2.591		0.0691011		0
2.592		0.0690689		0
2.593		0.0690366		0
2.594		0.0690043		0
2.595		0.0689721		0
2.596		0.0689399		0
2.597		0.0689077		0
2.598		0.0688755		0
2.599		0.0688434		0
2.6		0.0688113		0
2.601		0.0687791		0
2.602		0.068747		0
2.603		0.068715		0
2.604		0.0686829		0
2.605		0.0686509		0
2.606		0.0686188		0
2.607		0.0685868		0
2.608		0.0685548		0
2.609		0.0685229		0
2.61		0.0684909		0
2.611		0.068459		0
2.612		0.0684271		0
2.613		0.0683952		0
2.614		0.0683633		0
2.615		0.0683314		0
2.616		0.0682996		0
2.617		0.0682678		0
2.618		0.068236		0
2.619		0.0682042		0
2.62		0.0681724		0
2.621		0.0681407		0
2.622		0.0681089		0
2.623		0.0680772		0
2.624		0.0680455		0
2.625		0.0680138		0
2.626		0.0679822		0
2.627		0.0679505		0
2.628		0.0679189		0
2.629		0.0678873		0
2.63		0.0678557		0
2.631		0.0678241		0
2.632		0.0677926		0
2.633		0.0677611		0
2.634		0.0677295		0
2.635		0.067698		0
2.636		0.0676666		0
2.637		0.0676351		0
2.638		0.0676037		0
2.639		0.0675722		0
2.64		0.0675408		0
2.641		0.0675094		0
2.642		0.0674781		0
2.643		0.0674467		0
2.644		0.0674154		0
2.645		0.067384		0
2.646		0.0673527		0
2.647		0.0673215		0
2.648		0.0672902		0
2.649		0.067259		0
2.65		0.0672277		0
2.651		0.0671965		0
2.652		0.0671653		0
2.653		0.0671342		0
2.654		0.067103		0
2.655		0.0670719		0
2.656		0.0670407		0
2.657		0.0670096		0
2.658		0.0669785		0
2.659		0.0669475		0
2.66		0.0669164		0
2.661		0.0668854		0
2.662		0.0668544		0
2.663		0.0668234		0
2.664		0.0667924		0
2.665		0.0667614		0
2.666		0.0667305		0
2.667		0.0666996		0
2.668		0.0666687		0
2.669		0.0666378		0
2.67		0.0666069		0
2.671		0.066576		0
2.672		0.0665452		0
2.673		0.0665144		0
2.674		0.0664836		0
2.675		0.0664528		0
2.676		0.066422		0
2.677		0.0663913		0
2.678		0.0663606		0
2.679		0.0663298		0
2.68		0.0662991		0
2.681		0.0662685		0
2.682		0.0662378		0
2.683		0.0662072		0
2.684		0.0661765		0
2.685		0.0661459		0
2.686		0.0661153		0
2.687		0.0660848		0
2.688		0.0660542		0
2.689		0.0660237		0
2.69		0.0659932		0
2.691		0.0659627		0
2.692		0.0659322		0
2.693		0.0659017		0
2.694		0.0658712		0
2.695		0.0658408		0
2.696		0.0658104		0
2.697		0.06578		0
2.698		0.0657496		0
2.699		0.0657193		0
2.7		0.0656889		0
2.701		0.0656586		0
2.702		0.0656283		0
2.703		0.065598		0
2.704		0.0655677		0
2.705		0.0655374		0
2.706		0.0655072		0
2.707		0.065477		0
2.708		0.0654468		0
2.709		0.0654166		0
2.71		0.0653864		0
2.711		0.0653562		0
2.712		0.0653261		0
2.713		0.065296		0
2.714		0.0652659		0
2.715		0.0652358		0
2.716		0.0652057		0
2.717		0.0651757		0
2.718		0.0651456		0
2.719		0.0651156		0
2.72		0.0650856		0
2.721		0.0650556		0
2.722		0.0650257		0
2.723		0.0649957		0
2.724		0.0649658		0
2.725		0.0649359		0
2.726		0.064906		0
2.727		0.0648761		0
2.728		0.0648463		0
2.729		0.0648164		0
2.73		0.0647866		0
2.731		0.0647568		0
2.732		0.064727		0
2.733		0.0646972		0
2.734		0.0646674		0
2.735		0.0646377		0
2.736		0.064608		0
2.737		0.0645783		0
2.738		0.0645486		0
2.739		0.0645189		0
2.74		0.0644892		0
2.741		0.0644596		0
2.742		0.06443		0
2.743		0.0644004		0
2.744		0.0643708		0
2.745		0.0643412		0
2.746		0.0643116		0
2.747		0.0642821		0
2.748		0.0642526		0
2.749		0.0642231		0
2.75		0.0641936		0
2.751		0.0641641		0
2.752		0.0641347		0
2.753		0.0641052		0
2.754		0.0640758		0
2.755		0.0640464		0
2.756		0.064017		0
2.757		0.0639877		0
2.758		0.0639583		0
2.759		0.063929		0
2.76		0.0638997		0
2.761		0.0638704		0
2.762		0.0638411		0
2.763		0.0638118		0
2.764		0.0637825		0
2.765		0.0637533		0
2.766		0.0637241		0
2.767		0.0636949		0
2.768		0.0636657		0
2.769		0.0636365		0
2.77		0.0636074		0
2.771		0.0635783		0
2.772		0.0635491		0
2.773		0.06352		0
2.774		0.063491		0
2.775		0.0634619		0
2.776		0.0634328		0
2.777		0.0634038		0
2.778		0.0633748		0
2.779		0.0633458		0
2.78		0.0633168		0
2.781		0.0632878		0
2.782		0.0632589		0
2.783		0.0632299		0
2.784		0.063201		0
2.785		0.0631721		0
2.786		0.0631432		0
2.787		0.0631144		0
2.788		0.0630855		0
2.789		0.0630567		0
2.79		0.0630279		0
2.791		0.0629991		0
2.792		0.0629703		0
2.793		0.0629415		0
2.794		0.0629128		0
2.795		0.062884		0
2.796		0.0628553		0
2.797		0.0628266		0
2.798		0.0627979		0
2.799		0.0627693		0
2.8		0.0627406		0
2.801		0.062712		0
2.802		0.0626834		0
2.803		0.0626547		0
2.804		0.0626262		0
2.805		0.0625976		0
2.806		0.062569		0
2.807		0.0625405		0
2.808		0.062512		0
2.809		0.0624835		0
2.81		0.062455		0
2.811		0.0624265		0
2.812		0.0623981		0
2.813		0.0623696		0
2.814		0.0623412		0
2.815		0.0623128		0
2.816		0.0622844		0
2.817		0.062256		0
2.818		0.0622277		0
2.819		0.0621993		0
2.82		0.062171		0
2.821		0.0621427		0
2.822		0.0621144		0
2.823		0.0620861		0
2.824		0.0620579		0
2.825		0.0620296		0
2.826		0.0620014		0
2.827		0.0619732		0
2.828		0.061945		0
2.829		0.0619168		0
2.83		0.0618886		0
2.831		0.0618605		0
2.832		0.0618324		0
2.833		0.0618042		0
2.834		0.0617761		0
2.835		0.0617481		0
2.836		0.06172		0
2.837		0.061692		0
2.838		0.0616639		0
2.839		0.0616359		0
2.84		0.0616079		0
2.841		0.0615799		0
2.842		0.0615519		0
2.843		0.061524		0
2.844		0.0614961		0
2.845		0.0614681		0
2.846		0.0614402		0
2.847		0.0614123		0
2.848		0.0613845		0
2.849		0.0613566		0
2.85		0.0613288		0
2.851		0.0613009		0
2.852		0.0612731		0
2.853		0.0612453		0
2.854		0.0612176		0
2.855		0.0611898		0
2.856		0.0611621		0
2.857		0.0611343		0
2.858		0.0611066		0
2.859		0.0610789		0
2.86		0.0610512		0
2.861		0.0610236		0
2.862		0.0609959		0
2.863		0.0609683		0
2.864		0.0609407		0
2.865		0.0609131		0
2.866		0.0608855		0
2.867		0.0608579		0
2.868		0.0608304		0
2.869		0.0608028		0
2.87		0.0607753		0
2.871		0.0607478		0
2.872		0.0607203		0
2.873		0.0606928		0
2.874		0.0606654		0
2.875		0.0606379		0
2.876		0.0606105		0
2.877		0.0605831		0
2.878		0.0605557		0
2.879		0.0605283		0
2.88		0.0605009		0
2.881		0.0604736		0
2.882		0.0604462		0
2.883		0.0604189		0
2.884		0.0603916		0
2.885		0.0603643		0
2.886		0.0603371		0
2.887		0.0603098		0
2.888		0.0602826		0
2.889		0.0602554		0
2.89		0.0602281		0
2.891		0.0602009		0
2.892		0.0601738		0
2.893		0.0601466		0
2.894		0.0601195		0
2.895		0.0600923		0
2.896		0.0600652		0
2.897		0.0600381		0
2.898		0.060011		0
2.899		0.059984		0
2.9		0.0599569		0
2.901		0.0599299		0
2.902		0.0599029		0
2.903		0.0598759		0
2.904		0.0598489		0
2.905		0.0598219		0
2.906		0.0597949		0
2.907		0.059768		0
2.908		0.0597411		0
2.909		0.0597141		0
2.91		0.0596872		0
2.911		0.0596604		0
2.912		0.0596335		0
2.913		0.0596066		0
2.914		0.0595798		0
2.915		0.059553		0
2.916		0.0595262		0
2.917		0.0594994		0
2.918		0.0594726		0
2.919		0.0594459		0
2.92		0.0594191		0
2.921		0.0593924		0
2.922		0.0593657		0
2.923		0.059339		0
2.924		0.0593123		0
2.925		0.0592856		0
2.926		0.059259		0
2.927		0.0592323		0
2.928		0.0592057		0
2.929		0.0591791		0
2.93		0.0591525		0
2.931		0.059126		0
2.932		0.0590994		0
2.933		0.0590729		0
2.934		0.0590463		0
2.935		0.0590198		0
2.936		0.0589933		0
2.937		0.0589668		0
2.938		0.0589404		0
2.939		0.0589139		0
2.94		0.0588875		0
2.941		0.058861		0
2.942		0.0588346		0
2.943		0.0588082		0
2.944		0.0587819		0
2.945		0.0587555		0
2.946		0.0587292		0
2.947		0.0587028		0
2.948		0.0586765		0
2.949		0.0586502		0
2.95		0.0586239		0
2.951		0.0585977		0
2.952		0.0585714		0
2.953		0.0585452		0
2.954		0.0585189		0
2.955		0.0584927		0
2.956		0.0584665		0
2.957		0.0584403		0
2.958		0.0584142		0
2.959		0.058388		0
2.96		0.0583619		0
2.961		0.0583358		0
2.962		0.0583097		0
2.963		0.0582836		0
2.964		0.0582575		0
2.965		0.0582314		0
2.966		0.0582054		0
2.967		0.0581794		0
2.968		0.0581533		0
2.969		0.0581273		0
2.97		0.0581014		0
2.971		0.0580754		0
2.972		0.0580494		0
2.973		0.0580235		0
2.974		0.0579976		0
2.975		0.0579716		0
2.976		0.0579457		0
2.977		0.0579199		0
2.978		0.057894		0
2.979		0.0578681		0
2.98		0.0578423		0
2.981		0.0578165		0
2.982		0.0577907		0
2.983		0.0577649		0
2.984		0.0577391		0
2.985		0.0577133		0
2.986		0.0576876		0
2.987		0.0576619		0
2.988		0.0576361		0
2.989		0.0576104		0
2.99		0.0575847		0
2.991		0.0575591		0
2.992		0.0575334		0
2.993		0.0575078		0
2.994		0.0574821		0
2.995		0.0574565		0
2.996		0.0574309		0
2.997		0.0574053		0
2.998		0.0573798		0
2.999		0.0573542		0
3		0.0573287		0
