0.001		0.0844618		0
0.002		0.0916823		0
0.003		0.0953987		0
0.004		0.0904738		0
0.005		0.0808862		0
0.006		0.0704302		0
0.007		0.0607422		0
0.008		0.0523244		0
0.009		0.0452116		0
0.01		0.039277		0
0.011		0.0343595		0
0.012		0.0303138		0
0.013		0.0270236		0
0.014		0.0244021		0
0.015		0.0223857		0
0.016		0.0209272		0
0.017		0.0199896		0
0.018		0.0195411		0
0.019		0.0195515		0
0.02		0.0199907		0
0.021		0.0208273		0
0.022		0.0220282		0
0.023		0.0235591		0
0.024		0.0253844		0
0.025		0.0274683		0
0.026		0.0297752		0
0.027		0.0322702		0
0.028		0.0349197		0
0.029		0.0376919		0
0.03		0.0405569		0
0.031		0.043487		0
0.032		0.0464573		0
0.033		0.0494451		0
0.034		0.0524301		0
0.035		0.0553949		0
0.036		0.058324		0
0.037		0.0612044		0
0.038		0.0640254		0
0.039		0.0667778		0
0.04		0.0694547		0
0.041		0.0720505		0
0.042		0.0745611		0
0.043		0.0769838		0
0.044		0.079317		0
0.045		0.0815601		0
0.046		0.0837134		0
0.047		0.0857776		0
0.048		0.0877545		0
0.049		0.089646		0
0.05		0.0914546		0
0.051		0.093183		0
0.052		0.0948344		0
0.053		0.0964118		0
0.054		0.0979186		0
0.055		0.0993582		0
0.056		0.100734		0
0.057		0.102049		0
0.058		0.103308		0
0.059		0.104512		0
0.06		0.105667		0
0.061		0.106774		0
0.062		0.107837		0
0.063		0.108859		0
0.064		0.109843		0
0.065		0.110791		0
0.066		0.111706		0
0.067		0.112591		0
0.068		0.113448		0
0.069		0.11428		0
0.07		0.115088		0
0.071		0.115875		0
0.072		0.116642		0
0.073		0.117392		0
0.074		0.118126		0
0.075		0.118846		0
0.076		0.119554		0
0.077		0.12025		0
0.078		0.120937		0
0.079		0.121616		0
0.08		0.122287		0
0.081		0.122953		0
0.082		0.123615		0
0.083		0.124272		0
0.084		0.124927		0
0.085		0.12558		0
0.086		0.126232		0
0.087		0.126884		0
0.088		0.127537		0
0.089		0.128191		0
0.09		0.128848		0
0.091		0.129507		0
0.092		0.130169		0
0.093		0.130835		0
0.094		0.131506		0
0.095		0.132181		0
0.096		0.132862		0
0.097		0.133548		0
0.098		0.13424		0
0.099		0.134938		0
0.1		0.135643		0
0.101		0.136354		0
0.102		0.137073		0
0.103		0.137799		0
0.104		0.138533		0
0.105		0.139274		0
0.106		0.140023		0
0.107		0.14078		0
0.108		0.141545		0
0.109		0.142318		0
0.11		0.143099		0
0.111		0.143888		0
0.112		0.144685		0
0.113		0.14549		0
0.114		0.146304		0
0.115		0.147126		0
0.116		0.147955		0
0.117		0.148793		0
0.118		0.149639		0
0.119		0.150492		0
0.12		0.151353		0
0.121		0.152222		0
0.122		0.153098		0
0.123		0.153982		0
0.124		0.154873		0
0.125		0.155771		0
0.126		0.156675		0
0.127		0.157587		0
0.128		0.158505		0
0.129		0.159429		0
0.13		0.160359		0
0.131		0.161295		0
0.132		0.162237		0
0.133		0.163185		0
0.134		0.164137		0
0.135		0.165095		0
0.136		0.166058		0
0.137		0.167025		0
0.138		0.167997		0
0.139		0.168973		0
0.14		0.169952		0
0.141		0.170936		0
0.142		0.171923		0
0.143		0.172913		0
0.144		0.173905		0
0.145		0.174901		0
0.146		0.175899		0
0.147		0.176899		0
0.148		0.177901		0
0.149		0.178905		0
0.15		0.179911		0
0.151		0.180917		0
0.152		0.181925		0
0.153		0.182933		0
0.154		0.183942		0
0.155		0.184951		0
0.156		0.185959		0
0.157		0.186968		0
0.158		0.187976		0
0.159		0.188984		0
0.16		0.18999		0
0.161		0.190996		0
0.162		0.192		0
0.163		0.193002		0
0.164		0.194003		0
0.165		0.195001		0
0.166		0.195998		0
0.167		0.196991		0
0.168		0.197983		0
0.169		0.198971		0
0.17		0.199956		0
0.171		0.200938		0
0.172		0.201916		0
0.173		0.202891		0
0.174		0.203862		0
0.175		0.204828		0
0.176		0.205791		0
0.177		0.206749		0
0.178		0.207703		0
0.179		0.208651		0
0.18		0.209595		0
0.181		0.210534		0
0.182		0.211468		0
0.183		0.212396		0
0.184		0.213319		0
0.185		0.214236		0
0.186		0.215147		0
0.187		0.216052		0
0.188		0.216952		0
0.189		0.217844		0
0.19		0.218731		0
0.191		0.219611		0
0.192		0.220485		0
0.193		0.221352		0
0.194		0.222212		0
0.195		0.223065		0
0.196		0.223911		0
0.197		0.22475		0
0.198		0.225581		0
0.199		0.226406		0
0.2		0.227223		0
0.201		0.228032		0
0.202		0.228834		0
0.203		0.229628		0
0.204		0.230415		0
0.205		0.231193		0
0.206		0.231964		0
0.207		0.232727		0
0.208		0.233482		0
0.209		0.234229		0
0.21		0.234967		0
0.211		0.235698		0
0.212		0.23642		0
0.213		0.237134		0
0.214		0.23784		0
0.215		0.238537		0
0.216		0.239226		0
0.217		0.239906		0
0.218		0.240578		0
0.219		0.241242		0
0.22		0.241897		0
0.221		0.242543		0
0.222		0.243181		0
0.223		0.24381		0
0.224		0.24443		0
0.225		0.245042		0
0.226		0.245646		0
0.227		0.24624		0
0.228		0.246826		0
0.229		0.247404		0
0.23		0.247972		0
0.231		0.248532		0
0.232		0.249083		0
0.233		0.249626		0
0.234		0.25016		0
0.235		0.250685		0
0.236		0.251202		0
0.237		0.25171		0
0.238		0.252209		0
0.239		0.2527		0
0.24		0.253182		0
0.241		0.253656		0
0.242		0.254121		0
0.243		0.254577		0
0.244		0.255025		0
0.245		0.255464		0
0.246		0.255895		0
0.247		0.256318		0
0.248		0.256732		0
0.249		0.257138		0
0.25		0.257535		0
0.251		0.257924		0
0.252		0.258305		0
0.253		0.258677		0
0.254		0.259041		0
0.255		0.259398		0
0.256		0.259745		0
0.257		0.260085		0
0.258		0.260417		0
0.259		0.260741		0
0.26		0.261056		0
0.261		0.261364		0
0.262		0.261664		0
0.263		0.261956		0
0.264		0.26224		0
0.265		0.262516		0
0.266		0.262785		0
0.267		0.263046		0
0.268		0.2633		0
0.269		0.263545		0
0.27		0.263784		0
0.271		0.264014		0
0.272		0.264238		0
0.273		0.264454		0
0.274		0.264663		0
0.275		0.264864		0
0.276		0.265058		0
0.277		0.265245		0
0.278		0.265425		0
0.279		0.265598		0
0.28		0.265764		0
0.281		0.265923		0
0.282		0.266075		0
0.283		0.26622		0
0.284		0.266358		0
0.285		0.26649		0
0.286		0.266615		0
0.287		0.266733		0
0.288		0.266845		0
0.289		0.26695		0
0.29		0.267049		0
0.291		0.267142		0
0.292		0.267228		0
0.293		0.267308		0
0.294		0.267381		0
0.295		0.267449		0
0.296		0.26751		0
0.297		0.267566		0
0.298		0.267615		0
0.299		0.267658		0
0.3		0.267696		0
0.301		0.267728		0
0.302		0.267754		0
0.303		0.267774		0
0.304		0.267789		0
0.305		0.267798		0
0.306		0.267802		0
0.307		0.2678		0
0.308		0.267792		0
0.309		0.26778		0
0.31		0.267762		0
0.311		0.267739		0
0.312		0.26771		0
0.313		0.267677		0
0.314		0.267639		0
0.315		0.267595		0
0.316		0.267547		0
0.317		0.267493		0
0.318		0.267435		0
0.319		0.267372		0
0.32		0.267304		0
0.321		0.267232		0
0.322		0.267155		0
0.323		0.267073		0
0.324		0.266987		0
0.325		0.266897		0
0.326		0.266802		0
0.327		0.266703		0
0.328		0.266599		0
0.329		0.266492		0
0.33		0.26638		0
0.331		0.266264		0
0.332		0.266143		0
0.333		0.266019		0
0.334		0.265891		0
0.335		0.265759		0
0.336		0.265623		0
0.337		0.265483		0
0.338		0.26534		0
0.339		0.265193		0
0.34		0.265042		0
0.341		0.264887		0
0.342		0.264729		0
0.343		0.264568		0
0.344		0.264403		0
0.345		0.264235		0
0.346		0.264063		0
0.347		0.263888		0
0.348		0.263709		0
0.349		0.263528		0
0.35		0.263343		0
0.351		0.263155		0
0.352		0.262964		0
0.353		0.26277		0
0.354		0.262573		0
0.355		0.262373		0
0.356		0.26217		0
0.357		0.261965		0
0.358		0.261756		0
0.359		0.261545		0
0.36		0.261331		0
0.361		0.261114		0
0.362		0.260895		0
0.363		0.260673		0
0.364		0.260449		0
0.365		0.260222		0
0.366		0.259992		0
0.367		0.25976		0
0.368		0.259526		0
0.369		0.25929		0
0.37		0.259051		0
0.371		0.25881		0
0.372		0.258566		0
0.373		0.258321		0
0.374		0.258073		0
0.375		0.257823		0
0.376		0.257571		0
0.377		0.257318		0
0.378		0.257062		0
0.379		0.256804		0
0.38		0.256544		0
0.381		0.256282		0
0.382		0.256019		0
0.383		0.255754		0
0.384		0.255487		0
0.385		0.255218		0
0.386		0.254947		0
0.387		0.254675		0
0.388		0.254401		0
0.389		0.254126		0
0.39		0.253849		0
0.391		0.253571		0
0.392		0.253291		0
0.393		0.253009		0
0.394		0.252726		0
0.395		0.252442		0
0.396		0.252156		0
0.397		0.251869		0
0.398		0.251581		0
0.399		0.251291		0
0.4		0.251		0
0.401		0.250708		0
0.402		0.250415		0
0.403		0.25012		0
0.404		0.249825		0
0.405		0.249528		0
0.406		0.24923		0
0.407		0.248931		0
0.408		0.248631		0
0.409		0.24833		0
0.41		0.248029		0
0.411		0.247726		0
0.412		0.247422		0
0.413		0.247117		0
0.414		0.246812		0
0.415		0.246506		0
0.416		0.246198		0
0.417		0.245891		0
0.418		0.245582		0
0.419		0.245272		0
0.42		0.244962		0
0.421		0.244652		0
0.422		0.24434		0
0.423		0.244028		0
0.424		0.243715		0
0.425		0.243402		0
0.426		0.243088		0
0.427		0.242773		0
0.428		0.242458		0
0.429		0.242143		0
0.43		0.241827		0
0.431		0.24151		0
0.432		0.241193		0
0.433		0.240876		0
0.434		0.240558		0
0.435		0.24024		0
0.436		0.239921		0
0.437		0.239602		0
0.438		0.239283		0
0.439		0.238963		0
0.44		0.238644		0
0.441		0.238323		0
0.442		0.238003		0
0.443		0.237682		0
0.444		0.237362		0
0.445		0.237041		0
0.446		0.236719		0
0.447		0.236398		0
0.448		0.236076		0
0.449		0.235755		0
0.45		0.235433		0
0.451		0.235111		0
0.452		0.234789		0
0.453		0.234467		0
0.454		0.234145		0
0.455		0.233823		0
0.456		0.2335		0
0.457		0.233178		0
0.458		0.232856		0
0.459		0.232534		0
0.46		0.232212		0
0.461		0.23189		0
0.462		0.231567		0
0.463		0.231246		0
0.464		0.230924		0
0.465		0.230602		0
0.466		0.23028		0
0.467		0.229959		0
0.468		0.229637		0
0.469		0.229316		0
0.47		0.228995		0
0.471		0.228674		0
0.472		0.228353		0
0.473		0.228033		0
0.474		0.227712		0
0.475		0.227392		0
0.476		0.227072		0
0.477		0.226753		0
0.478		0.226434		0
0.479		0.226114		0
0.48		0.225796		0
0.481		0.225477		0
0.482		0.225159		0
0.483		0.224841		0
0.484		0.224523		0
0.485		0.224206		0
0.486		0.223889		0
0.487		0.223573		0
0.488		0.223256		0
0.489		0.22294		0
0.49		0.222625		0
0.491		0.22231		0
0.492		0.221995		0
0.493		0.221681		0
0.494		0.221367		0
0.495		0.221053		0
0.496		0.22074		0
0.497		0.220428		0
0.498		0.220115		0
0.499		0.219804		0
0.5		0.219492		0
0.501		0.219181		0
0.502		0.218871		0
0.503		0.218561		0
0.504		0.218252		0
0.505		0.217943		0
0.506		0.217634		0
0.507		0.217326		0
0.508		0.217019		0
0.509		0.216712		0
0.51		0.216406		0
0.511		0.2161		0
0.512		0.215795		0
0.513		0.21549		0
0.514		0.215186		0
0.515		0.214882		0
0.516		0.214579		0
0.517		0.214276		0
0.518		0.213974		0
0.519		0.213673		0
0.52		0.213372		0
0.521		0.213072		0
0.522		0.212772		0
0.523		0.212473		0
0.524		0.212174		0
0.525		0.211876		0
0.526		0.211579		0
0.527		0.211283		0
0.528		0.210986		0
0.529		0.210691		0
0.53		0.210396		0
0.531		0.210102		0
0.532		0.209808		0
0.533		0.209516		0
0.534		0.209223		0
0.535		0.208932		0
0.536		0.208641		0
0.537		0.20835		0
0.538		0.208061		0
0.539		0.207771		0
0.54		0.207483		0
0.541		0.207195		0
0.542		0.206908		0
0.543		0.206622		0
0.544		0.206336		0
0.545		0.206051		0
0.546		0.205767		0
0.547		0.205483		0
0.548		0.2052		0
0.549		0.204918		0
0.55		0.204636		0
0.551		0.204355		0
0.552		0.204075		0
0.553		0.203795		0
0.554		0.203516		0
0.555		0.203238		0
0.556		0.202961		0
0.557		0.202684		0
0.558		0.202408		0
0.559		0.202132		0
0.56		0.201858		0
0.561		0.201584		0
0.562		0.20131		0
0.563		0.201038		0
0.564		0.200766		0
0.565		0.200495		0
0.566		0.200224		0
0.567		0.199955		0
0.568		0.199686		0
0.569		0.199417		0
0.57		0.19915		0
0.571		0.198883		0
0.572		0.198617		0
0.573		0.198351		0
0.574		0.198087		0
0.575		0.197823		0
0.576		0.197559		0
0.577		0.197297		0
0.578		0.197035		0
0.579		0.196774		0
0.58		0.196514		0
0.581		0.196254		0
0.582		0.195995		0
0.583		0.195737		0
0.584		0.19548		0
0.585		0.195223		0
0.586		0.194967		0
0.587		0.194712		0
0.588		0.194457		0
0.589		0.194203		0
0.59		0.19395		0
0.591		0.193698		0
0.592		0.193446		0
0.593		0.193195		0
0.594		0.192945		0
0.595		0.192696		0
0.596		0.192447		0
0.597		0.192199		0
0.598		0.191952		0
0.599		0.191706		0
0.6		0.19146		0
0.601		0.191215		0
0.602		0.19097		0
0.603		0.190727		0
0.604		0.190484		0
0.605		0.190242		0
0.606		0.19		0
0.607		0.18976		0
0.608		0.18952		0
0.609		0.18928		0
0.61		0.189042		0
0.611		0.188804		0
0.612		0.188567		0
0.613		0.18833		0
0.614		0.188095		0
0.615		0.18786		0
0.616		0.187626		0
0.617		0.187392		0
0.618		0.187159		0
0.619		0.186927		0
0.62		0.186696		0
0.621		0.186465		0
0.622		0.186235		0
0.623		0.186006		0
0.624		0.185778		0
0.625		0.18555		0
0.626		0.185323		0
0.627		0.185096		0
0.628		0.184871		0
0.629		0.184646		0
0.63		0.184421		0
0.631		0.184198		0
0.632		0.183975		0
0.633		0.183753		0
0.634		0.183531		0
0.635		0.183311		0
0.636		0.183091		0
0.637		0.182871		0
0.638		0.182653		0
0.639		0.182435		0
0.64		0.182217		0
0.641		0.182001		0
0.642		0.181785		0
0.643		0.18157		0
0.644		0.181355		0
0.645		0.181141		0
0.646		0.180928		0
0.647		0.180715		0
0.648		0.180504		0
0.649		0.180293		0
0.65		0.180082		0
0.651		0.179872		0
0.652		0.179663		0
0.653		0.179455		0
0.654		0.179247		0
0.655		0.17904		0
0.656		0.178833		0
0.657		0.178628		0
0.658		0.178423		0
0.659		0.178218		0
0.66		0.178014		0
0.661		0.177811		0
0.662		0.177609		0
0.663		0.177407		0
0.664		0.177206		0
0.665		0.177005		0
0.666		0.176806		0
0.667		0.176606		0
0.668		0.176408		0
0.669		0.17621		0
0.67		0.176013		0
0.671		0.175816		0
0.672		0.17562		0
0.673		0.175425		0
0.674		0.17523		0
0.675		0.175036		0
0.676		0.174843		0
0.677		0.17465		0
0.678		0.174458		0
0.679		0.174266		0
0.68		0.174075		0
0.681		0.173885		0
0.682		0.173695		0
0.683		0.173506		0
0.684		0.173318		0
0.685		0.17313		0
0.686		0.172943		0
0.687		0.172757		0
0.688		0.172571		0
0.689		0.172385		0
0.69		0.172201		0
0.691		0.172016		0
0.692		0.171833		0
0.693		0.17165		0
0.694		0.171468		0
0.695		0.171286		0
0.696		0.171105		0
0.697		0.170924		0
0.698		0.170744		0
0.699		0.170565		0
0.7		0.170386		0
0.701		0.170208		0
0.702		0.170031		0
0.703		0.169854		0
0.704		0.169677		0
0.705		0.169502		0
0.706		0.169326		0
0.707		0.169152		0
0.708		0.168978		0
0.709		0.168804		0
0.71		0.168631		0
0.711		0.168459		0
0.712		0.168287		0
0.713		0.168116		0
0.714		0.167945		0
0.715		0.167775		0
0.716		0.167605		0
0.717		0.167436		0
0.718		0.167268		0
0.719		0.1671		0
0.72		0.166933		0
0.721		0.166766		0
0.722		0.1666		0
0.723		0.166434		0
0.724		0.166269		0
0.725		0.166104		0
0.726		0.16594		0
0.727		0.165777		0
0.728		0.165614		0
0.729		0.165451		0
0.73		0.16529		0
0.731		0.165128		0
0.732		0.164967		0
0.733		0.164807		0
0.734		0.164647		0
0.735		0.164488		0
0.736		0.164329		0
0.737		0.164171		0
0.738		0.164013		0
0.739		0.163856		0
0.74		0.163699		0
0.741		0.163543		0
0.742		0.163388		0
0.743		0.163233		0
0.744		0.163078		0
0.745		0.162924		0
0.746		0.16277		0
0.747		0.162617		0
0.748		0.162464		0
0.749		0.162312		0
0.75		0.162161		0
0.751		0.162009		0
0.752		0.161859		0
0.753		0.161709		0
0.754		0.161559		0
0.755		0.16141		0
0.756		0.161261		0
0.757		0.161113		0
0.758		0.160965		0
0.759		0.160818		0
0.76		0.160671		0
0.761		0.160525		0
0.762		0.160379		0
0.763		0.160234		0
0.764		0.160089		0
0.765		0.159944		0
0.766		0.1598		0
0.767		0.159657		0
0.768		0.159514		0
0.769		0.159371		0
0.77		0.159229		0
0.771		0.159088		0
0.772		0.158946		0
0.773		0.158806		0
0.774		0.158665		0
0.775		0.158526		0
0.776		0.158386		0
0.777		0.158247		0
0.778		0.158109		0
0.779		0.157971		0
0.78		0.157833		0
0.781		0.157696		0
0.782		0.157559		0
0.783		0.157423		0
0.784		0.157287		0
0.785		0.157152		0
0.786		0.157017		0
0.787		0.156882		0
0.788		0.156748		0
0.789		0.156614		0
0.79		0.156481		0
0.791		0.156348		0
0.792		0.156216		0
0.793		0.156084		0
0.794		0.155952		0
0.795		0.155821		0
0.796		0.15569		0
0.797		0.15556		0
0.798		0.15543		0
0.799		0.1553		0
0.8		0.155171		0
0.801		0.155042		0
0.802		0.154914		0
0.803		0.154786		0
0.804		0.154658		0
0.805		0.154531		0
0.806		0.154405		0
0.807		0.154278		0
0.808		0.154152		0
0.809		0.154027		0
0.81		0.153902		0
0.811		0.153777		0
0.812		0.153653		0
0.813		0.153529		0
0.814		0.153405		0
0.815		0.153282		0
0.816		0.153159		0
0.817		0.153036		0
0.818		0.152914		0
0.819		0.152793		0
0.82		0.152671		0
0.821		0.15255		0
0.822		0.15243		0
0.823		0.15231		0
0.824		0.15219		0
0.825		0.15207		0
0.826		0.151951		0
0.827		0.151832		0
0.828		0.151714		0
0.829		0.151596		0
0.83		0.151478		0
0.831		0.151361		0
0.832		0.151244		0
0.833		0.151128		0
0.834		0.151011		0
0.835		0.150895		0
0.836		0.15078		0
0.837		0.150665		0
0.838		0.15055		0
0.839		0.150435		0
0.84		0.150321		0
0.841		0.150207		0
0.842		0.150094		0
0.843		0.149981		0
0.844		0.149868		0
0.845		0.149756		0
0.846		0.149644		0
0.847		0.149532		0
0.848		0.14942		0
0.849		0.149309		0
0.85		0.149199		0
0.851		0.149088		0
0.852		0.148978		0
0.853		0.148868		0
0.854		0.148759		0
0.855		0.14865		0
0.856		0.148541		0
0.857		0.148432		0
0.858		0.148324		0
0.859		0.148216		0
0.86		0.148109		0
0.861		0.148002		0
0.862		0.147895		0
0.863		0.147788		0
0.864		0.147682		0
0.865		0.147576		0
0.866		0.14747		0
0.867		0.147365		0
0.868		0.14726		0
0.869		0.147155		0
0.87		0.147051		0
0.871		0.146946		0
0.872		0.146843		0
0.873		0.146739		0
0.874		0.146636		0
0.875		0.146533		0
0.876		0.14643		0
0.877		0.146328		0
0.878		0.146226		0
0.879		0.146124		0
0.88		0.146023		0
0.881		0.145922		0
0.882		0.145821		0
0.883		0.14572		0
0.884		0.14562		0
0.885		0.14552		0
0.886		0.14542		0
0.887		0.145321		0
0.888		0.145221		0
0.889		0.145122		0
0.89		0.145024		0
0.891		0.144926		0
0.892		0.144827		0
0.893		0.14473		0
0.894		0.144632		0
0.895		0.144535		0
0.896		0.144438		0
0.897		0.144341		0
0.898		0.144245		0
0.899		0.144149		0
0.9		0.144053		0
0.901		0.143957		0
0.902		0.143862		0
0.903		0.143767		0
0.904		0.143672		0
0.905		0.143577		0
0.906		0.143483		0
0.907		0.143389		0
0.908		0.143295		0
0.909		0.143202		0
0.91		0.143108		0
0.911		0.143015		0
0.912		0.142923		0
0.913		0.14283		0
0.914		0.142738		0
0.915		0.142646		0
0.916		0.142554		0
0.917		0.142463		0
0.918		0.142371		0
0.919		0.14228		0
0.92		0.14219		0
0.921		0.142099		0
0.922		0.142009		0
0.923		0.141919		0
0.924		0.141829		0
0.925		0.141739		0
0.926		0.14165		0
0.927		0.141561		0
0.928		0.141472		0
0.929		0.141384		0
0.93		0.141295		0
0.931		0.141207		0
0.932		0.141119		0
0.933		0.141031		0
0.934		0.140944		0
0.935		0.140857		0
0.936		0.14077		0
0.937		0.140683		0
0.938		0.140597		0
0.939		0.14051		0
0.94		0.140424		0
0.941		0.140338		0
0.942		0.140253		0
0.943		0.140167		0
0.944		0.140082		0
0.945		0.139997		0
0.946		0.139912		0
0.947		0.139828		0
0.948		0.139744		0
0.949		0.13966		0
0.95		0.139576		0
0.951		0.139492		0
0.952		0.139409		0
0.953		0.139325		0
0.954		0.139242		0
0.955		0.13916		0
0.956		0.139077		0
0.957		0.138995		0
0.958		0.138912		0
0.959		0.13883		0
0.96		0.138749		0
0.961		0.138667		0
0.962		0.138586		0
0.963		0.138505		0
0.964		0.138424		0
0.965		0.138343		0
0.966		0.138263		0
0.967		0.138182		0
0.968		0.138102		0
0.969		0.138022		0
0.97		0.137942		0
0.971		0.137863		0
0.972		0.137784		0
0.973		0.137704		0
0.974		0.137625		0
0.975		0.137547		0
0.976		0.137468		0
0.977		0.13739		0
0.978		0.137312		0
0.979		0.137234		0
0.98		0.137156		0
0.981		0.137078		0
0.982		0.137001		0
0.983		0.136924		0
0.984		0.136847		0
0.985		0.13677		0
0.986		0.136693		0
0.987		0.136617		0
0.988		0.13654		0
0.989		0.136464		0
0.99		0.136388		0
0.991		0.136312		0
0.992		0.136237		0
0.993		0.136162		0
0.994		0.136086		0
0.995		0.136011		0
0.996		0.135936		0
0.997		0.135862		0
0.998		0.135787		0
0.999		0.135713		0
1		0.135639		0
1.001		0.135565		0
1.002		0.135491		0
1.003		0.135417		0
1.004		0.135344		0
1.005		0.135271		0
1.006		0.135198		0
1.007		0.135125		0
1.008		0.135052		0
1.009		0.134979		0
1.01		0.134907		0
1.011		0.134835		0
1.012		0.134762		0
1.013		0.134691		0
1.014		0.134619		0
1.015		0.134547		0
1.016		0.134476		0
1.017		0.134404		0
1.018		0.134333		0
1.019		0.134262		0
1.02		0.134192		0
1.021		0.134121		0
1.022		0.134051		0
1.023		0.13398		0
1.024		0.13391		0
1.025		0.13384		0
1.026		0.13377		0
1.027		0.133701		0
1.028		0.133631		0
1.029		0.133562		0
1.03		0.133492		0
1.031		0.133423		0
1.032		0.133354		0
1.033		0.133286		0
1.034		0.133217		0
1.035		0.133149		0
1.036		0.13308		0
1.037		0.133012		0
1.038		0.132944		0
1.039		0.132876		0
1.04		0.132809		0
1.041		0.132741		0
1.042		0.132674		0
1.043		0.132606		0
1.044		0.132539		0
1.045		0.132472		0
1.046		0.132406		0
1.047		0.132339		0
1.048		0.132272		0
1.049		0.132206		0
1.05		0.13214		0
1.051		0.132074		0
1.052		0.132008		0
1.053		0.131942		0
1.054		0.131876		0
1.055		0.131811		0
1.056		0.131745		0
1.057		0.13168		0
1.058		0.131615		0
1.059		0.13155		0
1.06		0.131485		0
1.061		0.13142		0
1.062		0.131356		0
1.063		0.131291		0
1.064		0.131227		0
1.065		0.131163		0
1.066		0.131099		0
1.067		0.131035		0
1.068		0.130971		0
1.069		0.130907		0
1.07		0.130844		0
1.071		0.13078		0
1.072		0.130717		0
1.073		0.130654		0
1.074		0.130591		0
1.075		0.130528		0
1.076		0.130465		0
1.077		0.130403		0
1.078		0.13034		0
1.079		0.130278		0
1.08		0.130216		0
1.081		0.130154		0
1.082		0.130092		0
1.083		0.13003		0
1.084		0.129968		0
1.085		0.129906		0
1.086		0.129845		0
1.087		0.129784		0
1.088		0.129722		0
1.089		0.129661		0
1.09		0.1296		0
1.091		0.129539		0
1.092		0.129479		0
1.093		0.129418		0
1.094		0.129357		0
1.095		0.129297		0
1.096		0.129237		0
1.097		0.129177		0
1.098		0.129117		0
1.099		0.129057		0
1.1		0.128997		0
1.101		0.128937		0
1.102		0.128878		0
1.103		0.128818		0
1.104		0.128759		0
1.105		0.1287		0
1.106		0.12864		0
1.107		0.128581		0
1.108		0.128523		0
1.109		0.128464		0
1.11		0.128405		0
1.111		0.128347		0
1.112		0.128288		0
1.113		0.12823		0
1.114		0.128172		0
1.115		0.128114		0
1.116		0.128056		0
1.117		0.127998		0
1.118		0.12794		0
1.119		0.127882		0
1.12		0.127825		0
1.121		0.127767		0
1.122		0.12771		0
1.123		0.127653		0
1.124		0.127595		0
1.125		0.127538		0
1.126		0.127481		0
1.127		0.127425		0
1.128		0.127368		0
1.129		0.127311		0
1.13		0.127255		0
1.131		0.127198		0
1.132		0.127142		0
1.133		0.127086		0
1.134		0.12703		0
1.135		0.126974		0
1.136		0.126918		0
1.137		0.126862		0
1.138		0.126806		0
1.139		0.126751		0
1.14		0.126695		0
1.141		0.12664		0
1.142		0.126585		0
1.143		0.12653		0
1.144		0.126474		0
1.145		0.126419		0
1.146		0.126365		0
1.147		0.12631		0
1.148		0.126255		0
1.149		0.1262		0
1.15		0.126146		0
1.151		0.126092		0
1.152		0.126037		0
1.153		0.125983		0
1.154		0.125929		0
1.155		0.125875		0
1.156		0.125821		0
1.157		0.125767		0
1.158		0.125713		0
1.159		0.12566		0
1.16		0.125606		0
1.161		0.125553		0
1.162		0.125499		0
1.163		0.125446		0
1.164		0.125393		0
1.165		0.12534		0
1.166		0.125287		0
1.167		0.125234		0
1.168		0.125181		0
1.169		0.125128		0
1.17		0.125075		0
1.171		0.125023		0
1.172		0.12497		0
1.173		0.124918		0
1.174		0.124866		0
1.175		0.124814		0
1.176		0.124761		0
1.177		0.124709		0
1.178		0.124657		0
1.179		0.124606		0
1.18		0.124554		0
1.181		0.124502		0
1.182		0.12445		0
1.183		0.124399		0
1.184		0.124348		0
1.185		0.124296		0
1.186		0.124245		0
1.187		0.124194		0
1.188		0.124143		0
1.189		0.124092		0
1.19		0.124041		0
1.191		0.12399		0
1.192		0.123939		0
1.193		0.123888		0
1.194		0.123838		0
1.195		0.123787		0
1.196		0.123737		0
1.197		0.123686		0
1.198		0.123636		0
1.199		0.123586		0
1.2		0.123536		0
1.201		0.123486		0
1.202		0.123436		0
1.203		0.123386		0
1.204		0.123336		0
1.205		0.123286		0
1.206		0.123237		0
1.207		0.123187		0
1.208		0.123138		0
1.209		0.123088		0
1.21		0.123039		0
1.211		0.12299		0
1.212		0.12294		0
1.213		0.122891		0
1.214		0.122842		0
1.215		0.122793		0
1.216		0.122744		0
1.217		0.122696		0
1.218		0.122647		0
1.219		0.122598		0
1.22		0.12255		0
1.221		0.122501		0
1.222		0.122453		0
1.223		0.122404		0
1.224		0.122356		0
1.225		0.122308		0
1.226		0.12226		0
1.227		0.122212		0
1.228		0.122164		0
1.229		0.122116		0
1.23		0.122068		0
1.231		0.12202		0
1.232		0.121972		0
1.233		0.121925		0
1.234		0.121877		0
1.235		0.12183		0
1.236		0.121782		0
1.237		0.121735		0
1.238		0.121688		0
1.239		0.12164		0
1.24		0.121593		0
1.241		0.121546		0
1.242		0.121499		0
1.243		0.121452		0
1.244		0.121405		0
1.245		0.121359		0
1.246		0.121312		0
1.247		0.121265		0
1.248		0.121219		0
1.249		0.121172		0
1.25		0.121126		0
1.251		0.121079		0
1.252		0.121033		0
1.253		0.120987		0
1.254		0.12094		0
1.255		0.120894		0
1.256		0.120848		0
1.257		0.120802		0
1.258		0.120756		0
1.259		0.12071		0
1.26		0.120664		0
1.261		0.120619		0
1.262		0.120573		0
1.263		0.120527		0
1.264		0.120482		0
1.265		0.120436		0
1.266		0.120391		0
1.267		0.120346		0
1.268		0.1203		0
1.269		0.120255		0
1.27		0.12021		0
1.271		0.120165		0
1.272		0.12012		0
1.273		0.120075		0
1.274		0.12003		0
1.275		0.119985		0
1.276		0.11994		0
1.277		0.119895		0
1.278		0.119851		0
1.279		0.119806		0
1.28		0.119761		0
1.281		0.119717		0
1.282		0.119672		0
1.283		0.119628		0
1.284		0.119584		0
1.285		0.119539		0
1.286		0.119495		0
1.287		0.119451		0
1.288		0.119407		0
1.289		0.119363		0
1.29		0.119319		0
1.291		0.119275		0
1.292		0.119231		0
1.293		0.119187		0
1.294		0.119144		0
1.295		0.1191		0
1.296		0.119056		0
1.297		0.119013		0
1.298		0.118969		0
1.299		0.118926		0
1.3		0.118882		0
1.301		0.118839		0
1.302		0.118796		0
1.303		0.118752		0
1.304		0.118709		0
1.305		0.118666		0
1.306		0.118623		0
1.307		0.11858		0
1.308		0.118537		0
1.309		0.118494		0
1.31		0.118451		0
1.311		0.118409		0
1.312		0.118366		0
1.313		0.118323		0
1.314		0.11828		0
1.315		0.118238		0
1.316		0.118195		0
1.317		0.118153		0
1.318		0.11811		0
1.319		0.118068		0
1.32		0.118026		0
1.321		0.117983		0
1.322		0.117941		0
1.323		0.117899		0
1.324		0.117857		0
1.325		0.117815		0
1.326		0.117773		0
1.327		0.117731		0
1.328		0.117689		0
1.329		0.117647		0
1.33		0.117605		0
1.331		0.117564		0
1.332		0.117522		0
1.333		0.11748		0
1.334		0.117439		0
1.335		0.117397		0
1.336		0.117356		0
1.337		0.117314		0
1.338		0.117273		0
1.339		0.117231		0
1.34		0.11719		0
1.341		0.117149		0
1.342		0.117108		0
1.343		0.117066		0
1.344		0.117025		0
1.345		0.116984		0
1.346		0.116943		0
1.347		0.116902		0
1.348		0.116861		0
1.349		0.116821		0
1.35		0.11678		0
1.351		0.116739		0
1.352		0.116698		0
1.353		0.116658		0
1.354		0.116617		0
1.355		0.116576		0
1.356		0.116536		0
1.357		0.116495		0
1.358		0.116455		0
1.359		0.116414		0
1.36		0.116374		0
1.361		0.116334		0
1.362		0.116294		0
1.363		0.116253		0
1.364		0.116213		0
1.365		0.116173		0
1.366		0.116133		0
1.367		0.116093		0
1.368		0.116053		0
1.369		0.116013		0
1.37		0.115973		0
1.371		0.115933		0
1.372		0.115893		0
1.373		0.115854		0
1.374		0.115814		0
1.375		0.115774		0
1.376		0.115735		0
1.377		0.115695		0
1.378		0.115655		0
1.379		0.115616		0
1.38		0.115576		0
1.381		0.115537		0
1.382		0.115498		0
1.383		0.115458		0
1.384		0.115419		0
1.385		0.11538		0
1.386		0.115341		0
1.387		0.115301		0
1.388		0.115262		0
1.389		0.115223		0
1.39		0.115184		0
1.391		0.115145		0
1.392		0.115106		0
1.393		0.115067		0
1.394		0.115028		0
1.395		0.11499		0
1.396		0.114951		0
1.397		0.114912		0
1.398		0.114873		0
1.399		0.114835		0
1.4		0.114796		0
1.401		0.114757		0
1.402		0.114719		0
1.403		0.11468		0
1.404		0.114642		0
1.405		0.114603		0
1.406		0.114565		0
1.407		0.114527		0
1.408		0.114488		0
1.409		0.11445		0
1.41		0.114412		0
1.411		0.114374		0
1.412		0.114336		0
1.413		0.114297		0
1.414		0.114259		0
1.415		0.114221		0
1.416		0.114183		0
1.417		0.114145		0
1.418		0.114107		0
1.419		0.11407		0
1.42		0.114032		0
1.421		0.113994		0
1.422		0.113956		0
1.423		0.113918		0
1.424		0.113881		0
1.425		0.113843		0
1.426		0.113805		0
1.427		0.113768		0
1.428		0.11373		0
1.429		0.113693		0
1.43		0.113655		0
1.431		0.113618		0
1.432		0.11358		0
1.433		0.113543		0
1.434		0.113506		0
1.435		0.113468		0
1.436		0.113431		0
1.437		0.113394		0
1.438		0.113357		0
1.439		0.11332		0
1.44		0.113282		0
1.441		0.113245		0
1.442		0.113208		0
1.443		0.113171		0
1.444		0.113134		0
1.445		0.113097		0
1.446		0.113061		0
1.447		0.113024		0
1.448		0.112987		0
1.449		0.11295		0
1.45		0.112913		0
1.451		0.112877		0
1.452		0.11284		0
1.453		0.112803		0
1.454		0.112767		0
1.455		0.11273		0
1.456		0.112693		0
1.457		0.112657		0
1.458		0.11262		0
1.459		0.112584		0
1.46		0.112547		0
1.461		0.112511		0
1.462		0.112475		0
1.463		0.112438		0
1.464		0.112402		0
1.465		0.112366		0
1.466		0.11233		0
1.467		0.112293		0
1.468		0.112257		0
1.469		0.112221		0
1.47		0.112185		0
1.471		0.112149		0
1.472		0.112113		0
1.473		0.112077		0
1.474		0.112041		0
1.475		0.112005		0
1.476		0.111969		0
1.477		0.111933		0
1.478		0.111897		0
1.479		0.111862		0
1.48		0.111826		0
1.481		0.11179		0
1.482		0.111754		0
1.483		0.111719		0
1.484		0.111683		0
1.485		0.111647		0
1.486		0.111612		0
1.487		0.111576		0
1.488		0.111541		0
1.489		0.111505		0
1.49		0.11147		0
1.491		0.111434		0
1.492		0.111399		0
1.493		0.111364		0
1.494		0.111328		0
1.495		0.111293		0
1.496		0.111258		0
1.497		0.111222		0
1.498		0.111187		0
1.499		0.111152		0
1.5		0.111117		0
1.501		0.111082		0
1.502		0.111046		0
1.503		0.111011		0
1.504		0.110976		0
1.505		0.110941		0
1.506		0.110906		0
1.507		0.110871		0
1.508		0.110836		0
1.509		0.110802		0
1.51		0.110767		0
1.511		0.110732		0
1.512		0.110697		0
1.513		0.110662		0
1.514		0.110627		0
1.515		0.110593		0
1.516		0.110558		0
1.517		0.110523		0
1.518		0.110489		0
1.519		0.110454		0
1.52		0.110419		0
1.521		0.110385		0
1.522		0.11035		0
1.523		0.110316		0
1.524		0.110281		0
1.525		0.110247		0
1.526		0.110212		0
1.527		0.110178		0
1.528		0.110144		0
1.529		0.110109		0
1.53		0.110075		0
1.531		0.110041		0
1.532		0.110006		0
1.533		0.109972		0
1.534		0.109938		0
1.535		0.109904		0
1.536		0.10987		0
1.537		0.109835		0
1.538		0.109801		0
1.539		0.109767		0
1.54		0.109733		0
1.541		0.109699		0
1.542		0.109665		0
1.543		0.109631		0
1.544		0.109597		0
1.545		0.109563		0
1.546		0.109529		0
1.547		0.109496		0
1.548		0.109462		0
1.549		0.109428		0
1.55		0.109394		0
1.551		0.10936		0
1.552		0.109327		0
1.553		0.109293		0
1.554		0.109259		0
1.555		0.109225		0
1.556		0.109192		0
1.557		0.109158		0
1.558		0.109125		0
1.559		0.109091		0
1.56		0.109057		0
1.561		0.109024		0
1.562		0.10899		0
1.563		0.108957		0
1.564		0.108924		0
1.565		0.10889		0
1.566		0.108857		0
1.567		0.108823		0
1.568		0.10879		0
1.569		0.108757		0
1.57		0.108723		0
1.571		0.10869		0
1.572		0.108657		0
1.573		0.108624		0
1.574		0.10859		0
1.575		0.108557		0
1.576		0.108524		0
1.577		0.108491		0
1.578		0.108458		0
1.579		0.108425		0
1.58		0.108392		0
1.581		0.108359		0
1.582		0.108326		0
1.583		0.108293		0
1.584		0.10826		0
1.585		0.108227		0
1.586		0.108194		0
1.587		0.108161		0
1.588		0.108128		0
1.589		0.108095		0
1.59		0.108062		0
1.591		0.108029		0
1.592		0.107997		0
1.593		0.107964		0
1.594		0.107931		0
1.595		0.107898		0
1.596		0.107866		0
1.597		0.107833		0
1.598		0.1078		0
1.599		0.107768		0
1.6		0.107735		0
1.601		0.107702		0
1.602		0.10767		0
1.603		0.107637		0
1.604		0.107605		0
1.605		0.107572		0
1.606		0.10754		0
1.607		0.107507		0
1.608		0.107475		0
1.609		0.107442		0
1.61		0.10741		0
1.611		0.107378		0
1.612		0.107345		0
1.613		0.107313		0
1.614		0.107281		0
1.615		0.107248		0
1.616		0.107216		0
1.617		0.107184		0
1.618		0.107152		0
1.619		0.107119		0
1.62		0.107087		0
1.621		0.107055		0
1.622		0.107023		0
1.623		0.106991		0
1.624		0.106959		0
1.625		0.106926		0
1.626		0.106894		0
1.627		0.106862		0
1.628		0.10683		0
1.629		0.106798		0
1.63		0.106766		0
1.631		0.106734		0
1.632		0.106702		0
1.633		0.106671		0
1.634		0.106639		0
1.635		0.106607		0
1.636		0.106575		0
1.637		0.106543		0
1.638		0.106511		0
1.639		0.106479		0
1.64		0.106448		0
1.641		0.106416		0
1.642		0.106384		0
1.643		0.106352		0
1.644		0.106321		0
1.645		0.106289		0
1.646		0.106257		0
1.647		0.106226		0
1.648		0.106194		0
1.649		0.106162		0
1.65		0.106131		0
1.651		0.106099		0
1.652		0.106068		0
1.653		0.106036		0
1.654		0.106005		0
1.655		0.105973		0
1.656		0.105942		0
1.657		0.10591		0
1.658		0.105879		0
1.659		0.105847		0
1.66		0.105816		0
1.661		0.105784		0
1.662		0.105753		0
1.663		0.105722		0
1.664		0.10569		0
1.665		0.105659		0
1.666		0.105628		0
1.667		0.105596		0
1.668		0.105565		0
1.669		0.105534		0
1.67		0.105503		0
1.671		0.105472		0
1.672		0.10544		0
1.673		0.105409		0
1.674		0.105378		0
1.675		0.105347		0
1.676		0.105316		0
1.677		0.105285		0
1.678		0.105254		0
1.679		0.105222		0
1.68		0.105191		0
1.681		0.10516		0
1.682		0.105129		0
1.683		0.105098		0
1.684		0.105067		0
1.685		0.105036		0
1.686		0.105006		0
1.687		0.104975		0
1.688		0.104944		0
1.689		0.104913		0
1.69		0.104882		0
1.691		0.104851		0
1.692		0.10482		0
1.693		0.104789		0
1.694		0.104759		0
1.695		0.104728		0
1.696		0.104697		0
1.697		0.104666		0
1.698		0.104635		0
1.699		0.104605		0
1.7		0.104574		0
1.701		0.104543		0
1.702		0.104513		0
1.703		0.104482		0
1.704		0.104451		0
1.705		0.104421		0
1.706		0.10439		0
1.707		0.10436		0
1.708		0.104329		0
1.709		0.104298		0
1.71		0.104268		0
1.711		0.104237		0
1.712		0.104207		0
1.713		0.104176		0
1.714		0.104146		0
1.715		0.104115		0
1.716		0.104085		0
1.717		0.104055		0
1.718		0.104024		0
1.719		0.103994		0
1.72		0.103963		0
1.721		0.103933		0
1.722		0.103903		0
1.723		0.103872		0
1.724		0.103842		0
1.725		0.103812		0
1.726		0.103781		0
1.727		0.103751		0
1.728		0.103721		0
1.729		0.103691		0
1.73		0.10366		0
1.731		0.10363		0
1.732		0.1036		0
1.733		0.10357		0
1.734		0.10354		0
1.735		0.103509		0
1.736		0.103479		0
1.737		0.103449		0
1.738		0.103419		0
1.739		0.103389		0
1.74		0.103359		0
1.741		0.103329		0
1.742		0.103299		0
1.743		0.103269		0
1.744		0.103239		0
1.745		0.103209		0
1.746		0.103179		0
1.747		0.103149		0
1.748		0.103119		0
1.749		0.103089		0
1.75		0.103059		0
1.751		0.103029		0
1.752		0.102999		0
1.753		0.102969		0
1.754		0.102939		0
1.755		0.102909		0
1.756		0.102879		0
1.757		0.10285		0
1.758		0.10282		0
1.759		0.10279		0
1.76		0.10276		0
1.761		0.10273		0
1.762		0.102701		0
1.763		0.102671		0
1.764		0.102641		0
1.765		0.102611		0
1.766		0.102582		0
1.767		0.102552		0
1.768		0.102522		0
1.769		0.102493		0
1.77		0.102463		0
1.771		0.102433		0
1.772		0.102404		0
1.773		0.102374		0
1.774		0.102345		0
1.775		0.102315		0
1.776		0.102285		0
1.777		0.102256		0
1.778		0.102226		0
1.779		0.102197		0
1.78		0.102167		0
1.781		0.102138		0
1.782		0.102108		0
1.783		0.102079		0
1.784		0.102049		0
1.785		0.10202		0
1.786		0.10199		0
1.787		0.101961		0
1.788		0.101932		0
1.789		0.101902		0
1.79		0.101873		0
1.791		0.101844		0
1.792		0.101814		0
1.793		0.101785		0
1.794		0.101755		0
1.795		0.101726		0
1.796		0.101697		0
1.797		0.101668		0
1.798		0.101638		0
1.799		0.101609		0
1.8		0.10158		0
1.801		0.101551		0
1.802		0.101521		0
1.803		0.101492		0
1.804		0.101463		0
1.805		0.101434		0
1.806		0.101404		0
1.807		0.101375		0
1.808		0.101346		0
1.809		0.101317		0
1.81		0.101288		0
1.811		0.101259		0
1.812		0.10123		0
1.813		0.101201		0
1.814		0.101172		0
1.815		0.101142		0
1.816		0.101113		0
1.817		0.101084		0
1.818		0.101055		0
1.819		0.101026		0
1.82		0.100997		0
1.821		0.100968		0
1.822		0.100939		0
1.823		0.10091		0
1.824		0.100881		0
1.825		0.100852		0
1.826		0.100824		0
1.827		0.100795		0
1.828		0.100766		0
1.829		0.100737		0
1.83		0.100708		0
1.831		0.100679		0
1.832		0.10065		0
1.833		0.100621		0
1.834		0.100592		0
1.835		0.100564		0
1.836		0.100535		0
1.837		0.100506		0
1.838		0.100477		0
1.839		0.100448		0
1.84		0.10042		0
1.841		0.100391		0
1.842		0.100362		0
1.843		0.100333		0
1.844		0.100305		0
1.845		0.100276		0
1.846		0.100247		0
1.847		0.100219		0
1.848		0.10019		0
1.849		0.100161		0
1.85		0.100133		0
1.851		0.100104		0
1.852		0.100075		0
1.853		0.100047		0
1.854		0.100018		0
1.855		0.0999895		0
1.856		0.0999609		0
1.857		0.0999323		0
1.858		0.0999038		0
1.859		0.0998752		0
1.86		0.0998467		0
1.861		0.0998182		0
1.862		0.0997896		0
1.863		0.0997611		0
1.864		0.0997326		0
1.865		0.0997041		0
1.866		0.0996757		0
1.867		0.0996472		0
1.868		0.0996187		0
1.869		0.0995903		0
1.87		0.0995619		0
1.871		0.0995334		0
1.872		0.099505		0
1.873		0.0994766		0
1.874		0.0994482		0
1.875		0.0994198		0
1.876		0.0993915		0
1.877		0.0993631		0
1.878		0.0993348		0
1.879		0.0993064		0
1.88		0.0992781		0
1.881		0.0992498		0
1.882		0.0992215		0
1.883		0.0991932		0
1.884		0.0991649		0
1.885		0.0991366		0
1.886		0.0991084		0
1.887		0.0990801		0
1.888		0.0990519		0
1.889		0.0990236		0
1.89		0.0989954		0
1.891		0.0989672		0
1.892		0.098939		0
1.893		0.0989108		0
1.894		0.0988826		0
1.895		0.0988545		0
1.896		0.0988263		0
1.897		0.0987981		0
1.898		0.09877		0
1.899		0.0987419		0
1.9		0.0987137		0
1.901		0.0986856		0
1.902		0.0986575		0
1.903		0.0986294		0
1.904		0.0986014		0
1.905		0.0985733		0
1.906		0.0985452		0
1.907		0.0985172		0
1.908		0.0984891		0
1.909		0.0984611		0
1.91		0.0984331		0
1.911		0.0984051		0
1.912		0.0983771		0
1.913		0.0983491		0
1.914		0.0983211		0
1.915		0.0982931		0
1.916		0.0982652		0
1.917		0.0982372		0
1.918		0.0982093		0
1.919		0.0981813		0
1.92		0.0981534		0
1.921		0.0981255		0
1.922		0.0980976		0
1.923		0.0980697		0
1.924		0.0980418		0
1.925		0.0980139		0
1.926		0.0979861		0
1.927		0.0979582		0
1.928		0.0979304		0
1.929		0.0979025		0
1.93		0.0978747		0
1.931		0.0978469		0
1.932		0.0978191		0
1.933		0.0977913		0
1.934		0.0977635		0
1.935		0.0977357		0
1.936		0.0977079		0
1.937		0.0976802		0
1.938		0.0976524		0
1.939		0.0976247		0
1.94		0.097597		0
1.941		0.0975692		0
1.942		0.0975415		0
1.943		0.0975138		0
1.944		0.0974861		0
1.945		0.0974584		0
1.946		0.0974307		0
1.947		0.0974031		0
1.948		0.0973754		0
1.949		0.0973478		0
1.95		0.0973201		0
1.951		0.0972925		0
1.952		0.0972649		0
1.953		0.0972373		0
1.954		0.0972096		0
1.955		0.0971821		0
1.956		0.0971545		0
1.957		0.0971269		0
1.958		0.0970993		0
1.959		0.0970718		0
1.96		0.0970442		0
1.961		0.0970167		0
1.962		0.0969891		0
1.963		0.0969616		0
1.964		0.0969341		0
1.965		0.0969066		0
1.966		0.0968791		0
1.967		0.0968516		0
1.968		0.0968241		0
1.969		0.0967966		0
1.97		0.0967692		0
1.971		0.0967417		0
1.972		0.0967143		0
1.973		0.0966868		0
1.974		0.0966594		0
1.975		0.096632		0
1.976		0.0966046		0
1.977		0.0965772		0
1.978		0.0965498		0
1.979		0.0965224		0
1.98		0.096495		0
1.981		0.0964676		0
1.982		0.0964403		0
1.983		0.0964129		0
1.984		0.0963856		0
1.985		0.0963583		0
1.986		0.0963309		0
1.987		0.0963036		0
1.988		0.0962763		0
1.989		0.096249		0
1.99		0.0962217		0
1.991		0.0961944		0
1.992		0.0961672		0
1.993		0.0961399		0
1.994		0.0961126		0
1.995		0.0960854		0
1.996		0.0960581		0
1.997		0.0960309		0
1.998		0.0960037		0
1.999		0.0959765		0
2		0.0959493		0
2.001		0.0959221		0
2.002		0.0958949		0
2.003		0.0958677		0
2.004		0.0958405		0
2.005		0.0958133		0
2.006		0.0957862		0
2.007		0.095759		0
2.008		0.0957319		0
2.009		0.0957048		0
2.01		0.0956776		0
2.011		0.0956505		0
2.012		0.0956234		0
2.013		0.0955963		0
2.014		0.0955692		0
2.015		0.0955421		0
2.016		0.095515		0
2.017		0.095488		0
2.018		0.0954609		0
2.019		0.0954339		0
2.02		0.0954068		0
2.021		0.0953798		0
2.022		0.0953527		0
2.023		0.0953257		0
2.024		0.0952987		0
2.025		0.0952717		0
2.026		0.0952447		0
2.027		0.0952177		0
2.028		0.0951907		0
2.029		0.0951638		0
2.03		0.0951368		0
2.031		0.0951098		0
2.032		0.0950829		0
2.033		0.0950559		0
2.034		0.095029		0
2.035		0.0950021		0
2.036		0.0949752		0
2.037		0.0949482		0
2.038		0.0949213		0
2.039		0.0948944		0
2.04		0.0948676		0
2.041		0.0948407		0
2.042		0.0948138		0
2.043		0.0947869		0
2.044		0.0947601		0
2.045		0.0947332		0
2.046		0.0947064		0
2.047		0.0946795		0
2.048		0.0946527		0
2.049		0.0946259		0
2.05		0.0945991		0
2.051		0.0945723		0
2.052		0.0945455		0
2.053		0.0945187		0
2.054		0.0944919		0
2.055		0.0944651		0
2.056		0.0944384		0
2.057		0.0944116		0
2.058		0.0943849		0
2.059		0.0943581		0
2.06		0.0943314		0
2.061		0.0943047		0
2.062		0.0942779		0
2.063		0.0942512		0
2.064		0.0942245		0
2.065		0.0941978		0
2.066		0.0941711		0
2.067		0.0941444		0
2.068		0.0941178		0
2.069		0.0940911		0
2.07		0.0940644		0
2.071		0.0940378		0
2.072		0.0940111		0
2.073		0.0939845		0
2.074		0.0939579		0
2.075		0.0939312		0
2.076		0.0939046		0
2.077		0.093878		0
2.078		0.0938514		0
2.079		0.0938248		0
2.08		0.0937982		0
2.081		0.0937716		0
2.082		0.0937451		0
2.083		0.0937185		0
2.084		0.0936919		0
2.085		0.0936654		0
2.086		0.0936388		0
2.087		0.0936123		0
2.088		0.0935858		0
2.089		0.0935592		0
2.09		0.0935327		0
2.091		0.0935062		0
2.092		0.0934797		0
2.093		0.0934532		0
2.094		0.0934267		0
2.095		0.0934002		0
2.096		0.0933738		0
2.097		0.0933473		0
2.098		0.0933208		0
2.099		0.0932944		0
2.1		0.0932679		0
2.101		0.0932415		0
2.102		0.0932151		0
2.103		0.0931887		0
2.104		0.0931622		0
2.105		0.0931358		0
2.106		0.0931094		0
2.107		0.093083		0
2.108		0.0930566		0
2.109		0.0930303		0
2.11		0.0930039		0
2.111		0.0929775		0
2.112		0.0929512		0
2.113		0.0929248		0
2.114		0.0928985		0
2.115		0.0928721		0
2.116		0.0928458		0
2.117		0.0928194		0
2.118		0.0927931		0
2.119		0.0927668		0
2.12		0.0927405		0
2.121		0.0927142		0
2.122		0.0926879		0
2.123		0.0926616		0
2.124		0.0926354		0
2.125		0.0926091		0
2.126		0.0925828		0
2.127		0.0925566		0
2.128		0.0925303		0
2.129		0.0925041		0
2.13		0.0924778		0
2.131		0.0924516		0
2.132		0.0924254		0
2.133		0.0923992		0
2.134		0.0923729		0
2.135		0.0923467		0
2.136		0.0923205		0
2.137		0.0922944		0
2.138		0.0922682		0
2.139		0.092242		0
2.14		0.0922158		0
2.141		0.0921897		0
2.142		0.0921635		0
2.143		0.0921374		0
2.144		0.0921112		0
2.145		0.0920851		0
2.146		0.0920589		0
2.147		0.0920328		0
2.148		0.0920067		0
2.149		0.0919806		0
2.15		0.0919545		0
2.151		0.0919284		0
2.152		0.0919023		0
2.153		0.0918762		0
2.154		0.0918501		0
2.155		0.0918241		0
2.156		0.091798		0
2.157		0.091772		0
2.158		0.0917459		0
2.159		0.0917199		0
2.16		0.0916938		0
2.161		0.0916678		0
2.162		0.0916418		0
2.163		0.0916158		0
2.164		0.0915897		0
2.165		0.0915637		0
2.166		0.0915377		0
2.167		0.0915118		0
2.168		0.0914858		0
2.169		0.0914598		0
2.17		0.0914338		0
2.171		0.0914079		0
2.172		0.0913819		0
2.173		0.0913559		0
2.174		0.09133		0
2.175		0.0913041		0
2.176		0.0912781		0
2.177		0.0912522		0
2.178		0.0912263		0
2.179		0.0912004		0
2.18		0.0911745		0
2.181		0.0911486		0
2.182		0.0911227		0
2.183		0.0910968		0
2.184		0.0910709		0
2.185		0.091045		0
2.186		0.0910191		0
2.187		0.0909933		0
2.188		0.0909674		0
2.189		0.0909416		0
2.19		0.0909157		0
2.191		0.0908899		0
2.192		0.0908641		0
2.193		0.0908382		0
2.194		0.0908124		0
2.195		0.0907866		0
2.196		0.0907608		0
2.197		0.090735		0
2.198		0.0907092		0
2.199		0.0906834		0
2.2		0.0906577		0
2.201		0.0906319		0
2.202		0.0906061		0
2.203		0.0905804		0
2.204		0.0905546		0
2.205		0.0905289		0
2.206		0.0905031		0
2.207		0.0904774		0
2.208		0.0904516		0
2.209		0.0904259		0
2.21		0.0904002		0
2.211		0.0903745		0
2.212		0.0903488		0
2.213		0.0903231		0
2.214		0.0902974		0
2.215		0.0902717		0
2.216		0.090246		0
2.217		0.0902204		0
2.218		0.0901947		0
2.219		0.090169		0
2.22		0.0901434		0
2.221		0.0901177		0
2.222		0.0900921		0
2.223		0.0900665		0
2.224		0.0900408		0
2.225		0.0900152		0
2.226		0.0899896		0
2.227		0.089964		0
2.228		0.0899384		0
2.229		0.0899128		0
2.23		0.0898872		0
2.231		0.0898616		0
2.232		0.089836		0
2.233		0.0898104		0
2.234		0.0897849		0
2.235		0.0897593		0
2.236		0.0897337		0
2.237		0.0897082		0
2.238		0.0896826		0
2.239		0.0896571		0
2.24		0.0896316		0
2.241		0.0896061		0
2.242		0.0895805		0
2.243		0.089555		0
2.244		0.0895295		0
2.245		0.089504		0
2.246		0.0894785		0
2.247		0.089453		0
2.248		0.0894275		0
2.249		0.0894021		0
2.25		0.0893766		0
2.251		0.0893511		0
2.252		0.0893257		0
2.253		0.0893002		0
2.254		0.0892748		0
2.255		0.0892493		0
2.256		0.0892239		0
2.257		0.0891985		0
2.258		0.089173		0
2.259		0.0891476		0
2.26		0.0891222		0
2.261		0.0890968		0
2.262		0.0890714		0
2.263		0.089046		0
2.264		0.0890206		0
2.265		0.0889952		0
2.266		0.0889699		0
2.267		0.0889445		0
2.268		0.0889191		0
2.269		0.0888938		0
2.27		0.0888684		0
2.271		0.0888431		0
2.272		0.0888178		0
2.273		0.0887924		0
2.274		0.0887671		0
2.275		0.0887418		0
2.276		0.0887165		0
2.277		0.0886911		0
2.278		0.0886658		0
2.279		0.0886405		0
2.28		0.0886153		0
2.281		0.08859		0
2.282		0.0885647		0
2.283		0.0885394		0
2.284		0.0885141		0
2.285		0.0884889		0
2.286		0.0884636		0
2.287		0.0884384		0
2.288		0.0884131		0
2.289		0.0883879		0
2.29		0.0883627		0
2.291		0.0883374		0
2.292		0.0883122		0
2.293		0.088287		0
2.294		0.0882618		0
2.295		0.0882366		0
2.296		0.0882114		0
2.297		0.0881862		0
2.298		0.088161		0
2.299		0.0881358		0
2.3		0.0881107		0
2.301		0.0880855		0
2.302		0.0880603		0
2.303		0.0880352		0
2.304		0.08801		0
2.305		0.0879849		0
2.306		0.0879597		0
2.307		0.0879346		0
2.308		0.0879095		0
2.309		0.0878844		0
2.31		0.0878592		0
2.311		0.0878341		0
2.312		0.087809		0
2.313		0.0877839		0
2.314		0.0877588		0
2.315		0.0877338		0
2.316		0.0877087		0
2.317		0.0876836		0
2.318		0.0876585		0
2.319		0.0876335		0
2.32		0.0876084		0
2.321		0.0875834		0
2.322		0.0875583		0
2.323		0.0875333		0
2.324		0.0875082		0
2.325		0.0874832		0
2.326		0.0874582		0
2.327		0.0874332		0
2.328		0.0874082		0
2.329		0.0873832		0
2.33		0.0873582		0
2.331		0.0873332		0
2.332		0.0873082		0
2.333		0.0872832		0
2.334		0.0872582		0
2.335		0.0872333		0
2.336		0.0872083		0
2.337		0.0871833		0
2.338		0.0871584		0
2.339		0.0871334		0
2.34		0.0871085		0
2.341		0.0870836		0
2.342		0.0870586		0
2.343		0.0870337		0
2.344		0.0870088		0
2.345		0.0869839		0
2.346		0.086959		0
2.347		0.0869341		0
2.348		0.0869092		0
2.349		0.0868843		0
2.35		0.0868594		0
2.351		0.0868345		0
2.352		0.0868096		0
2.353		0.0867848		0
2.354		0.0867599		0
2.355		0.086735		0
2.356		0.0867102		0
2.357		0.0866854		0
2.358		0.0866605		0
2.359		0.0866357		0
2.36		0.0866109		0
2.361		0.086586		0
2.362		0.0865612		0
2.363		0.0865364		0
2.364		0.0865116		0
2.365		0.0864868		0
2.366		0.086462		0
2.367		0.0864372		0
2.368		0.0864124		0
2.369		0.0863877		0
2.37		0.0863629		0
2.371		0.0863381		0
2.372		0.0863134		0
2.373		0.0862886		0
2.374		0.0862639		0
2.375		0.0862391		0
2.376		0.0862144		0
2.377		0.0861897		0
2.378		0.0861649		0
2.379		0.0861402		0
2.38		0.0861155		0
2.381		0.0860908		0
2.382		0.0860661		0
2.383		0.0860414		0
2.384		0.0860167		0
2.385		0.085992		0
2.386		0.0859673		0
2.387		0.0859427		0
2.388		0.085918		0
2.389		0.0858933		0
2.39		0.0858687		0
2.391		0.085844		0
2.392		0.0858194		0
2.393		0.0857947		0
2.394		0.0857701		0
2.395		0.0857455		0
2.396		0.0857209		0
2.397		0.0856962		0
2.398		0.0856716		0
2.399		0.085647		0
2.4		0.0856224		0
2.401		0.0855978		0
2.402		0.0855732		0
2.403		0.0855486		0
2.404		0.0855241		0
2.405		0.0854995		0
2.406		0.0854749		0
2.407		0.0854504		0
2.408		0.0854258		0
2.409		0.0854013		0
2.41		0.0853767		0
2.411		0.0853522		0
2.412		0.0853276		0
2.413		0.0853031		0
2.414		0.0852786		0
2.415		0.0852541		0
2.416		0.0852296		0
2.417		0.0852051		0
2.418		0.0851806		0
2.419		0.0851561		0
2.42		0.0851316		0
2.421		0.0851071		0
2.422		0.0850826		0
2.423		0.0850581		0
2.424		0.0850337		0
2.425		0.0850092		0
2.426		0.0849848		0
2.427		0.0849603		0
2.428		0.0849359		0
2.429		0.0849114		0
2.43		0.084887		0
2.431		0.0848626		0
2.432		0.0848381		0
2.433		0.0848137		0
2.434		0.0847893		0
2.435		0.0847649		0
2.436		0.0847405		0
2.437		0.0847161		0
2.438		0.0846917		0
2.439		0.0846674		0
2.44		0.084643		0
2.441		0.0846186		0
2.442		0.0845942		0
2.443		0.0845699		0
2.444		0.0845455		0
2.445		0.0845212		0
2.446		0.0844968		0
2.447		0.0844725		0
2.448		0.0844482		0
2.449		0.0844238		0
2.45		0.0843995		0
2.451		0.0843752		0
2.452		0.0843509		0
2.453		0.0843266		0
2.454		0.0843023		0
2.455		0.084278		0
2.456		0.0842537		0
2.457		0.0842294		0
2.458		0.0842051		0
2.459		0.0841809		0
2.46		0.0841566		0
2.461		0.0841323		0
2.462		0.0841081		0
2.463		0.0840838		0
2.464		0.0840596		0
2.465		0.0840354		0
2.466		0.0840111		0
2.467		0.0839869		0
2.468		0.0839627		0
2.469		0.0839385		0
2.47		0.0839143		0
2.471		0.0838901		0
2.472		0.0838659		0
2.473		0.0838417		0
2.474		0.0838175		0
2.475		0.0837933		0
2.476		0.0837691		0
2.477		0.0837449		0
2.478		0.0837208		0
2.479		0.0836966		0
2.48		0.0836725		0
2.481		0.0836483		0
2.482		0.0836242		0
2.483		0.0836		0
2.484		0.0835759		0
2.485		0.0835518		0
2.486		0.0835276		0
2.487		0.0835035		0
2.488		0.0834794		0
2.489		0.0834553		0
2.49		0.0834312		0
2.491		0.0834071		0
2.492		0.083383		0
2.493		0.083359		0
2.494		0.0833349		0
2.495		0.0833108		0
2.496		0.0832867		0
2.497		0.0832627		0
2.498		0.0832386		0
2.499		0.0832146		0
2.5		0.0831905		0
2.501		0.0831665		0
2.502		0.0831425		0
2.503		0.0831184		0
2.504		0.0830944		0
2.505		0.0830704		0
2.506		0.0830464		0
2.507		0.0830224		0
2.508		0.0829984		0
2.509		0.0829744		0
2.51		0.0829504		0
2.511		0.0829264		0
2.512		0.0829024		0
2.513		0.0828785		0
2.514		0.0828545		0
2.515		0.0828305		0
2.516		0.0828066		0
2.517		0.0827826		0
2.518		0.0827587		0
2.519		0.0827348		0
2.52		0.0827108		0
2.521		0.0826869		0
2.522		0.082663		0
2.523		0.0826391		0
2.524		0.0826151		0
2.525		0.0825912		0
2.526		0.0825673		0
2.527		0.0825434		0
2.528		0.0825196		0
2.529		0.0824957		0
2.53		0.0824718		0
2.531		0.0824479		0
2.532		0.0824241		0
2.533		0.0824002		0
2.534		0.0823763		0
2.535		0.0823525		0
2.536		0.0823286		0
2.537		0.0823048		0
2.538		0.082281		0
2.539		0.0822571		0
2.54		0.0822333		0
2.541		0.0822095		0
2.542		0.0821857		0
2.543		0.0821619		0
2.544		0.0821381		0
2.545		0.0821143		0
2.546		0.0820905		0
2.547		0.0820667		0
2.548		0.0820429		0
2.549		0.0820192		0
2.55		0.0819954		0
2.551		0.0819716		0
2.552		0.0819479		0
2.553		0.0819241		0
2.554		0.0819004		0
2.555		0.0818766		0
2.556		0.0818529		0
2.557		0.0818292		0
2.558		0.0818055		0
2.559		0.0817817		0
2.56		0.081758		0
2.561		0.0817343		0
2.562		0.0817106		0
2.563		0.0816869		0
2.564		0.0816632		0
2.565		0.0816395		0
2.566		0.0816159		0
2.567		0.0815922		0
2.568		0.0815685		0
2.569		0.0815449		0
2.57		0.0815212		0
2.571		0.0814976		0
2.572		0.0814739		0
2.573		0.0814503		0
2.574		0.0814266		0
2.575		0.081403		0
2.576		0.0813794		0
2.577		0.0813558		0
2.578		0.0813322		0
2.579		0.0813085		0
2.58		0.0812849		0
2.581		0.0812614		0
2.582		0.0812378		0
2.583		0.0812142		0
2.584		0.0811906		0
2.585		0.081167		0
2.586		0.0811435		0
2.587		0.0811199		0
2.588		0.0810963		0
2.589		0.0810728		0
2.59		0.0810492		0
2.591		0.0810257		0
2.592		0.0810022		0
2.593		0.0809786		0
2.594		0.0809551		0
2.595		0.0809316		0
2.596		0.0809081		0
2.597		0.0808846		0
2.598		0.0808611		0
2.599		0.0808376		0
2.6		0.0808141		0
2.601		0.0807906		0
2.602		0.0807671		0
2.603		0.0807436		0
2.604		0.0807202		0
2.605		0.0806967		0
2.606		0.0806733		0
2.607		0.0806498		0
2.608		0.0806264		0
2.609		0.0806029		0
2.61		0.0805795		0
2.611		0.080556		0
2.612		0.0805326		0
2.613		0.0805092		0
2.614		0.0804858		0
2.615		0.0804624		0
2.616		0.080439		0
2.617		0.0804156		0
2.618		0.0803922		0
2.619		0.0803688		0
2.62		0.0803454		0
2.621		0.0803221		0
2.622		0.0802987		0
2.623		0.0802753		0
2.624		0.080252		0
2.625		0.0802286		0
2.626		0.0802053		0
2.627		0.0801819		0
2.628		0.0801586		0
2.629		0.0801353		0
2.63		0.0801119		0
2.631		0.0800886		0
2.632		0.0800653		0
2.633		0.080042		0
2.634		0.0800187		0
2.635		0.0799954		0
2.636		0.0799721		0
2.637		0.0799488		0
2.638		0.0799255		0
2.639		0.0799023		0
2.64		0.079879		0
2.641		0.0798557		0
2.642		0.0798325		0
2.643		0.0798092		0
2.644		0.079786		0
2.645		0.0797627		0
2.646		0.0797395		0
2.647		0.0797163		0
2.648		0.079693		0
2.649		0.0796698		0
2.65		0.0796466		0
2.651		0.0796234		0
2.652		0.0796002		0
2.653		0.079577		0
2.654		0.0795538		0
2.655		0.0795306		0
2.656		0.0795074		0
2.657		0.0794843		0
2.658		0.0794611		0
2.659		0.0794379		0
2.66		0.0794148		0
2.661		0.0793916		0
2.662		0.0793685		0
2.663		0.0793453		0
2.664		0.0793222		0
2.665		0.0792991		0
2.666		0.0792759		0
2.667		0.0792528		0
2.668		0.0792297		0
2.669		0.0792066		0
2.67		0.0791835		0
2.671		0.0791604		0
2.672		0.0791373		0
2.673		0.0791142		0
2.674		0.0790911		0
2.675		0.0790681		0
2.676		0.079045		0
2.677		0.0790219		0
2.678		0.0789989		0
2.679		0.0789758		0
2.68		0.0789528		0
2.681		0.0789297		0
2.682		0.0789067		0
2.683		0.0788837		0
2.684		0.0788606		0
2.685		0.0788376		0
2.686		0.0788146		0
2.687		0.0787916		0
2.688		0.0787686		0
2.689		0.0787456		0
2.69		0.0787226		0
2.691		0.0786996		0
2.692		0.0786767		0
2.693		0.0786537		0
2.694		0.0786307		0
2.695		0.0786077		0
2.696		0.0785848		0
2.697		0.0785618		0
2.698		0.0785389		0
2.699		0.078516		0
2.7		0.078493		0
2.701		0.0784701		0
2.702		0.0784472		0
2.703		0.0784242		0
2.704		0.0784013		0
2.705		0.0783784		0
2.706		0.0783555		0
2.707		0.0783326		0
2.708		0.0783097		0
2.709		0.0782868		0
2.71		0.078264		0
2.711		0.0782411		0
2.712		0.0782182		0
2.713		0.0781954		0
2.714		0.0781725		0
2.715		0.0781497		0
2.716		0.0781268		0
2.717		0.078104		0
2.718		0.0780811		0
2.719		0.0780583		0
2.72		0.0780355		0
2.721		0.0780127		0
2.722		0.0779899		0
2.723		0.077967		0
2.724		0.0779442		0
2.725		0.0779215		0
2.726		0.0778987		0
2.727		0.0778759		0
2.728		0.0778531		0
2.729		0.0778303		0
2.73		0.0778076		0
2.731		0.0777848		0
2.732		0.077762		0
2.733		0.0777393		0
2.734		0.0777165		0
2.735		0.0776938		0
2.736		0.0776711		0
2.737		0.0776483		0
2.738		0.0776256		0
2.739		0.0776029		0
2.74		0.0775802		0
2.741		0.0775575		0
2.742		0.0775348		0
2.743		0.0775121		0
2.744		0.0774894		0
2.745		0.0774667		0
2.746		0.077444		0
2.747		0.0774214		0
2.748		0.0773987		0
2.749		0.077376		0
2.75		0.0773534		0
2.751		0.0773307		0
2.752		0.0773081		0
2.753		0.0772855		0
2.754		0.0772628		0
2.755		0.0772402		0
2.756		0.0772176		0
2.757		0.077195		0
2.758		0.0771723		0
2.759		0.0771497		0
2.76		0.0771271		0
2.761		0.0771045		0
2.762		0.077082		0
2.763		0.0770594		0
2.764		0.0770368		0
2.765		0.0770142		0
2.766		0.0769917		0
2.767		0.0769691		0
2.768		0.0769466		0
2.769		0.076924		0
2.77		0.0769015		0
2.771		0.0768789		0
2.772		0.0768564		0
2.773		0.0768339		0
2.774		0.0768113		0
2.775		0.0767888		0
2.776		0.0767663		0
2.777		0.0767438		0
2.778		0.0767213		0
2.779		0.0766988		0
2.78		0.0766763		0
2.781		0.0766539		0
2.782		0.0766314		0
2.783		0.0766089		0
2.784		0.0765865		0
2.785		0.076564		0
2.786		0.0765415		0
2.787		0.0765191		0
2.788		0.0764967		0
2.789		0.0764742		0
2.79		0.0764518		0
2.791		0.0764294		0
2.792		0.0764069		0
2.793		0.0763845		0
2.794		0.0763621		0
2.795		0.0763397		0
2.796		0.0763173		0
2.797		0.0762949		0
2.798		0.0762726		0
2.799		0.0762502		0
2.8		0.0762278		0
2.801		0.0762054		0
2.802		0.0761831		0
2.803		0.0761607		0
2.804		0.0761384		0
2.805		0.076116		0
2.806		0.0760937		0
2.807		0.0760713		0
2.808		0.076049		0
2.809		0.0760267		0
2.81		0.0760044		0
2.811		0.0759821		0
2.812		0.0759598		0
2.813		0.0759375		0
2.814		0.0759152		0
2.815		0.0758929		0
2.816		0.0758706		0
2.817		0.0758483		0
2.818		0.075826		0
2.819		0.0758038		0
2.82		0.0757815		0
2.821		0.0757593		0
2.822		0.075737		0
2.823		0.0757148		0
2.824		0.0756925		0
2.825		0.0756703		0
2.826		0.0756481		0
2.827		0.0756259		0
2.828		0.0756036		0
2.829		0.0755814		0
2.83		0.0755592		0
2.831		0.075537		0
2.832		0.0755148		0
2.833		0.0754926		0
2.834		0.0754705		0
2.835		0.0754483		0
2.836		0.0754261		0
2.837		0.075404		0
2.838		0.0753818		0
2.839		0.0753596		0
2.84		0.0753375		0
2.841		0.0753154		0
2.842		0.0752932		0
2.843		0.0752711		0
2.844		0.075249		0
2.845		0.0752269		0
2.846		0.0752047		0
2.847		0.0751826		0
2.848		0.0751605		0
2.849		0.0751384		0
2.85		0.0751163		0
2.851		0.0750943		0
2.852		0.0750722		0
2.853		0.0750501		0
2.854		0.075028		0
2.855		0.075006		0
2.856		0.0749839		0
2.857		0.0749619		0
2.858		0.0749398		0
2.859		0.0749178		0
2.86		0.0748958		0
2.861		0.0748737		0
2.862		0.0748517		0
2.863		0.0748297		0
2.864		0.0748077		0
2.865		0.0747857		0
2.866		0.0747637		0
2.867		0.0747417		0
2.868		0.0747197		0
2.869		0.0746977		0
2.87		0.0746757		0
2.871		0.0746538		0
2.872		0.0746318		0
2.873		0.0746098		0
2.874		0.0745879		0
2.875		0.0745659		0
2.876		0.074544		0
2.877		0.0745221		0
2.878		0.0745001		0
2.879		0.0744782		0
2.88		0.0744563		0
2.881		0.0744344		0
2.882		0.0744125		0
2.883		0.0743906		0
2.884		0.0743687		0
2.885		0.0743468		0
2.886		0.0743249		0
2.887		0.074303		0
2.888		0.0742811		0
2.889		0.0742593		0
2.89		0.0742374		0
2.891		0.0742156		0
2.892		0.0741937		0
2.893		0.0741719		0
2.894		0.07415		0
2.895		0.0741282		0
2.896		0.0741064		0
2.897		0.0740845		0
2.898		0.0740627		0
2.899		0.0740409		0
2.9		0.0740191		0
2.901		0.0739973		0
2.902		0.0739755		0
2.903		0.0739537		0
2.904		0.073932		0
2.905		0.0739102		0
2.906		0.0738884		0
2.907		0.0738666		0
2.908		0.0738449		0
2.909		0.0738231		0
2.91		0.0738014		0
2.911		0.0737796		0
2.912		0.0737579		0
2.913		0.0737362		0
2.914		0.0737145		0
2.915		0.0736927		0
2.916		0.073671		0
2.917		0.0736493		0
2.918		0.0736276		0
2.919		0.0736059		0
2.92		0.0735842		0
2.921		0.0735625		0
2.922		0.0735409		0
2.923		0.0735192		0
2.924		0.0734975		0
2.925		0.0734759		0
2.926		0.0734542		0
2.927		0.0734326		0
2.928		0.0734109		0
2.929		0.0733893		0
2.93		0.0733676		0
2.931		0.073346		0
2.932		0.0733244		0
2.933		0.0733028		0
2.934		0.0732812		0
2.935		0.0732596		0
2.936		0.073238		0
2.937		0.0732164		0
2.938		0.0731948		0
2.939		0.0731732		0
2.94		0.0731516		0
2.941		0.0731301		0
2.942		0.0731085		0
2.943		0.0730869		0
2.944		0.0730654		0
2.945		0.0730438		0
2.946		0.0730223		0
2.947		0.0730008		0
2.948		0.0729792		0
2.949		0.0729577		0
2.95		0.0729362		0
2.951		0.0729147		0
2.952		0.0728932		0
2.953		0.0728717		0
2.954		0.0728502		0
2.955		0.0728287		0
2.956		0.0728072		0
2.957		0.0727857		0
2.958		0.0727643		0
2.959		0.0727428		0
2.96		0.0727213		0
2.961		0.0726999		0
2.962		0.0726784		0
2.963		0.072657		0
2.964		0.0726356		0
2.965		0.0726141		0
2.966		0.0725927		0
2.967		0.0725713		0
2.968		0.0725499		0
2.969		0.0725285		0
2.97		0.0725071		0
2.971		0.0724857		0
2.972		0.0724643		0
2.973		0.0724429		0
2.974		0.0724215		0
2.975		0.0724001		0
2.976		0.0723788		0
2.977		0.0723574		0
2.978		0.072336		0
2.979		0.0723147		0
2.98		0.0722934		0
2.981		0.072272		0
2.982		0.0722507		0
2.983		0.0722294		0
2.984		0.072208		0
2.985		0.0721867		0
2.986		0.0721654		0
2.987		0.0721441		0
2.988		0.0721228		0
2.989		0.0721015		0
2.99		0.0720802		0
2.991		0.0720589		0
2.992		0.0720377		0
2.993		0.0720164		0
2.994		0.0719951		0
2.995		0.0719739		0
2.996		0.0719526		0
2.997		0.0719314		0
2.998		0.0719101		0
2.999		0.0718889		0
3		0.0718677		0
