0.001		-nan(ind)		-nan(ind)
0.002		-nan(ind)		-nan(ind)
0.003		-nan(ind)		-nan(ind)
0.004		-nan(ind)		-nan(ind)
0.005		0.00237673		0
0.006		0.00486443		0
0.007		0.00766979		0
0.008		0.0103267		0
0.009		0.0125797		0
0.01		0.0143658		0
0.011		0.0157389		0
0.012		0.0168013		0
0.013		0.0176603		0
0.014		0.0184077		0
0.015		0.0191138		0
0.016		0.019829		0
0.017		0.0205876		0
0.018		0.0214116		0
0.019		0.022315		0
0.02		0.0233056		0
0.021		0.0243874		0
0.022		0.0255616		0
0.023		0.0268276		0
0.024		0.0281833		0
0.025		0.0296255		0
0.026		0.0311505		0
0.027		0.032754		0
0.028		0.0344313		0
0.029		0.0361777		0
0.03		0.0379882		0
0.031		0.039858		0
0.032		0.0417824		0
0.033		0.0437567		0
0.034		0.0457768		0
0.035		0.0478385		0
0.036		0.049938		0
0.037		0.052072		0
0.038		0.0542372		0
0.039		0.0564309		0
0.04		0.0586506		0
0.041		0.060894		0
0.042		0.0631591		0
0.043		0.0654442		0
0.044		0.0677479		0
0.045		0.0700688		0
0.046		0.0724059		0
0.047		0.0747581		0
0.048		0.0771249		0
0.049		0.0795054		0
0.05		0.0818991		0
0.051		0.0843057		0
0.052		0.0867246		0
0.053		0.0891557		0
0.054		0.0915987		0
0.055		0.0940533		0
0.056		0.0965195		0
0.057		0.098997		0
0.058		0.101486		0
0.059		0.103986		0
0.06		0.106497		0
0.061		0.109019		0
0.062		0.111552		0
0.063		0.114096		0
0.064		0.116651		0
0.065		0.119217		0
0.066		0.121793		0
0.067		0.124379		0
0.068		0.126977		0
0.069		0.129584		0
0.07		0.132202		0
0.071		0.13483		0
0.072		0.137468		0
0.073		0.140116		0
0.074		0.142774		0
0.075		0.145442		0
0.076		0.148118		0
0.077		0.150805		0
0.078		0.1535		0
0.079		0.156204		0
0.08		0.158917		0
0.081		0.161638		0
0.082		0.164367		0
0.083		0.167105		0
0.084		0.169851		0
0.085		0.172604		0
0.086		0.175364		0
0.087		0.178132		0
0.088		0.180907		0
0.089		0.183688		0
0.09		0.186475		0
0.091		0.189269		0
0.092		0.192068		0
0.093		0.194873		0
0.094		0.197682		0
0.095		0.200497		0
0.096		0.203316		0
0.097		0.20614		0
0.098		0.208967		0
0.099		0.211798		0
0.1		0.214632		0
0.101		0.217469		0
0.102		0.220308		0
0.103		0.223149		0
0.104		0.225993		0
0.105		0.228837		0
0.106		0.231682		0
0.107		0.234528		0
0.108		0.237374		0
0.109		0.24022		0
0.11		0.243065		0
0.111		0.245909		0
0.112		0.248752		0
0.113		0.251592		0
0.114		0.25443		0
0.115		0.257266		0
0.116		0.260098		0
0.117		0.262926		0
0.118		0.26575		0
0.119		0.26857		0
0.12		0.271384		0
0.121		0.274193		0
0.122		0.276996		0
0.123		0.279793		0
0.124		0.282582		0
0.125		0.285364		0
0.126		0.288139		0
0.127		0.290905		0
0.128		0.293662		0
0.129		0.29641		0
0.13		0.299149		0
0.131		0.301877		0
0.132		0.304594		0
0.133		0.307301		0
0.134		0.309996		0
0.135		0.312679		0
0.136		0.31535		0
0.137		0.318008		0
0.138		0.320653		0
0.139		0.323284		0
0.14		0.325901		0
0.141		0.328503		0
0.142		0.33109		0
0.143		0.333663		0
0.144		0.336219		0
0.145		0.338759		0
0.146		0.341283		0
0.147		0.34379		0
0.148		0.346279		0
0.149		0.348751		0
0.15		0.351205		0
0.151		0.353641		0
0.152		0.356058		0
0.153		0.358456		0
0.154		0.360834		0
0.155		0.363193		0
0.156		0.365533		0
0.157		0.367852		0
0.158		0.37015		0
0.159		0.372428		0
0.16		0.374685		0
0.161		0.37692		0
0.162		0.379134		0
0.163		0.381327		0
0.164		0.383497		0
0.165		0.385645		0
0.166		0.387771		0
0.167		0.389874		0
0.168		0.391955		0
0.169		0.394013		0
0.17		0.396047		0
0.171		0.398059		0
0.172		0.400047		0
0.173		0.402012		0
0.174		0.403953		0
0.175		0.40587		0
0.176		0.407764		0
0.177		0.409634		0
0.178		0.41148		0
0.179		0.413301		0
0.18		0.415099		0
0.181		0.416872		0
0.182		0.418622		0
0.183		0.420347		0
0.184		0.422047		0
0.185		0.423724		0
0.186		0.425376		0
0.187		0.427004		0
0.188		0.428608		0
0.189		0.430187		0
0.19		0.431742		0
0.191		0.433273		0
0.192		0.43478		0
0.193		0.436262		0
0.194		0.437721		0
0.195		0.439155		0
0.196		0.440566		0
0.197		0.441952		0
0.198		0.443315		0
0.199		0.444654		0
0.2		0.44597		0
0.201		0.447261		0
0.202		0.44853		0
0.203		0.449775		0
0.204		0.450997		0
0.205		0.452195		0
0.206		0.453371		0
0.207		0.454524		0
0.208		0.455654		0
0.209		0.456761		0
0.21		0.457846		0
0.211		0.458908		0
0.212		0.459949		0
0.213		0.460967		0
0.214		0.461963		0
0.215		0.462938		0
0.216		0.463891		0
0.217		0.464823		0
0.218		0.465733		0
0.219		0.466623		0
0.22		0.467491		0
0.221		0.468338		0
0.222		0.469165		0
0.223		0.469972		0
0.224		0.470758		0
0.225		0.471525		0
0.226		0.472271		0
0.227		0.472998		0
0.228		0.473705		0
0.229		0.474393		0
0.23		0.475061		0
0.231		0.475711		0
0.232		0.476342		0
0.233		0.476954		0
0.234		0.477548		0
0.235		0.478124		0
0.236		0.478682		0
0.237		0.479221		0
0.238		0.479743		0
0.239		0.480248		0
0.24		0.480735		0
0.241		0.481206		0
0.242		0.481659		0
0.243		0.482096		0
0.244		0.482516		0
0.245		0.482919		0
0.246		0.483307		0
0.247		0.483678		0
0.248		0.484034		0
0.249		0.484374		0
0.25		0.484699		0
0.251		0.485008		0
0.252		0.485303		0
0.253		0.485582		0
0.254		0.485847		0
0.255		0.486097		0
0.256		0.486333		0
0.257		0.486555		0
0.258		0.486762		0
0.259		0.486956		0
0.26		0.487137		0
0.261		0.487303		0
0.262		0.487457		0
0.263		0.487597		0
0.264		0.487724		0
0.265		0.487839		0
0.266		0.487941		0
0.267		0.48803		0
0.268		0.488107		0
0.269		0.488172		0
0.27		0.488225		0
0.271		0.488266		0
0.272		0.488295		0
0.273		0.488313		0
0.274		0.488319		0
0.275		0.488315		0
0.276		0.488299		0
0.277		0.488272		0
0.278		0.488234		0
0.279		0.488186		0
0.28		0.488128		0
0.281		0.488059		0
0.282		0.487979		0
0.283		0.48789		0
0.284		0.487791		0
0.285		0.487682		0
0.286		0.487563		0
0.287		0.487435		0
0.288		0.487298		0
0.289		0.487151		0
0.29		0.486995		0
0.291		0.48683		0
0.292		0.486656		0
0.293		0.486474		0
0.294		0.486282		0
0.295		0.486083		0
0.296		0.485875		0
0.297		0.485658		0
0.298		0.485434		0
0.299		0.485202		0
0.3		0.484961		0
0.301		0.484713		0
0.302		0.484457		0
0.303		0.484194		0
0.304		0.483923		0
0.305		0.483645		0
0.306		0.483359		0
0.307		0.483067		0
0.308		0.482767		0
0.309		0.48246		0
0.31		0.482147		0
0.311		0.481827		0
0.312		0.4815		0
0.313		0.481167		0
0.314		0.480827		0
0.315		0.480481		0
0.316		0.480128		0
0.317		0.47977		0
0.318		0.479405		0
0.319		0.479034		0
0.32		0.478658		0
0.321		0.478276		0
0.322		0.477888		0
0.323		0.477494		0
0.324		0.477095		0
0.325		0.47669		0
0.326		0.47628		0
0.327		0.475865		0
0.328		0.475444		0
0.329		0.475018		0
0.33		0.474588		0
0.331		0.474152		0
0.332		0.473711		0
0.333		0.473266		0
0.334		0.472816		0
0.335		0.472361		0
0.336		0.471901		0
0.337		0.471437		0
0.338		0.470969		0
0.339		0.470496		0
0.34		0.470019		0
0.341		0.469537		0
0.342		0.469052		0
0.343		0.468562		0
0.344		0.468068		0
0.345		0.46757		0
0.346		0.467068		0
0.347		0.466563		0
0.348		0.466053		0
0.349		0.46554		0
0.35		0.465023		0
0.351		0.464503		0
0.352		0.463979		0
0.353		0.463451		0
0.354		0.46292		0
0.355		0.462386		0
0.356		0.461848		0
0.357		0.461307		0
0.358		0.460763		0
0.359		0.460216		0
0.36		0.459665		0
0.361		0.459112		0
0.362		0.458555		0
0.363		0.457996		0
0.364		0.457433		0
0.365		0.456868		0
0.366		0.4563		0
0.367		0.455729		0
0.368		0.455156		0
0.369		0.454579		0
0.37		0.454001		0
0.371		0.453419		0
0.372		0.452835		0
0.373		0.452249		0
0.374		0.45166		0
0.375		0.451069		0
0.376		0.450476		0
0.377		0.44988		0
0.378		0.449282		0
0.379		0.448682		0
0.38		0.448079		0
0.381		0.447475		0
0.382		0.446868		0
0.383		0.446259		0
0.384		0.445649		0
0.385		0.445036		0
0.386		0.444421		0
0.387		0.443805		0
0.388		0.443187		0
0.389		0.442566		0
0.39		0.441945		0
0.391		0.441321		0
0.392		0.440696		0
0.393		0.440069		0
0.394		0.43944		0
0.395		0.43881		0
0.396		0.438178		0
0.397		0.437545		0
0.398		0.43691		0
0.399		0.436274		0
0.4		0.435636		0
0.401		0.434997		0
0.402		0.434356		0
0.403		0.433715		0
0.404		0.433072		0
0.405		0.432427		0
0.406		0.431782		0
0.407		0.431135		0
0.408		0.430487		0
0.409		0.429838		0
0.41		0.429188		0
0.411		0.428537		0
0.412		0.427884		0
0.413		0.427231		0
0.414		0.426577		0
0.415		0.425921		0
0.416		0.425265		0
0.417		0.424608		0
0.418		0.42395		0
0.419		0.423291		0
0.42		0.422631		0
0.421		0.421971		0
0.422		0.421309		0
0.423		0.420647		0
0.424		0.419985		0
0.425		0.419321		0
0.426		0.418657		0
0.427		0.417992		0
0.428		0.417326		0
0.429		0.41666		0
0.43		0.415994		0
0.431		0.415326		0
0.432		0.414659		0
0.433		0.41399		0
0.434		0.413321		0
0.435		0.412652		0
0.436		0.411982		0
0.437		0.411312		0
0.438		0.410642		0
0.439		0.409971		0
0.44		0.409299		0
0.441		0.408627		0
0.442		0.407955		0
0.443		0.407283		0
0.444		0.40661		0
0.445		0.405938		0
0.446		0.405264		0
0.447		0.404591		0
0.448		0.403918		0
0.449		0.403244		0
0.45		0.40257		0
0.451		0.401896		0
0.452		0.401222		0
0.453		0.400547		0
0.454		0.399873		0
0.455		0.399198		0
0.456		0.398524		0
0.457		0.397849		0
0.458		0.397174		0
0.459		0.3965		0
0.46		0.395825		0
0.461		0.39515		0
0.462		0.394476		0
0.463		0.393801		0
0.464		0.393127		0
0.465		0.392452		0
0.466		0.391778		0
0.467		0.391104		0
0.468		0.39043		0
0.469		0.389756		0
0.47		0.389082		0
0.471		0.388408		0
0.472		0.387735		0
0.473		0.387062		0
0.474		0.386389		0
0.475		0.385716		0
0.476		0.385043		0
0.477		0.384371		0
0.478		0.383699		0
0.479		0.383027		0
0.48		0.382356		0
0.481		0.381685		0
0.482		0.381014		0
0.483		0.380343		0
0.484		0.379673		0
0.485		0.379003		0
0.486		0.378334		0
0.487		0.377665		0
0.488		0.376996		0
0.489		0.376328		0
0.49		0.37566		0
0.491		0.374993		0
0.492		0.374326		0
0.493		0.373659		0
0.494		0.372993		0
0.495		0.372328		0
0.496		0.371662		0
0.497		0.370998		0
0.498		0.370334		0
0.499		0.36967		0
0.5		0.369007		0
0.501		0.368344		0
0.502		0.367682		0
0.503		0.367021		0
0.504		0.36636		0
0.505		0.3657		0
0.506		0.36504		0
0.507		0.364381		0
0.508		0.363722		0
0.509		0.363064		0
0.51		0.362407		0
0.511		0.36175		0
0.512		0.361094		0
0.513		0.360439		0
0.514		0.359784		0
0.515		0.35913		0
0.516		0.358476		0
0.517		0.357824		0
0.518		0.357171		0
0.519		0.35652		0
0.52		0.355869		0
0.521		0.355219		0
0.522		0.35457		0
0.523		0.353921		0
0.524		0.353273		0
0.525		0.352626		0
0.526		0.35198		0
0.527		0.351334		0
0.528		0.350689		0
0.529		0.350045		0
0.53		0.349402		0
0.531		0.348759		0
0.532		0.348117		0
0.533		0.347476		0
0.534		0.346836		0
0.535		0.346196		0
0.536		0.345558		0
0.537		0.34492		0
0.538		0.344283		0
0.539		0.343647		0
0.54		0.343011		0
0.541		0.342377		0
0.542		0.341743		0
0.543		0.34111		0
0.544		0.340478		0
0.545		0.339847		0
0.546		0.339217		0
0.547		0.338587		0
0.548		0.337959		0
0.549		0.337331		0
0.55		0.336704		0
0.551		0.336078		0
0.552		0.335453		0
0.553		0.334829		0
0.554		0.334206		0
0.555		0.333583		0
0.556		0.332962		0
0.557		0.332341		0
0.558		0.331722		0
0.559		0.331103		0
0.56		0.330485		0
0.561		0.329868		0
0.562		0.329252		0
0.563		0.328637		0
0.564		0.328023		0
0.565		0.32741		0
0.566		0.326798		0
0.567		0.326186		0
0.568		0.325576		0
0.569		0.324967		0
0.57		0.324358		0
0.571		0.323751		0
0.572		0.323145		0
0.573		0.322539		0
0.574		0.321934		0
0.575		0.321331		0
0.576		0.320728		0
0.577		0.320127		0
0.578		0.319526		0
0.579		0.318927		0
0.58		0.318328		0
0.581		0.31773		0
0.582		0.317134		0
0.583		0.316538		0
0.584		0.315943		0
0.585		0.31535		0
0.586		0.314757		0
0.587		0.314165		0
0.588		0.313575		0
0.589		0.312985		0
0.59		0.312396		0
0.591		0.311809		0
0.592		0.311222		0
0.593		0.310636		0
0.594		0.310052		0
0.595		0.309468		0
0.596		0.308886		0
0.597		0.308304		0
0.598		0.307724		0
0.599		0.307144		0
0.6		0.306566		0
0.601		0.305989		0
0.602		0.305412		0
0.603		0.304837		0
0.604		0.304263		0
0.605		0.303689		0
0.606		0.303117		0
0.607		0.302546		0
0.608		0.301976		0
0.609		0.301407		0
0.61		0.300839		0
0.611		0.300272		0
0.612		0.299706		0
0.613		0.299141		0
0.614		0.298577		0
0.615		0.298014		0
0.616		0.297452		0
0.617		0.296891		0
0.618		0.296332		0
0.619		0.295773		0
0.62		0.295216		0
0.621		0.294659		0
0.622		0.294104		0
0.623		0.293549		0
0.624		0.292996		0
0.625		0.292444		0
0.626		0.291892		0
0.627		0.291342		0
0.628		0.290793		0
0.629		0.290245		0
0.63		0.289698		0
0.631		0.289152		0
0.632		0.288607		0
0.633		0.288063		0
0.634		0.28752		0
0.635		0.286979		0
0.636		0.286438		0
0.637		0.285898		0
0.638		0.28536		0
0.639		0.284822		0
0.64		0.284286		0
0.641		0.28375		0
0.642		0.283216		0
0.643		0.282683		0
0.644		0.282151		0
0.645		0.28162		0
0.646		0.281089		0
0.647		0.28056		0
0.648		0.280032		0
0.649		0.279506		0
0.65		0.27898		0
0.651		0.278455		0
0.652		0.277931		0
0.653		0.277409		0
0.654		0.276887		0
0.655		0.276366		0
0.656		0.275847		0
0.657		0.275328		0
0.658		0.274811		0
0.659		0.274295		0
0.66		0.273779		0
0.661		0.273265		0
0.662		0.272752		0
0.663		0.27224		0
0.664		0.271729		0
0.665		0.271219		0
0.666		0.27071		0
0.667		0.270202		0
0.668		0.269695		0
0.669		0.269189		0
0.67		0.268684		0
0.671		0.268181		0
0.672		0.267678		0
0.673		0.267176		0
0.674		0.266676		0
0.675		0.266176		0
0.676		0.265678		0
0.677		0.26518		0
0.678		0.264684		0
0.679		0.264189		0
0.68		0.263694		0
0.681		0.263201		0
0.682		0.262709		0
0.683		0.262218		0
0.684		0.261727		0
0.685		0.261238		0
0.686		0.26075		0
0.687		0.260263		0
0.688		0.259777		0
0.689		0.259292		0
0.69		0.258808		0
0.691		0.258325		0
0.692		0.257843		0
0.693		0.257363		0
0.694		0.256883		0
0.695		0.256404		0
0.696		0.255926		0
0.697		0.255449		0
0.698		0.254974		0
0.699		0.254499		0
0.7		0.254025		0
0.701		0.253552		0
0.702		0.253081		0
0.703		0.25261		0
0.704		0.25214		0
0.705		0.251672		0
0.706		0.251204		0
0.707		0.250738		0
0.708		0.250272		0
0.709		0.249807		0
0.71		0.249344		0
0.711		0.248881		0
0.712		0.24842		0
0.713		0.247959		0
0.714		0.2475		0
0.715		0.247041		0
0.716		0.246583		0
0.717		0.246127		0
0.718		0.245671		0
0.719		0.245217		0
0.72		0.244763		0
0.721		0.24431		0
0.722		0.243859		0
0.723		0.243408		0
0.724		0.242959		0
0.725		0.24251		0
0.726		0.242062		0
0.727		0.241616		0
0.728		0.24117		0
0.729		0.240725		0
0.73		0.240282		0
0.731		0.239839		0
0.732		0.239397		0
0.733		0.238956		0
0.734		0.238516		0
0.735		0.238078		0
0.736		0.23764		0
0.737		0.237203		0
0.738		0.236767		0
0.739		0.236332		0
0.74		0.235898		0
0.741		0.235465		0
0.742		0.235033		0
0.743		0.234601		0
0.744		0.234171		0
0.745		0.233742		0
0.746		0.233314		0
0.747		0.232886		0
0.748		0.23246		0
0.749		0.232034		0
0.75		0.23161		0
0.751		0.231186		0
0.752		0.230764		0
0.753		0.230342		0
0.754		0.229921		0
0.755		0.229502		0
0.756		0.229083		0
0.757		0.228665		0
0.758		0.228248		0
0.759		0.227832		0
0.76		0.227417		0
0.761		0.227003		0
0.762		0.226589		0
0.763		0.226177		0
0.764		0.225766		0
0.765		0.225355		0
0.766		0.224946		0
0.767		0.224537		0
0.768		0.224129		0
0.769		0.223722		0
0.77		0.223316		0
0.771		0.222911		0
0.772		0.222507		0
0.773		0.222104		0
0.774		0.221702		0
0.775		0.2213		0
0.776		0.2209		0
0.777		0.2205		0
0.778		0.220102		0
0.779		0.219704		0
0.78		0.219307		0
0.781		0.218911		0
0.782		0.218516		0
0.783		0.218122		0
0.784		0.217728		0
0.785		0.217336		0
0.786		0.216945		0
0.787		0.216554		0
0.788		0.216164		0
0.789		0.215775		0
0.79		0.215387		0
0.791		0.215		0
0.792		0.214614		0
0.793		0.214228		0
0.794		0.213844		0
0.795		0.21346		0
0.796		0.213077		0
0.797		0.212695		0
0.798		0.212314		0
0.799		0.211934		0
0.8		0.211555		0
0.801		0.211176		0
0.802		0.210799		0
0.803		0.210422		0
0.804		0.210046		0
0.805		0.209671		0
0.806		0.209297		0
0.807		0.208923		0
0.808		0.208551		0
0.809		0.208179		0
0.81		0.207808		0
0.811		0.207438		0
0.812		0.207069		0
0.813		0.206701		0
0.814		0.206333		0
0.815		0.205966		0
0.816		0.205601		0
0.817		0.205236		0
0.818		0.204871		0
0.819		0.204508		0
0.82		0.204145		0
0.821		0.203784		0
0.822		0.203423		0
0.823		0.203063		0
0.824		0.202704		0
0.825		0.202345		0
0.826		0.201987		0
0.827		0.201631		0
0.828		0.201275		0
0.829		0.200919		0
0.83		0.200565		0
0.831		0.200211		0
0.832		0.199859		0
0.833		0.199507		0
0.834		0.199155		0
0.835		0.198805		0
0.836		0.198455		0
0.837		0.198107		0
0.838		0.197759		0
0.839		0.197411		0
0.84		0.197065		0
0.841		0.196719		0
0.842		0.196374		0
0.843		0.19603		0
0.844		0.195687		0
0.845		0.195344		0
0.846		0.195003		0
0.847		0.194662		0
0.848		0.194321		0
0.849		0.193982		0
0.85		0.193643		0
0.851		0.193305		0
0.852		0.192968		0
0.853		0.192632		0
0.854		0.192296		0
0.855		0.191961		0
0.856		0.191627		0
0.857		0.191294		0
0.858		0.190961		0
0.859		0.19063		0
0.86		0.190298		0
0.861		0.189968		0
0.862		0.189639		0
0.863		0.18931		0
0.864		0.188982		0
0.865		0.188654		0
0.866		0.188328		0
0.867		0.188002		0
0.868		0.187677		0
0.869		0.187352		0
0.87		0.187029		0
0.871		0.186706		0
0.872		0.186384		0
0.873		0.186062		0
0.874		0.185741		0
0.875		0.185421		0
0.876		0.185102		0
0.877		0.184784		0
0.878		0.184466		0
0.879		0.184149		0
0.88		0.183832		0
0.881		0.183517		0
0.882		0.183202		0
0.883		0.182887		0
0.884		0.182574		0
0.885		0.182261		0
0.886		0.181949		0
0.887		0.181637		0
0.888		0.181327		0
0.889		0.181017		0
0.89		0.180707		0
0.891		0.180399		0
0.892		0.180091		0
0.893		0.179783		0
0.894		0.179477		0
0.895		0.179171		0
0.896		0.178866		0
0.897		0.178561		0
0.898		0.178258		0
0.899		0.177955		0
0.9		0.177652		0
0.901		0.17735		0
0.902		0.177049		0
0.903		0.176749		0
0.904		0.176449		0
0.905		0.17615		0
0.906		0.175852		0
0.907		0.175554		0
0.908		0.175257		0
0.909		0.174961		0
0.91		0.174665		0
0.911		0.17437		0
0.912		0.174076		0
0.913		0.173782		0
0.914		0.173489		0
0.915		0.173197		0
0.916		0.172905		0
0.917		0.172614		0
0.918		0.172324		0
0.919		0.172034		0
0.92		0.171745		0
0.921		0.171456		0
0.922		0.171168		0
0.923		0.170881		0
0.924		0.170595		0
0.925		0.170309		0
0.926		0.170024		0
0.927		0.169739		0
0.928		0.169455		0
0.929		0.169172		0
0.93		0.168889		0
0.931		0.168607		0
0.932		0.168326		0
0.933		0.168045		0
0.934		0.167765		0
0.935		0.167485		0
0.936		0.167206		0
0.937		0.166928		0
0.938		0.16665		0
0.939		0.166373		0
0.94		0.166097		0
0.941		0.165821		0
0.942		0.165546		0
0.943		0.165271		0
0.944		0.164997		0
0.945		0.164724		0
0.946		0.164451		0
0.947		0.164179		0
0.948		0.163908		0
0.949		0.163637		0
0.95		0.163366		0
0.951		0.163097		0
0.952		0.162828		0
0.953		0.162559		0
0.954		0.162291		0
0.955		0.162024		0
0.956		0.161757		0
0.957		0.161491		0
0.958		0.161226		0
0.959		0.160961		0
0.96		0.160696		0
0.961		0.160432		0
0.962		0.160169		0
0.963		0.159907		0
0.964		0.159645		0
0.965		0.159383		0
0.966		0.159122		0
0.967		0.158862		0
0.968		0.158602		0
0.969		0.158343		0
0.97		0.158085		0
0.971		0.157827		0
0.972		0.157569		0
0.973		0.157312		0
0.974		0.157056		0
0.975		0.1568		0
0.976		0.156545		0
0.977		0.156291		0
0.978		0.156037		0
0.979		0.155783		0
0.98		0.15553		0
0.981		0.155278		0
0.982		0.155026		0
0.983		0.154775		0
0.984		0.154524		0
0.985		0.154274		0
0.986		0.154025		0
0.987		0.153776		0
0.988		0.153527		0
0.989		0.153279		0
0.99		0.153032		0
0.991		0.152785		0
0.992		0.152539		0
0.993		0.152293		0
0.994		0.152048		0
0.995		0.151803		0
0.996		0.151559		0
0.997		0.151315		0
0.998		0.151072		0
0.999		0.15083		0
1		0.150588		0
1.001		0.150346		0
1.002		0.150105		0
1.003		0.149865		0
1.004		0.149625		0
1.005		0.149386		0
1.006		0.149147		0
1.007		0.148909		0
1.008		0.148671		0
1.009		0.148434		0
1.01		0.148197		0
1.011		0.147961		0
1.012		0.147725		0
1.013		0.14749		0
1.014		0.147255		0
1.015		0.147021		0
1.016		0.146787		0
1.017		0.146554		0
1.018		0.146321		0
1.019		0.146089		0
1.02		0.145858		0
1.021		0.145626		0
1.022		0.145396		0
1.023		0.145166		0
1.024		0.144936		0
1.025		0.144707		0
1.026		0.144478		0
1.027		0.14425		0
1.028		0.144023		0
1.029		0.143795		0
1.03		0.143569		0
1.031		0.143343		0
1.032		0.143117		0
1.033		0.142892		0
1.034		0.142667		0
1.035		0.142443		0
1.036		0.142219		0
1.037		0.141996		0
1.038		0.141773		0
1.039		0.141551		0
1.04		0.141329		0
1.041		0.141108		0
1.042		0.140887		0
1.043		0.140667		0
1.044		0.140447		0
1.045		0.140227		0
1.046		0.140008		0
1.047		0.13979		0
1.048		0.139572		0
1.049		0.139354		0
1.05		0.139137		0
1.051		0.138921		0
1.052		0.138705		0
1.053		0.138489		0
1.054		0.138274		0
1.055		0.138059		0
1.056		0.137845		0
1.057		0.137631		0
1.058		0.137418		0
1.059		0.137205		0
1.06		0.136992		0
1.061		0.13678		0
1.062		0.136569		0
1.063		0.136358		0
1.064		0.136147		0
1.065		0.135937		0
1.066		0.135727		0
1.067		0.135518		0
1.068		0.135309		0
1.069		0.135101		0
1.07		0.134893		0
1.071		0.134685		0
1.072		0.134478		0
1.073		0.134271		0
1.074		0.134065		0
1.075		0.13386		0
1.076		0.133654		0
1.077		0.133449		0
1.078		0.133245		0
1.079		0.133041		0
1.08		0.132837		0
1.081		0.132634		0
1.082		0.132432		0
1.083		0.132229		0
1.084		0.132028		0
1.085		0.131826		0
1.086		0.131625		0
1.087		0.131425		0
1.088		0.131225		0
1.089		0.131025		0
1.09		0.130826		0
1.091		0.130627		0
1.092		0.130428		0
1.093		0.13023		0
1.094		0.130033		0
1.095		0.129836		0
1.096		0.129639		0
1.097		0.129442		0
1.098		0.129246		0
1.099		0.129051		0
1.1		0.128856		0
1.101		0.128661		0
1.102		0.128467		0
1.103		0.128273		0
1.104		0.12808		0
1.105		0.127886		0
1.106		0.127694		0
1.107		0.127502		0
1.108		0.12731		0
1.109		0.127118		0
1.11		0.126927		0
1.111		0.126737		0
1.112		0.126546		0
1.113		0.126357		0
1.114		0.126167		0
1.115		0.125978		0
1.116		0.125789		0
1.117		0.125601		0
1.118		0.125413		0
1.119		0.125226		0
1.12		0.125039		0
1.121		0.124852		0
1.122		0.124666		0
1.123		0.12448		0
1.124		0.124294		0
1.125		0.124109		0
1.126		0.123924		0
1.127		0.12374		0
1.128		0.123556		0
1.129		0.123373		0
1.13		0.123189		0
1.131		0.123006		0
1.132		0.122824		0
1.133		0.122642		0
1.134		0.12246		0
1.135		0.122279		0
1.136		0.122098		0
1.137		0.121917		0
1.138		0.121737		0
1.139		0.121557		0
1.14		0.121378		0
1.141		0.121199		0
1.142		0.12102		0
1.143		0.120842		0
1.144		0.120664		0
1.145		0.120486		0
1.146		0.120309		0
1.147		0.120132		0
1.148		0.119956		0
1.149		0.11978		0
1.15		0.119604		0
1.151		0.119428		0
1.152		0.119253		0
1.153		0.119079		0
1.154		0.118904		0
1.155		0.11873		0
1.156		0.118557		0
1.157		0.118383		0
1.158		0.118211		0
1.159		0.118038		0
1.16		0.117866		0
1.161		0.117694		0
1.162		0.117522		0
1.163		0.117351		0
1.164		0.117181		0
1.165		0.11701		0
1.166		0.11684		0
1.167		0.11667		0
1.168		0.116501		0
1.169		0.116332		0
1.17		0.116163		0
1.171		0.115995		0
1.172		0.115827		0
1.173		0.115659		0
1.174		0.115492		0
1.175		0.115325		0
1.176		0.115158		0
1.177		0.114992		0
1.178		0.114826		0
1.179		0.11466		0
1.18		0.114495		0
1.181		0.11433		0
1.182		0.114165		0
1.183		0.114001		0
1.184		0.113837		0
1.185		0.113674		0
1.186		0.11351		0
1.187		0.113347		0
1.188		0.113185		0
1.189		0.113022		0
1.19		0.11286		0
1.191		0.112699		0
1.192		0.112537		0
1.193		0.112376		0
1.194		0.112216		0
1.195		0.112055		0
1.196		0.111895		0
1.197		0.111736		0
1.198		0.111576		0
1.199		0.111417		0
1.2		0.111259		0
1.201		0.1111		0
1.202		0.110942		0
1.203		0.110784		0
1.204		0.110627		0
1.205		0.11047		0
1.206		0.110313		0
1.207		0.110156		0
1.208		0.11		0
1.209		0.109844		0
1.21		0.109689		0
1.211		0.109533		0
1.212		0.109378		0
1.213		0.109224		0
1.214		0.109069		0
1.215		0.108915		0
1.216		0.108762		0
1.217		0.108608		0
1.218		0.108455		0
1.219		0.108302		0
1.22		0.10815		0
1.221		0.107998		0
1.222		0.107846		0
1.223		0.107694		0
1.224		0.107543		0
1.225		0.107392		0
1.226		0.107241		0
1.227		0.107091		0
1.228		0.106941		0
1.229		0.106791		0
1.23		0.106642		0
1.231		0.106492		0
1.232		0.106344		0
1.233		0.106195		0
1.234		0.106047		0
1.235		0.105899		0
1.236		0.105751		0
1.237		0.105604		0
1.238		0.105456		0
1.239		0.10531		0
1.24		0.105163		0
1.241		0.105017		0
1.242		0.104871		0
1.243		0.104725		0
1.244		0.10458		0
1.245		0.104435		0
1.246		0.10429		0
1.247		0.104145		0
1.248		0.104001		0
1.249		0.103857		0
1.25		0.103713		0
1.251		0.10357		0
1.252		0.103427		0
1.253		0.103284		0
1.254		0.103141		0
1.255		0.102999		0
1.256		0.102857		0
1.257		0.102715		0
1.258		0.102574		0
1.259		0.102433		0
1.26		0.102292		0
1.261		0.102151		0
1.262		0.102011		0
1.263		0.101871		0
1.264		0.101731		0
1.265		0.101592		0
1.266		0.101452		0
1.267		0.101313		0
1.268		0.101175		0
1.269		0.101036		0
1.27		0.100898		0
1.271		0.10076		0
1.272		0.100623		0
1.273		0.100485		0
1.274		0.100348		0
1.275		0.100211		0
1.276		0.100075		0
1.277		0.0999385		0
1.278		0.0998025		0
1.279		0.0996667		0
1.28		0.0995312		0
1.281		0.099396		0
1.282		0.099261		0
1.283		0.0991263		0
1.284		0.0989918		0
1.285		0.0988576		0
1.286		0.0987237		0
1.287		0.09859		0
1.288		0.0984566		0
1.289		0.0983234		0
1.29		0.0981905		0
1.291		0.0980579		0
1.292		0.0979255		0
1.293		0.0977933		0
1.294		0.0976614		0
1.295		0.0975298		0
1.296		0.0973984		0
1.297		0.0972673		0
1.298		0.0971364		0
1.299		0.0970058		0
1.3		0.0968754		0
1.301		0.0967453		0
1.302		0.0966155		0
1.303		0.0964858		0
1.304		0.0963565		0
1.305		0.0962273		0
1.306		0.0960984		0
1.307		0.0959698		0
1.308		0.0958414		0
1.309		0.0957133		0
1.31		0.0955854		0
1.311		0.0954577		0
1.312		0.0953303		0
1.313		0.0952032		0
1.314		0.0950762		0
1.315		0.0949496		0
1.316		0.0948231		0
1.317		0.0946969		0
1.318		0.094571		0
1.319		0.0944452		0
1.32		0.0943198		0
1.321		0.0941945		0
1.322		0.0940695		0
1.323		0.0939447		0
1.324		0.0938202		0
1.325		0.0936959		0
1.326		0.0935719		0
1.327		0.093448		0
1.328		0.0933244		0
1.329		0.0932011		0
1.33		0.093078		0
1.331		0.0929551		0
1.332		0.0928324		0
1.333		0.09271		0
1.334		0.0925878		0
1.335		0.0924658		0
1.336		0.0923441		0
1.337		0.0922226		0
1.338		0.0921013		0
1.339		0.0919803		0
1.34		0.0918595		0
1.341		0.0917389		0
1.342		0.0916185		0
1.343		0.0914984		0
1.344		0.0913785		0
1.345		0.0912588		0
1.346		0.0911393		0
1.347		0.0910201		0
1.348		0.090901		0
1.349		0.0907823		0
1.35		0.0906637		0
1.351		0.0905453		0
1.352		0.0904272		0
1.353		0.0903093		0
1.354		0.0901916		0
1.355		0.0900742		0
1.356		0.0899569		0
1.357		0.0898399		0
1.358		0.0897231		0
1.359		0.0896065		0
1.36		0.0894901		0
1.361		0.089374		0
1.362		0.089258		0
1.363		0.0891423		0
1.364		0.0890268		0
1.365		0.0889115		0
1.366		0.0887964		0
1.367		0.0886815		0
1.368		0.0885669		0
1.369		0.0884524		0
1.37		0.0883382		0
1.371		0.0882242		0
1.372		0.0881104		0
1.373		0.0879968		0
1.374		0.0878834		0
1.375		0.0877702		0
1.376		0.0876573		0
1.377		0.0875445		0
1.378		0.087432		0
1.379		0.0873196		0
1.38		0.0872075		0
1.381		0.0870956		0
1.382		0.0869839		0
1.383		0.0868723		0
1.384		0.086761		0
1.385		0.0866499		0
1.386		0.086539		0
1.387		0.0864283		0
1.388		0.0863178		0
1.389		0.0862076		0
1.39		0.0860975		0
1.391		0.0859876		0
1.392		0.0858779		0
1.393		0.0857684		0
1.394		0.0856591		0
1.395		0.0855501		0
1.396		0.0854412		0
1.397		0.0853325		0
1.398		0.085224		0
1.399		0.0851157		0
1.4		0.0850077		0
1.401		0.0848998		0
1.402		0.0847921		0
1.403		0.0846846		0
1.404		0.0845773		0
1.405		0.0844702		0
1.406		0.0843633		0
1.407		0.0842566		0
1.408		0.08415		0
1.409		0.0840437		0
1.41		0.0839376		0
1.411		0.0838316		0
1.412		0.0837259		0
1.413		0.0836203		0
1.414		0.083515		0
1.415		0.0834098		0
1.416		0.0833048		0
1.417		0.0832		0
1.418		0.0830954		0
1.419		0.082991		0
1.42		0.0828868		0
1.421		0.0827828		0
1.422		0.0826789		0
1.423		0.0825753		0
1.424		0.0824718		0
1.425		0.0823685		0
1.426		0.0822654		0
1.427		0.0821625		0
1.428		0.0820598		0
1.429		0.0819572		0
1.43		0.0818549		0
1.431		0.0817527		0
1.432		0.0816507		0
1.433		0.0815489		0
1.434		0.0814473		0
1.435		0.0813459		0
1.436		0.0812446		0
1.437		0.0811435		0
1.438		0.0810426		0
1.439		0.0809419		0
1.44		0.0808414		0
1.441		0.080741		0
1.442		0.0806409		0
1.443		0.0805409		0
1.444		0.080441		0
1.445		0.0803414		0
1.446		0.080242		0
1.447		0.0801427		0
1.448		0.0800436		0
1.449		0.0799446		0
1.45		0.0798459		0
1.451		0.0797473		0
1.452		0.0796489		0
1.453		0.0795507		0
1.454		0.0794527		0
1.455		0.0793548		0
1.456		0.0792571		0
1.457		0.0791596		0
1.458		0.0790622		0
1.459		0.078965		0
1.46		0.078868		0
1.461		0.0787712		0
1.462		0.0786745		0
1.463		0.078578		0
1.464		0.0784817		0
1.465		0.0783855		0
1.466		0.0782896		0
1.467		0.0781938		0
1.468		0.0780981		0
1.469		0.0780026		0
1.47		0.0779073		0
1.471		0.0778122		0
1.472		0.0777172		0
1.473		0.0776224		0
1.474		0.0775278		0
1.475		0.0774333		0
1.476		0.077339		0
1.477		0.0772449		0
1.478		0.0771509		0
1.479		0.0770571		0
1.48		0.0769635		0
1.481		0.07687		0
1.482		0.0767767		0
1.483		0.0766836		0
1.484		0.0765906		0
1.485		0.0764978		0
1.486		0.0764051		0
1.487		0.0763126		0
1.488		0.0762203		0
1.489		0.0761281		0
1.49		0.0760361		0
1.491		0.0759442		0
1.492		0.0758526		0
1.493		0.075761		0
1.494		0.0756697		0
1.495		0.0755784		0
1.496		0.0754874		0
1.497		0.0753965		0
1.498		0.0753058		0
1.499		0.0752152		0
1.5		0.0751248		0
1.501		0.0750345		0
1.502		0.0749444		0
1.503		0.0748545		0
1.504		0.0747647		0
1.505		0.074675		0
1.506		0.0745856		0
1.507		0.0744962		0
1.508		0.0744071		0
1.509		0.0743181		0
1.51		0.0742292		0
1.511		0.0741405		0
1.512		0.0740519		0
1.513		0.0739635		0
1.514		0.0738753		0
1.515		0.0737872		0
1.516		0.0736992		0
1.517		0.0736115		0
1.518		0.0735238		0
1.519		0.0734363		0
1.52		0.073349		0
1.521		0.0732618		0
1.522		0.0731748		0
1.523		0.0730879		0
1.524		0.0730011		0
1.525		0.0729146		0
1.526		0.0728281		0
1.527		0.0727418		0
1.528		0.0726557		0
1.529		0.0725697		0
1.53		0.0724838		0
1.531		0.0723981		0
1.532		0.0723126		0
1.533		0.0722272		0
1.534		0.0721419		0
1.535		0.0720568		0
1.536		0.0719718		0
1.537		0.071887		0
1.538		0.0718023		0
1.539		0.0717178		0
1.54		0.0716334		0
1.541		0.0715492		0
1.542		0.0714651		0
1.543		0.0713811		0
1.544		0.0712973		0
1.545		0.0712136		0
1.546		0.0711301		0
1.547		0.0710467		0
1.548		0.0709634		0
1.549		0.0708803		0
1.55		0.0707974		0
1.551		0.0707146		0
1.552		0.0706319		0
1.553		0.0705493		0
1.554		0.0704669		0
1.555		0.0703847		0
1.556		0.0703025		0
1.557		0.0702206		0
1.558		0.0701387		0
1.559		0.070057		0
1.56		0.0699754		0
1.561		0.069894		0
1.562		0.0698127		0
1.563		0.0697316		0
1.564		0.0696505		0
1.565		0.0695696		0
1.566		0.0694889		0
1.567		0.0694083		0
1.568		0.0693278		0
1.569		0.0692475		0
1.57		0.0691673		0
1.571		0.0690872		0
1.572		0.0690073		0
1.573		0.0689275		0
1.574		0.0688478		0
1.575		0.0687683		0
1.576		0.0686889		0
1.577		0.0686096		0
1.578		0.0685305		0
1.579		0.0684515		0
1.58		0.0683726		0
1.581		0.0682939		0
1.582		0.0682153		0
1.583		0.0681368		0
1.584		0.0680585		0
1.585		0.0679802		0
1.586		0.0679022		0
1.587		0.0678242		0
1.588		0.0677464		0
1.589		0.0676687		0
1.59		0.0675911		0
1.591		0.0675137		0
1.592		0.0674364		0
1.593		0.0673592		0
1.594		0.0672822		0
1.595		0.0672053		0
1.596		0.0671285		0
1.597		0.0670518		0
1.598		0.0669753		0
1.599		0.0668989		0
1.6		0.0668226		0
1.601		0.0667464		0
1.602		0.0666704		0
1.603		0.0665945		0
1.604		0.0665187		0
1.605		0.0664431		0
1.606		0.0663676		0
1.607		0.0662922		0
1.608		0.0662169		0
1.609		0.0661417		0
1.61		0.0660667		0
1.611		0.0659918		0
1.612		0.065917		0
1.613		0.0658424		0
1.614		0.0657678		0
1.615		0.0656934		0
1.616		0.0656191		0
1.617		0.065545		0
1.618		0.0654709		0
1.619		0.065397		0
1.62		0.0653232		0
1.621		0.0652495		0
1.622		0.0651759		0
1.623		0.0651025		0
1.624		0.0650292		0
1.625		0.064956		0
1.626		0.0648829		0
1.627		0.0648099		0
1.628		0.0647371		0
1.629		0.0646644		0
1.63		0.0645918		0
1.631		0.0645193		0
1.632		0.0644469		0
1.633		0.0643747		0
1.634		0.0643026		0
1.635		0.0642306		0
1.636		0.0641587		0
1.637		0.0640869		0
1.638		0.0640152		0
1.639		0.0639437		0
1.64		0.0638723		0
1.641		0.0638009		0
1.642		0.0637298		0
1.643		0.0636587		0
1.644		0.0635877		0
1.645		0.0635169		0
1.646		0.0634461		0
1.647		0.0633755		0
1.648		0.063305		0
1.649		0.0632346		0
1.65		0.0631643		0
1.651		0.0630942		0
1.652		0.0630241		0
1.653		0.0629542		0
1.654		0.0628844		0
1.655		0.0628147		0
1.656		0.0627451		0
1.657		0.0626756		0
1.658		0.0626062		0
1.659		0.062537		0
1.66		0.0624678		0
1.661		0.0623988		0
1.662		0.0623299		0
1.663		0.062261		0
1.664		0.0621923		0
1.665		0.0621237		0
1.666		0.0620553		0
1.667		0.0619869		0
1.668		0.0619186		0
1.669		0.0618505		0
1.67		0.0617824		0
1.671		0.0617145		0
1.672		0.0616467		0
1.673		0.0615789		0
1.674		0.0615113		0
1.675		0.0614438		0
1.676		0.0613764		0
1.677		0.0613092		0
1.678		0.061242		0
1.679		0.0611749		0
1.68		0.061108		0
1.681		0.0610411		0
1.682		0.0609744		0
1.683		0.0609077		0
1.684		0.0608412		0
1.685		0.0607747		0
1.686		0.0607084		0
1.687		0.0606422		0
1.688		0.0605761		0
1.689		0.0605101		0
1.69		0.0604442		0
1.691		0.0603784		0
1.692		0.0603127		0
1.693		0.0602471		0
1.694		0.0601816		0
1.695		0.0601162		0
1.696		0.0600509		0
1.697		0.0599858		0
1.698		0.0599207		0
1.699		0.0598557		0
1.7		0.0597909		0
1.701		0.0597261		0
1.702		0.0596614		0
1.703		0.0595969		0
1.704		0.0595324		0
1.705		0.0594681		0
1.706		0.0594038		0
1.707		0.0593397		0
1.708		0.0592756		0
1.709		0.0592117		0
1.71		0.0591478		0
1.711		0.0590841		0
1.712		0.0590204		0
1.713		0.0589569		0
1.714		0.0588934		0
1.715		0.0588301		0
1.716		0.0587668		0
1.717		0.0587037		0
1.718		0.0586406		0
1.719		0.0585777		0
1.72		0.0585148		0
1.721		0.0584521		0
1.722		0.0583894		0
1.723		0.0583269		0
1.724		0.0582644		0
1.725		0.058202		0
1.726		0.0581398		0
1.727		0.0580776		0
1.728		0.0580155		0
1.729		0.0579536		0
1.73		0.0578917		0
1.731		0.0578299		0
1.732		0.0577682		0
1.733		0.0577066		0
1.734		0.0576451		0
1.735		0.0575837		0
1.736		0.0575224		0
1.737		0.0574612		0
1.738		0.0574001		0
1.739		0.0573391		0
1.74		0.0572782		0
1.741		0.0572174		0
1.742		0.0571566		0
1.743		0.057096		0
1.744		0.0570355		0
1.745		0.056975		0
1.746		0.0569146		0
1.747		0.0568544		0
1.748		0.0567942		0
1.749		0.0567341		0
1.75		0.0566742		0
1.751		0.0566143		0
1.752		0.0565545		0
1.753		0.0564948		0
1.754		0.0564352		0
1.755		0.0563756		0
1.756		0.0563162		0
1.757		0.0562569		0
1.758		0.0561976		0
1.759		0.0561385		0
1.76		0.0560794		0
1.761		0.0560204		0
1.762		0.0559615		0
1.763		0.0559027		0
1.764		0.055844		0
1.765		0.0557854		0
1.766		0.0557269		0
1.767		0.0556685		0
1.768		0.0556101		0
1.769		0.0555519		0
1.77		0.0554937		0
1.771		0.0554357		0
1.772		0.0553777		0
1.773		0.0553198		0
1.774		0.055262		0
1.775		0.0552042		0
1.776		0.0551466		0
1.777		0.0550891		0
1.778		0.0550316		0
1.779		0.0549742		0
1.78		0.054917		0
1.781		0.0548598		0
1.782		0.0548027		0
1.783		0.0547456		0
1.784		0.0546887		0
1.785		0.0546319		0
1.786		0.0545751		0
1.787		0.0545184		0
1.788		0.0544618		0
1.789		0.0544053		0
1.79		0.0543489		0
1.791		0.0542926		0
1.792		0.0542364		0
1.793		0.0541802		0
1.794		0.0541241		0
1.795		0.0540681		0
1.796		0.0540122		0
1.797		0.0539564		0
1.798		0.0539007		0
1.799		0.053845		0
1.8		0.0537895		0
1.801		0.053734		0
1.802		0.0536786		0
1.803		0.0536233		0
1.804		0.053568		0
1.805		0.0535129		0
1.806		0.0534578		0
1.807		0.0534028		0
1.808		0.0533479		0
1.809		0.0532931		0
1.81		0.0532384		0
1.811		0.0531837		0
1.812		0.0531292		0
1.813		0.0530747		0
1.814		0.0530203		0
1.815		0.052966		0
1.816		0.0529117		0
1.817		0.0528576		0
1.818		0.0528035		0
1.819		0.0527495		0
1.82		0.0526956		0
1.821		0.0526417		0
1.822		0.052588		0
1.823		0.0525343		0
1.824		0.0524807		0
1.825		0.0524272		0
1.826		0.0523737		0
1.827		0.0523204		0
1.828		0.0522671		0
1.829		0.0522139		0
1.83		0.0521608		0
1.831		0.0521078		0
1.832		0.0520548		0
1.833		0.0520019		0
1.834		0.0519491		0
1.835		0.0518964		0
1.836		0.0518438		0
1.837		0.0517912		0
1.838		0.0517387		0
1.839		0.0516863		0
1.84		0.051634		0
1.841		0.0515817		0
1.842		0.0515295		0
1.843		0.0514774		0
1.844		0.0514254		0
1.845		0.0513735		0
1.846		0.0513216		0
1.847		0.0512698		0
1.848		0.0512181		0
1.849		0.0511664		0
1.85		0.0511149		0
1.851		0.0510634		0
1.852		0.051012		0
1.853		0.0509606		0
1.854		0.0509094		0
1.855		0.0508582		0
1.856		0.0508071		0
1.857		0.0507561		0
1.858		0.0507051		0
1.859		0.0506542		0
1.86		0.0506034		0
1.861		0.0505527		0
1.862		0.050502		0
1.863		0.0504514		0
1.864		0.0504009		0
1.865		0.0503505		0
1.866		0.0503001		0
1.867		0.0502499		0
1.868		0.0501996		0
1.869		0.0501495		0
1.87		0.0500994		0
1.871		0.0500494		0
1.872		0.0499995		0
1.873		0.0499497		0
1.874		0.0498999		0
1.875		0.0498502		0
1.876		0.0498006		0
1.877		0.049751		0
1.878		0.0497015		0
1.879		0.0496521		0
1.88		0.0496028		0
1.881		0.0495535		0
1.882		0.0495043		0
1.883		0.0494552		0
1.884		0.0494061		0
1.885		0.0493572		0
1.886		0.0493083		0
1.887		0.0492594		0
1.888		0.0492106		0
1.889		0.0491619		0
1.89		0.0491133		0
1.891		0.0490648		0
1.892		0.0490163		0
1.893		0.0489679		0
1.894		0.0489195		0
1.895		0.0488712		0
1.896		0.048823		0
1.897		0.0487749		0
1.898		0.0487268		0
1.899		0.0486788		0
1.9		0.0486309		0
1.901		0.0485831		0
1.902		0.0485353		0
1.903		0.0484876		0
1.904		0.0484399		0
1.905		0.0483923		0
1.906		0.0483448		0
1.907		0.0482974		0
1.908		0.04825		0
1.909		0.0482027		0
1.91		0.0481554		0
1.911		0.0481083		0
1.912		0.0480612		0
1.913		0.0480141		0
1.914		0.0479672		0
1.915		0.0479203		0
1.916		0.0478734		0
1.917		0.0478267		0
1.918		0.04778		0
1.919		0.0477333		0
1.92		0.0476868		0
1.921		0.0476403		0
1.922		0.0475938		0
1.923		0.0475475		0
1.924		0.0475012		0
1.925		0.0474549		0
1.926		0.0474088		0
1.927		0.0473627		0
1.928		0.0473166		0
1.929		0.0472707		0
1.93		0.0472248		0
1.931		0.0471789		0
1.932		0.0471332		0
1.933		0.0470875		0
1.934		0.0470418		0
1.935		0.0469962		0
1.936		0.0469507		0
1.937		0.0469053		0
1.938		0.0468599		0
1.939		0.0468146		0
1.94		0.0467693		0
1.941		0.0467241		0
1.942		0.046679		0
1.943		0.0466339		0
1.944		0.0465889		0
1.945		0.046544		0
1.946		0.0464991		0
1.947		0.0464543		0
1.948		0.0464096		0
1.949		0.0463649		0
1.95		0.0463203		0
1.951		0.0462757		0
1.952		0.0462312		0
1.953		0.0461868		0
1.954		0.0461425		0
1.955		0.0460981		0
1.956		0.0460539		0
1.957		0.0460097		0
1.958		0.0459656		0
1.959		0.0459216		0
1.96		0.0458776		0
1.961		0.0458336		0
1.962		0.0457898		0
1.963		0.045746		0
1.964		0.0457022		0
1.965		0.0456585		0
1.966		0.0456149		0
1.967		0.0455714		0
1.968		0.0455279		0
1.969		0.0454844		0
1.97		0.0454411		0
1.971		0.0453977		0
1.972		0.0453545		0
1.973		0.0453113		0
1.974		0.0452682		0
1.975		0.0452251		0
1.976		0.0451821		0
1.977		0.0451391		0
1.978		0.0450962		0
1.979		0.0450534		0
1.98		0.0450106		0
1.981		0.0449679		0
1.982		0.0449252		0
1.983		0.0448826		0
1.984		0.0448401		0
1.985		0.0447976		0
1.986		0.0447552		0
1.987		0.0447129		0
1.988		0.0446706		0
1.989		0.0446283		0
1.99		0.0445861		0
1.991		0.044544		0
1.992		0.044502		0
1.993		0.04446		0
1.994		0.044418		0
1.995		0.0443761		0
1.996		0.0443343		0
1.997		0.0442925		0
1.998		0.0442508		0
1.999		0.0442091		0
2		0.0441675		0
2.001		0.044126		0
2.002		0.0440845		0
2.003		0.0440431		0
2.004		0.0440017		0
2.005		0.0439604		0
2.006		0.0439192		0
2.007		0.043878		0
2.008		0.0438368		0
2.009		0.0437957		0
2.01		0.0437547		0
2.011		0.0437137		0
2.012		0.0436728		0
2.013		0.043632		0
2.014		0.0435911		0
2.015		0.0435504		0
2.016		0.0435097		0
2.017		0.0434691		0
2.018		0.0434285		0
2.019		0.043388		0
2.02		0.0433475		0
2.021		0.0433071		0
2.022		0.0432667		0
2.023		0.0432264		0
2.024		0.0431862		0
2.025		0.043146		0
2.026		0.0431059		0
2.027		0.0430658		0
2.028		0.0430258		0
2.029		0.0429858		0
2.03		0.0429459		0
2.031		0.042906		0
2.032		0.0428662		0
2.033		0.0428265		0
2.034		0.0427868		0
2.035		0.0427471		0
2.036		0.0427075		0
2.037		0.042668		0
2.038		0.0426285		0
2.039		0.0425891		0
2.04		0.0425497		0
2.041		0.0425104		0
2.042		0.0424711		0
2.043		0.0424319		0
2.044		0.0423927		0
2.045		0.0423536		0
2.046		0.0423146		0
2.047		0.0422756		0
2.048		0.0422366		0
2.049		0.0421977		0
2.05		0.0421589		0
2.051		0.0421201		0
2.052		0.0420814		0
2.053		0.0420427		0
2.054		0.042004		0
2.055		0.0419655		0
2.056		0.0419269		0
2.057		0.0418885		0
2.058		0.04185		0
2.059		0.0418117		0
2.06		0.0417733		0
2.061		0.0417351		0
2.062		0.0416968		0
2.063		0.0416587		0
2.064		0.0416206		0
2.065		0.0415825		0
2.066		0.0415445		0
2.067		0.0415065		0
2.068		0.0414686		0
2.069		0.0414308		0
2.07		0.041393		0
2.071		0.0413552		0
2.072		0.0413175		0
2.073		0.0412798		0
2.074		0.0412422		0
2.075		0.0412047		0
2.076		0.0411672		0
2.077		0.0411297		0
2.078		0.0410923		0
2.079		0.041055		0
2.08		0.0410177		0
2.081		0.0409804		0
2.082		0.0409432		0
2.083		0.0409061		0
2.084		0.0408689		0
2.085		0.0408319		0
2.086		0.0407949		0
2.087		0.0407579		0
2.088		0.040721		0
2.089		0.0406842		0
2.09		0.0406474		0
2.091		0.0406106		0
2.092		0.0405739		0
2.093		0.0405372		0
2.094		0.0405006		0
2.095		0.0404641		0
2.096		0.0404275		0
2.097		0.0403911		0
2.098		0.0403547		0
2.099		0.0403183		0
2.1		0.040282		0
2.101		0.0402457		0
2.102		0.0402095		0
2.103		0.0401733		0
2.104		0.0401372		0
2.105		0.0401011		0
2.106		0.0400651		0
2.107		0.0400291		0
2.108		0.0399931		0
2.109		0.0399572		0
2.11		0.0399214		0
2.111		0.0398856		0
2.112		0.0398499		0
2.113		0.0398142		0
2.114		0.0397785		0
2.115		0.0397429		0
2.116		0.0397073		0
2.117		0.0396718		0
2.118		0.0396364		0
2.119		0.0396009		0
2.12		0.0395656		0
2.121		0.0395302		0
2.122		0.039495		0
2.123		0.0394597		0
2.124		0.0394245		0
2.125		0.0393894		0
2.126		0.0393543		0
2.127		0.0393193		0
2.128		0.0392843		0
2.129		0.0392493		0
2.13		0.0392144		0
2.131		0.0391795		0
2.132		0.0391447		0
2.133		0.0391099		0
2.134		0.0390752		0
2.135		0.0390405		0
2.136		0.0390059		0
2.137		0.0389713		0
2.138		0.0389368		0
2.139		0.0389023		0
2.14		0.0388678		0
2.141		0.0388334		0
2.142		0.038799		0
2.143		0.0387647		0
2.144		0.0387304		0
2.145		0.0386962		0
2.146		0.038662		0
2.147		0.0386279		0
2.148		0.0385938		0
2.149		0.0385597		0
2.15		0.0385257		0
2.151		0.0384918		0
2.152		0.0384578		0
2.153		0.038424		0
2.154		0.0383901		0
2.155		0.0383563		0
2.156		0.0383226		0
2.157		0.0382889		0
2.158		0.0382552		0
2.159		0.0382216		0
2.16		0.038188		0
2.161		0.0381545		0
2.162		0.038121		0
2.163		0.0380876		0
2.164		0.0380542		0
2.165		0.0380209		0
2.166		0.0379875		0
2.167		0.0379543		0
2.168		0.0379211		0
2.169		0.0378879		0
2.17		0.0378547		0
2.171		0.0378216		0
2.172		0.0377886		0
2.173		0.0377556		0
2.174		0.0377226		0
2.175		0.0376897		0
2.176		0.0376568		0
2.177		0.037624		0
2.178		0.0375912		0
2.179		0.0375584		0
2.18		0.0375257		0
2.181		0.037493		0
2.182		0.0374604		0
2.183		0.0374278		0
2.184		0.0373953		0
2.185		0.0373628		0
2.186		0.0373303		0
2.187		0.0372979		0
2.188		0.0372655		0
2.189		0.0372332		0
2.19		0.0372009		0
2.191		0.0371686		0
2.192		0.0371364		0
2.193		0.0371042		0
2.194		0.0370721		0
2.195		0.03704		0
2.196		0.037008		0
2.197		0.0369759		0
2.198		0.036944		0
2.199		0.0369121		0
2.2		0.0368802		0
2.201		0.0368483		0
2.202		0.0368165		0
2.203		0.0367848		0
2.204		0.036753		0
2.205		0.0367213		0
2.206		0.0366897		0
2.207		0.0366581		0
2.208		0.0366265		0
2.209		0.036595		0
2.21		0.0365635		0
2.211		0.0365321		0
2.212		0.0365007		0
2.213		0.0364693		0
2.214		0.036438		0
2.215		0.0364067		0
2.216		0.0363755		0
2.217		0.0363443		0
2.218		0.0363131		0
2.219		0.036282		0
2.22		0.0362509		0
2.221		0.0362199		0
2.222		0.0361888		0
2.223		0.0361579		0
2.224		0.036127		0
2.225		0.0360961		0
2.226		0.0360652		0
2.227		0.0360344		0
2.228		0.0360036		0
2.229		0.0359729		0
2.23		0.0359422		0
2.231		0.0359115		0
2.232		0.0358809		0
2.233		0.0358503		0
2.234		0.0358198		0
2.235		0.0357893		0
2.236		0.0357588		0
2.237		0.0357284		0
2.238		0.035698		0
2.239		0.0356677		0
2.24		0.0356374		0
2.241		0.0356071		0
2.242		0.0355769		0
2.243		0.0355467		0
2.244		0.0355165		0
2.245		0.0354864		0
2.246		0.0354563		0
2.247		0.0354263		0
2.248		0.0353962		0
2.249		0.0353663		0
2.25		0.0353363		0
2.251		0.0353065		0
2.252		0.0352766		0
2.253		0.0352468		0
2.254		0.035217		0
2.255		0.0351872		0
2.256		0.0351575		0
2.257		0.0351279		0
2.258		0.0350982		0
2.259		0.0350686		0
2.26		0.0350391		0
2.261		0.0350095		0
2.262		0.0349801		0
2.263		0.0349506		0
2.264		0.0349212		0
2.265		0.0348918		0
2.266		0.0348625		0
2.267		0.0348332		0
2.268		0.0348039		0
2.269		0.0347747		0
2.27		0.0347455		0
2.271		0.0347163		0
2.272		0.0346872		0
2.273		0.0346581		0
2.274		0.034629		0
2.275		0.0346		0
2.276		0.034571		0
2.277		0.0345421		0
2.278		0.0345132		0
2.279		0.0344843		0
2.28		0.0344555		0
2.281		0.0344267		0
2.282		0.0343979		0
2.283		0.0343692		0
2.284		0.0343405		0
2.285		0.0343118		0
2.286		0.0342832		0
2.287		0.0342546		0
2.288		0.0342261		0
2.289		0.0341976		0
2.29		0.0341691		0
2.291		0.0341406		0
2.292		0.0341122		0
2.293		0.0340838		0
2.294		0.0340555		0
2.295		0.0340272		0
2.296		0.0339989		0
2.297		0.0339707		0
2.298		0.0339425		0
2.299		0.0339143		0
2.3		0.0338862		0
2.301		0.0338581		0
2.302		0.03383		0
2.303		0.033802		0
2.304		0.033774		0
2.305		0.033746		0
2.306		0.0337181		0
2.307		0.0336902		0
2.308		0.0336623		0
2.309		0.0336345		0
2.31		0.0336067		0
2.311		0.033579		0
2.312		0.0335512		0
2.313		0.0335235		0
2.314		0.0334959		0
2.315		0.0334683		0
2.316		0.0334407		0
2.317		0.0334131		0
2.318		0.0333856		0
2.319		0.0333581		0
2.32		0.0333306		0
2.321		0.0333032		0
2.322		0.0332758		0
2.323		0.0332485		0
2.324		0.0332212		0
2.325		0.0331939		0
2.326		0.0331666		0
2.327		0.0331394		0
2.328		0.0331122		0
2.329		0.0330851		0
2.33		0.0330579		0
2.331		0.0330308		0
2.332		0.0330038		0
2.333		0.0329768		0
2.334		0.0329498		0
2.335		0.0329228		0
2.336		0.0328959		0
2.337		0.032869		0
2.338		0.0328421		0
2.339		0.0328153		0
2.34		0.0327885		0
2.341		0.0327617		0
2.342		0.032735		0
2.343		0.0327083		0
2.344		0.0326816		0
2.345		0.032655		0
2.346		0.0326284		0
2.347		0.0326018		0
2.348		0.0325753		0
2.349		0.0325488		0
2.35		0.0325223		0
2.351		0.0324959		0
2.352		0.0324694		0
2.353		0.0324431		0
2.354		0.0324167		0
2.355		0.0323904		0
2.356		0.0323641		0
2.357		0.0323379		0
2.358		0.0323116		0
2.359		0.0322855		0
2.36		0.0322593		0
2.361		0.0322332		0
2.362		0.0322071		0
2.363		0.032181		0
2.364		0.032155		0
2.365		0.032129		0
2.366		0.032103		0
2.367		0.0320771		0
2.368		0.0320511		0
2.369		0.0320253		0
2.37		0.0319994		0
2.371		0.0319736		0
2.372		0.0319478		0
2.373		0.0319221		0
2.374		0.0318963		0
2.375		0.0318706		0
2.376		0.031845		0
2.377		0.0318194		0
2.378		0.0317938		0
2.379		0.0317682		0
2.38		0.0317426		0
2.381		0.0317171		0
2.382		0.0316916		0
2.383		0.0316662		0
2.384		0.0316408		0
2.385		0.0316154		0
2.386		0.03159		0
2.387		0.0315647		0
2.388		0.0315394		0
2.389		0.0315141		0
2.39		0.0314889		0
2.391		0.0314637		0
2.392		0.0314385		0
2.393		0.0314134		0
2.394		0.0313882		0
2.395		0.0313631		0
2.396		0.0313381		0
2.397		0.0313131		0
2.398		0.031288		0
2.399		0.0312631		0
2.4		0.0312381		0
2.401		0.0312132		0
2.402		0.0311883		0
2.403		0.0311635		0
2.404		0.0311387		0
2.405		0.0311139		0
2.406		0.0310891		0
2.407		0.0310644		0
2.408		0.0310397		0
2.409		0.031015		0
2.41		0.0309903		0
2.411		0.0309657		0
2.412		0.0309411		0
2.413		0.0309166		0
2.414		0.030892		0
2.415		0.0308675		0
2.416		0.030843		0
2.417		0.0308186		0
2.418		0.0307942		0
2.419		0.0307698		0
2.42		0.0307454		0
2.421		0.0307211		0
2.422		0.0306968		0
2.423		0.0306725		0
2.424		0.0306483		0
2.425		0.030624		0
2.426		0.0305998		0
2.427		0.0305757		0
2.428		0.0305515		0
2.429		0.0305274		0
2.43		0.0305034		0
2.431		0.0304793		0
2.432		0.0304553		0
2.433		0.0304313		0
2.434		0.0304073		0
2.435		0.0303834		0
2.436		0.0303595		0
2.437		0.0303356		0
2.438		0.0303117		0
2.439		0.0302879		0
2.44		0.0302641		0
2.441		0.0302404		0
2.442		0.0302166		0
2.443		0.0301929		0
2.444		0.0301692		0
2.445		0.0301455		0
2.446		0.0301219		0
2.447		0.0300983		0
2.448		0.0300747		0
2.449		0.0300512		0
2.45		0.0300277		0
2.451		0.0300042		0
2.452		0.0299807		0
2.453		0.0299572		0
2.454		0.0299338		0
2.455		0.0299104		0
2.456		0.0298871		0
2.457		0.0298637		0
2.458		0.0298404		0
2.459		0.0298172		0
2.46		0.0297939		0
2.461		0.0297707		0
2.462		0.0297475		0
2.463		0.0297243		0
2.464		0.0297012		0
2.465		0.029678		0
2.466		0.0296549		0
2.467		0.0296319		0
2.468		0.0296088		0
2.469		0.0295858		0
2.47		0.0295628		0
2.471		0.0295399		0
2.472		0.029517		0
2.473		0.029494		0
2.474		0.0294712		0
2.475		0.0294483		0
2.476		0.0294255		0
2.477		0.0294027		0
2.478		0.0293799		0
2.479		0.0293572		0
2.48		0.0293344		0
2.481		0.0293117		0
2.482		0.0292891		0
2.483		0.0292664		0
2.484		0.0292438		0
2.485		0.0292212		0
2.486		0.0291986		0
2.487		0.0291761		0
2.488		0.0291536		0
2.489		0.0291311		0
2.49		0.0291086		0
2.491		0.0290862		0
2.492		0.0290638		0
2.493		0.0290414		0
2.494		0.029019		0
2.495		0.0289967		0
2.496		0.0289744		0
2.497		0.0289521		0
2.498		0.0289298		0
2.499		0.0289076		0
2.5		0.0288854		0
2.501		0.0288632		0
2.502		0.028841		0
2.503		0.0288189		0
2.504		0.0287968		0
2.505		0.0287747		0
2.506		0.0287527		0
2.507		0.0287306		0
2.508		0.0287086		0
2.509		0.0286866		0
2.51		0.0286647		0
2.511		0.0286427		0
2.512		0.0286208		0
2.513		0.0285989		0
2.514		0.0285771		0
2.515		0.0285553		0
2.516		0.0285334		0
2.517		0.0285117		0
2.518		0.0284899		0
2.519		0.0284682		0
2.52		0.0284464		0
2.521		0.0284248		0
2.522		0.0284031		0
2.523		0.0283815		0
2.524		0.0283598		0
2.525		0.0283383		0
2.526		0.0283167		0
2.527		0.0282952		0
2.528		0.0282736		0
2.529		0.0282521		0
2.53		0.0282307		0
2.531		0.0282092		0
2.532		0.0281878		0
2.533		0.0281664		0
2.534		0.0281451		0
2.535		0.0281237		0
2.536		0.0281024		0
2.537		0.0280811		0
2.538		0.0280598		0
2.539		0.0280386		0
2.54		0.0280173		0
2.541		0.0279961		0
2.542		0.0279749		0
2.543		0.0279538		0
2.544		0.0279327		0
2.545		0.0279116		0
2.546		0.0278905		0
2.547		0.0278694		0
2.548		0.0278484		0
2.549		0.0278274		0
2.55		0.0278064		0
2.551		0.0277854		0
2.552		0.0277645		0
2.553		0.0277435		0
2.554		0.0277226		0
2.555		0.0277018		0
2.556		0.0276809		0
2.557		0.0276601		0
2.558		0.0276393		0
2.559		0.0276185		0
2.56		0.0275977		0
2.561		0.027577		0
2.562		0.0275563		0
2.563		0.0275356		0
2.564		0.0275149		0
2.565		0.0274943		0
2.566		0.0274737		0
2.567		0.0274531		0
2.568		0.0274325		0
2.569		0.027412		0
2.57		0.0273914		0
2.571		0.0273709		0
2.572		0.0273504		0
2.573		0.02733		0
2.574		0.0273096		0
2.575		0.0272891		0
2.576		0.0272687		0
2.577		0.0272484		0
2.578		0.027228		0
2.579		0.0272077		0
2.58		0.0271874		0
2.581		0.0271671		0
2.582		0.0271469		0
2.583		0.0271266		0
2.584		0.0271064		0
2.585		0.0270862		0
2.586		0.0270661		0
2.587		0.0270459		0
2.588		0.0270258		0
2.589		0.0270057		0
2.59		0.0269856		0
2.591		0.0269656		0
2.592		0.0269455		0
2.593		0.0269255		0
2.594		0.0269055		0
2.595		0.0268856		0
2.596		0.0268656		0
2.597		0.0268457		0
2.598		0.0268258		0
2.599		0.0268059		0
2.6		0.0267861		0
2.601		0.0267662		0
2.602		0.0267464		0
2.603		0.0267266		0
2.604		0.0267068		0
2.605		0.0266871		0
2.606		0.0266674		0
2.607		0.0266477		0
2.608		0.026628		0
2.609		0.0266083		0
2.61		0.0265887		0
2.611		0.0265691		0
2.612		0.0265495		0
2.613		0.0265299		0
2.614		0.0265103		0
2.615		0.0264908		0
2.616		0.0264713		0
2.617		0.0264518		0
2.618		0.0264323		0
2.619		0.0264129		0
2.62		0.0263934		0
2.621		0.026374		0
2.622		0.0263546		0
2.623		0.0263353		0
2.624		0.0263159		0
2.625		0.0262966		0
2.626		0.0262773		0
2.627		0.026258		0
2.628		0.0262388		0
2.629		0.0262195		0
2.63		0.0262003		0
2.631		0.0261811		0
2.632		0.0261619		0
2.633		0.0261428		0
2.634		0.0261237		0
2.635		0.0261045		0
2.636		0.0260855		0
2.637		0.0260664		0
2.638		0.0260473		0
2.639		0.0260283		0
2.64		0.0260093		0
2.641		0.0259903		0
2.642		0.0259713		0
2.643		0.0259524		0
2.644		0.0259335		0
2.645		0.0259146		0
2.646		0.0258957		0
2.647		0.0258768		0
2.648		0.025858		0
2.649		0.0258391		0
2.65		0.0258203		0
2.651		0.0258015		0
2.652		0.0257828		0
2.653		0.025764		0
2.654		0.0257453		0
2.655		0.0257266		0
2.656		0.0257079		0
2.657		0.0256893		0
2.658		0.0256706		0
2.659		0.025652		0
2.66		0.0256334		0
2.661		0.0256148		0
2.662		0.0255962		0
2.663		0.0255777		0
2.664		0.0255592		0
2.665		0.0255407		0
2.666		0.0255222		0
2.667		0.0255037		0
2.668		0.0254853		0
2.669		0.0254669		0
2.67		0.0254485		0
2.671		0.0254301		0
2.672		0.0254117		0
2.673		0.0253934		0
2.674		0.025375		0
2.675		0.0253567		0
2.676		0.0253384		0
2.677		0.0253202		0
2.678		0.0253019		0
2.679		0.0252837		0
2.68		0.0252655		0
2.681		0.0252473		0
2.682		0.0252291		0
2.683		0.025211		0
2.684		0.0251929		0
2.685		0.0251748		0
2.686		0.0251567		0
2.687		0.0251386		0
2.688		0.0251205		0
2.689		0.0251025		0
2.69		0.0250845		0
2.691		0.0250665		0
2.692		0.0250485		0
2.693		0.0250306		0
2.694		0.0250126		0
2.695		0.0249947		0
2.696		0.0249768		0
2.697		0.0249589		0
2.698		0.0249411		0
2.699		0.0249232		0
2.7		0.0249054		0
2.701		0.0248876		0
2.702		0.0248698		0
2.703		0.024852		0
2.704		0.0248343		0
2.705		0.0248166		0
2.706		0.0247988		0
2.707		0.0247812		0
2.708		0.0247635		0
2.709		0.0247458		0
2.71		0.0247282		0
2.711		0.0247106		0
2.712		0.024693		0
2.713		0.0246754		0
2.714		0.0246578		0
2.715		0.0246403		0
2.716		0.0246228		0
2.717		0.0246053		0
2.718		0.0245878		0
2.719		0.0245703		0
2.72		0.0245529		0
2.721		0.0245354		0
2.722		0.024518		0
2.723		0.0245006		0
2.724		0.0244832		0
2.725		0.0244659		0
2.726		0.0244485		0
2.727		0.0244312		0
2.728		0.0244139		0
2.729		0.0243966		0
2.73		0.0243794		0
2.731		0.0243621		0
2.732		0.0243449		0
2.733		0.0243277		0
2.734		0.0243105		0
2.735		0.0242933		0
2.736		0.0242761		0
2.737		0.024259		0
2.738		0.0242419		0
2.739		0.0242248		0
2.74		0.0242077		0
2.741		0.0241906		0
2.742		0.0241736		0
2.743		0.0241565		0
2.744		0.0241395		0
2.745		0.0241225		0
2.746		0.0241055		0
2.747		0.0240886		0
2.748		0.0240716		0
2.749		0.0240547		0
2.75		0.0240378		0
2.751		0.0240209		0
2.752		0.024004		0
2.753		0.0239872		0
2.754		0.0239703		0
2.755		0.0239535		0
2.756		0.0239367		0
2.757		0.0239199		0
2.758		0.0239031		0
2.759		0.0238864		0
2.76		0.0238697		0
2.761		0.0238529		0
2.762		0.0238362		0
2.763		0.0238196		0
2.764		0.0238029		0
2.765		0.0237862		0
2.766		0.0237696		0
2.767		0.023753		0
2.768		0.0237364		0
2.769		0.0237198		0
2.77		0.0237033		0
2.771		0.0236867		0
2.772		0.0236702		0
2.773		0.0236537		0
2.774		0.0236372		0
2.775		0.0236207		0
2.776		0.0236043		0
2.777		0.0235878		0
2.778		0.0235714		0
2.779		0.023555		0
2.78		0.0235386		0
2.781		0.0235222		0
2.782		0.0235059		0
2.783		0.0234895		0
2.784		0.0234732		0
2.785		0.0234569		0
2.786		0.0234406		0
2.787		0.0234243		0
2.788		0.0234081		0
2.789		0.0233918		0
2.79		0.0233756		0
2.791		0.0233594		0
2.792		0.0233432		0
2.793		0.0233271		0
2.794		0.0233109		0
2.795		0.0232948		0
2.796		0.0232786		0
2.797		0.0232625		0
2.798		0.0232464		0
2.799		0.0232304		0
2.8		0.0232143		0
2.801		0.0231983		0
2.802		0.0231823		0
2.803		0.0231662		0
2.804		0.0231503		0
2.805		0.0231343		0
2.806		0.0231183		0
2.807		0.0231024		0
2.808		0.0230865		0
2.809		0.0230706		0
2.81		0.0230547		0
2.811		0.0230388		0
2.812		0.0230229		0
2.813		0.0230071		0
2.814		0.0229913		0
2.815		0.0229754		0
2.816		0.0229596		0
2.817		0.0229439		0
2.818		0.0229281		0
2.819		0.0229124		0
2.82		0.0228966		0
2.821		0.0228809		0
2.822		0.0228652		0
2.823		0.0228495		0
2.824		0.0228339		0
2.825		0.0228182		0
2.826		0.0228026		0
2.827		0.022787		0
2.828		0.0227714		0
2.829		0.0227558		0
2.83		0.0227402		0
2.831		0.0227247		0
2.832		0.0227091		0
2.833		0.0226936		0
2.834		0.0226781		0
2.835		0.0226626		0
2.836		0.0226471		0
2.837		0.0226317		0
2.838		0.0226162		0
2.839		0.0226008		0
2.84		0.0225854		0
2.841		0.02257		0
2.842		0.0225546		0
2.843		0.0225392		0
2.844		0.0225239		0
2.845		0.0225085		0
2.846		0.0224932		0
2.847		0.0224779		0
2.848		0.0224626		0
2.849		0.0224473		0
2.85		0.0224321		0
2.851		0.0224168		0
2.852		0.0224016		0
2.853		0.0223864		0
2.854		0.0223712		0
2.855		0.022356		0
2.856		0.0223409		0
2.857		0.0223257		0
2.858		0.0223106		0
2.859		0.0222955		0
2.86		0.0222803		0
2.861		0.0222653		0
2.862		0.0222502		0
2.863		0.0222351		0
2.864		0.0222201		0
2.865		0.022205		0
2.866		0.02219		0
2.867		0.022175		0
2.868		0.0221601		0
2.869		0.0221451		0
2.87		0.0221301		0
2.871		0.0221152		0
2.872		0.0221003		0
2.873		0.0220854		0
2.874		0.0220705		0
2.875		0.0220556		0
2.876		0.0220407		0
2.877		0.0220259		0
2.878		0.022011		0
2.879		0.0219962		0
2.88		0.0219814		0
2.881		0.0219666		0
2.882		0.0219518		0
2.883		0.0219371		0
2.884		0.0219223		0
2.885		0.0219076		0
2.886		0.0218929		0
2.887		0.0218782		0
2.888		0.0218635		0
2.889		0.0218488		0
2.89		0.0218342		0
2.891		0.0218195		0
2.892		0.0218049		0
2.893		0.0217903		0
2.894		0.0217757		0
2.895		0.0217611		0
2.896		0.0217465		0
2.897		0.021732		0
2.898		0.0217174		0
2.899		0.0217029		0
2.9		0.0216884		0
2.901		0.0216739		0
2.902		0.0216594		0
2.903		0.021645		0
2.904		0.0216305		0
2.905		0.0216161		0
2.906		0.0216016		0
2.907		0.0215872		0
2.908		0.0215728		0
2.909		0.0215584		0
2.91		0.0215441		0
2.911		0.0215297		0
2.912		0.0215154		0
2.913		0.021501		0
2.914		0.0214867		0
2.915		0.0214724		0
2.916		0.0214582		0
2.917		0.0214439		0
2.918		0.0214296		0
2.919		0.0214154		0
2.92		0.0214012		0
2.921		0.0213869		0
2.922		0.0213727		0
2.923		0.0213586		0
2.924		0.0213444		0
2.925		0.0213302		0
2.926		0.0213161		0
2.927		0.021302		0
2.928		0.0212878		0
2.929		0.0212737		0
2.93		0.0212597		0
2.931		0.0212456		0
2.932		0.0212315		0
2.933		0.0212175		0
2.934		0.0212034		0
2.935		0.0211894		0
2.936		0.0211754		0
2.937		0.0211614		0
2.938		0.0211475		0
2.939		0.0211335		0
2.94		0.0211195		0
2.941		0.0211056		0
2.942		0.0210917		0
2.943		0.0210778		0
2.944		0.0210639		0
2.945		0.02105		0
2.946		0.0210361		0
2.947		0.0210223		0
2.948		0.0210084		0
2.949		0.0209946		0
2.95		0.0209808		0
2.951		0.020967		0
2.952		0.0209532		0
2.953		0.0209394		0
2.954		0.0209257		0
2.955		0.0209119		0
2.956		0.0208982		0
2.957		0.0208845		0
2.958		0.0208708		0
2.959		0.0208571		0
2.96		0.0208434		0
2.961		0.0208297		0
2.962		0.0208161		0
2.963		0.0208024		0
2.964		0.0207888		0
2.965		0.0207752		0
2.966		0.0207616		0
2.967		0.020748		0
2.968		0.0207344		0
2.969		0.0207209		0
2.97		0.0207073		0
2.971		0.0206938		0
2.972		0.0206803		0
2.973		0.0206668		0
2.974		0.0206533		0
2.975		0.0206398		0
2.976		0.0206263		0
2.977		0.0206129		0
2.978		0.0205994		0
2.979		0.020586		0
2.98		0.0205726		0
2.981		0.0205592		0
2.982		0.0205458		0
2.983		0.0205324		0
2.984		0.0205191		0
2.985		0.0205057		0
2.986		0.0204924		0
2.987		0.020479		0
2.988		0.0204657		0
2.989		0.0204524		0
2.99		0.0204391		0
2.991		0.0204259		0
2.992		0.0204126		0
2.993		0.0203994		0
2.994		0.0203861		0
2.995		0.0203729		0
2.996		0.0203597		0
2.997		0.0203465		0
2.998		0.0203333		0
2.999		0.0203201		0
3		0.020307		0
