0.001		0.0614629		0
0.002		0.100593		0
0.003		0.0868369		0
0.004		0.0677807		0
0.005		0.0524244		0
0.006		0.0414435		0
0.007		0.0338979		0
0.008		0.0287653		0
0.009		0.0252521		0
0.01		0.0228034		0
0.011		0.0210517		0
0.012		0.0197637		0
0.013		0.0187987		0
0.014		0.0180781		0
0.015		0.017564		0
0.016		0.0172438		0
0.017		0.0171191		0
0.018		0.0171988		0
0.019		0.0174931		0
0.02		0.0180112		0
0.021		0.0187585		0
0.022		0.0197362		0
0.023		0.0209409		0
0.024		0.022365		0
0.025		0.0239966		0
0.026		0.025821		0
0.027		0.0278208		0
0.028		0.0299767		0
0.029		0.0322684		0
0.03		0.034675		0
0.031		0.0371755		0
0.032		0.0397493		0
0.033		0.0423766		0
0.034		0.0450385		0
0.035		0.0477175		0
0.036		0.0503972		0
0.037		0.0530628		0
0.038		0.0557011		0
0.039		0.0583002		0
0.04		0.0608498		0
0.041		0.0633409		0
0.042		0.0657662		0
0.043		0.0681194		0
0.044		0.0703956		0
0.045		0.072591		0
0.046		0.0747028		0
0.047		0.0767293		0
0.048		0.0786694		0
0.049		0.080523		0
0.05		0.0822905		0
0.051		0.0839731		0
0.052		0.0855723		0
0.053		0.0870902		0
0.054		0.0885292		0
0.055		0.0898918		0
0.056		0.0911812		0
0.057		0.0924003		0
0.058		0.0935524		0
0.059		0.094641		0
0.06		0.0956694		0
0.061		0.0966411		0
0.062		0.0975596		0
0.063		0.0984282		0
0.064		0.0992504		0
0.065		0.100029		0
0.066		0.100769		0
0.067		0.101471		0
0.068		0.10214		0
0.069		0.102778		0
0.07		0.103388		0
0.071		0.103973		0
0.072		0.104535		0
0.073		0.105077		0
0.074		0.105601		0
0.075		0.106109		0
0.076		0.106604		0
0.077		0.107088		0
0.078		0.107561		0
0.079		0.108027		0
0.08		0.108487		0
0.081		0.108941		0
0.082		0.109393		0
0.083		0.109842		0
0.084		0.110291		0
0.085		0.11074		0
0.086		0.111191		0
0.087		0.111644		0
0.088		0.1121		0
0.089		0.112561		0
0.09		0.113027		0
0.091		0.113499		0
0.092		0.113977		0
0.093		0.114462		0
0.094		0.114955		0
0.095		0.115455		0
0.096		0.115965		0
0.097		0.116483		0
0.098		0.11701		0
0.099		0.117547		0
0.1		0.118094		0
0.101		0.118651		0
0.102		0.119219		0
0.103		0.119797		0
0.104		0.120385		0
0.105		0.120985		0
0.106		0.121595		0
0.107		0.122216		0
0.108		0.122849		0
0.109		0.123492		0
0.11		0.124147		0
0.111		0.124813		0
0.112		0.12549		0
0.113		0.126177		0
0.114		0.126876		0
0.115		0.127586		0
0.116		0.128307		0
0.117		0.129038		0
0.118		0.129781		0
0.119		0.130533		0
0.12		0.131297		0
0.121		0.13207		0
0.122		0.132854		0
0.123		0.133647		0
0.124		0.134451		0
0.125		0.135264		0
0.126		0.136087		0
0.127		0.136919		0
0.128		0.13776		0
0.129		0.13861		0
0.13		0.139469		0
0.131		0.140336		0
0.132		0.141212		0
0.133		0.142096		0
0.134		0.142988		0
0.135		0.143887		0
0.136		0.144794		0
0.137		0.145708		0
0.138		0.146629		0
0.139		0.147557		0
0.14		0.148491		0
0.141		0.149432		0
0.142		0.150378		0
0.143		0.151331		0
0.144		0.152289		0
0.145		0.153252		0
0.146		0.154221		0
0.147		0.155194		0
0.148		0.156172		0
0.149		0.157154		0
0.15		0.15814		0
0.151		0.15913		0
0.152		0.160124		0
0.153		0.161121		0
0.154		0.162121		0
0.155		0.163124		0
0.156		0.16413		0
0.157		0.165138		0
0.158		0.166148		0
0.159		0.16716		0
0.16		0.168174		0
0.161		0.169189		0
0.162		0.170205		0
0.163		0.171222		0
0.164		0.17224		0
0.165		0.173258		0
0.166		0.174276		0
0.167		0.175295		0
0.168		0.176313		0
0.169		0.177331		0
0.17		0.178348		0
0.171		0.179364		0
0.172		0.18038		0
0.173		0.181393		0
0.174		0.182406		0
0.175		0.183416		0
0.176		0.184425		0
0.177		0.185432		0
0.178		0.186436		0
0.179		0.187437		0
0.18		0.188436		0
0.181		0.189432		0
0.182		0.190425		0
0.183		0.191415		0
0.184		0.192401		0
0.185		0.193383		0
0.186		0.194362		0
0.187		0.195336		0
0.188		0.196307		0
0.189		0.197273		0
0.19		0.198234		0
0.191		0.199191		0
0.192		0.200144		0
0.193		0.201091		0
0.194		0.202033		0
0.195		0.20297		0
0.196		0.203901		0
0.197		0.204827		0
0.198		0.205747		0
0.199		0.206662		0
0.2		0.20757		0
0.201		0.208473		0
0.202		0.209369		0
0.203		0.210259		0
0.204		0.211143		0
0.205		0.21202		0
0.206		0.21289		0
0.207		0.213754		0
0.208		0.214611		0
0.209		0.215461		0
0.21		0.216304		0
0.211		0.21714		0
0.212		0.217968		0
0.213		0.21879		0
0.214		0.219604		0
0.215		0.22041		0
0.216		0.221209		0
0.217		0.222001		0
0.218		0.222785		0
0.219		0.223561		0
0.22		0.224329		0
0.221		0.225089		0
0.222		0.225842		0
0.223		0.226586		0
0.224		0.227323		0
0.225		0.228051		0
0.226		0.228771		0
0.227		0.229483		0
0.228		0.230187		0
0.229		0.230883		0
0.23		0.23157		0
0.231		0.232249		0
0.232		0.23292		0
0.233		0.233582		0
0.234		0.234236		0
0.235		0.234882		0
0.236		0.235519		0
0.237		0.236147		0
0.238		0.236767		0
0.239		0.237379		0
0.24		0.237982		0
0.241		0.238576		0
0.242		0.239162		0
0.243		0.239739		0
0.244		0.240308		0
0.245		0.240868		0
0.246		0.24142		0
0.247		0.241963		0
0.248		0.242498		0
0.249		0.243024		0
0.25		0.243541		0
0.251		0.24405		0
0.252		0.244551		0
0.253		0.245043		0
0.254		0.245526		0
0.255		0.246001		0
0.256		0.246468		0
0.257		0.246926		0
0.258		0.247375		0
0.259		0.247816		0
0.26		0.248249		0
0.261		0.248674		0
0.262		0.24909		0
0.263		0.249497		0
0.264		0.249897		0
0.265		0.250288		0
0.266		0.250671		0
0.267		0.251046		0
0.268		0.251413		0
0.269		0.251771		0
0.27		0.252122		0
0.271		0.252464		0
0.272		0.252799		0
0.273		0.253125		0
0.274		0.253443		0
0.275		0.253754		0
0.276		0.254057		0
0.277		0.254351		0
0.278		0.254639		0
0.279		0.254918		0
0.28		0.25519		0
0.281		0.255454		0
0.282		0.25571		0
0.283		0.255959		0
0.284		0.2562		0
0.285		0.256434		0
0.286		0.25666		0
0.287		0.25688		0
0.288		0.257091		0
0.289		0.257296		0
0.29		0.257493		0
0.291		0.257683		0
0.292		0.257866		0
0.293		0.258042		0
0.294		0.258211		0
0.295		0.258373		0
0.296		0.258528		0
0.297		0.258676		0
0.298		0.258818		0
0.299		0.258952		0
0.3		0.25908		0
0.301		0.259202		0
0.302		0.259316		0
0.303		0.259425		0
0.304		0.259526		0
0.305		0.259622		0
0.306		0.25971		0
0.307		0.259793		0
0.308		0.25987		0
0.309		0.25994		0
0.31		0.260004		0
0.311		0.260062		0
0.312		0.260114		0
0.313		0.26016		0
0.314		0.2602		0
0.315		0.260234		0
0.316		0.260262		0
0.317		0.260285		0
0.318		0.260302		0
0.319		0.260313		0
0.32		0.260319		0
0.321		0.260319		0
0.322		0.260314		0
0.323		0.260303		0
0.324		0.260287		0
0.325		0.260266		0
0.326		0.26024		0
0.327		0.260208		0
0.328		0.260171		0
0.329		0.260129		0
0.33		0.260082		0
0.331		0.26003		0
0.332		0.259974		0
0.333		0.259912		0
0.334		0.259846		0
0.335		0.259775		0
0.336		0.259699		0
0.337		0.259618		0
0.338		0.259533		0
0.339		0.259444		0
0.34		0.25935		0
0.341		0.259251		0
0.342		0.259149		0
0.343		0.259042		0
0.344		0.25893		0
0.345		0.258815		0
0.346		0.258695		0
0.347		0.258572		0
0.348		0.258444		0
0.349		0.258312		0
0.35		0.258176		0
0.351		0.258037		0
0.352		0.257893		0
0.353		0.257746		0
0.354		0.257595		0
0.355		0.257441		0
0.356		0.257283		0
0.357		0.257121		0
0.358		0.256955		0
0.359		0.256787		0
0.36		0.256614		0
0.361		0.256439		0
0.362		0.25626		0
0.363		0.256078		0
0.364		0.255892		0
0.365		0.255703		0
0.366		0.255512		0
0.367		0.255317		0
0.368		0.255119		0
0.369		0.254918		0
0.37		0.254714		0
0.371		0.254507		0
0.372		0.254297		0
0.373		0.254085		0
0.374		0.253869		0
0.375		0.253651		0
0.376		0.25343		0
0.377		0.253207		0
0.378		0.252981		0
0.379		0.252752		0
0.38		0.252521		0
0.381		0.252288		0
0.382		0.252052		0
0.383		0.251813		0
0.384		0.251572		0
0.385		0.251329		0
0.386		0.251084		0
0.387		0.250836		0
0.388		0.250587		0
0.389		0.250335		0
0.39		0.25008		0
0.391		0.249824		0
0.392		0.249566		0
0.393		0.249306		0
0.394		0.249044		0
0.395		0.24878		0
0.396		0.248514		0
0.397		0.248246		0
0.398		0.247976		0
0.399		0.247704		0
0.4		0.247431		0
0.401		0.247156		0
0.402		0.24688		0
0.403		0.246601		0
0.404		0.246322		0
0.405		0.24604		0
0.406		0.245757		0
0.407		0.245473		0
0.408		0.245187		0
0.409		0.244899		0
0.41		0.24461		0
0.411		0.24432		0
0.412		0.244028		0
0.413		0.243736		0
0.414		0.243441		0
0.415		0.243146		0
0.416		0.242849		0
0.417		0.242551		0
0.418		0.242252		0
0.419		0.241952		0
0.42		0.241651		0
0.421		0.241349		0
0.422		0.241045		0
0.423		0.240741		0
0.424		0.240435		0
0.425		0.240129		0
0.426		0.239821		0
0.427		0.239513		0
0.428		0.239204		0
0.429		0.238894		0
0.43		0.238583		0
0.431		0.238271		0
0.432		0.237959		0
0.433		0.237646		0
0.434		0.237332		0
0.435		0.237017		0
0.436		0.236702		0
0.437		0.236385		0
0.438		0.236069		0
0.439		0.235751		0
0.44		0.235434		0
0.441		0.235115		0
0.442		0.234796		0
0.443		0.234477		0
0.444		0.234156		0
0.445		0.233836		0
0.446		0.233515		0
0.447		0.233193		0
0.448		0.232872		0
0.449		0.232549		0
0.45		0.232227		0
0.451		0.231904		0
0.452		0.23158		0
0.453		0.231257		0
0.454		0.230933		0
0.455		0.230608		0
0.456		0.230284		0
0.457		0.229959		0
0.458		0.229634		0
0.459		0.229309		0
0.46		0.228983		0
0.461		0.228658		0
0.462		0.228332		0
0.463		0.228006		0
0.464		0.22768		0
0.465		0.227354		0
0.466		0.227028		0
0.467		0.226701		0
0.468		0.226375		0
0.469		0.226049		0
0.47		0.225722		0
0.471		0.225396		0
0.472		0.225069		0
0.473		0.224743		0
0.474		0.224417		0
0.475		0.22409		0
0.476		0.223764		0
0.477		0.223438		0
0.478		0.223112		0
0.479		0.222786		0
0.48		0.22246		0
0.481		0.222134		0
0.482		0.221809		0
0.483		0.221483		0
0.484		0.221158		0
0.485		0.220833		0
0.486		0.220508		0
0.487		0.220183		0
0.488		0.219859		0
0.489		0.219535		0
0.49		0.219211		0
0.491		0.218887		0
0.492		0.218563		0
0.493		0.21824		0
0.494		0.217917		0
0.495		0.217595		0
0.496		0.217272		0
0.497		0.21695		0
0.498		0.216629		0
0.499		0.216307		0
0.5		0.215986		0
0.501		0.215666		0
0.502		0.215346		0
0.503		0.215026		0
0.504		0.214706		0
0.505		0.214387		0
0.506		0.214068		0
0.507		0.21375		0
0.508		0.213432		0
0.509		0.213115		0
0.51		0.212798		0
0.511		0.212481		0
0.512		0.212165		0
0.513		0.21185		0
0.514		0.211534		0
0.515		0.21122		0
0.516		0.210906		0
0.517		0.210592		0
0.518		0.210279		0
0.519		0.209966		0
0.52		0.209654		0
0.521		0.209342		0
0.522		0.209031		0
0.523		0.20872		0
0.524		0.20841		0
0.525		0.208101		0
0.526		0.207792		0
0.527		0.207483		0
0.528		0.207176		0
0.529		0.206868		0
0.53		0.206562		0
0.531		0.206256		0
0.532		0.20595		0
0.533		0.205645		0
0.534		0.205341		0
0.535		0.205037		0
0.536		0.204734		0
0.537		0.204431		0
0.538		0.20413		0
0.539		0.203828		0
0.54		0.203528		0
0.541		0.203228		0
0.542		0.202928		0
0.543		0.20263		0
0.544		0.202331		0
0.545		0.202034		0
0.546		0.201737		0
0.547		0.201441		0
0.548		0.201146		0
0.549		0.200851		0
0.55		0.200557		0
0.551		0.200263		0
0.552		0.19997		0
0.553		0.199678		0
0.554		0.199387		0
0.555		0.199096		0
0.556		0.198806		0
0.557		0.198517		0
0.558		0.198228		0
0.559		0.19794		0
0.56		0.197653		0
0.561		0.197366		0
0.562		0.19708		0
0.563		0.196795		0
0.564		0.196511		0
0.565		0.196227		0
0.566		0.195944		0
0.567		0.195662		0
0.568		0.19538		0
0.569		0.195099		0
0.57		0.194819		0
0.571		0.19454		0
0.572		0.194261		0
0.573		0.193983		0
0.574		0.193706		0
0.575		0.193429		0
0.576		0.193154		0
0.577		0.192879		0
0.578		0.192604		0
0.579		0.192331		0
0.58		0.192058		0
0.581		0.191786		0
0.582		0.191515		0
0.583		0.191244		0
0.584		0.190974		0
0.585		0.190705		0
0.586		0.190437		0
0.587		0.190169		0
0.588		0.189902		0
0.589		0.189636		0
0.59		0.189371		0
0.591		0.189107		0
0.592		0.188843		0
0.593		0.18858		0
0.594		0.188317		0
0.595		0.188056		0
0.596		0.187795		0
0.597		0.187535		0
0.598		0.187276		0
0.599		0.187017		0
0.6		0.186759		0
0.601		0.186502		0
0.602		0.186246		0
0.603		0.18599		0
0.604		0.185736		0
0.605		0.185482		0
0.606		0.185228		0
0.607		0.184976		0
0.608		0.184724		0
0.609		0.184473		0
0.61		0.184223		0
0.611		0.183973		0
0.612		0.183725		0
0.613		0.183477		0
0.614		0.18323		0
0.615		0.182983		0
0.616		0.182738		0
0.617		0.182493		0
0.618		0.182248		0
0.619		0.182005		0
0.62		0.181762		0
0.621		0.18152		0
0.622		0.181279		0
0.623		0.181039		0
0.624		0.180799		0
0.625		0.18056		0
0.626		0.180322		0
0.627		0.180085		0
0.628		0.179848		0
0.629		0.179612		0
0.63		0.179377		0
0.631		0.179143		0
0.632		0.178909		0
0.633		0.178676		0
0.634		0.178444		0
0.635		0.178213		0
0.636		0.177982		0
0.637		0.177752		0
0.638		0.177523		0
0.639		0.177294		0
0.64		0.177066		0
0.641		0.176839		0
0.642		0.176613		0
0.643		0.176388		0
0.644		0.176163		0
0.645		0.175939		0
0.646		0.175716		0
0.647		0.175493		0
0.648		0.175271		0
0.649		0.17505		0
0.65		0.17483		0
0.651		0.17461		0
0.652		0.174391		0
0.653		0.174173		0
0.654		0.173955		0
0.655		0.173738		0
0.656		0.173522		0
0.657		0.173307		0
0.658		0.173092		0
0.659		0.172878		0
0.66		0.172665		0
0.661		0.172453		0
0.662		0.172241		0
0.663		0.17203		0
0.664		0.171819		0
0.665		0.17161		0
0.666		0.171401		0
0.667		0.171192		0
0.668		0.170985		0
0.669		0.170778		0
0.67		0.170572		0
0.671		0.170366		0
0.672		0.170162		0
0.673		0.169957		0
0.674		0.169754		0
0.675		0.169551		0
0.676		0.169349		0
0.677		0.169148		0
0.678		0.168947		0
0.679		0.168747		0
0.68		0.168548		0
0.681		0.16835		0
0.682		0.168152		0
0.683		0.167954		0
0.684		0.167758		0
0.685		0.167562		0
0.686		0.167367		0
0.687		0.167172		0
0.688		0.166978		0
0.689		0.166785		0
0.69		0.166592		0
0.691		0.166401		0
0.692		0.166209		0
0.693		0.166019		0
0.694		0.165829		0
0.695		0.165639		0
0.696		0.165451		0
0.697		0.165263		0
0.698		0.165076		0
0.699		0.164889		0
0.7		0.164703		0
0.701		0.164517		0
0.702		0.164333		0
0.703		0.164149		0
0.704		0.163965		0
0.705		0.163782		0
0.706		0.1636		0
0.707		0.163419		0
0.708		0.163238		0
0.709		0.163057		0
0.71		0.162878		0
0.711		0.162699		0
0.712		0.16252		0
0.713		0.162342		0
0.714		0.162165		0
0.715		0.161989		0
0.716		0.161813		0
0.717		0.161637		0
0.718		0.161463		0
0.719		0.161288		0
0.72		0.161115		0
0.721		0.160942		0
0.722		0.16077		0
0.723		0.160598		0
0.724		0.160427		0
0.725		0.160256		0
0.726		0.160087		0
0.727		0.159917		0
0.728		0.159749		0
0.729		0.15958		0
0.73		0.159413		0
0.731		0.159246		0
0.732		0.159079		0
0.733		0.158914		0
0.734		0.158748		0
0.735		0.158584		0
0.736		0.15842		0
0.737		0.158256		0
0.738		0.158093		0
0.739		0.157931		0
0.74		0.157769		0
0.741		0.157608		0
0.742		0.157447		0
0.743		0.157287		0
0.744		0.157128		0
0.745		0.156969		0
0.746		0.156811		0
0.747		0.156653		0
0.748		0.156495		0
0.749		0.156339		0
0.75		0.156182		0
0.751		0.156027		0
0.752		0.155872		0
0.753		0.155717		0
0.754		0.155563		0
0.755		0.15541		0
0.756		0.155257		0
0.757		0.155104		0
0.758		0.154952		0
0.759		0.154801		0
0.76		0.15465		0
0.761		0.1545		0
0.762		0.15435		0
0.763		0.154201		0
0.764		0.154052		0
0.765		0.153904		0
0.766		0.153757		0
0.767		0.153609		0
0.768		0.153463		0
0.769		0.153317		0
0.77		0.153171		0
0.771		0.153026		0
0.772		0.152881		0
0.773		0.152737		0
0.774		0.152594		0
0.775		0.152451		0
0.776		0.152308		0
0.777		0.152166		0
0.778		0.152024		0
0.779		0.151883		0
0.78		0.151743		0
0.781		0.151603		0
0.782		0.151463		0
0.783		0.151324		0
0.784		0.151185		0
0.785		0.151047		0
0.786		0.150909		0
0.787		0.150772		0
0.788		0.150635		0
0.789		0.150499		0
0.79		0.150363		0
0.791		0.150228		0
0.792		0.150093		0
0.793		0.149959		0
0.794		0.149825		0
0.795		0.149692		0
0.796		0.149559		0
0.797		0.149426		0
0.798		0.149294		0
0.799		0.149162		0
0.8		0.149031		0
0.801		0.148901		0
0.802		0.14877		0
0.803		0.148641		0
0.804		0.148511		0
0.805		0.148382		0
0.806		0.148254		0
0.807		0.148126		0
0.808		0.147998		0
0.809		0.147871		0
0.81		0.147745		0
0.811		0.147618		0
0.812		0.147493		0
0.813		0.147367		0
0.814		0.147242		0
0.815		0.147118		0
0.816		0.146994		0
0.817		0.14687		0
0.818		0.146747		0
0.819		0.146624		0
0.82		0.146502		0
0.821		0.14638		0
0.822		0.146258		0
0.823		0.146137		0
0.824		0.146016		0
0.825		0.145896		0
0.826		0.145776		0
0.827		0.145656		0
0.828		0.145537		0
0.829		0.145419		0
0.83		0.1453		0
0.831		0.145183		0
0.832		0.145065		0
0.833		0.144948		0
0.834		0.144831		0
0.835		0.144715		0
0.836		0.144599		0
0.837		0.144484		0
0.838		0.144369		0
0.839		0.144254		0
0.84		0.14414		0
0.841		0.144026		0
0.842		0.143912		0
0.843		0.143799		0
0.844		0.143686		0
0.845		0.143574		0
0.846		0.143462		0
0.847		0.14335		0
0.848		0.143239		0
0.849		0.143128		0
0.85		0.143018		0
0.851		0.142907		0
0.852		0.142798		0
0.853		0.142688		0
0.854		0.142579		0
0.855		0.142471		0
0.856		0.142362		0
0.857		0.142254		0
0.858		0.142147		0
0.859		0.14204		0
0.86		0.141933		0
0.861		0.141826		0
0.862		0.14172		0
0.863		0.141614		0
0.864		0.141509		0
0.865		0.141404		0
0.866		0.141299		0
0.867		0.141195		0
0.868		0.14109		0
0.869		0.140987		0
0.87		0.140883		0
0.871		0.14078		0
0.872		0.140678		0
0.873		0.140575		0
0.874		0.140473		0
0.875		0.140372		0
0.876		0.14027		0
0.877		0.140169		0
0.878		0.140069		0
0.879		0.139968		0
0.88		0.139868		0
0.881		0.139769		0
0.882		0.139669		0
0.883		0.13957		0
0.884		0.139471		0
0.885		0.139373		0
0.886		0.139275		0
0.887		0.139177		0
0.888		0.13908		0
0.889		0.138983		0
0.89		0.138886		0
0.891		0.138789		0
0.892		0.138693		0
0.893		0.138597		0
0.894		0.138502		0
0.895		0.138407		0
0.896		0.138312		0
0.897		0.138217		0
0.898		0.138123		0
0.899		0.138029		0
0.9		0.137935		0
0.901		0.137842		0
0.902		0.137748		0
0.903		0.137656		0
0.904		0.137563		0
0.905		0.137471		0
0.906		0.137379		0
0.907		0.137287		0
0.908		0.137196		0
0.909		0.137105		0
0.91		0.137014		0
0.911		0.136924		0
0.912		0.136834		0
0.913		0.136744		0
0.914		0.136654		0
0.915		0.136565		0
0.916		0.136476		0
0.917		0.136387		0
0.918		0.136298		0
0.919		0.13621		0
0.92		0.136122		0
0.921		0.136035		0
0.922		0.135947		0
0.923		0.13586		0
0.924		0.135773		0
0.925		0.135687		0
0.926		0.135601		0
0.927		0.135515		0
0.928		0.135429		0
0.929		0.135343		0
0.93		0.135258		0
0.931		0.135173		0
0.932		0.135088		0
0.933		0.135004		0
0.934		0.13492		0
0.935		0.134836		0
0.936		0.134752		0
0.937		0.134669		0
0.938		0.134586		0
0.939		0.134503		0
0.94		0.13442		0
0.941		0.134338		0
0.942		0.134256		0
0.943		0.134174		0
0.944		0.134092		0
0.945		0.134011		0
0.946		0.13393		0
0.947		0.133849		0
0.948		0.133769		0
0.949		0.133688		0
0.95		0.133608		0
0.951		0.133528		0
0.952		0.133449		0
0.953		0.133369		0
0.954		0.13329		0
0.955		0.133211		0
0.956		0.133132		0
0.957		0.133054		0
0.958		0.132976		0
0.959		0.132898		0
0.96		0.13282		0
0.961		0.132743		0
0.962		0.132665		0
0.963		0.132588		0
0.964		0.132512		0
0.965		0.132435		0
0.966		0.132359		0
0.967		0.132283		0
0.968		0.132207		0
0.969		0.132131		0
0.97		0.132056		0
0.971		0.13198		0
0.972		0.131905		0
0.973		0.131831		0
0.974		0.131756		0
0.975		0.131682		0
0.976		0.131608		0
0.977		0.131534		0
0.978		0.13146		0
0.979		0.131387		0
0.98		0.131313		0
0.981		0.13124		0
0.982		0.131167		0
0.983		0.131095		0
0.984		0.131022		0
0.985		0.13095		0
0.986		0.130878		0
0.987		0.130806		0
0.988		0.130735		0
0.989		0.130664		0
0.99		0.130592		0
0.991		0.130521		0
0.992		0.130451		0
0.993		0.13038		0
0.994		0.13031		0
0.995		0.13024		0
0.996		0.13017		0
0.997		0.1301		0
0.998		0.130031		0
0.999		0.129961		0
1		0.129892		0
1.001		0.129823		0
1.002		0.129754		0
1.003		0.129686		0
1.004		0.129617		0
1.005		0.129549		0
1.006		0.129481		0
1.007		0.129414		0
1.008		0.129346		0
1.009		0.129279		0
1.01		0.129211		0
1.011		0.129144		0
1.012		0.129078		0
1.013		0.129011		0
1.014		0.128944		0
1.015		0.128878		0
1.016		0.128812		0
1.017		0.128746		0
1.018		0.12868		0
1.019		0.128615		0
1.02		0.12855		0
1.021		0.128484		0
1.022		0.128419		0
1.023		0.128355		0
1.024		0.12829		0
1.025		0.128225		0
1.026		0.128161		0
1.027		0.128097		0
1.028		0.128033		0
1.029		0.127969		0
1.03		0.127906		0
1.031		0.127842		0
1.032		0.127779		0
1.033		0.127716		0
1.034		0.127653		0
1.035		0.12759		0
1.036		0.127528		0
1.037		0.127465		0
1.038		0.127403		0
1.039		0.127341		0
1.04		0.127279		0
1.041		0.127218		0
1.042		0.127156		0
1.043		0.127095		0
1.044		0.127033		0
1.045		0.126972		0
1.046		0.126911		0
1.047		0.126851		0
1.048		0.12679		0
1.049		0.12673		0
1.05		0.126669		0
1.051		0.126609		0
1.052		0.126549		0
1.053		0.12649		0
1.054		0.12643		0
1.055		0.12637		0
1.056		0.126311		0
1.057		0.126252		0
1.058		0.126193		0
1.059		0.126134		0
1.06		0.126075		0
1.061		0.126017		0
1.062		0.125958		0
1.063		0.1259		0
1.064		0.125842		0
1.065		0.125784		0
1.066		0.125726		0
1.067		0.125669		0
1.068		0.125611		0
1.069		0.125554		0
1.07		0.125497		0
1.071		0.125439		0
1.072		0.125383		0
1.073		0.125326		0
1.074		0.125269		0
1.075		0.125213		0
1.076		0.125156		0
1.077		0.1251		0
1.078		0.125044		0
1.079		0.124988		0
1.08		0.124932		0
1.081		0.124877		0
1.082		0.124821		0
1.083		0.124766		0
1.084		0.124711		0
1.085		0.124655		0
1.086		0.1246		0
1.087		0.124546		0
1.088		0.124491		0
1.089		0.124436		0
1.09		0.124382		0
1.091		0.124328		0
1.092		0.124274		0
1.093		0.12422		0
1.094		0.124166		0
1.095		0.124112		0
1.096		0.124058		0
1.097		0.124005		0
1.098		0.123951		0
1.099		0.123898		0
1.1		0.123845		0
1.101		0.123792		0
1.102		0.123739		0
1.103		0.123687		0
1.104		0.123634		0
1.105		0.123582		0
1.106		0.123529		0
1.107		0.123477		0
1.108		0.123425		0
1.109		0.123373		0
1.11		0.123321		0
1.111		0.123269		0
1.112		0.123218		0
1.113		0.123166		0
1.114		0.123115		0
1.115		0.123064		0
1.116		0.123013		0
1.117		0.122962		0
1.118		0.122911		0
1.119		0.12286		0
1.12		0.122809		0
1.121		0.122759		0
1.122		0.122709		0
1.123		0.122658		0
1.124		0.122608		0
1.125		0.122558		0
1.126		0.122508		0
1.127		0.122458		0
1.128		0.122409		0
1.129		0.122359		0
1.13		0.12231		0
1.131		0.12226		0
1.132		0.122211		0
1.133		0.122162		0
1.134		0.122113		0
1.135		0.122064		0
1.136		0.122015		0
1.137		0.121966		0
1.138		0.121918		0
1.139		0.121869		0
1.14		0.121821		0
1.141		0.121773		0
1.142		0.121725		0
1.143		0.121677		0
1.144		0.121629		0
1.145		0.121581		0
1.146		0.121533		0
1.147		0.121485		0
1.148		0.121438		0
1.149		0.121391		0
1.15		0.121343		0
1.151		0.121296		0
1.152		0.121249		0
1.153		0.121202		0
1.154		0.121155		0
1.155		0.121108		0
1.156		0.121062		0
1.157		0.121015		0
1.158		0.120969		0
1.159		0.120922		0
1.16		0.120876		0
1.161		0.12083		0
1.162		0.120784		0
1.163		0.120738		0
1.164		0.120692		0
1.165		0.120646		0
1.166		0.1206		0
1.167		0.120555		0
1.168		0.120509		0
1.169		0.120464		0
1.17		0.120419		0
1.171		0.120373		0
1.172		0.120328		0
1.173		0.120283		0
1.174		0.120238		0
1.175		0.120193		0
1.176		0.120149		0
1.177		0.120104		0
1.178		0.12006		0
1.179		0.120015		0
1.18		0.119971		0
1.181		0.119927		0
1.182		0.119882		0
1.183		0.119838		0
1.184		0.119794		0
1.185		0.11975		0
1.186		0.119707		0
1.187		0.119663		0
1.188		0.119619		0
1.189		0.119576		0
1.19		0.119532		0
1.191		0.119489		0
1.192		0.119446		0
1.193		0.119402		0
1.194		0.119359		0
1.195		0.119316		0
1.196		0.119273		0
1.197		0.11923		0
1.198		0.119188		0
1.199		0.119145		0
1.2		0.119102		0
1.201		0.11906		0
1.202		0.119017		0
1.203		0.118975		0
1.204		0.118933		0
1.205		0.118891		0
1.206		0.118849		0
1.207		0.118807		0
1.208		0.118765		0
1.209		0.118723		0
1.21		0.118681		0
1.211		0.118639		0
1.212		0.118598		0
1.213		0.118556		0
1.214		0.118515		0
1.215		0.118473		0
1.216		0.118432		0
1.217		0.118391		0
1.218		0.11835		0
1.219		0.118309		0
1.22		0.118268		0
1.221		0.118227		0
1.222		0.118186		0
1.223		0.118145		0
1.224		0.118105		0
1.225		0.118064		0
1.226		0.118023		0
1.227		0.117983		0
1.228		0.117943		0
1.229		0.117902		0
1.23		0.117862		0
1.231		0.117822		0
1.232		0.117782		0
1.233		0.117742		0
1.234		0.117702		0
1.235		0.117662		0
1.236		0.117622		0
1.237		0.117583		0
1.238		0.117543		0
1.239		0.117504		0
1.24		0.117464		0
1.241		0.117425		0
1.242		0.117385		0
1.243		0.117346		0
1.244		0.117307		0
1.245		0.117268		0
1.246		0.117229		0
1.247		0.11719		0
1.248		0.117151		0
1.249		0.117112		0
1.25		0.117073		0
1.251		0.117034		0
1.252		0.116996		0
1.253		0.116957		0
1.254		0.116919		0
1.255		0.11688		0
1.256		0.116842		0
1.257		0.116804		0
1.258		0.116765		0
1.259		0.116727		0
1.26		0.116689		0
1.261		0.116651		0
1.262		0.116613		0
1.263		0.116575		0
1.264		0.116537		0
1.265		0.1165		0
1.266		0.116462		0
1.267		0.116424		0
1.268		0.116387		0
1.269		0.116349		0
1.27		0.116312		0
1.271		0.116274		0
1.272		0.116237		0
1.273		0.1162		0
1.274		0.116162		0
1.275		0.116125		0
1.276		0.116088		0
1.277		0.116051		0
1.278		0.116014		0
1.279		0.115977		0
1.28		0.11594		0
1.281		0.115904		0
1.282		0.115867		0
1.283		0.11583		0
1.284		0.115794		0
1.285		0.115757		0
1.286		0.115721		0
1.287		0.115684		0
1.288		0.115648		0
1.289		0.115611		0
1.29		0.115575		0
1.291		0.115539		0
1.292		0.115503		0
1.293		0.115467		0
1.294		0.115431		0
1.295		0.115395		0
1.296		0.115359		0
1.297		0.115323		0
1.298		0.115287		0
1.299		0.115252		0
1.3		0.115216		0
1.301		0.11518		0
1.302		0.115145		0
1.303		0.115109		0
1.304		0.115074		0
1.305		0.115038		0
1.306		0.115003		0
1.307		0.114968		0
1.308		0.114932		0
1.309		0.114897		0
1.31		0.114862		0
1.311		0.114827		0
1.312		0.114792		0
1.313		0.114757		0
1.314		0.114722		0
1.315		0.114687		0
1.316		0.114652		0
1.317		0.114618		0
1.318		0.114583		0
1.319		0.114548		0
1.32		0.114514		0
1.321		0.114479		0
1.322		0.114444		0
1.323		0.11441		0
1.324		0.114376		0
1.325		0.114341		0
1.326		0.114307		0
1.327		0.114273		0
1.328		0.114238		0
1.329		0.114204		0
1.33		0.11417		0
1.331		0.114136		0
1.332		0.114102		0
1.333		0.114068		0
1.334		0.114034		0
1.335		0.114		0
1.336		0.113967		0
1.337		0.113933		0
1.338		0.113899		0
1.339		0.113865		0
1.34		0.113832		0
1.341		0.113798		0
1.342		0.113765		0
1.343		0.113731		0
1.344		0.113698		0
1.345		0.113664		0
1.346		0.113631		0
1.347		0.113598		0
1.348		0.113564		0
1.349		0.113531		0
1.35		0.113498		0
1.351		0.113465		0
1.352		0.113432		0
1.353		0.113399		0
1.354		0.113366		0
1.355		0.113333		0
1.356		0.1133		0
1.357		0.113267		0
1.358		0.113234		0
1.359		0.113201		0
1.36		0.113169		0
1.361		0.113136		0
1.362		0.113103		0
1.363		0.113071		0
1.364		0.113038		0
1.365		0.113006		0
1.366		0.112973		0
1.367		0.112941		0
1.368		0.112908		0
1.369		0.112876		0
1.37		0.112844		0
1.371		0.112811		0
1.372		0.112779		0
1.373		0.112747		0
1.374		0.112715		0
1.375		0.112683		0
1.376		0.112651		0
1.377		0.112619		0
1.378		0.112587		0
1.379		0.112555		0
1.38		0.112523		0
1.381		0.112491		0
1.382		0.112459		0
1.383		0.112427		0
1.384		0.112396		0
1.385		0.112364		0
1.386		0.112332		0
1.387		0.112301		0
1.388		0.112269		0
1.389		0.112238		0
1.39		0.112206		0
1.391		0.112175		0
1.392		0.112143		0
1.393		0.112112		0
1.394		0.11208		0
1.395		0.112049		0
1.396		0.112018		0
1.397		0.111987		0
1.398		0.111955		0
1.399		0.111924		0
1.4		0.111893		0
1.401		0.111862		0
1.402		0.111831		0
1.403		0.1118		0
1.404		0.111769		0
1.405		0.111738		0
1.406		0.111707		0
1.407		0.111676		0
1.408		0.111645		0
1.409		0.111614		0
1.41		0.111584		0
1.411		0.111553		0
1.412		0.111522		0
1.413		0.111491		0
1.414		0.111461		0
1.415		0.11143		0
1.416		0.1114		0
1.417		0.111369		0
1.418		0.111339		0
1.419		0.111308		0
1.42		0.111278		0
1.421		0.111247		0
1.422		0.111217		0
1.423		0.111187		0
1.424		0.111156		0
1.425		0.111126		0
1.426		0.111096		0
1.427		0.111066		0
1.428		0.111035		0
1.429		0.111005		0
1.43		0.110975		0
1.431		0.110945		0
1.432		0.110915		0
1.433		0.110885		0
1.434		0.110855		0
1.435		0.110825		0
1.436		0.110795		0
1.437		0.110765		0
1.438		0.110735		0
1.439		0.110706		0
1.44		0.110676		0
1.441		0.110646		0
1.442		0.110616		0
1.443		0.110587		0
1.444		0.110557		0
1.445		0.110527		0
1.446		0.110498		0
1.447		0.110468		0
1.448		0.110439		0
1.449		0.110409		0
1.45		0.11038		0
1.451		0.11035		0
1.452		0.110321		0
1.453		0.110291		0
1.454		0.110262		0
1.455		0.110233		0
1.456		0.110203		0
1.457		0.110174		0
1.458		0.110145		0
1.459		0.110115		0
1.46		0.110086		0
1.461		0.110057		0
1.462		0.110028		0
1.463		0.109999		0
1.464		0.10997		0
1.465		0.109941		0
1.466		0.109912		0
1.467		0.109883		0
1.468		0.109854		0
1.469		0.109825		0
1.47		0.109796		0
1.471		0.109767		0
1.472		0.109738		0
1.473		0.109709		0
1.474		0.10968		0
1.475		0.109651		0
1.476		0.109623		0
1.477		0.109594		0
1.478		0.109565		0
1.479		0.109537		0
1.48		0.109508		0
1.481		0.109479		0
1.482		0.109451		0
1.483		0.109422		0
1.484		0.109393		0
1.485		0.109365		0
1.486		0.109336		0
1.487		0.109308		0
1.488		0.109279		0
1.489		0.109251		0
1.49		0.109223		0
1.491		0.109194		0
1.492		0.109166		0
1.493		0.109138		0
1.494		0.109109		0
1.495		0.109081		0
1.496		0.109053		0
1.497		0.109024		0
1.498		0.108996		0
1.499		0.108968		0
1.5		0.10894		0
1.501		0.108912		0
1.502		0.108884		0
1.503		0.108855		0
1.504		0.108827		0
1.505		0.108799		0
1.506		0.108771		0
1.507		0.108743		0
1.508		0.108715		0
1.509		0.108687		0
1.51		0.108659		0
1.511		0.108632		0
1.512		0.108604		0
1.513		0.108576		0
1.514		0.108548		0
1.515		0.10852		0
1.516		0.108492		0
1.517		0.108465		0
1.518		0.108437		0
1.519		0.108409		0
1.52		0.108381		0
1.521		0.108354		0
1.522		0.108326		0
1.523		0.108298		0
1.524		0.108271		0
1.525		0.108243		0
1.526		0.108215		0
1.527		0.108188		0
1.528		0.10816		0
1.529		0.108133		0
1.53		0.108105		0
1.531		0.108078		0
1.532		0.10805		0
1.533		0.108023		0
1.534		0.107995		0
1.535		0.107968		0
1.536		0.107941		0
1.537		0.107913		0
1.538		0.107886		0
1.539		0.107859		0
1.54		0.107831		0
1.541		0.107804		0
1.542		0.107777		0
1.543		0.10775		0
1.544		0.107722		0
1.545		0.107695		0
1.546		0.107668		0
1.547		0.107641		0
1.548		0.107614		0
1.549		0.107587		0
1.55		0.107559		0
1.551		0.107532		0
1.552		0.107505		0
1.553		0.107478		0
1.554		0.107451		0
1.555		0.107424		0
1.556		0.107397		0
1.557		0.10737		0
1.558		0.107343		0
1.559		0.107316		0
1.56		0.107289		0
1.561		0.107262		0
1.562		0.107236		0
1.563		0.107209		0
1.564		0.107182		0
1.565		0.107155		0
1.566		0.107128		0
1.567		0.107101		0
1.568		0.107075		0
1.569		0.107048		0
1.57		0.107021		0
1.571		0.106994		0
1.572		0.106968		0
1.573		0.106941		0
1.574		0.106914		0
1.575		0.106888		0
1.576		0.106861		0
1.577		0.106834		0
1.578		0.106808		0
1.579		0.106781		0
1.58		0.106755		0
1.581		0.106728		0
1.582		0.106701		0
1.583		0.106675		0
1.584		0.106648		0
1.585		0.106622		0
1.586		0.106595		0
1.587		0.106569		0
1.588		0.106543		0
1.589		0.106516		0
1.59		0.10649		0
1.591		0.106463		0
1.592		0.106437		0
1.593		0.106411		0
1.594		0.106384		0
1.595		0.106358		0
1.596		0.106332		0
1.597		0.106305		0
1.598		0.106279		0
1.599		0.106253		0
1.6		0.106226		0
1.601		0.1062		0
1.602		0.106174		0
1.603		0.106148		0
1.604		0.106122		0
1.605		0.106095		0
1.606		0.106069		0
1.607		0.106043		0
1.608		0.106017		0
1.609		0.105991		0
1.61		0.105965		0
1.611		0.105939		0
1.612		0.105912		0
1.613		0.105886		0
1.614		0.10586		0
1.615		0.105834		0
1.616		0.105808		0
1.617		0.105782		0
1.618		0.105756		0
1.619		0.10573		0
1.62		0.105704		0
1.621		0.105678		0
1.622		0.105652		0
1.623		0.105626		0
1.624		0.1056		0
1.625		0.105575		0
1.626		0.105549		0
1.627		0.105523		0
1.628		0.105497		0
1.629		0.105471		0
1.63		0.105445		0
1.631		0.105419		0
1.632		0.105394		0
1.633		0.105368		0
1.634		0.105342		0
1.635		0.105316		0
1.636		0.10529		0
1.637		0.105265		0
1.638		0.105239		0
1.639		0.105213		0
1.64		0.105188		0
1.641		0.105162		0
1.642		0.105136		0
1.643		0.10511		0
1.644		0.105085		0
1.645		0.105059		0
1.646		0.105034		0
1.647		0.105008		0
1.648		0.104982		0
1.649		0.104957		0
1.65		0.104931		0
1.651		0.104906		0
1.652		0.10488		0
1.653		0.104854		0
1.654		0.104829		0
1.655		0.104803		0
1.656		0.104778		0
1.657		0.104752		0
1.658		0.104727		0
1.659		0.104701		0
1.66		0.104676		0
1.661		0.10465		0
1.662		0.104625		0
1.663		0.104599		0
1.664		0.104574		0
1.665		0.104549		0
1.666		0.104523		0
1.667		0.104498		0
1.668		0.104472		0
1.669		0.104447		0
1.67		0.104422		0
1.671		0.104396		0
1.672		0.104371		0
1.673		0.104346		0
1.674		0.10432		0
1.675		0.104295		0
1.676		0.10427		0
1.677		0.104244		0
1.678		0.104219		0
1.679		0.104194		0
1.68		0.104169		0
1.681		0.104143		0
1.682		0.104118		0
1.683		0.104093		0
1.684		0.104068		0
1.685		0.104042		0
1.686		0.104017		0
1.687		0.103992		0
1.688		0.103967		0
1.689		0.103942		0
1.69		0.103917		0
1.691		0.103891		0
1.692		0.103866		0
1.693		0.103841		0
1.694		0.103816		0
1.695		0.103791		0
1.696		0.103766		0
1.697		0.103741		0
1.698		0.103716		0
1.699		0.103691		0
1.7		0.103666		0
1.701		0.10364		0
1.702		0.103615		0
1.703		0.10359		0
1.704		0.103565		0
1.705		0.10354		0
1.706		0.103515		0
1.707		0.10349		0
1.708		0.103465		0
1.709		0.10344		0
1.71		0.103415		0
1.711		0.10339		0
1.712		0.103366		0
1.713		0.103341		0
1.714		0.103316		0
1.715		0.103291		0
1.716		0.103266		0
1.717		0.103241		0
1.718		0.103216		0
1.719		0.103191		0
1.72		0.103166		0
1.721		0.103141		0
1.722		0.103116		0
1.723		0.103092		0
1.724		0.103067		0
1.725		0.103042		0
1.726		0.103017		0
1.727		0.102992		0
1.728		0.102967		0
1.729		0.102943		0
1.73		0.102918		0
1.731		0.102893		0
1.732		0.102868		0
1.733		0.102843		0
1.734		0.102819		0
1.735		0.102794		0
1.736		0.102769		0
1.737		0.102744		0
1.738		0.10272		0
1.739		0.102695		0
1.74		0.10267		0
1.741		0.102645		0
1.742		0.102621		0
1.743		0.102596		0
1.744		0.102571		0
1.745		0.102547		0
1.746		0.102522		0
1.747		0.102497		0
1.748		0.102473		0
1.749		0.102448		0
1.75		0.102423		0
1.751		0.102399		0
1.752		0.102374		0
1.753		0.102349		0
1.754		0.102325		0
1.755		0.1023		0
1.756		0.102276		0
1.757		0.102251		0
1.758		0.102226		0
1.759		0.102202		0
1.76		0.102177		0
1.761		0.102153		0
1.762		0.102128		0
1.763		0.102104		0
1.764		0.102079		0
1.765		0.102055		0
1.766		0.10203		0
1.767		0.102005		0
1.768		0.101981		0
1.769		0.101956		0
1.77		0.101932		0
1.771		0.101907		0
1.772		0.101883		0
1.773		0.101858		0
1.774		0.101834		0
1.775		0.101809		0
1.776		0.101785		0
1.777		0.10176		0
1.778		0.101736		0
1.779		0.101712		0
1.78		0.101687		0
1.781		0.101663		0
1.782		0.101638		0
1.783		0.101614		0
1.784		0.101589		0
1.785		0.101565		0
1.786		0.101541		0
1.787		0.101516		0
1.788		0.101492		0
1.789		0.101467		0
1.79		0.101443		0
1.791		0.101419		0
1.792		0.101394		0
1.793		0.10137		0
1.794		0.101346		0
1.795		0.101321		0
1.796		0.101297		0
1.797		0.101272		0
1.798		0.101248		0
1.799		0.101224		0
1.8		0.101199		0
1.801		0.101175		0
1.802		0.101151		0
1.803		0.101127		0
1.804		0.101102		0
1.805		0.101078		0
1.806		0.101054		0
1.807		0.101029		0
1.808		0.101005		0
1.809		0.100981		0
1.81		0.100957		0
1.811		0.100932		0
1.812		0.100908		0
1.813		0.100884		0
1.814		0.100859		0
1.815		0.100835		0
1.816		0.100811		0
1.817		0.100787		0
1.818		0.100763		0
1.819		0.100738		0
1.82		0.100714		0
1.821		0.10069		0
1.822		0.100666		0
1.823		0.100641		0
1.824		0.100617		0
1.825		0.100593		0
1.826		0.100569		0
1.827		0.100545		0
1.828		0.10052		0
1.829		0.100496		0
1.83		0.100472		0
1.831		0.100448		0
1.832		0.100424		0
1.833		0.1004		0
1.834		0.100376		0
1.835		0.100351		0
1.836		0.100327		0
1.837		0.100303		0
1.838		0.100279		0
1.839		0.100255		0
1.84		0.100231		0
1.841		0.100207		0
1.842		0.100182		0
1.843		0.100158		0
1.844		0.100134		0
1.845		0.10011		0
1.846		0.100086		0
1.847		0.100062		0
1.848		0.100038		0
1.849		0.100014		0
1.85		0.0999897		0
1.851		0.0999656		0
1.852		0.0999416		0
1.853		0.0999175		0
1.854		0.0998934		0
1.855		0.0998694		0
1.856		0.0998453		0
1.857		0.0998213		0
1.858		0.0997972		0
1.859		0.0997732		0
1.86		0.0997492		0
1.861		0.0997251		0
1.862		0.0997011		0
1.863		0.0996771		0
1.864		0.0996531		0
1.865		0.0996291		0
1.866		0.099605		0
1.867		0.099581		0
1.868		0.099557		0
1.869		0.099533		0
1.87		0.099509		0
1.871		0.099485		0
1.872		0.0994611		0
1.873		0.0994371		0
1.874		0.0994131		0
1.875		0.0993891		0
1.876		0.0993651		0
1.877		0.0993412		0
1.878		0.0993172		0
1.879		0.0992932		0
1.88		0.0992693		0
1.881		0.0992453		0
1.882		0.0992214		0
1.883		0.0991974		0
1.884		0.0991735		0
1.885		0.0991496		0
1.886		0.0991256		0
1.887		0.0991017		0
1.888		0.0990778		0
1.889		0.0990538		0
1.89		0.0990299		0
1.891		0.099006		0
1.892		0.0989821		0
1.893		0.0989582		0
1.894		0.0989343		0
1.895		0.0989104		0
1.896		0.0988865		0
1.897		0.0988626		0
1.898		0.0988387		0
1.899		0.0988148		0
1.9		0.0987909		0
1.901		0.098767		0
1.902		0.0987432		0
1.903		0.0987193		0
1.904		0.0986954		0
1.905		0.0986715		0
1.906		0.0986477		0
1.907		0.0986238		0
1.908		0.0985999		0
1.909		0.0985761		0
1.91		0.0985522		0
1.911		0.0985284		0
1.912		0.0985045		0
1.913		0.0984807		0
1.914		0.0984569		0
1.915		0.098433		0
1.916		0.0984092		0
1.917		0.0983854		0
1.918		0.0983615		0
1.919		0.0983377		0
1.92		0.0983139		0
1.921		0.0982901		0
1.922		0.0982663		0
1.923		0.0982424		0
1.924		0.0982186		0
1.925		0.0981948		0
1.926		0.098171		0
1.927		0.0981472		0
1.928		0.0981234		0
1.929		0.0980996		0
1.93		0.0980758		0
1.931		0.098052		0
1.932		0.0980283		0
1.933		0.0980045		0
1.934		0.0979807		0
1.935		0.0979569		0
1.936		0.0979332		0
1.937		0.0979094		0
1.938		0.0978856		0
1.939		0.0978618		0
1.94		0.0978381		0
1.941		0.0978143		0
1.942		0.0977906		0
1.943		0.0977668		0
1.944		0.0977431		0
1.945		0.0977193		0
1.946		0.0976956		0
1.947		0.0976718		0
1.948		0.0976481		0
1.949		0.0976243		0
1.95		0.0976006		0
1.951		0.0975769		0
1.952		0.0975531		0
1.953		0.0975294		0
1.954		0.0975057		0
1.955		0.097482		0
1.956		0.0974582		0
1.957		0.0974345		0
1.958		0.0974108		0
1.959		0.0973871		0
1.96		0.0973634		0
1.961		0.0973397		0
1.962		0.097316		0
1.963		0.0972923		0
1.964		0.0972686		0
1.965		0.0972449		0
1.966		0.0972212		0
1.967		0.0971975		0
1.968		0.0971738		0
1.969		0.0971501		0
1.97		0.0971264		0
1.971		0.0971027		0
1.972		0.0970791		0
1.973		0.0970554		0
1.974		0.0970317		0
1.975		0.097008		0
1.976		0.0969844		0
1.977		0.0969607		0
1.978		0.096937		0
1.979		0.0969134		0
1.98		0.0968897		0
1.981		0.096866		0
1.982		0.0968424		0
1.983		0.0968187		0
1.984		0.0967951		0
1.985		0.0967714		0
1.986		0.0967478		0
1.987		0.0967241		0
1.988		0.0967005		0
1.989		0.0966769		0
1.99		0.0966532		0
1.991		0.0966296		0
1.992		0.0966059		0
1.993		0.0965823		0
1.994		0.0965587		0
1.995		0.0965351		0
1.996		0.0965114		0
1.997		0.0964878		0
1.998		0.0964642		0
1.999		0.0964406		0
2		0.0964169		0
2.001		0.0963933		0
2.002		0.0963697		0
2.003		0.0963461		0
2.004		0.0963225		0
2.005		0.0962989		0
2.006		0.0962753		0
2.007		0.0962517		0
2.008		0.0962281		0
2.009		0.0962045		0
2.01		0.0961809		0
2.011		0.0961573		0
2.012		0.0961337		0
2.013		0.0961101		0
2.014		0.0960865		0
2.015		0.0960629		0
2.016		0.0960394		0
2.017		0.0960158		0
2.018		0.0959922		0
2.019		0.0959686		0
2.02		0.095945		0
2.021		0.0959215		0
2.022		0.0958979		0
2.023		0.0958743		0
2.024		0.0958507		0
2.025		0.0958272		0
2.026		0.0958036		0
2.027		0.0957801		0
2.028		0.0957565		0
2.029		0.0957329		0
2.03		0.0957094		0
2.031		0.0956858		0
2.032		0.0956623		0
2.033		0.0956387		0
2.034		0.0956152		0
2.035		0.0955916		0
2.036		0.0955681		0
2.037		0.0955445		0
2.038		0.095521		0
2.039		0.0954974		0
2.04		0.0954739		0
2.041		0.0954504		0
2.042		0.0954268		0
2.043		0.0954033		0
2.044		0.0953798		0
2.045		0.0953562		0
2.046		0.0953327		0
2.047		0.0953092		0
2.048		0.0952857		0
2.049		0.0952621		0
2.05		0.0952386		0
2.051		0.0952151		0
2.052		0.0951916		0
2.053		0.0951681		0
2.054		0.0951446		0
2.055		0.095121		0
2.056		0.0950975		0
2.057		0.095074		0
2.058		0.0950505		0
2.059		0.095027		0
2.06		0.0950035		0
2.061		0.09498		0
2.062		0.0949565		0
2.063		0.094933		0
2.064		0.0949095		0
2.065		0.094886		0
2.066		0.0948625		0
2.067		0.094839		0
2.068		0.0948155		0
2.069		0.0947921		0
2.07		0.0947686		0
2.071		0.0947451		0
2.072		0.0947216		0
2.073		0.0946981		0
2.074		0.0946746		0
2.075		0.0946512		0
2.076		0.0946277		0
2.077		0.0946042		0
2.078		0.0945807		0
2.079		0.0945573		0
2.08		0.0945338		0
2.081		0.0945103		0
2.082		0.0944869		0
2.083		0.0944634		0
2.084		0.0944399		0
2.085		0.0944165		0
2.086		0.094393		0
2.087		0.0943695		0
2.088		0.0943461		0
2.089		0.0943226		0
2.09		0.0942992		0
2.091		0.0942757		0
2.092		0.0942523		0
2.093		0.0942288		0
2.094		0.0942054		0
2.095		0.0941819		0
2.096		0.0941585		0
2.097		0.094135		0
2.098		0.0941116		0
2.099		0.0940882		0
2.1		0.0940647		0
2.101		0.0940413		0
2.102		0.0940178		0
2.103		0.0939944		0
2.104		0.093971		0
2.105		0.0939476		0
2.106		0.0939241		0
2.107		0.0939007		0
2.108		0.0938773		0
2.109		0.0938538		0
2.11		0.0938304		0
2.111		0.093807		0
2.112		0.0937836		0
2.113		0.0937602		0
2.114		0.0937367		0
2.115		0.0937133		0
2.116		0.0936899		0
2.117		0.0936665		0
2.118		0.0936431		0
2.119		0.0936197		0
2.12		0.0935963		0
2.121		0.0935729		0
2.122		0.0935495		0
2.123		0.0935261		0
2.124		0.0935027		0
2.125		0.0934793		0
2.126		0.0934559		0
2.127		0.0934325		0
2.128		0.0934091		0
2.129		0.0933857		0
2.13		0.0933623		0
2.131		0.0933389		0
2.132		0.0933155		0
2.133		0.0932921		0
2.134		0.0932687		0
2.135		0.0932453		0
2.136		0.0932219		0
2.137		0.0931986		0
2.138		0.0931752		0
2.139		0.0931518		0
2.14		0.0931284		0
2.141		0.093105		0
2.142		0.0930817		0
2.143		0.0930583		0
2.144		0.0930349		0
2.145		0.0930115		0
2.146		0.0929882		0
2.147		0.0929648		0
2.148		0.0929414		0
2.149		0.0929181		0
2.15		0.0928947		0
2.151		0.0928713		0
2.152		0.092848		0
2.153		0.0928246		0
2.154		0.0928013		0
2.155		0.0927779		0
2.156		0.0927545		0
2.157		0.0927312		0
2.158		0.0927078		0
2.159		0.0926845		0
2.16		0.0926611		0
2.161		0.0926378		0
2.162		0.0926144		0
2.163		0.0925911		0
2.164		0.0925677		0
2.165		0.0925444		0
2.166		0.0925211		0
2.167		0.0924977		0
2.168		0.0924744		0
2.169		0.092451		0
2.17		0.0924277		0
2.171		0.0924044		0
2.172		0.092381		0
2.173		0.0923577		0
2.174		0.0923344		0
2.175		0.0923111		0
2.176		0.0922877		0
2.177		0.0922644		0
2.178		0.0922411		0
2.179		0.0922178		0
2.18		0.0921944		0
2.181		0.0921711		0
2.182		0.0921478		0
2.183		0.0921245		0
2.184		0.0921012		0
2.185		0.0920778		0
2.186		0.0920545		0
2.187		0.0920312		0
2.188		0.0920079		0
2.189		0.0919846		0
2.19		0.0919613		0
2.191		0.091938		0
2.192		0.0919147		0
2.193		0.0918914		0
2.194		0.0918681		0
2.195		0.0918448		0
2.196		0.0918215		0
2.197		0.0917982		0
2.198		0.0917749		0
2.199		0.0917516		0
2.2		0.0917283		0
2.201		0.091705		0
2.202		0.0916817		0
2.203		0.0916584		0
2.204		0.0916351		0
2.205		0.0916118		0
2.206		0.0915886		0
2.207		0.0915653		0
2.208		0.091542		0
2.209		0.0915187		0
2.21		0.0914954		0
2.211		0.0914722		0
2.212		0.0914489		0
2.213		0.0914256		0
2.214		0.0914023		0
2.215		0.0913791		0
2.216		0.0913558		0
2.217		0.0913325		0
2.218		0.0913093		0
2.219		0.091286		0
2.22		0.0912627		0
2.221		0.0912395		0
2.222		0.0912162		0
2.223		0.0911929		0
2.224		0.0911697		0
2.225		0.0911464		0
2.226		0.0911232		0
2.227		0.0910999		0
2.228		0.0910767		0
2.229		0.0910534		0
2.23		0.0910302		0
2.231		0.0910069		0
2.232		0.0909837		0
2.233		0.0909604		0
2.234		0.0909372		0
2.235		0.0909139		0
2.236		0.0908907		0
2.237		0.0908674		0
2.238		0.0908442		0
2.239		0.090821		0
2.24		0.0907977		0
2.241		0.0907745		0
2.242		0.0907513		0
2.243		0.090728		0
2.244		0.0907048		0
2.245		0.0906816		0
2.246		0.0906584		0
2.247		0.0906351		0
2.248		0.0906119		0
2.249		0.0905887		0
2.25		0.0905655		0
2.251		0.0905422		0
2.252		0.090519		0
2.253		0.0904958		0
2.254		0.0904726		0
2.255		0.0904494		0
2.256		0.0904262		0
2.257		0.090403		0
2.258		0.0903797		0
2.259		0.0903565		0
2.26		0.0903333		0
2.261		0.0903101		0
2.262		0.0902869		0
2.263		0.0902637		0
2.264		0.0902405		0
2.265		0.0902173		0
2.266		0.0901941		0
2.267		0.0901709		0
2.268		0.0901477		0
2.269		0.0901245		0
2.27		0.0901014		0
2.271		0.0900782		0
2.272		0.090055		0
2.273		0.0900318		0
2.274		0.0900086		0
2.275		0.0899854		0
2.276		0.0899622		0
2.277		0.0899391		0
2.278		0.0899159		0
2.279		0.0898927		0
2.28		0.0898695		0
2.281		0.0898464		0
2.282		0.0898232		0
2.283		0.0898		0
2.284		0.0897768		0
2.285		0.0897537		0
2.286		0.0897305		0
2.287		0.0897073		0
2.288		0.0896842		0
2.289		0.089661		0
2.29		0.0896379		0
2.291		0.0896147		0
2.292		0.0895915		0
2.293		0.0895684		0
2.294		0.0895452		0
2.295		0.0895221		0
2.296		0.0894989		0
2.297		0.0894758		0
2.298		0.0894526		0
2.299		0.0894295		0
2.3		0.0894063		0
2.301		0.0893832		0
2.302		0.0893601		0
2.303		0.0893369		0
2.304		0.0893138		0
2.305		0.0892907		0
2.306		0.0892675		0
2.307		0.0892444		0
2.308		0.0892213		0
2.309		0.0891981		0
2.31		0.089175		0
2.311		0.0891519		0
2.312		0.0891287		0
2.313		0.0891056		0
2.314		0.0890825		0
2.315		0.0890594		0
2.316		0.0890363		0
2.317		0.0890131		0
2.318		0.08899		0
2.319		0.0889669		0
2.32		0.0889438		0
2.321		0.0889207		0
2.322		0.0888976		0
2.323		0.0888745		0
2.324		0.0888514		0
2.325		0.0888283		0
2.326		0.0888052		0
2.327		0.0887821		0
2.328		0.088759		0
2.329		0.0887359		0
2.33		0.0887128		0
2.331		0.0886897		0
2.332		0.0886666		0
2.333		0.0886435		0
2.334		0.0886204		0
2.335		0.0885973		0
2.336		0.0885742		0
2.337		0.0885512		0
2.338		0.0885281		0
2.339		0.088505		0
2.34		0.0884819		0
2.341		0.0884588		0
2.342		0.0884358		0
2.343		0.0884127		0
2.344		0.0883896		0
2.345		0.0883666		0
2.346		0.0883435		0
2.347		0.0883204		0
2.348		0.0882974		0
2.349		0.0882743		0
2.35		0.0882512		0
2.351		0.0882282		0
2.352		0.0882051		0
2.353		0.0881821		0
2.354		0.088159		0
2.355		0.088136		0
2.356		0.0881129		0
2.357		0.0880899		0
2.358		0.0880668		0
2.359		0.0880438		0
2.36		0.0880207		0
2.361		0.0879977		0
2.362		0.0879747		0
2.363		0.0879516		0
2.364		0.0879286		0
2.365		0.0879055		0
2.366		0.0878825		0
2.367		0.0878595		0
2.368		0.0878365		0
2.369		0.0878134		0
2.37		0.0877904		0
2.371		0.0877674		0
2.372		0.0877444		0
2.373		0.0877213		0
2.374		0.0876983		0
2.375		0.0876753		0
2.376		0.0876523		0
2.377		0.0876293		0
2.378		0.0876063		0
2.379		0.0875833		0
2.38		0.0875603		0
2.381		0.0875373		0
2.382		0.0875143		0
2.383		0.0874913		0
2.384		0.0874683		0
2.385		0.0874453		0
2.386		0.0874223		0
2.387		0.0873993		0
2.388		0.0873763		0
2.389		0.0873533		0
2.39		0.0873303		0
2.391		0.0873073		0
2.392		0.0872843		0
2.393		0.0872614		0
2.394		0.0872384		0
2.395		0.0872154		0
2.396		0.0871924		0
2.397		0.0871694		0
2.398		0.0871465		0
2.399		0.0871235		0
2.4		0.0871005		0
2.401		0.0870776		0
2.402		0.0870546		0
2.403		0.0870316		0
2.404		0.0870087		0
2.405		0.0869857		0
2.406		0.0869628		0
2.407		0.0869398		0
2.408		0.0869169		0
2.409		0.0868939		0
2.41		0.086871		0
2.411		0.086848		0
2.412		0.0868251		0
2.413		0.0868021		0
2.414		0.0867792		0
2.415		0.0867562		0
2.416		0.0867333		0
2.417		0.0867104		0
2.418		0.0866874		0
2.419		0.0866645		0
2.42		0.0866416		0
2.421		0.0866187		0
2.422		0.0865957		0
2.423		0.0865728		0
2.424		0.0865499		0
2.425		0.086527		0
2.426		0.0865041		0
2.427		0.0864811		0
2.428		0.0864582		0
2.429		0.0864353		0
2.43		0.0864124		0
2.431		0.0863895		0
2.432		0.0863666		0
2.433		0.0863437		0
2.434		0.0863208		0
2.435		0.0862979		0
2.436		0.086275		0
2.437		0.0862521		0
2.438		0.0862292		0
2.439		0.0862063		0
2.44		0.0861835		0
2.441		0.0861606		0
2.442		0.0861377		0
2.443		0.0861148		0
2.444		0.0860919		0
2.445		0.0860691		0
2.446		0.0860462		0
2.447		0.0860233		0
2.448		0.0860004		0
2.449		0.0859776		0
2.45		0.0859547		0
2.451		0.0859318		0
2.452		0.085909		0
2.453		0.0858861		0
2.454		0.0858633		0
2.455		0.0858404		0
2.456		0.0858176		0
2.457		0.0857947		0
2.458		0.0857719		0
2.459		0.085749		0
2.46		0.0857262		0
2.461		0.0857033		0
2.462		0.0856805		0
2.463		0.0856576		0
2.464		0.0856348		0
2.465		0.085612		0
2.466		0.0855891		0
2.467		0.0855663		0
2.468		0.0855435		0
2.469		0.0855207		0
2.47		0.0854979		0
2.471		0.085475		0
2.472		0.0854522		0
2.473		0.0854294		0
2.474		0.0854066		0
2.475		0.0853838		0
2.476		0.085361		0
2.477		0.0853382		0
2.478		0.0853154		0
2.479		0.0852926		0
2.48		0.0852698		0
2.481		0.085247		0
2.482		0.0852242		0
2.483		0.0852014		0
2.484		0.0851786		0
2.485		0.0851558		0
2.486		0.085133		0
2.487		0.0851102		0
2.488		0.0850875		0
2.489		0.0850647		0
2.49		0.0850419		0
2.491		0.0850191		0
2.492		0.0849964		0
2.493		0.0849736		0
2.494		0.0849508		0
2.495		0.0849281		0
2.496		0.0849053		0
2.497		0.0848825		0
2.498		0.0848598		0
2.499		0.084837		0
2.5		0.0848143		0
2.501		0.0847915		0
2.502		0.0847688		0
2.503		0.084746		0
2.504		0.0847233		0
2.505		0.0847005		0
2.506		0.0846778		0
2.507		0.0846551		0
2.508		0.0846323		0
2.509		0.0846096		0
2.51		0.0845869		0
2.511		0.0845642		0
2.512		0.0845414		0
2.513		0.0845187		0
2.514		0.084496		0
2.515		0.0844733		0
2.516		0.0844506		0
2.517		0.0844279		0
2.518		0.0844051		0
2.519		0.0843824		0
2.52		0.0843597		0
2.521		0.084337		0
2.522		0.0843143		0
2.523		0.0842916		0
2.524		0.084269		0
2.525		0.0842463		0
2.526		0.0842236		0
2.527		0.0842009		0
2.528		0.0841782		0
2.529		0.0841555		0
2.53		0.0841328		0
2.531		0.0841102		0
2.532		0.0840875		0
2.533		0.0840648		0
2.534		0.0840422		0
2.535		0.0840195		0
2.536		0.0839968		0
2.537		0.0839742		0
2.538		0.0839515		0
2.539		0.0839289		0
2.54		0.0839062		0
2.541		0.0838836		0
2.542		0.0838609		0
2.543		0.0838383		0
2.544		0.0838156		0
2.545		0.083793		0
2.546		0.0837703		0
2.547		0.0837477		0
2.548		0.0837251		0
2.549		0.0837024		0
2.55		0.0836798		0
2.551		0.0836572		0
2.552		0.0836346		0
2.553		0.0836119		0
2.554		0.0835893		0
2.555		0.0835667		0
2.556		0.0835441		0
2.557		0.0835215		0
2.558		0.0834989		0
2.559		0.0834763		0
2.56		0.0834537		0
2.561		0.0834311		0
2.562		0.0834085		0
2.563		0.0833859		0
2.564		0.0833633		0
2.565		0.0833407		0
2.566		0.0833181		0
2.567		0.0832956		0
2.568		0.083273		0
2.569		0.0832504		0
2.57		0.0832278		0
2.571		0.0832053		0
2.572		0.0831827		0
2.573		0.0831601		0
2.574		0.0831376		0
2.575		0.083115		0
2.576		0.0830924		0
2.577		0.0830699		0
2.578		0.0830473		0
2.579		0.0830248		0
2.58		0.0830022		0
2.581		0.0829797		0
2.582		0.0829572		0
2.583		0.0829346		0
2.584		0.0829121		0
2.585		0.0828896		0
2.586		0.082867		0
2.587		0.0828445		0
2.588		0.082822		0
2.589		0.0827995		0
2.59		0.0827769		0
2.591		0.0827544		0
2.592		0.0827319		0
2.593		0.0827094		0
2.594		0.0826869		0
2.595		0.0826644		0
2.596		0.0826419		0
2.597		0.0826194		0
2.598		0.0825969		0
2.599		0.0825744		0
2.6		0.0825519		0
2.601		0.0825294		0
2.602		0.0825069		0
2.603		0.0824845		0
2.604		0.082462		0
2.605		0.0824395		0
2.606		0.082417		0
2.607		0.0823946		0
2.608		0.0823721		0
2.609		0.0823496		0
2.61		0.0823272		0
2.611		0.0823047		0
2.612		0.0822823		0
2.613		0.0822598		0
2.614		0.0822374		0
2.615		0.0822149		0
2.616		0.0821925		0
2.617		0.08217		0
2.618		0.0821476		0
2.619		0.0821251		0
2.62		0.0821027		0
2.621		0.0820803		0
2.622		0.0820579		0
2.623		0.0820354		0
2.624		0.082013		0
2.625		0.0819906		0
2.626		0.0819682		0
2.627		0.0819458		0
2.628		0.0819234		0
2.629		0.081901		0
2.63		0.0818786		0
2.631		0.0818562		0
2.632		0.0818338		0
2.633		0.0818114		0
2.634		0.081789		0
2.635		0.0817666		0
2.636		0.0817442		0
2.637		0.0817218		0
2.638		0.0816994		0
2.639		0.0816771		0
2.64		0.0816547		0
2.641		0.0816323		0
2.642		0.08161		0
2.643		0.0815876		0
2.644		0.0815652		0
2.645		0.0815429		0
2.646		0.0815205		0
2.647		0.0814982		0
2.648		0.0814758		0
2.649		0.0814535		0
2.65		0.0814312		0
2.651		0.0814088		0
2.652		0.0813865		0
2.653		0.0813641		0
2.654		0.0813418		0
2.655		0.0813195		0
2.656		0.0812972		0
2.657		0.0812748		0
2.658		0.0812525		0
2.659		0.0812302		0
2.66		0.0812079		0
2.661		0.0811856		0
2.662		0.0811633		0
2.663		0.081141		0
2.664		0.0811187		0
2.665		0.0810964		0
2.666		0.0810741		0
2.667		0.0810518		0
2.668		0.0810295		0
2.669		0.0810073		0
2.67		0.080985		0
2.671		0.0809627		0
2.672		0.0809404		0
2.673		0.0809182		0
2.674		0.0808959		0
2.675		0.0808736		0
2.676		0.0808514		0
2.677		0.0808291		0
2.678		0.0808069		0
2.679		0.0807846		0
2.68		0.0807624		0
2.681		0.0807401		0
2.682		0.0807179		0
2.683		0.0806956		0
2.684		0.0806734		0
2.685		0.0806512		0
2.686		0.080629		0
2.687		0.0806067		0
2.688		0.0805845		0
2.689		0.0805623		0
2.69		0.0805401		0
2.691		0.0805179		0
2.692		0.0804957		0
2.693		0.0804735		0
2.694		0.0804513		0
2.695		0.0804291		0
2.696		0.0804069		0
2.697		0.0803847		0
2.698		0.0803625		0
2.699		0.0803403		0
2.7		0.0803181		0
2.701		0.0802959		0
2.702		0.0802738		0
2.703		0.0802516		0
2.704		0.0802294		0
2.705		0.0802073		0
2.706		0.0801851		0
2.707		0.0801629		0
2.708		0.0801408		0
2.709		0.0801186		0
2.71		0.0800965		0
2.711		0.0800743		0
2.712		0.0800522		0
2.713		0.0800301		0
2.714		0.0800079		0
2.715		0.0799858		0
2.716		0.0799637		0
2.717		0.0799416		0
2.718		0.0799194		0
2.719		0.0798973		0
2.72		0.0798752		0
2.721		0.0798531		0
2.722		0.079831		0
2.723		0.0798089		0
2.724		0.0797868		0
2.725		0.0797647		0
2.726		0.0797426		0
2.727		0.0797205		0
2.728		0.0796984		0
2.729		0.0796763		0
2.73		0.0796543		0
2.731		0.0796322		0
2.732		0.0796101		0
2.733		0.079588		0
2.734		0.079566		0
2.735		0.0795439		0
2.736		0.0795218		0
2.737		0.0794998		0
2.738		0.0794777		0
2.739		0.0794557		0
2.74		0.0794337		0
2.741		0.0794116		0
2.742		0.0793896		0
2.743		0.0793675		0
2.744		0.0793455		0
2.745		0.0793235		0
2.746		0.0793015		0
2.747		0.0792794		0
2.748		0.0792574		0
2.749		0.0792354		0
2.75		0.0792134		0
2.751		0.0791914		0
2.752		0.0791694		0
2.753		0.0791474		0
2.754		0.0791254		0
2.755		0.0791034		0
2.756		0.0790814		0
2.757		0.0790594		0
2.758		0.0790374		0
2.759		0.0790155		0
2.76		0.0789935		0
2.761		0.0789715		0
2.762		0.0789496		0
2.763		0.0789276		0
2.764		0.0789056		0
2.765		0.0788837		0
2.766		0.0788617		0
2.767		0.0788398		0
2.768		0.0788178		0
2.769		0.0787959		0
2.77		0.078774		0
2.771		0.078752		0
2.772		0.0787301		0
2.773		0.0787082		0
2.774		0.0786862		0
2.775		0.0786643		0
2.776		0.0786424		0
2.777		0.0786205		0
2.778		0.0785986		0
2.779		0.0785767		0
2.78		0.0785548		0
2.781		0.0785329		0
2.782		0.078511		0
2.783		0.0784891		0
2.784		0.0784672		0
2.785		0.0784453		0
2.786		0.0784234		0
2.787		0.0784016		0
2.788		0.0783797		0
2.789		0.0783578		0
2.79		0.078336		0
2.791		0.0783141		0
2.792		0.0782922		0
2.793		0.0782704		0
2.794		0.0782485		0
2.795		0.0782267		0
2.796		0.0782049		0
2.797		0.078183		0
2.798		0.0781612		0
2.799		0.0781394		0
2.8		0.0781175		0
2.801		0.0780957		0
2.802		0.0780739		0
2.803		0.0780521		0
2.804		0.0780303		0
2.805		0.0780084		0
2.806		0.0779866		0
2.807		0.0779648		0
2.808		0.077943		0
2.809		0.0779213		0
2.81		0.0778995		0
2.811		0.0778777		0
2.812		0.0778559		0
2.813		0.0778341		0
2.814		0.0778123		0
2.815		0.0777906		0
2.816		0.0777688		0
2.817		0.077747		0
2.818		0.0777253		0
2.819		0.0777035		0
2.82		0.0776818		0
2.821		0.07766		0
2.822		0.0776383		0
2.823		0.0776165		0
2.824		0.0775948		0
2.825		0.0775731		0
2.826		0.0775513		0
2.827		0.0775296		0
2.828		0.0775079		0
2.829		0.0774862		0
2.83		0.0774645		0
2.831		0.0774428		0
2.832		0.0774211		0
2.833		0.0773994		0
2.834		0.0773777		0
2.835		0.077356		0
2.836		0.0773343		0
2.837		0.0773126		0
2.838		0.0772909		0
2.839		0.0772692		0
2.84		0.0772476		0
2.841		0.0772259		0
2.842		0.0772042		0
2.843		0.0771826		0
2.844		0.0771609		0
2.845		0.0771392		0
2.846		0.0771176		0
2.847		0.077096		0
2.848		0.0770743		0
2.849		0.0770527		0
2.85		0.077031		0
2.851		0.0770094		0
2.852		0.0769878		0
2.853		0.0769662		0
2.854		0.0769445		0
2.855		0.0769229		0
2.856		0.0769013		0
2.857		0.0768797		0
2.858		0.0768581		0
2.859		0.0768365		0
2.86		0.0768149		0
2.861		0.0767933		0
2.862		0.0767717		0
2.863		0.0767501		0
2.864		0.0767286		0
2.865		0.076707		0
2.866		0.0766854		0
2.867		0.0766639		0
2.868		0.0766423		0
2.869		0.0766207		0
2.87		0.0765992		0
2.871		0.0765776		0
2.872		0.0765561		0
2.873		0.0765345		0
2.874		0.076513		0
2.875		0.0764915		0
2.876		0.0764699		0
2.877		0.0764484		0
2.878		0.0764269		0
2.879		0.0764054		0
2.88		0.0763839		0
2.881		0.0763623		0
2.882		0.0763408		0
2.883		0.0763193		0
2.884		0.0762978		0
2.885		0.0762763		0
2.886		0.0762549		0
2.887		0.0762334		0
2.888		0.0762119		0
2.889		0.0761904		0
2.89		0.0761689		0
2.891		0.0761475		0
2.892		0.076126		0
2.893		0.0761045		0
2.894		0.0760831		0
2.895		0.0760616		0
2.896		0.0760402		0
2.897		0.0760187		0
2.898		0.0759973		0
2.899		0.0759759		0
2.9		0.0759544		0
2.901		0.075933		0
2.902		0.0759116		0
2.903		0.0758902		0
2.904		0.0758687		0
2.905		0.0758473		0
2.906		0.0758259		0
2.907		0.0758045		0
2.908		0.0757831		0
2.909		0.0757617		0
2.91		0.0757403		0
2.911		0.0757189		0
2.912		0.0756976		0
2.913		0.0756762		0
2.914		0.0756548		0
2.915		0.0756334		0
2.916		0.0756121		0
2.917		0.0755907		0
2.918		0.0755694		0
2.919		0.075548		0
2.92		0.0755267		0
2.921		0.0755053		0
2.922		0.075484		0
2.923		0.0754626		0
2.924		0.0754413		0
2.925		0.07542		0
2.926		0.0753987		0
2.927		0.0753773		0
2.928		0.075356		0
2.929		0.0753347		0
2.93		0.0753134		0
2.931		0.0752921		0
2.932		0.0752708		0
2.933		0.0752495		0
2.934		0.0752282		0
2.935		0.0752069		0
2.936		0.0751856		0
2.937		0.0751644		0
2.938		0.0751431		0
2.939		0.0751218		0
2.94		0.0751006		0
2.941		0.0750793		0
2.942		0.0750581		0
2.943		0.0750368		0
2.944		0.0750156		0
2.945		0.0749943		0
2.946		0.0749731		0
2.947		0.0749518		0
2.948		0.0749306		0
2.949		0.0749094		0
2.95		0.0748882		0
2.951		0.0748669		0
2.952		0.0748457		0
2.953		0.0748245		0
2.954		0.0748033		0
2.955		0.0747821		0
2.956		0.0747609		0
2.957		0.0747397		0
2.958		0.0747185		0
2.959		0.0746974		0
2.96		0.0746762		0
2.961		0.074655		0
2.962		0.0746338		0
2.963		0.0746127		0
2.964		0.0745915		0
2.965		0.0745704		0
2.966		0.0745492		0
2.967		0.0745281		0
2.968		0.0745069		0
2.969		0.0744858		0
2.97		0.0744646		0
2.971		0.0744435		0
2.972		0.0744224		0
2.973		0.0744013		0
2.974		0.0743802		0
2.975		0.074359		0
2.976		0.0743379		0
2.977		0.0743168		0
2.978		0.0742957		0
2.979		0.0742746		0
2.98		0.0742535		0
2.981		0.0742325		0
2.982		0.0742114		0
2.983		0.0741903		0
2.984		0.0741692		0
2.985		0.0741482		0
2.986		0.0741271		0
2.987		0.074106		0
2.988		0.074085		0
2.989		0.0740639		0
2.99		0.0740429		0
2.991		0.0740218		0
2.992		0.0740008		0
2.993		0.0739798		0
2.994		0.0739587		0
2.995		0.0739377		0
2.996		0.0739167		0
2.997		0.0738957		0
2.998		0.0738747		0
2.999		0.0738537		0
3		0.0738327		0
