0.001		0.114739		0
0.002		0.133637		0
0.003		0.10896		0
0.004		0.0848568		0
0.005		0.0659579		0
0.006		0.0519216		0
0.007		0.0416037		0
0.008		0.0340085		0
0.009		0.028423		0
0.01		0.0243634		0
0.011		0.0215032		0
0.012		0.0196179		0
0.013		0.0185478		0
0.014		0.0181735		0
0.015		0.0184006		0
0.016		0.0191498		0
0.017		0.0203514		0
0.018		0.0219419		0
0.019		0.0238624		0
0.02		0.0260577		0
0.021		0.0284766		0
0.022		0.0310714		0
0.023		0.0337987		0
0.024		0.0366192		0
0.025		0.0394978		0
0.026		0.0424039		0
0.027		0.0453112		0
0.028		0.0481975		0
0.029		0.0510442		0
0.03		0.0538367		0
0.031		0.0565634		0
0.032		0.0592155		0
0.033		0.061787		0
0.034		0.0642741		0
0.035		0.0666746		0
0.036		0.0689882		0
0.037		0.0712157		0
0.038		0.0733589		0
0.039		0.0754205		0
0.04		0.0774038		0
0.041		0.0793125		0
0.042		0.0811506		0
0.043		0.0829223		0
0.044		0.0846318		0
0.045		0.0862834		0
0.046		0.0878812		0
0.047		0.0894291		0
0.048		0.0909312		0
0.049		0.092391		0
0.05		0.0938121		0
0.051		0.0951976		0
0.052		0.0965507		0
0.053		0.0978741		0
0.054		0.0991704		0
0.055		0.100442		0
0.056		0.101691		0
0.057		0.10292		0
0.058		0.10413		0
0.059		0.105323		0
0.06		0.106501		0
0.061		0.107664		0
0.062		0.108815		0
0.063		0.109953		0
0.064		0.111081		0
0.065		0.1122		0
0.066		0.113309		0
0.067		0.114409		0
0.068		0.115503		0
0.069		0.116589		0
0.07		0.117668		0
0.071		0.118742		0
0.072		0.119811		0
0.073		0.120874		0
0.074		0.121933		0
0.075		0.122987		0
0.076		0.124038		0
0.077		0.125085		0
0.078		0.126129		0
0.079		0.12717		0
0.08		0.128208		0
0.081		0.129244		0
0.082		0.130278		0
0.083		0.131311		0
0.084		0.132341		0
0.085		0.133371		0
0.086		0.134399		0
0.087		0.135426		0
0.088		0.136453		0
0.089		0.13748		0
0.09		0.138506		0
0.091		0.139533		0
0.092		0.140559		0
0.093		0.141587		0
0.094		0.142615		0
0.095		0.143643		0
0.096		0.144673		0
0.097		0.145705		0
0.098		0.146737		0
0.099		0.147771		0
0.1		0.148807		0
0.101		0.149845		0
0.102		0.150885		0
0.103		0.151927		0
0.104		0.152971		0
0.105		0.154017		0
0.106		0.155066		0
0.107		0.156118		0
0.108		0.157172		0
0.109		0.15823		0
0.11		0.159289		0
0.111		0.160352		0
0.112		0.161418		0
0.113		0.162486		0
0.114		0.163558		0
0.115		0.164632		0
0.116		0.165709		0
0.117		0.16679		0
0.118		0.167873		0
0.119		0.168959		0
0.12		0.170048		0
0.121		0.17114		0
0.122		0.172234		0
0.123		0.173331		0
0.124		0.174431		0
0.125		0.175534		0
0.126		0.176638		0
0.127		0.177746		0
0.128		0.178855		0
0.129		0.179967		0
0.13		0.18108		0
0.131		0.182196		0
0.132		0.183313		0
0.133		0.184432		0
0.134		0.185552		0
0.135		0.186674		0
0.136		0.187797		0
0.137		0.188921		0
0.138		0.190046		0
0.139		0.191171		0
0.14		0.192297		0
0.141		0.193423		0
0.142		0.19455		0
0.143		0.195676		0
0.144		0.196802		0
0.145		0.197928		0
0.146		0.199054		0
0.147		0.200178		0
0.148		0.201302		0
0.149		0.202424		0
0.15		0.203546		0
0.151		0.204665		0
0.152		0.205783		0
0.153		0.206899		0
0.154		0.208013		0
0.155		0.209125		0
0.156		0.210234		0
0.157		0.211341		0
0.158		0.212444		0
0.159		0.213545		0
0.16		0.214642		0
0.161		0.215736		0
0.162		0.216826		0
0.163		0.217913		0
0.164		0.218995		0
0.165		0.220073		0
0.166		0.221147		0
0.167		0.222217		0
0.168		0.223281		0
0.169		0.224341		0
0.17		0.225396		0
0.171		0.226446		0
0.172		0.22749		0
0.173		0.228528		0
0.174		0.229561		0
0.175		0.230588		0
0.176		0.231609		0
0.177		0.232624		0
0.178		0.233633		0
0.179		0.234635		0
0.18		0.235631		0
0.181		0.23662		0
0.182		0.237602		0
0.183		0.238577		0
0.184		0.239545		0
0.185		0.240505		0
0.186		0.241459		0
0.187		0.242405		0
0.188		0.243343		0
0.189		0.244273		0
0.19		0.245196		0
0.191		0.246111		0
0.192		0.247018		0
0.193		0.247917		0
0.194		0.248807		0
0.195		0.24969		0
0.196		0.250564		0
0.197		0.251429		0
0.198		0.252286		0
0.199		0.253135		0
0.2		0.253974		0
0.201		0.254805		0
0.202		0.255628		0
0.203		0.256441		0
0.204		0.257245		0
0.205		0.258041		0
0.206		0.258827		0
0.207		0.259605		0
0.208		0.260373		0
0.209		0.261132		0
0.21		0.261882		0
0.211		0.262623		0
0.212		0.263354		0
0.213		0.264076		0
0.214		0.264789		0
0.215		0.265493		0
0.216		0.266187		0
0.217		0.266871		0
0.218		0.267547		0
0.219		0.268212		0
0.22		0.268869		0
0.221		0.269516		0
0.222		0.270153		0
0.223		0.270782		0
0.224		0.2714		0
0.225		0.272009		0
0.226		0.272609		0
0.227		0.2732		0
0.228		0.27378		0
0.229		0.274352		0
0.23		0.274914		0
0.231		0.275467		0
0.232		0.27601		0
0.233		0.276544		0
0.234		0.277069		0
0.235		0.277584		0
0.236		0.27809		0
0.237		0.278587		0
0.238		0.279075		0
0.239		0.279553		0
0.24		0.280023		0
0.241		0.280483		0
0.242		0.280934		0
0.243		0.281376		0
0.244		0.281809		0
0.245		0.282233		0
0.246		0.282648		0
0.247		0.283054		0
0.248		0.283451		0
0.249		0.28384		0
0.25		0.284219		0
0.251		0.28459		0
0.252		0.284953		0
0.253		0.285306		0
0.254		0.285651		0
0.255		0.285988		0
0.256		0.286316		0
0.257		0.286636		0
0.258		0.286947		0
0.259		0.287251		0
0.26		0.287545		0
0.261		0.287832		0
0.262		0.288111		0
0.263		0.288381		0
0.264		0.288644		0
0.265		0.288898		0
0.266		0.289145		0
0.267		0.289383		0
0.268		0.289614		0
0.269		0.289838		0
0.27		0.290053		0
0.271		0.290261		0
0.272		0.290462		0
0.273		0.290655		0
0.274		0.290841		0
0.275		0.291019		0
0.276		0.29119		0
0.277		0.291354		0
0.278		0.291511		0
0.279		0.291661		0
0.28		0.291804		0
0.281		0.291939		0
0.282		0.292068		0
0.283		0.29219		0
0.284		0.292306		0
0.285		0.292415		0
0.286		0.292517		0
0.287		0.292612		0
0.288		0.292701		0
0.289		0.292784		0
0.29		0.292861		0
0.291		0.292931		0
0.292		0.292995		0
0.293		0.293052		0
0.294		0.293104		0
0.295		0.29315		0
0.296		0.29319		0
0.297		0.293224		0
0.298		0.293252		0
0.299		0.293274		0
0.3		0.293291		0
0.301		0.293302		0
0.302		0.293308		0
0.303		0.293308		0
0.304		0.293303		0
0.305		0.293292		0
0.306		0.293276		0
0.307		0.293255		0
0.308		0.293229		0
0.309		0.293198		0
0.31		0.293161		0
0.311		0.29312		0
0.312		0.293074		0
0.313		0.293023		0
0.314		0.292967		0
0.315		0.292906		0
0.316		0.292841		0
0.317		0.292772		0
0.318		0.292697		0
0.319		0.292619		0
0.32		0.292536		0
0.321		0.292448		0
0.322		0.292356		0
0.323		0.29226		0
0.324		0.29216		0
0.325		0.292056		0
0.326		0.291948		0
0.327		0.291836		0
0.328		0.291719		0
0.329		0.291599		0
0.33		0.291476		0
0.331		0.291348		0
0.332		0.291217		0
0.333		0.291082		0
0.334		0.290943		0
0.335		0.290801		0
0.336		0.290655		0
0.337		0.290506		0
0.338		0.290354		0
0.339		0.290198		0
0.34		0.290039		0
0.341		0.289877		0
0.342		0.289711		0
0.343		0.289543		0
0.344		0.289371		0
0.345		0.289196		0
0.346		0.289019		0
0.347		0.288838		0
0.348		0.288655		0
0.349		0.288468		0
0.35		0.288279		0
0.351		0.288087		0
0.352		0.287893		0
0.353		0.287696		0
0.354		0.287496		0
0.355		0.287294		0
0.356		0.287089		0
0.357		0.286882		0
0.358		0.286672		0
0.359		0.28646		0
0.36		0.286245		0
0.361		0.286029		0
0.362		0.28581		0
0.363		0.285588		0
0.364		0.285365		0
0.365		0.28514		0
0.366		0.284912		0
0.367		0.284682		0
0.368		0.284451		0
0.369		0.284217		0
0.37		0.283982		0
0.371		0.283744		0
0.372		0.283505		0
0.373		0.283264		0
0.374		0.283021		0
0.375		0.282776		0
0.376		0.28253		0
0.377		0.282282		0
0.378		0.282032		0
0.379		0.281781		0
0.38		0.281528		0
0.381		0.281274		0
0.382		0.281018		0
0.383		0.280761		0
0.384		0.280502		0
0.385		0.280242		0
0.386		0.27998		0
0.387		0.279717		0
0.388		0.279453		0
0.389		0.279187		0
0.39		0.278921		0
0.391		0.278653		0
0.392		0.278383		0
0.393		0.278113		0
0.394		0.277841		0
0.395		0.277569		0
0.396		0.277295		0
0.397		0.27702		0
0.398		0.276745		0
0.399		0.276468		0
0.4		0.27619		0
0.401		0.275911		0
0.402		0.275632		0
0.403		0.275351		0
0.404		0.27507		0
0.405		0.274788		0
0.406		0.274504		0
0.407		0.274221		0
0.408		0.273936		0
0.409		0.273651		0
0.41		0.273364		0
0.411		0.273078		0
0.412		0.27279		0
0.413		0.272502		0
0.414		0.272213		0
0.415		0.271924		0
0.416		0.271634		0
0.417		0.271343		0
0.418		0.271052		0
0.419		0.27076		0
0.42		0.270468		0
0.421		0.270175		0
0.422		0.269882		0
0.423		0.269588		0
0.424		0.269294		0
0.425		0.269		0
0.426		0.268705		0
0.427		0.268409		0
0.428		0.268114		0
0.429		0.267818		0
0.43		0.267521		0
0.431		0.267224		0
0.432		0.266927		0
0.433		0.26663		0
0.434		0.266333		0
0.435		0.266035		0
0.436		0.265737		0
0.437		0.265439		0
0.438		0.26514		0
0.439		0.264841		0
0.44		0.264543		0
0.441		0.264244		0
0.442		0.263944		0
0.443		0.263645		0
0.444		0.263346		0
0.445		0.263046		0
0.446		0.262747		0
0.447		0.262447		0
0.448		0.262147		0
0.449		0.261847		0
0.45		0.261547		0
0.451		0.261248		0
0.452		0.260948		0
0.453		0.260648		0
0.454		0.260348		0
0.455		0.260048		0
0.456		0.259748		0
0.457		0.259448		0
0.458		0.259148		0
0.459		0.258849		0
0.46		0.258549		0
0.461		0.258249		0
0.462		0.25795		0
0.463		0.257651		0
0.464		0.257351		0
0.465		0.257052		0
0.466		0.256753		0
0.467		0.256454		0
0.468		0.256155		0
0.469		0.255857		0
0.47		0.255558		0
0.471		0.25526		0
0.472		0.254962		0
0.473		0.254664		0
0.474		0.254366		0
0.475		0.254069		0
0.476		0.253772		0
0.477		0.253475		0
0.478		0.253178		0
0.479		0.252881		0
0.48		0.252585		0
0.481		0.252289		0
0.482		0.251993		0
0.483		0.251697		0
0.484		0.251402		0
0.485		0.251107		0
0.486		0.250812		0
0.487		0.250518		0
0.488		0.250224		0
0.489		0.24993		0
0.49		0.249636		0
0.491		0.249343		0
0.492		0.24905		0
0.493		0.248757		0
0.494		0.248465		0
0.495		0.248173		0
0.496		0.247882		0
0.497		0.24759		0
0.498		0.2473		0
0.499		0.247009		0
0.5		0.246719		0
0.501		0.246429		0
0.502		0.24614		0
0.503		0.245851		0
0.504		0.245562		0
0.505		0.245274		0
0.506		0.244986		0
0.507		0.244698		0
0.508		0.244411		0
0.509		0.244124		0
0.51		0.243838		0
0.511		0.243552		0
0.512		0.243266		0
0.513		0.242981		0
0.514		0.242697		0
0.515		0.242412		0
0.516		0.242129		0
0.517		0.241845		0
0.518		0.241562		0
0.519		0.24128		0
0.52		0.240998		0
0.521		0.240716		0
0.522		0.240435		0
0.523		0.240154		0
0.524		0.239874		0
0.525		0.239594		0
0.526		0.239314		0
0.527		0.239035		0
0.528		0.238757		0
0.529		0.238479		0
0.53		0.238201		0
0.531		0.237924		0
0.532		0.237647		0
0.533		0.237371		0
0.534		0.237095		0
0.535		0.23682		0
0.536		0.236545		0
0.537		0.236271		0
0.538		0.235997		0
0.539		0.235724		0
0.54		0.235451		0
0.541		0.235179		0
0.542		0.234907		0
0.543		0.234636		0
0.544		0.234365		0
0.545		0.234094		0
0.546		0.233824		0
0.547		0.233555		0
0.548		0.233286		0
0.549		0.233018		0
0.55		0.23275		0
0.551		0.232482		0
0.552		0.232215		0
0.553		0.231949		0
0.554		0.231683		0
0.555		0.231417		0
0.556		0.231152		0
0.557		0.230888		0
0.558		0.230624		0
0.559		0.230361		0
0.56		0.230098		0
0.561		0.229835		0
0.562		0.229573		0
0.563		0.229312		0
0.564		0.229051		0
0.565		0.228791		0
0.566		0.228531		0
0.567		0.228272		0
0.568		0.228013		0
0.569		0.227754		0
0.57		0.227496		0
0.571		0.227239		0
0.572		0.226982		0
0.573		0.226726		0
0.574		0.22647		0
0.575		0.226215		0
0.576		0.22596		0
0.577		0.225706		0
0.578		0.225452		0
0.579		0.225199		0
0.58		0.224946		0
0.581		0.224694		0
0.582		0.224442		0
0.583		0.224191		0
0.584		0.223941		0
0.585		0.22369		0
0.586		0.223441		0
0.587		0.223192		0
0.588		0.222943		0
0.589		0.222695		0
0.59		0.222447		0
0.591		0.2222		0
0.592		0.221954		0
0.593		0.221708		0
0.594		0.221462		0
0.595		0.221217		0
0.596		0.220973		0
0.597		0.220729		0
0.598		0.220485		0
0.599		0.220242		0
0.6		0.22		0
0.601		0.219758		0
0.602		0.219516		0
0.603		0.219276		0
0.604		0.219035		0
0.605		0.218795		0
0.606		0.218556		0
0.607		0.218317		0
0.608		0.218078		0
0.609		0.217841		0
0.61		0.217603		0
0.611		0.217366		0
0.612		0.21713		0
0.613		0.216894		0
0.614		0.216659		0
0.615		0.216424		0
0.616		0.216189		0
0.617		0.215955		0
0.618		0.215722		0
0.619		0.215489		0
0.62		0.215257		0
0.621		0.215025		0
0.622		0.214794		0
0.623		0.214563		0
0.624		0.214332		0
0.625		0.214102		0
0.626		0.213873		0
0.627		0.213644		0
0.628		0.213416		0
0.629		0.213188		0
0.63		0.21296		0
0.631		0.212733		0
0.632		0.212507		0
0.633		0.212281		0
0.634		0.212056		0
0.635		0.211831		0
0.636		0.211606		0
0.637		0.211382		0
0.638		0.211159		0
0.639		0.210936		0
0.64		0.210713		0
0.641		0.210491		0
0.642		0.210269		0
0.643		0.210048		0
0.644		0.209828		0
0.645		0.209607		0
0.646		0.209388		0
0.647		0.209169		0
0.648		0.20895		0
0.649		0.208732		0
0.65		0.208514		0
0.651		0.208297		0
0.652		0.20808		0
0.653		0.207863		0
0.654		0.207648		0
0.655		0.207432		0
0.656		0.207217		0
0.657		0.207003		0
0.658		0.206789		0
0.659		0.206575		0
0.66		0.206362		0
0.661		0.206149		0
0.662		0.205937		0
0.663		0.205726		0
0.664		0.205514		0
0.665		0.205304		0
0.666		0.205093		0
0.667		0.204883		0
0.668		0.204674		0
0.669		0.204465		0
0.67		0.204257		0
0.671		0.204049		0
0.672		0.203841		0
0.673		0.203634		0
0.674		0.203427		0
0.675		0.203221		0
0.676		0.203015		0
0.677		0.20281		0
0.678		0.202605		0
0.679		0.2024		0
0.68		0.202196		0
0.681		0.201993		0
0.682		0.20179		0
0.683		0.201587		0
0.684		0.201385		0
0.685		0.201183		0
0.686		0.200982		0
0.687		0.200781		0
0.688		0.20058		0
0.689		0.20038		0
0.69		0.200181		0
0.691		0.199981		0
0.692		0.199783		0
0.693		0.199584		0
0.694		0.199387		0
0.695		0.199189		0
0.696		0.198992		0
0.697		0.198795		0
0.698		0.198599		0
0.699		0.198403		0
0.7		0.198208		0
0.701		0.198013		0
0.702		0.197819		0
0.703		0.197625		0
0.704		0.197431		0
0.705		0.197238		0
0.706		0.197045		0
0.707		0.196853		0
0.708		0.196661		0
0.709		0.196469		0
0.71		0.196278		0
0.711		0.196087		0
0.712		0.195897		0
0.713		0.195707		0
0.714		0.195517		0
0.715		0.195328		0
0.716		0.195139		0
0.717		0.194951		0
0.718		0.194763		0
0.719		0.194576		0
0.72		0.194389		0
0.721		0.194202		0
0.722		0.194016		0
0.723		0.19383		0
0.724		0.193644		0
0.725		0.193459		0
0.726		0.193275		0
0.727		0.19309		0
0.728		0.192906		0
0.729		0.192723		0
0.73		0.19254		0
0.731		0.192357		0
0.732		0.192175		0
0.733		0.191993		0
0.734		0.191811		0
0.735		0.19163		0
0.736		0.191449		0
0.737		0.191269		0
0.738		0.191089		0
0.739		0.190909		0
0.74		0.19073		0
0.741		0.190551		0
0.742		0.190372		0
0.743		0.190194		0
0.744		0.190016		0
0.745		0.189839		0
0.746		0.189662		0
0.747		0.189485		0
0.748		0.189309		0
0.749		0.189133		0
0.75		0.188958		0
0.751		0.188782		0
0.752		0.188608		0
0.753		0.188433		0
0.754		0.188259		0
0.755		0.188086		0
0.756		0.187912		0
0.757		0.187739		0
0.758		0.187567		0
0.759		0.187394		0
0.76		0.187223		0
0.761		0.187051		0
0.762		0.18688		0
0.763		0.186709		0
0.764		0.186539		0
0.765		0.186369		0
0.766		0.186199		0
0.767		0.18603		0
0.768		0.18586		0
0.769		0.185692		0
0.77		0.185524		0
0.771		0.185356		0
0.772		0.185188		0
0.773		0.185021		0
0.774		0.184854		0
0.775		0.184687		0
0.776		0.184521		0
0.777		0.184355		0
0.778		0.18419		0
0.779		0.184024		0
0.78		0.183859		0
0.781		0.183695		0
0.782		0.183531		0
0.783		0.183367		0
0.784		0.183203		0
0.785		0.18304		0
0.786		0.182877		0
0.787		0.182715		0
0.788		0.182553		0
0.789		0.182391		0
0.79		0.182229		0
0.791		0.182068		0
0.792		0.181907		0
0.793		0.181747		0
0.794		0.181587		0
0.795		0.181427		0
0.796		0.181267		0
0.797		0.181108		0
0.798		0.180949		0
0.799		0.180791		0
0.8		0.180632		0
0.801		0.180474		0
0.802		0.180317		0
0.803		0.18016		0
0.804		0.180003		0
0.805		0.179846		0
0.806		0.17969		0
0.807		0.179534		0
0.808		0.179378		0
0.809		0.179223		0
0.81		0.179067		0
0.811		0.178913		0
0.812		0.178758		0
0.813		0.178604		0
0.814		0.17845		0
0.815		0.178297		0
0.816		0.178144		0
0.817		0.177991		0
0.818		0.177838		0
0.819		0.177686		0
0.82		0.177534		0
0.821		0.177382		0
0.822		0.177231		0
0.823		0.17708		0
0.824		0.176929		0
0.825		0.176778		0
0.826		0.176628		0
0.827		0.176478		0
0.828		0.176329		0
0.829		0.176179		0
0.83		0.176031		0
0.831		0.175882		0
0.832		0.175733		0
0.833		0.175585		0
0.834		0.175437		0
0.835		0.17529		0
0.836		0.175143		0
0.837		0.174996		0
0.838		0.174849		0
0.839		0.174703		0
0.84		0.174557		0
0.841		0.174411		0
0.842		0.174265		0
0.843		0.17412		0
0.844		0.173975		0
0.845		0.173831		0
0.846		0.173686		0
0.847		0.173542		0
0.848		0.173398		0
0.849		0.173255		0
0.85		0.173111		0
0.851		0.172968		0
0.852		0.172826		0
0.853		0.172683		0
0.854		0.172541		0
0.855		0.172399		0
0.856		0.172258		0
0.857		0.172116		0
0.858		0.171975		0
0.859		0.171835		0
0.86		0.171694		0
0.861		0.171554		0
0.862		0.171414		0
0.863		0.171274		0
0.864		0.171135		0
0.865		0.170995		0
0.866		0.170857		0
0.867		0.170718		0
0.868		0.17058		0
0.869		0.170441		0
0.87		0.170304		0
0.871		0.170166		0
0.872		0.170029		0
0.873		0.169892		0
0.874		0.169755		0
0.875		0.169618		0
0.876		0.169482		0
0.877		0.169346		0
0.878		0.16921		0
0.879		0.169075		0
0.88		0.168939		0
0.881		0.168804		0
0.882		0.16867		0
0.883		0.168535		0
0.884		0.168401		0
0.885		0.168267		0
0.886		0.168133		0
0.887		0.168		0
0.888		0.167866		0
0.889		0.167733		0
0.89		0.167601		0
0.891		0.167468		0
0.892		0.167336		0
0.893		0.167204		0
0.894		0.167072		0
0.895		0.166941		0
0.896		0.166809		0
0.897		0.166678		0
0.898		0.166548		0
0.899		0.166417		0
0.9		0.166287		0
0.901		0.166157		0
0.902		0.166027		0
0.903		0.165897		0
0.904		0.165768		0
0.905		0.165639		0
0.906		0.16551		0
0.907		0.165381		0
0.908		0.165253		0
0.909		0.165125		0
0.91		0.164997		0
0.911		0.164869		0
0.912		0.164742		0
0.913		0.164614		0
0.914		0.164487		0
0.915		0.164361		0
0.916		0.164234		0
0.917		0.164108		0
0.918		0.163982		0
0.919		0.163856		0
0.92		0.16373		0
0.921		0.163605		0
0.922		0.16348		0
0.923		0.163355		0
0.924		0.16323		0
0.925		0.163105		0
0.926		0.162981		0
0.927		0.162857		0
0.928		0.162733		0
0.929		0.16261		0
0.93		0.162486		0
0.931		0.162363		0
0.932		0.16224		0
0.933		0.162117		0
0.934		0.161995		0
0.935		0.161873		0
0.936		0.161751		0
0.937		0.161629		0
0.938		0.161507		0
0.939		0.161386		0
0.94		0.161264		0
0.941		0.161143		0
0.942		0.161023		0
0.943		0.160902		0
0.944		0.160782		0
0.945		0.160661		0
0.946		0.160541		0
0.947		0.160422		0
0.948		0.160302		0
0.949		0.160183		0
0.95		0.160064		0
0.951		0.159945		0
0.952		0.159826		0
0.953		0.159708		0
0.954		0.159589		0
0.955		0.159471		0
0.956		0.159353		0
0.957		0.159236		0
0.958		0.159118		0
0.959		0.159001		0
0.96		0.158884		0
0.961		0.158767		0
0.962		0.15865		0
0.963		0.158534		0
0.964		0.158418		0
0.965		0.158302		0
0.966		0.158186		0
0.967		0.15807		0
0.968		0.157955		0
0.969		0.157839		0
0.97		0.157724		0
0.971		0.157609		0
0.972		0.157495		0
0.973		0.15738		0
0.974		0.157266		0
0.975		0.157152		0
0.976		0.157038		0
0.977		0.156924		0
0.978		0.15681		0
0.979		0.156697		0
0.98		0.156584		0
0.981		0.156471		0
0.982		0.156358		0
0.983		0.156246		0
0.984		0.156133		0
0.985		0.156021		0
0.986		0.155909		0
0.987		0.155797		0
0.988		0.155686		0
0.989		0.155574		0
0.99		0.155463		0
0.991		0.155352		0
0.992		0.155241		0
0.993		0.15513		0
0.994		0.155019		0
0.995		0.154909		0
0.996		0.154799		0
0.997		0.154689		0
0.998		0.154579		0
0.999		0.154469		0
1		0.15436		0
1.001		0.154251		0
1.002		0.154142		0
1.003		0.154033		0
1.004		0.153924		0
1.005		0.153815		0
1.006		0.153707		0
1.007		0.153599		0
1.008		0.153491		0
1.009		0.153383		0
1.01		0.153275		0
1.011		0.153168		0
1.012		0.15306		0
1.013		0.152953		0
1.014		0.152846		0
1.015		0.152739		0
1.016		0.152633		0
1.017		0.152526		0
1.018		0.15242		0
1.019		0.152314		0
1.02		0.152208		0
1.021		0.152102		0
1.022		0.151996		0
1.023		0.151891		0
1.024		0.151785		0
1.025		0.15168		0
1.026		0.151575		0
1.027		0.15147		0
1.028		0.151366		0
1.029		0.151261		0
1.03		0.151157		0
1.031		0.151053		0
1.032		0.150949		0
1.033		0.150845		0
1.034		0.150741		0
1.035		0.150638		0
1.036		0.150534		0
1.037		0.150431		0
1.038		0.150328		0
1.039		0.150225		0
1.04		0.150123		0
1.041		0.15002		0
1.042		0.149918		0
1.043		0.149816		0
1.044		0.149714		0
1.045		0.149612		0
1.046		0.14951		0
1.047		0.149408		0
1.048		0.149307		0
1.049		0.149206		0
1.05		0.149104		0
1.051		0.149003		0
1.052		0.148903		0
1.053		0.148802		0
1.054		0.148701		0
1.055		0.148601		0
1.056		0.148501		0
1.057		0.148401		0
1.058		0.148301		0
1.059		0.148201		0
1.06		0.148101		0
1.061		0.148002		0
1.062		0.147903		0
1.063		0.147804		0
1.064		0.147705		0
1.065		0.147606		0
1.066		0.147507		0
1.067		0.147408		0
1.068		0.14731		0
1.069		0.147212		0
1.07		0.147114		0
1.071		0.147016		0
1.072		0.146918		0
1.073		0.14682		0
1.074		0.146723		0
1.075		0.146625		0
1.076		0.146528		0
1.077		0.146431		0
1.078		0.146334		0
1.079		0.146237		0
1.08		0.14614		0
1.081		0.146044		0
1.082		0.145947		0
1.083		0.145851		0
1.084		0.145755		0
1.085		0.145659		0
1.086		0.145563		0
1.087		0.145467		0
1.088		0.145372		0
1.089		0.145276		0
1.09		0.145181		0
1.091		0.145086		0
1.092		0.144991		0
1.093		0.144896		0
1.094		0.144801		0
1.095		0.144707		0
1.096		0.144612		0
1.097		0.144518		0
1.098		0.144424		0
1.099		0.14433		0
1.1		0.144236		0
1.101		0.144142		0
1.102		0.144048		0
1.103		0.143955		0
1.104		0.143861		0
1.105		0.143768		0
1.106		0.143675		0
1.107		0.143582		0
1.108		0.143489		0
1.109		0.143396		0
1.11		0.143304		0
1.111		0.143211		0
1.112		0.143119		0
1.113		0.143027		0
1.114		0.142934		0
1.115		0.142842		0
1.116		0.142751		0
1.117		0.142659		0
1.118		0.142567		0
1.119		0.142476		0
1.12		0.142385		0
1.121		0.142293		0
1.122		0.142202		0
1.123		0.142111		0
1.124		0.14202		0
1.125		0.14193		0
1.126		0.141839		0
1.127		0.141749		0
1.128		0.141658		0
1.129		0.141568		0
1.13		0.141478		0
1.131		0.141388		0
1.132		0.141298		0
1.133		0.141208		0
1.134		0.141119		0
1.135		0.141029		0
1.136		0.14094		0
1.137		0.140851		0
1.138		0.140762		0
1.139		0.140673		0
1.14		0.140584		0
1.141		0.140495		0
1.142		0.140406		0
1.143		0.140318		0
1.144		0.140229		0
1.145		0.140141		0
1.146		0.140053		0
1.147		0.139965		0
1.148		0.139877		0
1.149		0.139789		0
1.15		0.139701		0
1.151		0.139614		0
1.152		0.139526		0
1.153		0.139439		0
1.154		0.139352		0
1.155		0.139265		0
1.156		0.139178		0
1.157		0.139091		0
1.158		0.139004		0
1.159		0.138917		0
1.16		0.138831		0
1.161		0.138744		0
1.162		0.138658		0
1.163		0.138572		0
1.164		0.138486		0
1.165		0.1384		0
1.166		0.138314		0
1.167		0.138228		0
1.168		0.138142		0
1.169		0.138057		0
1.17		0.137971		0
1.171		0.137886		0
1.172		0.137801		0
1.173		0.137715		0
1.174		0.13763		0
1.175		0.137546		0
1.176		0.137461		0
1.177		0.137376		0
1.178		0.137291		0
1.179		0.137207		0
1.18		0.137123		0
1.181		0.137038		0
1.182		0.136954		0
1.183		0.13687		0
1.184		0.136786		0
1.185		0.136702		0
1.186		0.136619		0
1.187		0.136535		0
1.188		0.136451		0
1.189		0.136368		0
1.19		0.136285		0
1.191		0.136201		0
1.192		0.136118		0
1.193		0.136035		0
1.194		0.135952		0
1.195		0.13587		0
1.196		0.135787		0
1.197		0.135704		0
1.198		0.135622		0
1.199		0.135539		0
1.2		0.135457		0
1.201		0.135375		0
1.202		0.135293		0
1.203		0.135211		0
1.204		0.135129		0
1.205		0.135047		0
1.206		0.134965		0
1.207		0.134884		0
1.208		0.134802		0
1.209		0.134721		0
1.21		0.134639		0
1.211		0.134558		0
1.212		0.134477		0
1.213		0.134396		0
1.214		0.134315		0
1.215		0.134234		0
1.216		0.134154		0
1.217		0.134073		0
1.218		0.133992		0
1.219		0.133912		0
1.22		0.133832		0
1.221		0.133751		0
1.222		0.133671		0
1.223		0.133591		0
1.224		0.133511		0
1.225		0.133431		0
1.226		0.133351		0
1.227		0.133272		0
1.228		0.133192		0
1.229		0.133113		0
1.23		0.133033		0
1.231		0.132954		0
1.232		0.132875		0
1.233		0.132796		0
1.234		0.132717		0
1.235		0.132638		0
1.236		0.132559		0
1.237		0.13248		0
1.238		0.132401		0
1.239		0.132323		0
1.24		0.132244		0
1.241		0.132166		0
1.242		0.132088		0
1.243		0.132009		0
1.244		0.131931		0
1.245		0.131853		0
1.246		0.131775		0
1.247		0.131697		0
1.248		0.13162		0
1.249		0.131542		0
1.25		0.131464		0
1.251		0.131387		0
1.252		0.131309		0
1.253		0.131232		0
1.254		0.131155		0
1.255		0.131078		0
1.256		0.131		0
1.257		0.130923		0
1.258		0.130847		0
1.259		0.13077		0
1.26		0.130693		0
1.261		0.130616		0
1.262		0.13054		0
1.263		0.130463		0
1.264		0.130387		0
1.265		0.130311		0
1.266		0.130234		0
1.267		0.130158		0
1.268		0.130082		0
1.269		0.130006		0
1.27		0.12993		0
1.271		0.129855		0
1.272		0.129779		0
1.273		0.129703		0
1.274		0.129628		0
1.275		0.129552		0
1.276		0.129477		0
1.277		0.129401		0
1.278		0.129326		0
1.279		0.129251		0
1.28		0.129176		0
1.281		0.129101		0
1.282		0.129026		0
1.283		0.128951		0
1.284		0.128876		0
1.285		0.128802		0
1.286		0.128727		0
1.287		0.128653		0
1.288		0.128578		0
1.289		0.128504		0
1.29		0.12843		0
1.291		0.128355		0
1.292		0.128281		0
1.293		0.128207		0
1.294		0.128133		0
1.295		0.12806		0
1.296		0.127986		0
1.297		0.127912		0
1.298		0.127838		0
1.299		0.127765		0
1.3		0.127691		0
1.301		0.127618		0
1.302		0.127545		0
1.303		0.127471		0
1.304		0.127398		0
1.305		0.127325		0
1.306		0.127252		0
1.307		0.127179		0
1.308		0.127106		0
1.309		0.127033		0
1.31		0.126961		0
1.311		0.126888		0
1.312		0.126815		0
1.313		0.126743		0
1.314		0.12667		0
1.315		0.126598		0
1.316		0.126526		0
1.317		0.126454		0
1.318		0.126381		0
1.319		0.126309		0
1.32		0.126237		0
1.321		0.126166		0
1.322		0.126094		0
1.323		0.126022		0
1.324		0.12595		0
1.325		0.125879		0
1.326		0.125807		0
1.327		0.125736		0
1.328		0.125664		0
1.329		0.125593		0
1.33		0.125522		0
1.331		0.12545		0
1.332		0.125379		0
1.333		0.125308		0
1.334		0.125237		0
1.335		0.125166		0
1.336		0.125095		0
1.337		0.125025		0
1.338		0.124954		0
1.339		0.124883		0
1.34		0.124813		0
1.341		0.124742		0
1.342		0.124672		0
1.343		0.124602		0
1.344		0.124531		0
1.345		0.124461		0
1.346		0.124391		0
1.347		0.124321		0
1.348		0.124251		0
1.349		0.124181		0
1.35		0.124111		0
1.351		0.124041		0
1.352		0.123972		0
1.353		0.123902		0
1.354		0.123832		0
1.355		0.123763		0
1.356		0.123693		0
1.357		0.123624		0
1.358		0.123555		0
1.359		0.123485		0
1.36		0.123416		0
1.361		0.123347		0
1.362		0.123278		0
1.363		0.123209		0
1.364		0.12314		0
1.365		0.123071		0
1.366		0.123002		0
1.367		0.122934		0
1.368		0.122865		0
1.369		0.122796		0
1.37		0.122728		0
1.371		0.122659		0
1.372		0.122591		0
1.373		0.122523		0
1.374		0.122454		0
1.375		0.122386		0
1.376		0.122318		0
1.377		0.12225		0
1.378		0.122182		0
1.379		0.122114		0
1.38		0.122046		0
1.381		0.121978		0
1.382		0.12191		0
1.383		0.121843		0
1.384		0.121775		0
1.385		0.121707		0
1.386		0.12164		0
1.387		0.121572		0
1.388		0.121505		0
1.389		0.121438		0
1.39		0.12137		0
1.391		0.121303		0
1.392		0.121236		0
1.393		0.121169		0
1.394		0.121102		0
1.395		0.121035		0
1.396		0.120968		0
1.397		0.120901		0
1.398		0.120834		0
1.399		0.120768		0
1.4		0.120701		0
1.401		0.120634		0
1.402		0.120568		0
1.403		0.120501		0
1.404		0.120435		0
1.405		0.120369		0
1.406		0.120302		0
1.407		0.120236		0
1.408		0.12017		0
1.409		0.120104		0
1.41		0.120038		0
1.411		0.119972		0
1.412		0.119906		0
1.413		0.11984		0
1.414		0.119774		0
1.415		0.119708		0
1.416		0.119642		0
1.417		0.119577		0
1.418		0.119511		0
1.419		0.119446		0
1.42		0.11938		0
1.421		0.119315		0
1.422		0.119249		0
1.423		0.119184		0
1.424		0.119119		0
1.425		0.119054		0
1.426		0.118989		0
1.427		0.118923		0
1.428		0.118858		0
1.429		0.118793		0
1.43		0.118729		0
1.431		0.118664		0
1.432		0.118599		0
1.433		0.118534		0
1.434		0.118469		0
1.435		0.118405		0
1.436		0.11834		0
1.437		0.118276		0
1.438		0.118211		0
1.439		0.118147		0
1.44		0.118083		0
1.441		0.118018		0
1.442		0.117954		0
1.443		0.11789		0
1.444		0.117826		0
1.445		0.117762		0
1.446		0.117698		0
1.447		0.117634		0
1.448		0.11757		0
1.449		0.117506		0
1.45		0.117442		0
1.451		0.117378		0
1.452		0.117315		0
1.453		0.117251		0
1.454		0.117187		0
1.455		0.117124		0
1.456		0.11706		0
1.457		0.116997		0
1.458		0.116934		0
1.459		0.11687		0
1.46		0.116807		0
1.461		0.116744		0
1.462		0.116681		0
1.463		0.116618		0
1.464		0.116554		0
1.465		0.116491		0
1.466		0.116429		0
1.467		0.116366		0
1.468		0.116303		0
1.469		0.11624		0
1.47		0.116177		0
1.471		0.116115		0
1.472		0.116052		0
1.473		0.115989		0
1.474		0.115927		0
1.475		0.115864		0
1.476		0.115802		0
1.477		0.115739		0
1.478		0.115677		0
1.479		0.115615		0
1.48		0.115553		0
1.481		0.11549		0
1.482		0.115428		0
1.483		0.115366		0
1.484		0.115304		0
1.485		0.115242		0
1.486		0.11518		0
1.487		0.115118		0
1.488		0.115057		0
1.489		0.114995		0
1.49		0.114933		0
1.491		0.114871		0
1.492		0.11481		0
1.493		0.114748		0
1.494		0.114687		0
1.495		0.114625		0
1.496		0.114564		0
1.497		0.114502		0
1.498		0.114441		0
1.499		0.11438		0
1.5		0.114319		0
1.501		0.114257		0
1.502		0.114196		0
1.503		0.114135		0
1.504		0.114074		0
1.505		0.114013		0
1.506		0.113952		0
1.507		0.113891		0
1.508		0.113831		0
1.509		0.11377		0
1.51		0.113709		0
1.511		0.113648		0
1.512		0.113588		0
1.513		0.113527		0
1.514		0.113467		0
1.515		0.113406		0
1.516		0.113346		0
1.517		0.113285		0
1.518		0.113225		0
1.519		0.113164		0
1.52		0.113104		0
1.521		0.113044		0
1.522		0.112984		0
1.523		0.112924		0
1.524		0.112864		0
1.525		0.112804		0
1.526		0.112744		0
1.527		0.112684		0
1.528		0.112624		0
1.529		0.112564		0
1.53		0.112504		0
1.531		0.112444		0
1.532		0.112385		0
1.533		0.112325		0
1.534		0.112265		0
1.535		0.112206		0
1.536		0.112146		0
1.537		0.112087		0
1.538		0.112027		0
1.539		0.111968		0
1.54		0.111909		0
1.541		0.111849		0
1.542		0.11179		0
1.543		0.111731		0
1.544		0.111672		0
1.545		0.111612		0
1.546		0.111553		0
1.547		0.111494		0
1.548		0.111435		0
1.549		0.111376		0
1.55		0.111318		0
1.551		0.111259		0
1.552		0.1112		0
1.553		0.111141		0
1.554		0.111082		0
1.555		0.111024		0
1.556		0.110965		0
1.557		0.110907		0
1.558		0.110848		0
1.559		0.110789		0
1.56		0.110731		0
1.561		0.110673		0
1.562		0.110614		0
1.563		0.110556		0
1.564		0.110498		0
1.565		0.110439		0
1.566		0.110381		0
1.567		0.110323		0
1.568		0.110265		0
1.569		0.110207		0
1.57		0.110149		0
1.571		0.110091		0
1.572		0.110033		0
1.573		0.109975		0
1.574		0.109917		0
1.575		0.109859		0
1.576		0.109802		0
1.577		0.109744		0
1.578		0.109686		0
1.579		0.109629		0
1.58		0.109571		0
1.581		0.109513		0
1.582		0.109456		0
1.583		0.109398		0
1.584		0.109341		0
1.585		0.109284		0
1.586		0.109226		0
1.587		0.109169		0
1.588		0.109112		0
1.589		0.109055		0
1.59		0.108997		0
1.591		0.10894		0
1.592		0.108883		0
1.593		0.108826		0
1.594		0.108769		0
1.595		0.108712		0
1.596		0.108655		0
1.597		0.108598		0
1.598		0.108541		0
1.599		0.108485		0
1.6		0.108428		0
1.601		0.108371		0
1.602		0.108314		0
1.603		0.108258		0
1.604		0.108201		0
1.605		0.108145		0
1.606		0.108088		0
1.607		0.108032		0
1.608		0.107975		0
1.609		0.107919		0
1.61		0.107862		0
1.611		0.107806		0
1.612		0.10775		0
1.613		0.107694		0
1.614		0.107637		0
1.615		0.107581		0
1.616		0.107525		0
1.617		0.107469		0
1.618		0.107413		0
1.619		0.107357		0
1.62		0.107301		0
1.621		0.107245		0
1.622		0.107189		0
1.623		0.107133		0
1.624		0.107078		0
1.625		0.107022		0
1.626		0.106966		0
1.627		0.106911		0
1.628		0.106855		0
1.629		0.106799		0
1.63		0.106744		0
1.631		0.106688		0
1.632		0.106633		0
1.633		0.106577		0
1.634		0.106522		0
1.635		0.106466		0
1.636		0.106411		0
1.637		0.106356		0
1.638		0.106301		0
1.639		0.106245		0
1.64		0.10619		0
1.641		0.106135		0
1.642		0.10608		0
1.643		0.106025		0
1.644		0.10597		0
1.645		0.105915		0
1.646		0.10586		0
1.647		0.105805		0
1.648		0.10575		0
1.649		0.105695		0
1.65		0.10564		0
1.651		0.105586		0
1.652		0.105531		0
1.653		0.105476		0
1.654		0.105422		0
1.655		0.105367		0
1.656		0.105313		0
1.657		0.105258		0
1.658		0.105203		0
1.659		0.105149		0
1.66		0.105095		0
1.661		0.10504		0
1.662		0.104986		0
1.663		0.104932		0
1.664		0.104877		0
1.665		0.104823		0
1.666		0.104769		0
1.667		0.104715		0
1.668		0.104661		0
1.669		0.104606		0
1.67		0.104552		0
1.671		0.104498		0
1.672		0.104444		0
1.673		0.10439		0
1.674		0.104337		0
1.675		0.104283		0
1.676		0.104229		0
1.677		0.104175		0
1.678		0.104121		0
1.679		0.104068		0
1.68		0.104014		0
1.681		0.10396		0
1.682		0.103907		0
1.683		0.103853		0
1.684		0.1038		0
1.685		0.103746		0
1.686		0.103693		0
1.687		0.103639		0
1.688		0.103586		0
1.689		0.103532		0
1.69		0.103479		0
1.691		0.103426		0
1.692		0.103373		0
1.693		0.103319		0
1.694		0.103266		0
1.695		0.103213		0
1.696		0.10316		0
1.697		0.103107		0
1.698		0.103054		0
1.699		0.103001		0
1.7		0.102948		0
1.701		0.102895		0
1.702		0.102842		0
1.703		0.102789		0
1.704		0.102736		0
1.705		0.102683		0
1.706		0.102631		0
1.707		0.102578		0
1.708		0.102525		0
1.709		0.102473		0
1.71		0.10242		0
1.711		0.102367		0
1.712		0.102315		0
1.713		0.102262		0
1.714		0.10221		0
1.715		0.102157		0
1.716		0.102105		0
1.717		0.102053		0
1.718		0.102		0
1.719		0.101948		0
1.72		0.101896		0
1.721		0.101843		0
1.722		0.101791		0
1.723		0.101739		0
1.724		0.101687		0
1.725		0.101635		0
1.726		0.101583		0
1.727		0.101531		0
1.728		0.101479		0
1.729		0.101427		0
1.73		0.101375		0
1.731		0.101323		0
1.732		0.101271		0
1.733		0.101219		0
1.734		0.101168		0
1.735		0.101116		0
1.736		0.101064		0
1.737		0.101012		0
1.738		0.100961		0
1.739		0.100909		0
1.74		0.100857		0
1.741		0.100806		0
1.742		0.100754		0
1.743		0.100703		0
1.744		0.100651		0
1.745		0.1006		0
1.746		0.100549		0
1.747		0.100497		0
1.748		0.100446		0
1.749		0.100395		0
1.75		0.100343		0
1.751		0.100292		0
1.752		0.100241		0
1.753		0.10019		0
1.754		0.100139		0
1.755		0.100088		0
1.756		0.100036		0
1.757		0.0999855		0
1.758		0.0999345		0
1.759		0.0998835		0
1.76		0.0998326		0
1.761		0.0997817		0
1.762		0.0997308		0
1.763		0.09968		0
1.764		0.0996292		0
1.765		0.0995784		0
1.766		0.0995277		0
1.767		0.099477		0
1.768		0.0994263		0
1.769		0.0993757		0
1.77		0.0993251		0
1.771		0.0992745		0
1.772		0.099224		0
1.773		0.0991734		0
1.774		0.099123		0
1.775		0.0990725		0
1.776		0.0990221		0
1.777		0.0989717		0
1.778		0.0989214		0
1.779		0.0988711		0
1.78		0.0988208		0
1.781		0.0987705		0
1.782		0.0987203		0
1.783		0.0986701		0
1.784		0.09862		0
1.785		0.0985699		0
1.786		0.0985198		0
1.787		0.0984697		0
1.788		0.0984197		0
1.789		0.0983697		0
1.79		0.0983197		0
1.791		0.0982698		0
1.792		0.0982199		0
1.793		0.09817		0
1.794		0.0981202		0
1.795		0.0980704		0
1.796		0.0980206		0
1.797		0.0979709		0
1.798		0.0979212		0
1.799		0.0978715		0
1.8		0.0978218		0
1.801		0.0977722		0
1.802		0.0977226		0
1.803		0.0976731		0
1.804		0.0976236		0
1.805		0.0975741		0
1.806		0.0975246		0
1.807		0.0974752		0
1.808		0.0974258		0
1.809		0.0973764		0
1.81		0.0973271		0
1.811		0.0972778		0
1.812		0.0972285		0
1.813		0.0971792		0
1.814		0.09713		0
1.815		0.0970808		0
1.816		0.0970317		0
1.817		0.0969826		0
1.818		0.0969335		0
1.819		0.0968844		0
1.82		0.0968354		0
1.821		0.0967864		0
1.822		0.0967374		0
1.823		0.0966885		0
1.824		0.0966396		0
1.825		0.0965907		0
1.826		0.0965419		0
1.827		0.096493		0
1.828		0.0964443		0
1.829		0.0963955		0
1.83		0.0963468		0
1.831		0.0962981		0
1.832		0.0962494		0
1.833		0.0962008		0
1.834		0.0961522		0
1.835		0.0961036		0
1.836		0.0960551		0
1.837		0.0960066		0
1.838		0.0959581		0
1.839		0.0959096		0
1.84		0.0958612		0
1.841		0.0958128		0
1.842		0.0957645		0
1.843		0.0957161		0
1.844		0.0956678		0
1.845		0.0956196		0
1.846		0.0955713		0
1.847		0.0955231		0
1.848		0.0954749		0
1.849		0.0954268		0
1.85		0.0953786		0
1.851		0.0953306		0
1.852		0.0952825		0
1.853		0.0952345		0
1.854		0.0951865		0
1.855		0.0951385		0
1.856		0.0950905		0
1.857		0.0950426		0
1.858		0.0949947		0
1.859		0.0949469		0
1.86		0.0948991		0
1.861		0.0948513		0
1.862		0.0948035		0
1.863		0.0947558		0
1.864		0.094708		0
1.865		0.0946604		0
1.866		0.0946127		0
1.867		0.0945651		0
1.868		0.0945175		0
1.869		0.0944699		0
1.87		0.0944224		0
1.871		0.0943749		0
1.872		0.0943274		0
1.873		0.09428		0
1.874		0.0942326		0
1.875		0.0941852		0
1.876		0.0941378		0
1.877		0.0940905		0
1.878		0.0940432		0
1.879		0.0939959		0
1.88		0.0939487		0
1.881		0.0939015		0
1.882		0.0938543		0
1.883		0.0938071		0
1.884		0.09376		0
1.885		0.0937129		0
1.886		0.0936658		0
1.887		0.0936188		0
1.888		0.0935718		0
1.889		0.0935248		0
1.89		0.0934779		0
1.891		0.0934309		0
1.892		0.093384		0
1.893		0.0933372		0
1.894		0.0932903		0
1.895		0.0932435		0
1.896		0.0931967		0
1.897		0.09315		0
1.898		0.0931033		0
1.899		0.0930566		0
1.9		0.0930099		0
1.901		0.0929632		0
1.902		0.0929166		0
1.903		0.0928701		0
1.904		0.0928235		0
1.905		0.092777		0
1.906		0.0927305		0
1.907		0.092684		0
1.908		0.0926376		0
1.909		0.0925911		0
1.91		0.0925448		0
1.911		0.0924984		0
1.912		0.0924521		0
1.913		0.0924058		0
1.914		0.0923595		0
1.915		0.0923133		0
1.916		0.092267		0
1.917		0.0922208		0
1.918		0.0921747		0
1.919		0.0921286		0
1.92		0.0920824		0
1.921		0.0920364		0
1.922		0.0919903		0
1.923		0.0919443		0
1.924		0.0918983		0
1.925		0.0918523		0
1.926		0.0918064		0
1.927		0.0917605		0
1.928		0.0917146		0
1.929		0.0916688		0
1.93		0.0916229		0
1.931		0.0915771		0
1.932		0.0915314		0
1.933		0.0914856		0
1.934		0.0914399		0
1.935		0.0913942		0
1.936		0.0913485		0
1.937		0.0913029		0
1.938		0.0912573		0
1.939		0.0912117		0
1.94		0.0911662		0
1.941		0.0911206		0
1.942		0.0910751		0
1.943		0.0910297		0
1.944		0.0909842		0
1.945		0.0909388		0
1.946		0.0908934		0
1.947		0.0908481		0
1.948		0.0908027		0
1.949		0.0907574		0
1.95		0.0907122		0
1.951		0.0906669		0
1.952		0.0906217		0
1.953		0.0905765		0
1.954		0.0905313		0
1.955		0.0904862		0
1.956		0.0904411		0
1.957		0.090396		0
1.958		0.0903509		0
1.959		0.0903059		0
1.96		0.0902609		0
1.961		0.0902159		0
1.962		0.0901709		0
1.963		0.090126		0
1.964		0.0900811		0
1.965		0.0900362		0
1.966		0.0899914		0
1.967		0.0899466		0
1.968		0.0899018		0
1.969		0.089857		0
1.97		0.0898123		0
1.971		0.0897676		0
1.972		0.0897229		0
1.973		0.0896782		0
1.974		0.0896336		0
1.975		0.089589		0
1.976		0.0895444		0
1.977		0.0894999		0
1.978		0.0894553		0
1.979		0.0894108		0
1.98		0.0893664		0
1.981		0.0893219		0
1.982		0.0892775		0
1.983		0.0892331		0
1.984		0.0891887		0
1.985		0.0891444		0
1.986		0.0891001		0
1.987		0.0890558		0
1.988		0.0890115		0
1.989		0.0889673		0
1.99		0.0889231		0
1.991		0.0888789		0
1.992		0.0888348		0
1.993		0.0887906		0
1.994		0.0887465		0
1.995		0.0887025		0
1.996		0.0886584		0
1.997		0.0886144		0
1.998		0.0885704		0
1.999		0.0885264		0
2		0.0884825		0
2.001		0.0884386		0
2.002		0.0883947		0
2.003		0.0883508		0
2.004		0.088307		0
2.005		0.0882632		0
2.006		0.0882194		0
2.007		0.0881756		0
2.008		0.0881319		0
2.009		0.0880882		0
2.01		0.0880445		0
2.011		0.0880008		0
2.012		0.0879572		0
2.013		0.0879136		0
2.014		0.08787		0
2.015		0.0878265		0
2.016		0.0877829		0
2.017		0.0877394		0
2.018		0.087696		0
2.019		0.0876525		0
2.02		0.0876091		0
2.021		0.0875657		0
2.022		0.0875223		0
2.023		0.087479		0
2.024		0.0874356		0
2.025		0.0873923		0
2.026		0.0873491		0
2.027		0.0873058		0
2.028		0.0872626		0
2.029		0.0872194		0
2.03		0.0871763		0
2.031		0.0871331		0
2.032		0.08709		0
2.033		0.0870469		0
2.034		0.0870038		0
2.035		0.0869608		0
2.036		0.0869178		0
2.037		0.0868748		0
2.038		0.0868318		0
2.039		0.0867889		0
2.04		0.086746		0
2.041		0.0867031		0
2.042		0.0866602		0
2.043		0.0866174		0
2.044		0.0865746		0
2.045		0.0865318		0
2.046		0.086489		0
2.047		0.0864463		0
2.048		0.0864036		0
2.049		0.0863609		0
2.05		0.0863183		0
2.051		0.0862756		0
2.052		0.086233		0
2.053		0.0861904		0
2.054		0.0861479		0
2.055		0.0861053		0
2.056		0.0860628		0
2.057		0.0860204		0
2.058		0.0859779		0
2.059		0.0859355		0
2.06		0.0858931		0
2.061		0.0858507		0
2.062		0.0858083		0
2.063		0.085766		0
2.064		0.0857237		0
2.065		0.0856814		0
2.066		0.0856391		0
2.067		0.0855969		0
2.068		0.0855547		0
2.069		0.0855125		0
2.07		0.0854704		0
2.071		0.0854282		0
2.072		0.0853861		0
2.073		0.085344		0
2.074		0.085302		0
2.075		0.0852599		0
2.076		0.0852179		0
2.077		0.0851759		0
2.078		0.085134		0
2.079		0.085092		0
2.08		0.0850501		0
2.081		0.0850083		0
2.082		0.0849664		0
2.083		0.0849246		0
2.084		0.0848827		0
2.085		0.084841		0
2.086		0.0847992		0
2.087		0.0847575		0
2.088		0.0847157		0
2.089		0.0846741		0
2.09		0.0846324		0
2.091		0.0845908		0
2.092		0.0845491		0
2.093		0.0845076		0
2.094		0.084466		0
2.095		0.0844244		0
2.096		0.0843829		0
2.097		0.0843414		0
2.098		0.0843		0
2.099		0.0842585		0
2.1		0.0842171		0
2.101		0.0841757		0
2.102		0.0841343		0
2.103		0.084093		0
2.104		0.0840517		0
2.105		0.0840104		0
2.106		0.0839691		0
2.107		0.0839279		0
2.108		0.0838866		0
2.109		0.0838454		0
2.11		0.0838043		0
2.111		0.0837631		0
2.112		0.083722		0
2.113		0.0836809		0
2.114		0.0836398		0
2.115		0.0835987		0
2.116		0.0835577		0
2.117		0.0835167		0
2.118		0.0834757		0
2.119		0.0834348		0
2.12		0.0833938		0
2.121		0.0833529		0
2.122		0.083312		0
2.123		0.0832712		0
2.124		0.0832303		0
2.125		0.0831895		0
2.126		0.0831487		0
2.127		0.083108		0
2.128		0.0830672		0
2.129		0.0830265		0
2.13		0.0829858		0
2.131		0.0829451		0
2.132		0.0829045		0
2.133		0.0828639		0
2.134		0.0828233		0
2.135		0.0827827		0
2.136		0.0827421		0
2.137		0.0827016		0
2.138		0.0826611		0
2.139		0.0826206		0
2.14		0.0825802		0
2.141		0.0825397		0
2.142		0.0824993		0
2.143		0.0824589		0
2.144		0.0824186		0
2.145		0.0823782		0
2.146		0.0823379		0
2.147		0.0822976		0
2.148		0.0822574		0
2.149		0.0822171		0
2.15		0.0821769		0
2.151		0.0821367		0
2.152		0.0820965		0
2.153		0.0820564		0
2.154		0.0820162		0
2.155		0.0819761		0
2.156		0.0819361		0
2.157		0.081896		0
2.158		0.081856		0
2.159		0.081816		0
2.16		0.081776		0
2.161		0.081736		0
2.162		0.0816961		0
2.163		0.0816562		0
2.164		0.0816163		0
2.165		0.0815764		0
2.166		0.0815366		0
2.167		0.0814967		0
2.168		0.0814569		0
2.169		0.0814172		0
2.17		0.0813774		0
2.171		0.0813377		0
2.172		0.081298		0
2.173		0.0812583		0
2.174		0.0812186		0
2.175		0.081179		0
2.176		0.0811394		0
2.177		0.0810998		0
2.178		0.0810602		0
2.179		0.0810207		0
2.18		0.0809812		0
2.181		0.0809417		0
2.182		0.0809022		0
2.183		0.0808628		0
2.184		0.0808233		0
2.185		0.0807839		0
2.186		0.0807445		0
2.187		0.0807052		0
2.188		0.0806659		0
2.189		0.0806265		0
2.19		0.0805873		0
2.191		0.080548		0
2.192		0.0805087		0
2.193		0.0804695		0
2.194		0.0804303		0
2.195		0.0803912		0
2.196		0.080352		0
2.197		0.0803129		0
2.198		0.0802738		0
2.199		0.0802347		0
2.2		0.0801956		0
2.201		0.0801566		0
2.202		0.0801176		0
2.203		0.0800786		0
2.204		0.0800396		0
2.205		0.0800007		0
2.206		0.0799618		0
2.207		0.0799229		0
2.208		0.079884		0
2.209		0.0798451		0
2.21		0.0798063		0
2.211		0.0797675		0
2.212		0.0797287		0
2.213		0.0796899		0
2.214		0.0796512		0
2.215		0.0796125		0
2.216		0.0795738		0
2.217		0.0795351		0
2.218		0.0794965		0
2.219		0.0794578		0
2.22		0.0794192		0
2.221		0.0793806		0
2.222		0.0793421		0
2.223		0.0793035		0
2.224		0.079265		0
2.225		0.0792265		0
2.226		0.0791881		0
2.227		0.0791496		0
2.228		0.0791112		0
2.229		0.0790728		0
2.23		0.0790344		0
2.231		0.0789961		0
2.232		0.0789577		0
2.233		0.0789194		0
2.234		0.0788811		0
2.235		0.0788428		0
2.236		0.0788046		0
2.237		0.0787664		0
2.238		0.0787282		0
2.239		0.07869		0
2.24		0.0786518		0
2.241		0.0786137		0
2.242		0.0785756		0
2.243		0.0785375		0
2.244		0.0784994		0
2.245		0.0784614		0
2.246		0.0784234		0
2.247		0.0783854		0
2.248		0.0783474		0
2.249		0.0783094		0
2.25		0.0782715		0
2.251		0.0782336		0
2.252		0.0781957		0
2.253		0.0781578		0
2.254		0.07812		0
2.255		0.0780822		0
2.256		0.0780444		0
2.257		0.0780066		0
2.258		0.0779688		0
2.259		0.0779311		0
2.26		0.0778934		0
2.261		0.0778557		0
2.262		0.077818		0
2.263		0.0777804		0
2.264		0.0777427		0
2.265		0.0777051		0
2.266		0.0776676		0
2.267		0.07763		0
2.268		0.0775925		0
2.269		0.0775549		0
2.27		0.0775174		0
2.271		0.07748		0
2.272		0.0774425		0
2.273		0.0774051		0
2.274		0.0773677		0
2.275		0.0773303		0
2.276		0.0772929		0
2.277		0.0772556		0
2.278		0.0772183		0
2.279		0.077181		0
2.28		0.0771437		0
2.281		0.0771065		0
2.282		0.0770692		0
2.283		0.077032		0
2.284		0.0769948		0
2.285		0.0769577		0
2.286		0.0769205		0
2.287		0.0768834		0
2.288		0.0768463		0
2.289		0.0768092		0
2.29		0.0767722		0
2.291		0.0767351		0
2.292		0.0766981		0
2.293		0.0766611		0
2.294		0.0766241		0
2.295		0.0765872		0
2.296		0.0765503		0
2.297		0.0765134		0
2.298		0.0764765		0
2.299		0.0764396		0
2.3		0.0764028		0
2.301		0.0763659		0
2.302		0.0763291		0
2.303		0.0762924		0
2.304		0.0762556		0
2.305		0.0762189		0
2.306		0.0761822		0
2.307		0.0761455		0
2.308		0.0761088		0
2.309		0.0760721		0
2.31		0.0760355		0
2.311		0.0759989		0
2.312		0.0759623		0
2.313		0.0759258		0
2.314		0.0758892		0
2.315		0.0758527		0
2.316		0.0758162		0
2.317		0.0757797		0
2.318		0.0757433		0
2.319		0.0757068		0
2.32		0.0756704		0
2.321		0.075634		0
2.322		0.0755976		0
2.323		0.0755613		0
2.324		0.075525		0
2.325		0.0754887		0
2.326		0.0754524		0
2.327		0.0754161		0
2.328		0.0753799		0
2.329		0.0753436		0
2.33		0.0753074		0
2.331		0.0752712		0
2.332		0.0752351		0
2.333		0.0751989		0
2.334		0.0751628		0
2.335		0.0751267		0
2.336		0.0750906		0
2.337		0.0750546		0
2.338		0.0750186		0
2.339		0.0749825		0
2.34		0.0749466		0
2.341		0.0749106		0
2.342		0.0748746		0
2.343		0.0748387		0
2.344		0.0748028		0
2.345		0.0747669		0
2.346		0.074731		0
2.347		0.0746952		0
2.348		0.0746594		0
2.349		0.0746236		0
2.35		0.0745878		0
2.351		0.074552		0
2.352		0.0745163		0
2.353		0.0744806		0
2.354		0.0744449		0
2.355		0.0744092		0
2.356		0.0743735		0
2.357		0.0743379		0
2.358		0.0743023		0
2.359		0.0742667		0
2.36		0.0742311		0
2.361		0.0741955		0
2.362		0.07416		0
2.363		0.0741245		0
2.364		0.074089		0
2.365		0.0740535		0
2.366		0.0740181		0
2.367		0.0739827		0
2.368		0.0739472		0
2.369		0.0739119		0
2.37		0.0738765		0
2.371		0.0738411		0
2.372		0.0738058		0
2.373		0.0737705		0
2.374		0.0737352		0
2.375		0.0737		0
2.376		0.0736647		0
2.377		0.0736295		0
2.378		0.0735943		0
2.379		0.0735591		0
2.38		0.0735239		0
2.381		0.0734888		0
2.382		0.0734537		0
2.383		0.0734186		0
2.384		0.0733835		0
2.385		0.0733484		0
2.386		0.0733134		0
2.387		0.0732784		0
2.388		0.0732434		0
2.389		0.0732084		0
2.39		0.0731734		0
2.391		0.0731385		0
2.392		0.0731036		0
2.393		0.0730687		0
2.394		0.0730338		0
2.395		0.072999		0
2.396		0.0729641		0
2.397		0.0729293		0
2.398		0.0728945		0
2.399		0.0728597		0
2.4		0.072825		0
2.401		0.0727903		0
2.402		0.0727555		0
2.403		0.0727209		0
2.404		0.0726862		0
2.405		0.0726515		0
2.406		0.0726169		0
2.407		0.0725823		0
2.408		0.0725477		0
2.409		0.0725131		0
2.41		0.0724786		0
2.411		0.072444		0
2.412		0.0724095		0
2.413		0.072375		0
2.414		0.0723406		0
2.415		0.0723061		0
2.416		0.0722717		0
2.417		0.0722373		0
2.418		0.0722029		0
2.419		0.0721685		0
2.42		0.0721342		0
2.421		0.0720998		0
2.422		0.0720655		0
2.423		0.0720312		0
2.424		0.0719969		0
2.425		0.0719627		0
2.426		0.0719285		0
2.427		0.0718943		0
2.428		0.0718601		0
2.429		0.0718259		0
2.43		0.0717917		0
2.431		0.0717576		0
2.432		0.0717235		0
2.433		0.0716894		0
2.434		0.0716553		0
2.435		0.0716213		0
2.436		0.0715873		0
2.437		0.0715532		0
2.438		0.0715192		0
2.439		0.0714853		0
2.44		0.0714513		0
2.441		0.0714174		0
2.442		0.0713835		0
2.443		0.0713496		0
2.444		0.0713157		0
2.445		0.0712819		0
2.446		0.071248		0
2.447		0.0712142		0
2.448		0.0711804		0
2.449		0.0711466		0
2.45		0.0711129		0
2.451		0.0710792		0
2.452		0.0710454		0
2.453		0.0710117		0
2.454		0.0709781		0
2.455		0.0709444		0
2.456		0.0709108		0
2.457		0.0708772		0
2.458		0.0708436		0
2.459		0.07081		0
2.46		0.0707764		0
2.461		0.0707429		0
2.462		0.0707094		0
2.463		0.0706759		0
2.464		0.0706424		0
2.465		0.0706089		0
2.466		0.0705755		0
2.467		0.0705421		0
2.468		0.0705087		0
2.469		0.0704753		0
2.47		0.0704419		0
2.471		0.0704086		0
2.472		0.0703752		0
2.473		0.0703419		0
2.474		0.0703086		0
2.475		0.0702754		0
2.476		0.0702421		0
2.477		0.0702089		0
2.478		0.0701757		0
2.479		0.0701425		0
2.48		0.0701093		0
2.481		0.0700762		0
2.482		0.0700431		0
2.483		0.07001		0
2.484		0.0699769		0
2.485		0.0699438		0
2.486		0.0699107		0
2.487		0.0698777		0
2.488		0.0698447		0
2.489		0.0698117		0
2.49		0.0697787		0
2.491		0.0697458		0
2.492		0.0697128		0
2.493		0.0696799		0
2.494		0.069647		0
2.495		0.0696141		0
2.496		0.0695813		0
2.497		0.0695484		0
2.498		0.0695156		0
2.499		0.0694828		0
2.5		0.06945		0
2.501		0.0694172		0
2.502		0.0693845		0
2.503		0.0693518		0
2.504		0.0693191		0
2.505		0.0692864		0
2.506		0.0692537		0
2.507		0.0692211		0
2.508		0.0691884		0
2.509		0.0691558		0
2.51		0.0691232		0
2.511		0.0690906		0
2.512		0.0690581		0
2.513		0.0690255		0
2.514		0.068993		0
2.515		0.0689605		0
2.516		0.0689281		0
2.517		0.0688956		0
2.518		0.0688631		0
2.519		0.0688307		0
2.52		0.0687983		0
2.521		0.0687659		0
2.522		0.0687336		0
2.523		0.0687012		0
2.524		0.0686689		0
2.525		0.0686366		0
2.526		0.0686043		0
2.527		0.068572		0
2.528		0.0685398		0
2.529		0.0685075		0
2.53		0.0684753		0
2.531		0.0684431		0
2.532		0.0684109		0
2.533		0.0683788		0
2.534		0.0683466		0
2.535		0.0683145		0
2.536		0.0682824		0
2.537		0.0682503		0
2.538		0.0682183		0
2.539		0.0681862		0
2.54		0.0681542		0
2.541		0.0681222		0
2.542		0.0680902		0
2.543		0.0680582		0
2.544		0.0680263		0
2.545		0.0679943		0
2.546		0.0679624		0
2.547		0.0679305		0
2.548		0.0678986		0
2.549		0.0678668		0
2.55		0.0678349		0
2.551		0.0678031		0
2.552		0.0677713		0
2.553		0.0677395		0
2.554		0.0677078		0
2.555		0.067676		0
2.556		0.0676443		0
2.557		0.0676126		0
2.558		0.0675809		0
2.559		0.0675492		0
2.56		0.0675175		0
2.561		0.0674859		0
2.562		0.0674543		0
2.563		0.0674227		0
2.564		0.0673911		0
2.565		0.0673595		0
2.566		0.067328		0
2.567		0.0672965		0
2.568		0.067265		0
2.569		0.0672335		0
2.57		0.067202		0
2.571		0.0671705		0
2.572		0.0671391		0
2.573		0.0671077		0
2.574		0.0670763		0
2.575		0.0670449		0
2.576		0.0670135		0
2.577		0.0669822		0
2.578		0.0669509		0
2.579		0.0669196		0
2.58		0.0668883		0
2.581		0.066857		0
2.582		0.0668258		0
2.583		0.0667945		0
2.584		0.0667633		0
2.585		0.0667321		0
2.586		0.0667009		0
2.587		0.0666698		0
2.588		0.0666386		0
2.589		0.0666075		0
2.59		0.0665764		0
2.591		0.0665453		0
2.592		0.0665142		0
2.593		0.0664832		0
2.594		0.0664521		0
2.595		0.0664211		0
2.596		0.0663901		0
2.597		0.0663591		0
2.598		0.0663282		0
2.599		0.0662972		0
2.6		0.0662663		0
2.601		0.0662354		0
2.602		0.0662045		0
2.603		0.0661736		0
2.604		0.0661428		0
2.605		0.066112		0
2.606		0.0660811		0
2.607		0.0660503		0
2.608		0.0660196		0
2.609		0.0659888		0
2.61		0.065958		0
2.611		0.0659273		0
2.612		0.0658966		0
2.613		0.0658659		0
2.614		0.0658352		0
2.615		0.0658046		0
2.616		0.0657739		0
2.617		0.0657433		0
2.618		0.0657127		0
2.619		0.0656821		0
2.62		0.0656516		0
2.621		0.065621		0
2.622		0.0655905		0
2.623		0.06556		0
2.624		0.0655295		0
2.625		0.065499		0
2.626		0.0654685		0
2.627		0.0654381		0
2.628		0.0654077		0
2.629		0.0653773		0
2.63		0.0653469		0
2.631		0.0653165		0
2.632		0.0652861		0
2.633		0.0652558		0
2.634		0.0652255		0
2.635		0.0651952		0
2.636		0.0651649		0
2.637		0.0651346		0
2.638		0.0651044		0
2.639		0.0650742		0
2.64		0.0650439		0
2.641		0.0650137		0
2.642		0.0649836		0
2.643		0.0649534		0
2.644		0.0649233		0
2.645		0.0648931		0
2.646		0.064863		0
2.647		0.0648329		0
2.648		0.0648029		0
2.649		0.0647728		0
2.65		0.0647428		0
2.651		0.0647128		0
2.652		0.0646828		0
2.653		0.0646528		0
2.654		0.0646228		0
2.655		0.0645929		0
2.656		0.0645629		0
2.657		0.064533		0
2.658		0.0645031		0
2.659		0.0644732		0
2.66		0.0644434		0
2.661		0.0644135		0
2.662		0.0643837		0
2.663		0.0643539		0
2.664		0.0643241		0
2.665		0.0642943		0
2.666		0.0642646		0
2.667		0.0642348		0
2.668		0.0642051		0
2.669		0.0641754		0
2.67		0.0641457		0
2.671		0.064116		0
2.672		0.0640864		0
2.673		0.0640567		0
2.674		0.0640271		0
2.675		0.0639975		0
2.676		0.0639679		0
2.677		0.0639384		0
2.678		0.0639088		0
2.679		0.0638793		0
2.68		0.0638498		0
2.681		0.0638203		0
2.682		0.0637908		0
2.683		0.0637613		0
2.684		0.0637319		0
2.685		0.0637024		0
2.686		0.063673		0
2.687		0.0636436		0
2.688		0.0636142		0
2.689		0.0635849		0
2.69		0.0635555		0
2.691		0.0635262		0
2.692		0.0634969		0
2.693		0.0634676		0
2.694		0.0634383		0
2.695		0.0634091		0
2.696		0.0633798		0
2.697		0.0633506		0
2.698		0.0633214		0
2.699		0.0632922		0
2.7		0.063263		0
2.701		0.0632339		0
2.702		0.0632047		0
2.703		0.0631756		0
2.704		0.0631465		0
2.705		0.0631174		0
2.706		0.0630883		0
2.707		0.0630593		0
2.708		0.0630303		0
2.709		0.0630012		0
2.71		0.0629722		0
2.711		0.0629432		0
2.712		0.0629143		0
2.713		0.0628853		0
2.714		0.0628564		0
2.715		0.0628275		0
2.716		0.0627986		0
2.717		0.0627697		0
2.718		0.0627408		0
2.719		0.0627119		0
2.72		0.0626831		0
2.721		0.0626543		0
2.722		0.0626255		0
2.723		0.0625967		0
2.724		0.0625679		0
2.725		0.0625392		0
2.726		0.0625104		0
2.727		0.0624817		0
2.728		0.062453		0
2.729		0.0624243		0
2.73		0.0623957		0
2.731		0.062367		0
2.732		0.0623384		0
2.733		0.0623098		0
2.734		0.0622812		0
2.735		0.0622526		0
2.736		0.062224		0
2.737		0.0621955		0
2.738		0.0621669		0
2.739		0.0621384		0
2.74		0.0621099		0
2.741		0.0620814		0
2.742		0.0620529		0
2.743		0.0620245		0
2.744		0.0619961		0
2.745		0.0619676		0
2.746		0.0619392		0
2.747		0.0619109		0
2.748		0.0618825		0
2.749		0.0618541		0
2.75		0.0618258		0
2.751		0.0617975		0
2.752		0.0617692		0
2.753		0.0617409		0
2.754		0.0617126		0
2.755		0.0616844		0
2.756		0.0616561		0
2.757		0.0616279		0
2.758		0.0615997		0
2.759		0.0615715		0
2.76		0.0615433		0
2.761		0.0615152		0
2.762		0.061487		0
2.763		0.0614589		0
2.764		0.0614308		0
2.765		0.0614027		0
2.766		0.0613746		0
2.767		0.0613466		0
2.768		0.0613186		0
2.769		0.0612905		0
2.77		0.0612625		0
2.771		0.0612345		0
2.772		0.0612066		0
2.773		0.0611786		0
2.774		0.0611506		0
2.775		0.0611227		0
2.776		0.0610948		0
2.777		0.0610669		0
2.778		0.061039		0
2.779		0.0610112		0
2.78		0.0609833		0
2.781		0.0609555		0
2.782		0.0609277		0
2.783		0.0608999		0
2.784		0.0608721		0
2.785		0.0608443		0
2.786		0.0608166		0
2.787		0.0607889		0
2.788		0.0607611		0
2.789		0.0607334		0
2.79		0.0607058		0
2.791		0.0606781		0
2.792		0.0606504		0
2.793		0.0606228		0
2.794		0.0605952		0
2.795		0.0605676		0
2.796		0.06054		0
2.797		0.0605124		0
2.798		0.0604849		0
2.799		0.0604573		0
2.8		0.0604298		0
2.801		0.0604023		0
2.802		0.0603748		0
2.803		0.0603473		0
2.804		0.0603199		0
2.805		0.0602924		0
2.806		0.060265		0
2.807		0.0602376		0
2.808		0.0602102		0
2.809		0.0601828		0
2.81		0.0601555		0
2.811		0.0601281		0
2.812		0.0601008		0
2.813		0.0600735		0
2.814		0.0600462		0
2.815		0.0600189		0
2.816		0.0599916		0
2.817		0.0599644		0
2.818		0.0599371		0
2.819		0.0599099		0
2.82		0.0598827		0
2.821		0.0598555		0
2.822		0.0598283		0
2.823		0.0598012		0
2.824		0.059774		0
2.825		0.0597469		0
2.826		0.0597198		0
2.827		0.0596927		0
2.828		0.0596656		0
2.829		0.0596386		0
2.83		0.0596115		0
2.831		0.0595845		0
2.832		0.0595575		0
2.833		0.0595305		0
2.834		0.0595035		0
2.835		0.0594765		0
2.836		0.0594496		0
2.837		0.0594226		0
2.838		0.0593957		0
2.839		0.0593688		0
2.84		0.0593419		0
2.841		0.059315		0
2.842		0.0592882		0
2.843		0.0592613		0
2.844		0.0592345		0
2.845		0.0592077		0
2.846		0.0591809		0
2.847		0.0591541		0
2.848		0.0591273		0
2.849		0.0591006		0
2.85		0.0590739		0
2.851		0.0590471		0
2.852		0.0590204		0
2.853		0.0589938		0
2.854		0.0589671		0
2.855		0.0589404		0
2.856		0.0589138		0
2.857		0.0588872		0
2.858		0.0588605		0
2.859		0.0588339		0
2.86		0.0588074		0
2.861		0.0587808		0
2.862		0.0587543		0
2.863		0.0587277		0
2.864		0.0587012		0
2.865		0.0586747		0
2.866		0.0586482		0
2.867		0.0586217		0
2.868		0.0585953		0
2.869		0.0585688		0
2.87		0.0585424		0
2.871		0.058516		0
2.872		0.0584896		0
2.873		0.0584632		0
2.874		0.0584369		0
2.875		0.0584105		0
2.876		0.0583842		0
2.877		0.0583579		0
2.878		0.0583316		0
2.879		0.0583053		0
2.88		0.058279		0
2.881		0.0582528		0
2.882		0.0582265		0
2.883		0.0582003		0
2.884		0.0581741		0
2.885		0.0581479		0
2.886		0.0581217		0
2.887		0.0580955		0
2.888		0.0580694		0
2.889		0.0580432		0
2.89		0.0580171		0
2.891		0.057991		0
2.892		0.0579649		0
2.893		0.0579389		0
2.894		0.0579128		0
2.895		0.0578867		0
2.896		0.0578607		0
2.897		0.0578347		0
2.898		0.0578087		0
2.899		0.0577827		0
2.9		0.0577568		0
2.901		0.0577308		0
2.902		0.0577049		0
2.903		0.0576789		0
2.904		0.057653		0
2.905		0.0576271		0
2.906		0.0576013		0
2.907		0.0575754		0
2.908		0.0575495		0
2.909		0.0575237		0
2.91		0.0574979		0
2.911		0.0574721		0
2.912		0.0574463		0
2.913		0.0574205		0
2.914		0.0573948		0
2.915		0.057369		0
2.916		0.0573433		0
2.917		0.0573176		0
2.918		0.0572919		0
2.919		0.0572662		0
2.92		0.0572405		0
2.921		0.0572149		0
2.922		0.0571892		0
2.923		0.0571636		0
2.924		0.057138		0
2.925		0.0571124		0
2.926		0.0570868		0
2.927		0.0570612		0
2.928		0.0570357		0
2.929		0.0570102		0
2.93		0.0569846		0
2.931		0.0569591		0
2.932		0.0569336		0
2.933		0.0569082		0
2.934		0.0568827		0
2.935		0.0568573		0
2.936		0.0568318		0
2.937		0.0568064		0
2.938		0.056781		0
2.939		0.0567556		0
2.94		0.0567302		0
2.941		0.0567049		0
2.942		0.0566795		0
2.943		0.0566542		0
2.944		0.0566289		0
2.945		0.0566036		0
2.946		0.0565783		0
2.947		0.056553		0
2.948		0.0565278		0
2.949		0.0565025		0
2.95		0.0564773		0
2.951		0.0564521		0
2.952		0.0564269		0
2.953		0.0564017		0
2.954		0.0563765		0
2.955		0.0563514		0
2.956		0.0563263		0
2.957		0.0563011		0
2.958		0.056276		0
2.959		0.0562509		0
2.96		0.0562258		0
2.961		0.0562008		0
2.962		0.0561757		0
2.963		0.0561507		0
2.964		0.0561257		0
2.965		0.0561007		0
2.966		0.0560757		0
2.967		0.0560507		0
2.968		0.0560257		0
2.969		0.0560008		0
2.97		0.0559758		0
2.971		0.0559509		0
2.972		0.055926		0
2.973		0.0559011		0
2.974		0.0558762		0
2.975		0.0558514		0
2.976		0.0558265		0
2.977		0.0558017		0
2.978		0.0557769		0
2.979		0.055752		0
2.98		0.0557273		0
2.981		0.0557025		0
2.982		0.0556777		0
2.983		0.055653		0
2.984		0.0556282		0
2.985		0.0556035		0
2.986		0.0555788		0
2.987		0.0555541		0
2.988		0.0555294		0
2.989		0.0555048		0
2.99		0.0554801		0
2.991		0.0554555		0
2.992		0.0554309		0
2.993		0.0554063		0
2.994		0.0553817		0
2.995		0.0553571		0
2.996		0.0553325		0
2.997		0.055308		0
2.998		0.0552834		0
2.999		0.0552589		0
3		0.0552344		0
