0.001		0.0582267		0
0.002		0.0940013		0
0.003		0.105137		0
0.004		0.107245		0
0.005		0.102321		0
0.006		0.0935901		0
0.007		0.0836683		0
0.008		0.0739974		0
0.009		0.0652103		0
0.01		0.0575119		0
0.011		0.0509119		0
0.012		0.0453446		0
0.013		0.0407238		0
0.014		0.0369647		0
0.015		0.0339909		0
0.016		0.0317343		0
0.017		0.0301339		0
0.018		0.0291336		0
0.019		0.0286803		0
0.02		0.0287233		0
0.021		0.0292136		0
0.022		0.0301035		0
0.023		0.0313472		0
0.024		0.0329009		0
0.025		0.0347227		0
0.026		0.0367734		0
0.027		0.0390163		0
0.028		0.0414175		0
0.029		0.0439463		0
0.03		0.0465746		0
0.031		0.0492774		0
0.032		0.0520322		0
0.033		0.0548195		0
0.034		0.0576221		0
0.035		0.0604252		0
0.036		0.063216		0
0.037		0.0659837		0
0.038		0.0687194		0
0.039		0.0714155		0
0.04		0.0740659		0
0.041		0.0766658		0
0.042		0.0792113		0
0.043		0.0816995		0
0.044		0.0841283		0
0.045		0.0864964		0
0.046		0.0888029		0
0.047		0.0910475		0
0.048		0.0932304		0
0.049		0.095352		0
0.05		0.097413		0
0.051		0.0994146		0
0.052		0.101358		0
0.053		0.103244		0
0.054		0.105076		0
0.055		0.106853		0
0.056		0.108579		0
0.057		0.110254		0
0.058		0.111881		0
0.059		0.113461		0
0.06		0.114997		0
0.061		0.11649		0
0.062		0.117942		0
0.063		0.119355		0
0.064		0.120731		0
0.065		0.122072		0
0.066		0.123379		0
0.067		0.124654		0
0.068		0.1259		0
0.069		0.127117		0
0.07		0.128307		0
0.071		0.129472		0
0.072		0.130614		0
0.073		0.131734		0
0.074		0.132834		0
0.075		0.133914		0
0.076		0.134977		0
0.077		0.136024		0
0.078		0.137055		0
0.079		0.138073		0
0.08		0.139078		0
0.081		0.140072		0
0.082		0.141056		0
0.083		0.142031		0
0.084		0.142997		0
0.085		0.143956		0
0.086		0.144909		0
0.087		0.145856		0
0.088		0.146798		0
0.089		0.147737		0
0.09		0.148673		0
0.091		0.149606		0
0.092		0.150538		0
0.093		0.151469		0
0.094		0.152399		0
0.095		0.153329		0
0.096		0.154259		0
0.097		0.155191		0
0.098		0.156124		0
0.099		0.157059		0
0.1		0.157996		0
0.101		0.158936		0
0.102		0.159878		0
0.103		0.160824		0
0.104		0.161774		0
0.105		0.162726		0
0.106		0.163683		0
0.107		0.164644		0
0.108		0.165609		0
0.109		0.166578		0
0.11		0.167552		0
0.111		0.16853		0
0.112		0.169513		0
0.113		0.170501		0
0.114		0.171493		0
0.115		0.17249		0
0.116		0.173491		0
0.117		0.174497		0
0.118		0.175508		0
0.119		0.176523		0
0.12		0.177543		0
0.121		0.178567		0
0.122		0.179595		0
0.123		0.180628		0
0.124		0.181664		0
0.125		0.182705		0
0.126		0.183749		0
0.127		0.184798		0
0.128		0.185849		0
0.129		0.186904		0
0.13		0.187962		0
0.131		0.189023		0
0.132		0.190088		0
0.133		0.191154		0
0.134		0.192223		0
0.135		0.193295		0
0.136		0.194368		0
0.137		0.195443		0
0.138		0.19652		0
0.139		0.197599		0
0.14		0.198678		0
0.141		0.199759		0
0.142		0.20084		0
0.143		0.201922		0
0.144		0.203005		0
0.145		0.204087		0
0.146		0.205169		0
0.147		0.206251		0
0.148		0.207333		0
0.149		0.208413		0
0.15		0.209493		0
0.151		0.210572		0
0.152		0.211649		0
0.153		0.212724		0
0.154		0.213797		0
0.155		0.214869		0
0.156		0.215938		0
0.157		0.217004		0
0.158		0.218068		0
0.159		0.219129		0
0.16		0.220187		0
0.161		0.221241		0
0.162		0.222292		0
0.163		0.223338		0
0.164		0.224381		0
0.165		0.22542		0
0.166		0.226455		0
0.167		0.227485		0
0.168		0.22851		0
0.169		0.22953		0
0.17		0.230545		0
0.171		0.231555		0
0.172		0.232559		0
0.173		0.233558		0
0.174		0.234551		0
0.175		0.235538		0
0.176		0.236519		0
0.177		0.237494		0
0.178		0.238462		0
0.179		0.239424		0
0.18		0.240379		0
0.181		0.241327		0
0.182		0.242268		0
0.183		0.243202		0
0.184		0.244129		0
0.185		0.245048		0
0.186		0.24596		0
0.187		0.246865		0
0.188		0.247761		0
0.189		0.24865		0
0.19		0.249531		0
0.191		0.250404		0
0.192		0.251269		0
0.193		0.252125		0
0.194		0.252973		0
0.195		0.253813		0
0.196		0.254644		0
0.197		0.255467		0
0.198		0.25628		0
0.199		0.257086		0
0.2		0.257882		0
0.201		0.25867		0
0.202		0.259448		0
0.203		0.260218		0
0.204		0.260978		0
0.205		0.26173		0
0.206		0.262472		0
0.207		0.263205		0
0.208		0.263928		0
0.209		0.264643		0
0.21		0.265348		0
0.211		0.266044		0
0.212		0.26673		0
0.213		0.267407		0
0.214		0.268074		0
0.215		0.268732		0
0.216		0.26938		0
0.217		0.270019		0
0.218		0.270648		0
0.219		0.271268		0
0.22		0.271878		0
0.221		0.272479		0
0.222		0.27307		0
0.223		0.273651		0
0.224		0.274223		0
0.225		0.274785		0
0.226		0.275338		0
0.227		0.275881		0
0.228		0.276414		0
0.229		0.276938		0
0.23		0.277452		0
0.231		0.277957		0
0.232		0.278452		0
0.233		0.278938		0
0.234		0.279414		0
0.235		0.27988		0
0.236		0.280338		0
0.237		0.280785		0
0.238		0.281224		0
0.239		0.281653		0
0.24		0.282073		0
0.241		0.282483		0
0.242		0.282884		0
0.243		0.283276		0
0.244		0.283659		0
0.245		0.284032		0
0.246		0.284397		0
0.247		0.284752		0
0.248		0.285098		0
0.249		0.285435		0
0.25		0.285763		0
0.251		0.286083		0
0.252		0.286393		0
0.253		0.286695		0
0.254		0.286988		0
0.255		0.287272		0
0.256		0.287547		0
0.257		0.287814		0
0.258		0.288072		0
0.259		0.288322		0
0.26		0.288563		0
0.261		0.288796		0
0.262		0.28902		0
0.263		0.289237		0
0.264		0.289445		0
0.265		0.289644		0
0.266		0.289836		0
0.267		0.290019		0
0.268		0.290195		0
0.269		0.290362		0
0.27		0.290522		0
0.271		0.290674		0
0.272		0.290818		0
0.273		0.290954		0
0.274		0.291083		0
0.275		0.291204		0
0.276		0.291317		0
0.277		0.291423		0
0.278		0.291522		0
0.279		0.291613		0
0.28		0.291697		0
0.281		0.291774		0
0.282		0.291844		0
0.283		0.291906		0
0.284		0.291962		0
0.285		0.29201		0
0.286		0.292052		0
0.287		0.292087		0
0.288		0.292115		0
0.289		0.292137		0
0.29		0.292151		0
0.291		0.29216		0
0.292		0.292161		0
0.293		0.292157		0
0.294		0.292146		0
0.295		0.292129		0
0.296		0.292105		0
0.297		0.292075		0
0.298		0.292039		0
0.299		0.291998		0
0.3		0.29195		0
0.301		0.291896		0
0.302		0.291837		0
0.303		0.291771		0
0.304		0.2917		0
0.305		0.291624		0
0.306		0.291541		0
0.307		0.291454		0
0.308		0.29136		0
0.309		0.291262		0
0.31		0.291158		0
0.311		0.291049		0
0.312		0.290934		0
0.313		0.290815		0
0.314		0.29069		0
0.315		0.29056		0
0.316		0.290426		0
0.317		0.290286		0
0.318		0.290142		0
0.319		0.289993		0
0.32		0.289839		0
0.321		0.289681		0
0.322		0.289518		0
0.323		0.289351		0
0.324		0.289179		0
0.325		0.289002		0
0.326		0.288822		0
0.327		0.288637		0
0.328		0.288448		0
0.329		0.288254		0
0.33		0.288057		0
0.331		0.287856		0
0.332		0.28765		0
0.333		0.287441		0
0.334		0.287228		0
0.335		0.287011		0
0.336		0.28679		0
0.337		0.286565		0
0.338		0.286337		0
0.339		0.286105		0
0.34		0.28587		0
0.341		0.285631		0
0.342		0.285389		0
0.343		0.285143		0
0.344		0.284894		0
0.345		0.284642		0
0.346		0.284387		0
0.347		0.284128		0
0.348		0.283866		0
0.349		0.283602		0
0.35		0.283334		0
0.351		0.283063		0
0.352		0.282789		0
0.353		0.282513		0
0.354		0.282233		0
0.355		0.281951		0
0.356		0.281666		0
0.357		0.281379		0
0.358		0.281088		0
0.359		0.280796		0
0.36		0.2805		0
0.361		0.280202		0
0.362		0.279902		0
0.363		0.2796		0
0.364		0.279294		0
0.365		0.278987		0
0.366		0.278678		0
0.367		0.278366		0
0.368		0.278052		0
0.369		0.277736		0
0.37		0.277417		0
0.371		0.277097		0
0.372		0.276775		0
0.373		0.276451		0
0.374		0.276124		0
0.375		0.275796		0
0.376		0.275466		0
0.377		0.275135		0
0.378		0.274801		0
0.379		0.274466		0
0.38		0.274129		0
0.381		0.27379		0
0.382		0.27345		0
0.383		0.273108		0
0.384		0.272765		0
0.385		0.27242		0
0.386		0.272074		0
0.387		0.271726		0
0.388		0.271377		0
0.389		0.271026		0
0.39		0.270674		0
0.391		0.270321		0
0.392		0.269967		0
0.393		0.269611		0
0.394		0.269254		0
0.395		0.268896		0
0.396		0.268537		0
0.397		0.268177		0
0.398		0.267816		0
0.399		0.267453		0
0.4		0.26709		0
0.401		0.266726		0
0.402		0.26636		0
0.403		0.265994		0
0.404		0.265627		0
0.405		0.265259		0
0.406		0.26489		0
0.407		0.264521		0
0.408		0.26415		0
0.409		0.263779		0
0.41		0.263407		0
0.411		0.263035		0
0.412		0.262662		0
0.413		0.262288		0
0.414		0.261914		0
0.415		0.261539		0
0.416		0.261163		0
0.417		0.260787		0
0.418		0.26041		0
0.419		0.260033		0
0.42		0.259656		0
0.421		0.259278		0
0.422		0.258899		0
0.423		0.25852		0
0.424		0.258141		0
0.425		0.257762		0
0.426		0.257382		0
0.427		0.257002		0
0.428		0.256621		0
0.429		0.25624		0
0.43		0.25586		0
0.431		0.255478		0
0.432		0.255097		0
0.433		0.254716		0
0.434		0.254334		0
0.435		0.253952		0
0.436		0.25357		0
0.437		0.253188		0
0.438		0.252806		0
0.439		0.252424		0
0.44		0.252042		0
0.441		0.251659		0
0.442		0.251277		0
0.443		0.250895		0
0.444		0.250513		0
0.445		0.250131		0
0.446		0.249749		0
0.447		0.249367		0
0.448		0.248985		0
0.449		0.248603		0
0.45		0.248221		0
0.451		0.24784		0
0.452		0.247458		0
0.453		0.247077		0
0.454		0.246696		0
0.455		0.246316		0
0.456		0.245935		0
0.457		0.245555		0
0.458		0.245175		0
0.459		0.244795		0
0.46		0.244415		0
0.461		0.244036		0
0.462		0.243657		0
0.463		0.243279		0
0.464		0.2429		0
0.465		0.242522		0
0.466		0.242145		0
0.467		0.241768		0
0.468		0.241391		0
0.469		0.241014		0
0.47		0.240638		0
0.471		0.240263		0
0.472		0.239888		0
0.473		0.239513		0
0.474		0.239139		0
0.475		0.238765		0
0.476		0.238391		0
0.477		0.238018		0
0.478		0.237646		0
0.479		0.237274		0
0.48		0.236903		0
0.481		0.236532		0
0.482		0.236161		0
0.483		0.235792		0
0.484		0.235422		0
0.485		0.235054		0
0.486		0.234686		0
0.487		0.234318		0
0.488		0.233951		0
0.489		0.233585		0
0.49		0.233219		0
0.491		0.232854		0
0.492		0.232489		0
0.493		0.232125		0
0.494		0.231762		0
0.495		0.231399		0
0.496		0.231037		0
0.497		0.230676		0
0.498		0.230315		0
0.499		0.229955		0
0.5		0.229595		0
0.501		0.229237		0
0.502		0.228879		0
0.503		0.228521		0
0.504		0.228165		0
0.505		0.227809		0
0.506		0.227453		0
0.507		0.227099		0
0.508		0.226745		0
0.509		0.226392		0
0.51		0.22604		0
0.511		0.225688		0
0.512		0.225337		0
0.513		0.224987		0
0.514		0.224638		0
0.515		0.224289		0
0.516		0.223941		0
0.517		0.223594		0
0.518		0.223248		0
0.519		0.222902		0
0.52		0.222558		0
0.521		0.222214		0
0.522		0.221871		0
0.523		0.221528		0
0.524		0.221187		0
0.525		0.220846		0
0.526		0.220506		0
0.527		0.220167		0
0.528		0.219828		0
0.529		0.219491		0
0.53		0.219154		0
0.531		0.218818		0
0.532		0.218483		0
0.533		0.218149		0
0.534		0.217815		0
0.535		0.217483		0
0.536		0.217151		0
0.537		0.21682		0
0.538		0.21649		0
0.539		0.216161		0
0.54		0.215832		0
0.541		0.215505		0
0.542		0.215178		0
0.543		0.214852		0
0.544		0.214527		0
0.545		0.214203		0
0.546		0.213879		0
0.547		0.213557		0
0.548		0.213235		0
0.549		0.212915		0
0.55		0.212595		0
0.551		0.212276		0
0.552		0.211958		0
0.553		0.21164		0
0.554		0.211324		0
0.555		0.211008		0
0.556		0.210694		0
0.557		0.21038		0
0.558		0.210067		0
0.559		0.209755		0
0.56		0.209444		0
0.561		0.209134		0
0.562		0.208824		0
0.563		0.208516		0
0.564		0.208208		0
0.565		0.207901		0
0.566		0.207595		0
0.567		0.20729		0
0.568		0.206986		0
0.569		0.206683		0
0.57		0.20638		0
0.571		0.206079		0
0.572		0.205778		0
0.573		0.205479		0
0.574		0.20518		0
0.575		0.204882		0
0.576		0.204585		0
0.577		0.204288		0
0.578		0.203993		0
0.579		0.203699		0
0.58		0.203405		0
0.581		0.203112		0
0.582		0.202821		0
0.583		0.20253		0
0.584		0.20224		0
0.585		0.20195		0
0.586		0.201662		0
0.587		0.201375		0
0.588		0.201088		0
0.589		0.200803		0
0.59		0.200518		0
0.591		0.200234		0
0.592		0.199951		0
0.593		0.199669		0
0.594		0.199387		0
0.595		0.199107		0
0.596		0.198827		0
0.597		0.198549		0
0.598		0.198271		0
0.599		0.197994		0
0.6		0.197718		0
0.601		0.197443		0
0.602		0.197168		0
0.603		0.196895		0
0.604		0.196622		0
0.605		0.196351		0
0.606		0.19608		0
0.607		0.19581		0
0.608		0.195541		0
0.609		0.195272		0
0.61		0.195005		0
0.611		0.194738		0
0.612		0.194473		0
0.613		0.194208		0
0.614		0.193944		0
0.615		0.193681		0
0.616		0.193418		0
0.617		0.193157		0
0.618		0.192896		0
0.619		0.192636		0
0.62		0.192377		0
0.621		0.192119		0
0.622		0.191862		0
0.623		0.191606		0
0.624		0.19135		0
0.625		0.191095		0
0.626		0.190841		0
0.627		0.190588		0
0.628		0.190336		0
0.629		0.190085		0
0.63		0.189834		0
0.631		0.189584		0
0.632		0.189335		0
0.633		0.189087		0
0.634		0.18884		0
0.635		0.188593		0
0.636		0.188348		0
0.637		0.188103		0
0.638		0.187859		0
0.639		0.187615		0
0.64		0.187373		0
0.641		0.187131		0
0.642		0.18689		0
0.643		0.18665		0
0.644		0.186411		0
0.645		0.186173		0
0.646		0.185935		0
0.647		0.185698		0
0.648		0.185462		0
0.649		0.185227		0
0.65		0.184993		0
0.651		0.184759		0
0.652		0.184526		0
0.653		0.184294		0
0.654		0.184062		0
0.655		0.183832		0
0.656		0.183602		0
0.657		0.183373		0
0.658		0.183145		0
0.659		0.182917		0
0.66		0.182691		0
0.661		0.182465		0
0.662		0.18224		0
0.663		0.182015		0
0.664		0.181792		0
0.665		0.181569		0
0.666		0.181347		0
0.667		0.181125		0
0.668		0.180904		0
0.669		0.180685		0
0.67		0.180465		0
0.671		0.180247		0
0.672		0.180029		0
0.673		0.179812		0
0.674		0.179596		0
0.675		0.179381		0
0.676		0.179166		0
0.677		0.178952		0
0.678		0.178739		0
0.679		0.178526		0
0.68		0.178314		0
0.681		0.178103		0
0.682		0.177893		0
0.683		0.177683		0
0.684		0.177474		0
0.685		0.177266		0
0.686		0.177059		0
0.687		0.176852		0
0.688		0.176646		0
0.689		0.17644		0
0.69		0.176236		0
0.691		0.176032		0
0.692		0.175828		0
0.693		0.175626		0
0.694		0.175424		0
0.695		0.175223		0
0.696		0.175022		0
0.697		0.174822		0
0.698		0.174623		0
0.699		0.174424		0
0.7		0.174227		0
0.701		0.174029		0
0.702		0.173833		0
0.703		0.173637		0
0.704		0.173442		0
0.705		0.173248		0
0.706		0.173054		0
0.707		0.172861		0
0.708		0.172668		0
0.709		0.172476		0
0.71		0.172285		0
0.711		0.172095		0
0.712		0.171905		0
0.713		0.171715		0
0.714		0.171527		0
0.715		0.171339		0
0.716		0.171152		0
0.717		0.170965		0
0.718		0.170779		0
0.719		0.170594		0
0.72		0.170409		0
0.721		0.170225		0
0.722		0.170041		0
0.723		0.169858		0
0.724		0.169676		0
0.725		0.169494		0
0.726		0.169313		0
0.727		0.169133		0
0.728		0.168953		0
0.729		0.168774		0
0.73		0.168596		0
0.731		0.168418		0
0.732		0.16824		0
0.733		0.168063		0
0.734		0.167887		0
0.735		0.167712		0
0.736		0.167537		0
0.737		0.167362		0
0.738		0.167189		0
0.739		0.167016		0
0.74		0.166843		0
0.741		0.166671		0
0.742		0.166499		0
0.743		0.166329		0
0.744		0.166158		0
0.745		0.165989		0
0.746		0.16582		0
0.747		0.165651		0
0.748		0.165483		0
0.749		0.165316		0
0.75		0.165149		0
0.751		0.164983		0
0.752		0.164817		0
0.753		0.164652		0
0.754		0.164487		0
0.755		0.164323		0
0.756		0.164159		0
0.757		0.163997		0
0.758		0.163834		0
0.759		0.163672		0
0.76		0.163511		0
0.761		0.16335		0
0.762		0.16319		0
0.763		0.16303		0
0.764		0.162871		0
0.765		0.162712		0
0.766		0.162554		0
0.767		0.162397		0
0.768		0.16224		0
0.769		0.162083		0
0.77		0.161927		0
0.771		0.161772		0
0.772		0.161617		0
0.773		0.161462		0
0.774		0.161308		0
0.775		0.161155		0
0.776		0.161002		0
0.777		0.16085		0
0.778		0.160698		0
0.779		0.160547		0
0.78		0.160396		0
0.781		0.160245		0
0.782		0.160095		0
0.783		0.159946		0
0.784		0.159797		0
0.785		0.159649		0
0.786		0.159501		0
0.787		0.159353		0
0.788		0.159206		0
0.789		0.15906		0
0.79		0.158914		0
0.791		0.158769		0
0.792		0.158624		0
0.793		0.158479		0
0.794		0.158335		0
0.795		0.158191		0
0.796		0.158048		0
0.797		0.157906		0
0.798		0.157763		0
0.799		0.157622		0
0.8		0.15748		0
0.801		0.15734		0
0.802		0.157199		0
0.803		0.157059		0
0.804		0.15692		0
0.805		0.156781		0
0.806		0.156643		0
0.807		0.156504		0
0.808		0.156367		0
0.809		0.15623		0
0.81		0.156093		0
0.811		0.155957		0
0.812		0.155821		0
0.813		0.155685		0
0.814		0.15555		0
0.815		0.155416		0
0.816		0.155282		0
0.817		0.155148		0
0.818		0.155015		0
0.819		0.154882		0
0.82		0.15475		0
0.821		0.154618		0
0.822		0.154486		0
0.823		0.154355		0
0.824		0.154224		0
0.825		0.154094		0
0.826		0.153964		0
0.827		0.153835		0
0.828		0.153706		0
0.829		0.153577		0
0.83		0.153449		0
0.831		0.153321		0
0.832		0.153194		0
0.833		0.153067		0
0.834		0.15294		0
0.835		0.152814		0
0.836		0.152688		0
0.837		0.152563		0
0.838		0.152438		0
0.839		0.152313		0
0.84		0.152189		0
0.841		0.152065		0
0.842		0.151942		0
0.843		0.151819		0
0.844		0.151696		0
0.845		0.151574		0
0.846		0.151452		0
0.847		0.15133		0
0.848		0.151209		0
0.849		0.151088		0
0.85		0.150968		0
0.851		0.150848		0
0.852		0.150728		0
0.853		0.150609		0
0.854		0.15049		0
0.855		0.150372		0
0.856		0.150254		0
0.857		0.150136		0
0.858		0.150018		0
0.859		0.149901		0
0.86		0.149785		0
0.861		0.149668		0
0.862		0.149552		0
0.863		0.149437		0
0.864		0.149321		0
0.865		0.149206		0
0.866		0.149092		0
0.867		0.148978		0
0.868		0.148864		0
0.869		0.14875		0
0.87		0.148637		0
0.871		0.148524		0
0.872		0.148412		0
0.873		0.148299		0
0.874		0.148188		0
0.875		0.148076		0
0.876		0.147965		0
0.877		0.147854		0
0.878		0.147744		0
0.879		0.147634		0
0.88		0.147524		0
0.881		0.147414		0
0.882		0.147305		0
0.883		0.147196		0
0.884		0.147088		0
0.885		0.14698		0
0.886		0.146872		0
0.887		0.146764		0
0.888		0.146657		0
0.889		0.14655		0
0.89		0.146444		0
0.891		0.146337		0
0.892		0.146231		0
0.893		0.146126		0
0.894		0.146021		0
0.895		0.145916		0
0.896		0.145811		0
0.897		0.145706		0
0.898		0.145602		0
0.899		0.145499		0
0.9		0.145395		0
0.901		0.145292		0
0.902		0.145189		0
0.903		0.145087		0
0.904		0.144984		0
0.905		0.144882		0
0.906		0.144781		0
0.907		0.144679		0
0.908		0.144578		0
0.909		0.144477		0
0.91		0.144377		0
0.911		0.144277		0
0.912		0.144177		0
0.913		0.144077		0
0.914		0.143978		0
0.915		0.143879		0
0.916		0.14378		0
0.917		0.143682		0
0.918		0.143583		0
0.919		0.143486		0
0.92		0.143388		0
0.921		0.143291		0
0.922		0.143194		0
0.923		0.143097		0
0.924		0.143		0
0.925		0.142904		0
0.926		0.142808		0
0.927		0.142712		0
0.928		0.142617		0
0.929		0.142522		0
0.93		0.142427		0
0.931		0.142332		0
0.932		0.142238		0
0.933		0.142144		0
0.934		0.14205		0
0.935		0.141956		0
0.936		0.141863		0
0.937		0.14177		0
0.938		0.141677		0
0.939		0.141585		0
0.94		0.141492		0
0.941		0.1414		0
0.942		0.141309		0
0.943		0.141217		0
0.944		0.141126		0
0.945		0.141035		0
0.946		0.140944		0
0.947		0.140854		0
0.948		0.140763		0
0.949		0.140673		0
0.95		0.140584		0
0.951		0.140494		0
0.952		0.140405		0
0.953		0.140316		0
0.954		0.140227		0
0.955		0.140138		0
0.956		0.14005		0
0.957		0.139962		0
0.958		0.139874		0
0.959		0.139787		0
0.96		0.139699		0
0.961		0.139612		0
0.962		0.139525		0
0.963		0.139439		0
0.964		0.139352		0
0.965		0.139266		0
0.966		0.13918		0
0.967		0.139094		0
0.968		0.139009		0
0.969		0.138924		0
0.97		0.138839		0
0.971		0.138754		0
0.972		0.138669		0
0.973		0.138585		0
0.974		0.138501		0
0.975		0.138417		0
0.976		0.138333		0
0.977		0.13825		0
0.978		0.138167		0
0.979		0.138084		0
0.98		0.138001		0
0.981		0.137918		0
0.982		0.137836		0
0.983		0.137754		0
0.984		0.137672		0
0.985		0.13759		0
0.986		0.137508		0
0.987		0.137427		0
0.988		0.137346		0
0.989		0.137265		0
0.99		0.137184		0
0.991		0.137104		0
0.992		0.137024		0
0.993		0.136944		0
0.994		0.136864		0
0.995		0.136784		0
0.996		0.136705		0
0.997		0.136625		0
0.998		0.136546		0
0.999		0.136468		0
1		0.136389		0
1.001		0.136311		0
1.002		0.136232		0
1.003		0.136154		0
1.004		0.136076		0
1.005		0.135999		0
1.006		0.135921		0
1.007		0.135844		0
1.008		0.135767		0
1.009		0.13569		0
1.01		0.135614		0
1.011		0.135537		0
1.012		0.135461		0
1.013		0.135385		0
1.014		0.135309		0
1.015		0.135233		0
1.016		0.135158		0
1.017		0.135082		0
1.018		0.135007		0
1.019		0.134932		0
1.02		0.134857		0
1.021		0.134783		0
1.022		0.134708		0
1.023		0.134634		0
1.024		0.13456		0
1.025		0.134486		0
1.026		0.134413		0
1.027		0.134339		0
1.028		0.134266		0
1.029		0.134193		0
1.03		0.13412		0
1.031		0.134047		0
1.032		0.133974		0
1.033		0.133902		0
1.034		0.13383		0
1.035		0.133757		0
1.036		0.133686		0
1.037		0.133614		0
1.038		0.133542		0
1.039		0.133471		0
1.04		0.1334		0
1.041		0.133329		0
1.042		0.133258		0
1.043		0.133187		0
1.044		0.133116		0
1.045		0.133046		0
1.046		0.132976		0
1.047		0.132906		0
1.048		0.132836		0
1.049		0.132766		0
1.05		0.132697		0
1.051		0.132627		0
1.052		0.132558		0
1.053		0.132489		0
1.054		0.13242		0
1.055		0.132351		0
1.056		0.132283		0
1.057		0.132214		0
1.058		0.132146		0
1.059		0.132078		0
1.06		0.13201		0
1.061		0.131942		0
1.062		0.131874		0
1.063		0.131807		0
1.064		0.13174		0
1.065		0.131672		0
1.066		0.131605		0
1.067		0.131539		0
1.068		0.131472		0
1.069		0.131405		0
1.07		0.131339		0
1.071		0.131273		0
1.072		0.131207		0
1.073		0.131141		0
1.074		0.131075		0
1.075		0.131009		0
1.076		0.130944		0
1.077		0.130878		0
1.078		0.130813		0
1.079		0.130748		0
1.08		0.130683		0
1.081		0.130618		0
1.082		0.130554		0
1.083		0.130489		0
1.084		0.130425		0
1.085		0.130361		0
1.086		0.130297		0
1.087		0.130233		0
1.088		0.130169		0
1.089		0.130105		0
1.09		0.130042		0
1.091		0.129978		0
1.092		0.129915		0
1.093		0.129852		0
1.094		0.129789		0
1.095		0.129726		0
1.096		0.129664		0
1.097		0.129601		0
1.098		0.129539		0
1.099		0.129477		0
1.1		0.129415		0
1.101		0.129353		0
1.102		0.129291		0
1.103		0.129229		0
1.104		0.129167		0
1.105		0.129106		0
1.106		0.129045		0
1.107		0.128983		0
1.108		0.128922		0
1.109		0.128861		0
1.11		0.128801		0
1.111		0.12874		0
1.112		0.128679		0
1.113		0.128619		0
1.114		0.128559		0
1.115		0.128499		0
1.116		0.128439		0
1.117		0.128379		0
1.118		0.128319		0
1.119		0.128259		0
1.12		0.1282		0
1.121		0.12814		0
1.122		0.128081		0
1.123		0.128022		0
1.124		0.127963		0
1.125		0.127904		0
1.126		0.127845		0
1.127		0.127787		0
1.128		0.127728		0
1.129		0.12767		0
1.13		0.127611		0
1.131		0.127553		0
1.132		0.127495		0
1.133		0.127437		0
1.134		0.127379		0
1.135		0.127322		0
1.136		0.127264		0
1.137		0.127207		0
1.138		0.127149		0
1.139		0.127092		0
1.14		0.127035		0
1.141		0.126978		0
1.142		0.126921		0
1.143		0.126864		0
1.144		0.126808		0
1.145		0.126751		0
1.146		0.126695		0
1.147		0.126638		0
1.148		0.126582		0
1.149		0.126526		0
1.15		0.12647		0
1.151		0.126414		0
1.152		0.126358		0
1.153		0.126303		0
1.154		0.126247		0
1.155		0.126192		0
1.156		0.126136		0
1.157		0.126081		0
1.158		0.126026		0
1.159		0.125971		0
1.16		0.125916		0
1.161		0.125861		0
1.162		0.125807		0
1.163		0.125752		0
1.164		0.125698		0
1.165		0.125643		0
1.166		0.125589		0
1.167		0.125535		0
1.168		0.125481		0
1.169		0.125427		0
1.17		0.125373		0
1.171		0.125319		0
1.172		0.125266		0
1.173		0.125212		0
1.174		0.125159		0
1.175		0.125105		0
1.176		0.125052		0
1.177		0.124999		0
1.178		0.124946		0
1.179		0.124893		0
1.18		0.12484		0
1.181		0.124788		0
1.182		0.124735		0
1.183		0.124683		0
1.184		0.12463		0
1.185		0.124578		0
1.186		0.124526		0
1.187		0.124473		0
1.188		0.124421		0
1.189		0.124369		0
1.19		0.124318		0
1.191		0.124266		0
1.192		0.124214		0
1.193		0.124163		0
1.194		0.124111		0
1.195		0.12406		0
1.196		0.124009		0
1.197		0.123957		0
1.198		0.123906		0
1.199		0.123855		0
1.2		0.123804		0
1.201		0.123754		0
1.202		0.123703		0
1.203		0.123652		0
1.204		0.123602		0
1.205		0.123551		0
1.206		0.123501		0
1.207		0.123451		0
1.208		0.123401		0
1.209		0.123351		0
1.21		0.123301		0
1.211		0.123251		0
1.212		0.123201		0
1.213		0.123151		0
1.214		0.123101		0
1.215		0.123052		0
1.216		0.123002		0
1.217		0.122953		0
1.218		0.122904		0
1.219		0.122855		0
1.22		0.122806		0
1.221		0.122756		0
1.222		0.122708		0
1.223		0.122659		0
1.224		0.12261		0
1.225		0.122561		0
1.226		0.122513		0
1.227		0.122464		0
1.228		0.122416		0
1.229		0.122367		0
1.23		0.122319		0
1.231		0.122271		0
1.232		0.122223		0
1.233		0.122175		0
1.234		0.122127		0
1.235		0.122079		0
1.236		0.122031		0
1.237		0.121984		0
1.238		0.121936		0
1.239		0.121888		0
1.24		0.121841		0
1.241		0.121794		0
1.242		0.121746		0
1.243		0.121699		0
1.244		0.121652		0
1.245		0.121605		0
1.246		0.121558		0
1.247		0.121511		0
1.248		0.121464		0
1.249		0.121418		0
1.25		0.121371		0
1.251		0.121324		0
1.252		0.121278		0
1.253		0.121231		0
1.254		0.121185		0
1.255		0.121139		0
1.256		0.121093		0
1.257		0.121046		0
1.258		0.121		0
1.259		0.120954		0
1.26		0.120909		0
1.261		0.120863		0
1.262		0.120817		0
1.263		0.120771		0
1.264		0.120726		0
1.265		0.12068		0
1.266		0.120635		0
1.267		0.120589		0
1.268		0.120544		0
1.269		0.120499		0
1.27		0.120454		0
1.271		0.120409		0
1.272		0.120364		0
1.273		0.120319		0
1.274		0.120274		0
1.275		0.120229		0
1.276		0.120184		0
1.277		0.12014		0
1.278		0.120095		0
1.279		0.12005		0
1.28		0.120006		0
1.281		0.119962		0
1.282		0.119917		0
1.283		0.119873		0
1.284		0.119829		0
1.285		0.119785		0
1.286		0.119741		0
1.287		0.119697		0
1.288		0.119653		0
1.289		0.119609		0
1.29		0.119565		0
1.291		0.119522		0
1.292		0.119478		0
1.293		0.119434		0
1.294		0.119391		0
1.295		0.119347		0
1.296		0.119304		0
1.297		0.119261		0
1.298		0.119218		0
1.299		0.119174		0
1.3		0.119131		0
1.301		0.119088		0
1.302		0.119045		0
1.303		0.119002		0
1.304		0.118959		0
1.305		0.118917		0
1.306		0.118874		0
1.307		0.118831		0
1.308		0.118789		0
1.309		0.118746		0
1.31		0.118704		0
1.311		0.118661		0
1.312		0.118619		0
1.313		0.118577		0
1.314		0.118534		0
1.315		0.118492		0
1.316		0.11845		0
1.317		0.118408		0
1.318		0.118366		0
1.319		0.118324		0
1.32		0.118282		0
1.321		0.118241		0
1.322		0.118199		0
1.323		0.118157		0
1.324		0.118116		0
1.325		0.118074		0
1.326		0.118033		0
1.327		0.117991		0
1.328		0.11795		0
1.329		0.117908		0
1.33		0.117867		0
1.331		0.117826		0
1.332		0.117785		0
1.333		0.117744		0
1.334		0.117703		0
1.335		0.117662		0
1.336		0.117621		0
1.337		0.11758		0
1.338		0.117539		0
1.339		0.117498		0
1.34		0.117458		0
1.341		0.117417		0
1.342		0.117377		0
1.343		0.117336		0
1.344		0.117296		0
1.345		0.117255		0
1.346		0.117215		0
1.347		0.117175		0
1.348		0.117134		0
1.349		0.117094		0
1.35		0.117054		0
1.351		0.117014		0
1.352		0.116974		0
1.353		0.116934		0
1.354		0.116894		0
1.355		0.116854		0
1.356		0.116814		0
1.357		0.116775		0
1.358		0.116735		0
1.359		0.116695		0
1.36		0.116656		0
1.361		0.116616		0
1.362		0.116577		0
1.363		0.116537		0
1.364		0.116498		0
1.365		0.116459		0
1.366		0.116419		0
1.367		0.11638		0
1.368		0.116341		0
1.369		0.116302		0
1.37		0.116263		0
1.371		0.116224		0
1.372		0.116185		0
1.373		0.116146		0
1.374		0.116107		0
1.375		0.116068		0
1.376		0.116029		0
1.377		0.115991		0
1.378		0.115952		0
1.379		0.115913		0
1.38		0.115875		0
1.381		0.115836		0
1.382		0.115798		0
1.383		0.115759		0
1.384		0.115721		0
1.385		0.115683		0
1.386		0.115644		0
1.387		0.115606		0
1.388		0.115568		0
1.389		0.11553		0
1.39		0.115492		0
1.391		0.115454		0
1.392		0.115416		0
1.393		0.115378		0
1.394		0.11534		0
1.395		0.115302		0
1.396		0.115264		0
1.397		0.115226		0
1.398		0.115189		0
1.399		0.115151		0
1.4		0.115114		0
1.401		0.115076		0
1.402		0.115038		0
1.403		0.115001		0
1.404		0.114963		0
1.405		0.114926		0
1.406		0.114889		0
1.407		0.114851		0
1.408		0.114814		0
1.409		0.114777		0
1.41		0.11474		0
1.411		0.114703		0
1.412		0.114666		0
1.413		0.114629		0
1.414		0.114592		0
1.415		0.114555		0
1.416		0.114518		0
1.417		0.114481		0
1.418		0.114444		0
1.419		0.114407		0
1.42		0.114371		0
1.421		0.114334		0
1.422		0.114297		0
1.423		0.114261		0
1.424		0.114224		0
1.425		0.114188		0
1.426		0.114151		0
1.427		0.114115		0
1.428		0.114078		0
1.429		0.114042		0
1.43		0.114006		0
1.431		0.113969		0
1.432		0.113933		0
1.433		0.113897		0
1.434		0.113861		0
1.435		0.113825		0
1.436		0.113789		0
1.437		0.113753		0
1.438		0.113717		0
1.439		0.113681		0
1.44		0.113645		0
1.441		0.113609		0
1.442		0.113573		0
1.443		0.113537		0
1.444		0.113502		0
1.445		0.113466		0
1.446		0.11343		0
1.447		0.113395		0
1.448		0.113359		0
1.449		0.113324		0
1.45		0.113288		0
1.451		0.113253		0
1.452		0.113217		0
1.453		0.113182		0
1.454		0.113147		0
1.455		0.113111		0
1.456		0.113076		0
1.457		0.113041		0
1.458		0.113006		0
1.459		0.11297		0
1.46		0.112935		0
1.461		0.1129		0
1.462		0.112865		0
1.463		0.11283		0
1.464		0.112795		0
1.465		0.11276		0
1.466		0.112725		0
1.467		0.11269		0
1.468		0.112656		0
1.469		0.112621		0
1.47		0.112586		0
1.471		0.112551		0
1.472		0.112517		0
1.473		0.112482		0
1.474		0.112448		0
1.475		0.112413		0
1.476		0.112378		0
1.477		0.112344		0
1.478		0.112309		0
1.479		0.112275		0
1.48		0.112241		0
1.481		0.112206		0
1.482		0.112172		0
1.483		0.112138		0
1.484		0.112103		0
1.485		0.112069		0
1.486		0.112035		0
1.487		0.112001		0
1.488		0.111967		0
1.489		0.111933		0
1.49		0.111899		0
1.491		0.111865		0
1.492		0.111831		0
1.493		0.111797		0
1.494		0.111763		0
1.495		0.111729		0
1.496		0.111695		0
1.497		0.111661		0
1.498		0.111627		0
1.499		0.111594		0
1.5		0.11156		0
1.501		0.111526		0
1.502		0.111493		0
1.503		0.111459		0
1.504		0.111425		0
1.505		0.111392		0
1.506		0.111358		0
1.507		0.111325		0
1.508		0.111291		0
1.509		0.111258		0
1.51		0.111225		0
1.511		0.111191		0
1.512		0.111158		0
1.513		0.111125		0
1.514		0.111091		0
1.515		0.111058		0
1.516		0.111025		0
1.517		0.110992		0
1.518		0.110959		0
1.519		0.110926		0
1.52		0.110892		0
1.521		0.110859		0
1.522		0.110826		0
1.523		0.110793		0
1.524		0.11076		0
1.525		0.110728		0
1.526		0.110695		0
1.527		0.110662		0
1.528		0.110629		0
1.529		0.110596		0
1.53		0.110563		0
1.531		0.110531		0
1.532		0.110498		0
1.533		0.110465		0
1.534		0.110433		0
1.535		0.1104		0
1.536		0.110367		0
1.537		0.110335		0
1.538		0.110302		0
1.539		0.11027		0
1.54		0.110237		0
1.541		0.110205		0
1.542		0.110172		0
1.543		0.11014		0
1.544		0.110108		0
1.545		0.110075		0
1.546		0.110043		0
1.547		0.110011		0
1.548		0.109978		0
1.549		0.109946		0
1.55		0.109914		0
1.551		0.109882		0
1.552		0.10985		0
1.553		0.109817		0
1.554		0.109785		0
1.555		0.109753		0
1.556		0.109721		0
1.557		0.109689		0
1.558		0.109657		0
1.559		0.109625		0
1.56		0.109593		0
1.561		0.109561		0
1.562		0.10953		0
1.563		0.109498		0
1.564		0.109466		0
1.565		0.109434		0
1.566		0.109402		0
1.567		0.109371		0
1.568		0.109339		0
1.569		0.109307		0
1.57		0.109276		0
1.571		0.109244		0
1.572		0.109212		0
1.573		0.109181		0
1.574		0.109149		0
1.575		0.109118		0
1.576		0.109086		0
1.577		0.109055		0
1.578		0.109023		0
1.579		0.108992		0
1.58		0.10896		0
1.581		0.108929		0
1.582		0.108897		0
1.583		0.108866		0
1.584		0.108835		0
1.585		0.108804		0
1.586		0.108772		0
1.587		0.108741		0
1.588		0.10871		0
1.589		0.108679		0
1.59		0.108647		0
1.591		0.108616		0
1.592		0.108585		0
1.593		0.108554		0
1.594		0.108523		0
1.595		0.108492		0
1.596		0.108461		0
1.597		0.10843		0
1.598		0.108399		0
1.599		0.108368		0
1.6		0.108337		0
1.601		0.108306		0
1.602		0.108275		0
1.603		0.108244		0
1.604		0.108214		0
1.605		0.108183		0
1.606		0.108152		0
1.607		0.108121		0
1.608		0.108091		0
1.609		0.10806		0
1.61		0.108029		0
1.611		0.107998		0
1.612		0.107968		0
1.613		0.107937		0
1.614		0.107907		0
1.615		0.107876		0
1.616		0.107845		0
1.617		0.107815		0
1.618		0.107784		0
1.619		0.107754		0
1.62		0.107723		0
1.621		0.107693		0
1.622		0.107662		0
1.623		0.107632		0
1.624		0.107602		0
1.625		0.107571		0
1.626		0.107541		0
1.627		0.107511		0
1.628		0.10748		0
1.629		0.10745		0
1.63		0.10742		0
1.631		0.10739		0
1.632		0.107359		0
1.633		0.107329		0
1.634		0.107299		0
1.635		0.107269		0
1.636		0.107239		0
1.637		0.107209		0
1.638		0.107178		0
1.639		0.107148		0
1.64		0.107118		0
1.641		0.107088		0
1.642		0.107058		0
1.643		0.107028		0
1.644		0.106998		0
1.645		0.106968		0
1.646		0.106938		0
1.647		0.106908		0
1.648		0.106879		0
1.649		0.106849		0
1.65		0.106819		0
1.651		0.106789		0
1.652		0.106759		0
1.653		0.106729		0
1.654		0.1067		0
1.655		0.10667		0
1.656		0.10664		0
1.657		0.10661		0
1.658		0.106581		0
1.659		0.106551		0
1.66		0.106521		0
1.661		0.106492		0
1.662		0.106462		0
1.663		0.106433		0
1.664		0.106403		0
1.665		0.106373		0
1.666		0.106344		0
1.667		0.106314		0
1.668		0.106285		0
1.669		0.106255		0
1.67		0.106226		0
1.671		0.106196		0
1.672		0.106167		0
1.673		0.106138		0
1.674		0.106108		0
1.675		0.106079		0
1.676		0.106049		0
1.677		0.10602		0
1.678		0.105991		0
1.679		0.105961		0
1.68		0.105932		0
1.681		0.105903		0
1.682		0.105874		0
1.683		0.105844		0
1.684		0.105815		0
1.685		0.105786		0
1.686		0.105757		0
1.687		0.105728		0
1.688		0.105698		0
1.689		0.105669		0
1.69		0.10564		0
1.691		0.105611		0
1.692		0.105582		0
1.693		0.105553		0
1.694		0.105524		0
1.695		0.105495		0
1.696		0.105466		0
1.697		0.105437		0
1.698		0.105408		0
1.699		0.105379		0
1.7		0.10535		0
1.701		0.105321		0
1.702		0.105292		0
1.703		0.105263		0
1.704		0.105234		0
1.705		0.105206		0
1.706		0.105177		0
1.707		0.105148		0
1.708		0.105119		0
1.709		0.10509		0
1.71		0.105061		0
1.711		0.105033		0
1.712		0.105004		0
1.713		0.104975		0
1.714		0.104947		0
1.715		0.104918		0
1.716		0.104889		0
1.717		0.10486		0
1.718		0.104832		0
1.719		0.104803		0
1.72		0.104775		0
1.721		0.104746		0
1.722		0.104717		0
1.723		0.104689		0
1.724		0.10466		0
1.725		0.104632		0
1.726		0.104603		0
1.727		0.104575		0
1.728		0.104546		0
1.729		0.104518		0
1.73		0.104489		0
1.731		0.104461		0
1.732		0.104432		0
1.733		0.104404		0
1.734		0.104375		0
1.735		0.104347		0
1.736		0.104319		0
1.737		0.10429		0
1.738		0.104262		0
1.739		0.104234		0
1.74		0.104205		0
1.741		0.104177		0
1.742		0.104149		0
1.743		0.10412		0
1.744		0.104092		0
1.745		0.104064		0
1.746		0.104036		0
1.747		0.104008		0
1.748		0.103979		0
1.749		0.103951		0
1.75		0.103923		0
1.751		0.103895		0
1.752		0.103867		0
1.753		0.103839		0
1.754		0.10381		0
1.755		0.103782		0
1.756		0.103754		0
1.757		0.103726		0
1.758		0.103698		0
1.759		0.10367		0
1.76		0.103642		0
1.761		0.103614		0
1.762		0.103586		0
1.763		0.103558		0
1.764		0.10353		0
1.765		0.103502		0
1.766		0.103474		0
1.767		0.103446		0
1.768		0.103418		0
1.769		0.10339		0
1.77		0.103362		0
1.771		0.103334		0
1.772		0.103307		0
1.773		0.103279		0
1.774		0.103251		0
1.775		0.103223		0
1.776		0.103195		0
1.777		0.103167		0
1.778		0.10314		0
1.779		0.103112		0
1.78		0.103084		0
1.781		0.103056		0
1.782		0.103029		0
1.783		0.103001		0
1.784		0.102973		0
1.785		0.102945		0
1.786		0.102918		0
1.787		0.10289		0
1.788		0.102862		0
1.789		0.102835		0
1.79		0.102807		0
1.791		0.102779		0
1.792		0.102752		0
1.793		0.102724		0
1.794		0.102697		0
1.795		0.102669		0
1.796		0.102641		0
1.797		0.102614		0
1.798		0.102586		0
1.799		0.102559		0
1.8		0.102531		0
1.801		0.102504		0
1.802		0.102476		0
1.803		0.102449		0
1.804		0.102421		0
1.805		0.102394		0
1.806		0.102366		0
1.807		0.102339		0
1.808		0.102311		0
1.809		0.102284		0
1.81		0.102257		0
1.811		0.102229		0
1.812		0.102202		0
1.813		0.102174		0
1.814		0.102147		0
1.815		0.10212		0
1.816		0.102092		0
1.817		0.102065		0
1.818		0.102038		0
1.819		0.10201		0
1.82		0.101983		0
1.821		0.101956		0
1.822		0.101929		0
1.823		0.101901		0
1.824		0.101874		0
1.825		0.101847		0
1.826		0.10182		0
1.827		0.101792		0
1.828		0.101765		0
1.829		0.101738		0
1.83		0.101711		0
1.831		0.101684		0
1.832		0.101656		0
1.833		0.101629		0
1.834		0.101602		0
1.835		0.101575		0
1.836		0.101548		0
1.837		0.101521		0
1.838		0.101494		0
1.839		0.101467		0
1.84		0.10144		0
1.841		0.101413		0
1.842		0.101385		0
1.843		0.101358		0
1.844		0.101331		0
1.845		0.101304		0
1.846		0.101277		0
1.847		0.10125		0
1.848		0.101223		0
1.849		0.101196		0
1.85		0.101169		0
1.851		0.101142		0
1.852		0.101115		0
1.853		0.101089		0
1.854		0.101062		0
1.855		0.101035		0
1.856		0.101008		0
1.857		0.100981		0
1.858		0.100954		0
1.859		0.100927		0
1.86		0.1009		0
1.861		0.100873		0
1.862		0.100846		0
1.863		0.10082		0
1.864		0.100793		0
1.865		0.100766		0
1.866		0.100739		0
1.867		0.100712		0
1.868		0.100686		0
1.869		0.100659		0
1.87		0.100632		0
1.871		0.100605		0
1.872		0.100578		0
1.873		0.100552		0
1.874		0.100525		0
1.875		0.100498		0
1.876		0.100472		0
1.877		0.100445		0
1.878		0.100418		0
1.879		0.100391		0
1.88		0.100365		0
1.881		0.100338		0
1.882		0.100311		0
1.883		0.100285		0
1.884		0.100258		0
1.885		0.100231		0
1.886		0.100205		0
1.887		0.100178		0
1.888		0.100152		0
1.889		0.100125		0
1.89		0.100098		0
1.891		0.100072		0
1.892		0.100045		0
1.893		0.100019		0
1.894		0.0999921		0
1.895		0.0999656		0
1.896		0.099939		0
1.897		0.0999125		0
1.898		0.099886		0
1.899		0.0998595		0
1.9		0.099833		0
1.901		0.0998065		0
1.902		0.09978		0
1.903		0.0997535		0
1.904		0.099727		0
1.905		0.0997006		0
1.906		0.0996741		0
1.907		0.0996477		0
1.908		0.0996213		0
1.909		0.0995948		0
1.91		0.0995684		0
1.911		0.099542		0
1.912		0.0995156		0
1.913		0.0994892		0
1.914		0.0994628		0
1.915		0.0994364		0
1.916		0.0994101		0
1.917		0.0993837		0
1.918		0.0993574		0
1.919		0.099331		0
1.92		0.0993047		0
1.921		0.0992784		0
1.922		0.099252		0
1.923		0.0992257		0
1.924		0.0991994		0
1.925		0.0991731		0
1.926		0.0991468		0
1.927		0.0991206		0
1.928		0.0990943		0
1.929		0.099068		0
1.93		0.0990418		0
1.931		0.0990155		0
1.932		0.0989893		0
1.933		0.0989631		0
1.934		0.0989368		0
1.935		0.0989106		0
1.936		0.0988844		0
1.937		0.0988582		0
1.938		0.098832		0
1.939		0.0988058		0
1.94		0.0987797		0
1.941		0.0987535		0
1.942		0.0987273		0
1.943		0.0987012		0
1.944		0.098675		0
1.945		0.0986489		0
1.946		0.0986228		0
1.947		0.0985966		0
1.948		0.0985705		0
1.949		0.0985444		0
1.95		0.0985183		0
1.951		0.0984922		0
1.952		0.0984661		0
1.953		0.09844		0
1.954		0.098414		0
1.955		0.0983879		0
1.956		0.0983619		0
1.957		0.0983358		0
1.958		0.0983098		0
1.959		0.0982837		0
1.96		0.0982577		0
1.961		0.0982317		0
1.962		0.0982057		0
1.963		0.0981797		0
1.964		0.0981537		0
1.965		0.0981277		0
1.966		0.0981017		0
1.967		0.0980757		0
1.968		0.0980497		0
1.969		0.0980238		0
1.97		0.0979978		0
1.971		0.0979719		0
1.972		0.0979459		0
1.973		0.09792		0
1.974		0.0978941		0
1.975		0.0978681		0
1.976		0.0978422		0
1.977		0.0978163		0
1.978		0.0977904		0
1.979		0.0977645		0
1.98		0.0977386		0
1.981		0.0977128		0
1.982		0.0976869		0
1.983		0.097661		0
1.984		0.0976352		0
1.985		0.0976093		0
1.986		0.0975835		0
1.987		0.0975576		0
1.988		0.0975318		0
1.989		0.097506		0
1.99		0.0974802		0
1.991		0.0974543		0
1.992		0.0974285		0
1.993		0.0974027		0
1.994		0.0973769		0
1.995		0.0973512		0
1.996		0.0973254		0
1.997		0.0972996		0
1.998		0.0972738		0
1.999		0.0972481		0
2		0.0972223		0
2.001		0.0971966		0
2.002		0.0971708		0
2.003		0.0971451		0
2.004		0.0971194		0
2.005		0.0970937		0
2.006		0.0970679		0
2.007		0.0970422		0
2.008		0.0970165		0
2.009		0.0969908		0
2.01		0.0969652		0
2.011		0.0969395		0
2.012		0.0969138		0
2.013		0.0968881		0
2.014		0.0968625		0
2.015		0.0968368		0
2.016		0.0968112		0
2.017		0.0967855		0
2.018		0.0967599		0
2.019		0.0967342		0
2.02		0.0967086		0
2.021		0.096683		0
2.022		0.0966574		0
2.023		0.0966318		0
2.024		0.0966062		0
2.025		0.0965806		0
2.026		0.096555		0
2.027		0.0965294		0
2.028		0.0965038		0
2.029		0.0964782		0
2.03		0.0964527		0
2.031		0.0964271		0
2.032		0.0964016		0
2.033		0.096376		0
2.034		0.0963505		0
2.035		0.0963249		0
2.036		0.0962994		0
2.037		0.0962739		0
2.038		0.0962484		0
2.039		0.0962229		0
2.04		0.0961973		0
2.041		0.0961718		0
2.042		0.0961464		0
2.043		0.0961209		0
2.044		0.0960954		0
2.045		0.0960699		0
2.046		0.0960444		0
2.047		0.096019		0
2.048		0.0959935		0
2.049		0.095968		0
2.05		0.0959426		0
2.051		0.0959172		0
2.052		0.0958917		0
2.053		0.0958663		0
2.054		0.0958409		0
2.055		0.0958154		0
2.056		0.09579		0
2.057		0.0957646		0
2.058		0.0957392		0
2.059		0.0957138		0
2.06		0.0956884		0
2.061		0.095663		0
2.062		0.0956377		0
2.063		0.0956123		0
2.064		0.0955869		0
2.065		0.0955615		0
2.066		0.0955362		0
2.067		0.0955108		0
2.068		0.0954855		0
2.069		0.0954601		0
2.07		0.0954348		0
2.071		0.0954095		0
2.072		0.0953841		0
2.073		0.0953588		0
2.074		0.0953335		0
2.075		0.0953082		0
2.076		0.0952829		0
2.077		0.0952576		0
2.078		0.0952323		0
2.079		0.095207		0
2.08		0.0951817		0
2.081		0.0951564		0
2.082		0.0951312		0
2.083		0.0951059		0
2.084		0.0950806		0
2.085		0.0950554		0
2.086		0.0950301		0
2.087		0.0950049		0
2.088		0.0949796		0
2.089		0.0949544		0
2.09		0.0949292		0
2.091		0.0949039		0
2.092		0.0948787		0
2.093		0.0948535		0
2.094		0.0948283		0
2.095		0.0948031		0
2.096		0.0947779		0
2.097		0.0947527		0
2.098		0.0947275		0
2.099		0.0947023		0
2.1		0.0946771		0
2.101		0.094652		0
2.102		0.0946268		0
2.103		0.0946016		0
2.104		0.0945765		0
2.105		0.0945513		0
2.106		0.0945262		0
2.107		0.094501		0
2.108		0.0944759		0
2.109		0.0944508		0
2.11		0.0944256		0
2.111		0.0944005		0
2.112		0.0943754		0
2.113		0.0943503		0
2.114		0.0943252		0
2.115		0.0943001		0
2.116		0.094275		0
2.117		0.0942499		0
2.118		0.0942248		0
2.119		0.0941997		0
2.12		0.0941746		0
2.121		0.0941495		0
2.122		0.0941245		0
2.123		0.0940994		0
2.124		0.0940743		0
2.125		0.0940493		0
2.126		0.0940242		0
2.127		0.0939992		0
2.128		0.0939741		0
2.129		0.0939491		0
2.13		0.0939241		0
2.131		0.0938991		0
2.132		0.093874		0
2.133		0.093849		0
2.134		0.093824		0
2.135		0.093799		0
2.136		0.093774		0
2.137		0.093749		0
2.138		0.093724		0
2.139		0.093699		0
2.14		0.093674		0
2.141		0.0936491		0
2.142		0.0936241		0
2.143		0.0935991		0
2.144		0.0935741		0
2.145		0.0935492		0
2.146		0.0935242		0
2.147		0.0934993		0
2.148		0.0934743		0
2.149		0.0934494		0
2.15		0.0934244		0
2.151		0.0933995		0
2.152		0.0933746		0
2.153		0.0933497		0
2.154		0.0933247		0
2.155		0.0932998		0
2.156		0.0932749		0
2.157		0.09325		0
2.158		0.0932251		0
2.159		0.0932002		0
2.16		0.0931753		0
2.161		0.0931504		0
2.162		0.0931256		0
2.163		0.0931007		0
2.164		0.0930758		0
2.165		0.0930509		0
2.166		0.0930261		0
2.167		0.0930012		0
2.168		0.0929764		0
2.169		0.0929515		0
2.17		0.0929267		0
2.171		0.0929018		0
2.172		0.092877		0
2.173		0.0928522		0
2.174		0.0928273		0
2.175		0.0928025		0
2.176		0.0927777		0
2.177		0.0927529		0
2.178		0.0927281		0
2.179		0.0927033		0
2.18		0.0926784		0
2.181		0.0926537		0
2.182		0.0926289		0
2.183		0.0926041		0
2.184		0.0925793		0
2.185		0.0925545		0
2.186		0.0925297		0
2.187		0.092505		0
2.188		0.0924802		0
2.189		0.0924554		0
2.19		0.0924307		0
2.191		0.0924059		0
2.192		0.0923812		0
2.193		0.0923564		0
2.194		0.0923317		0
2.195		0.0923069		0
2.196		0.0922822		0
2.197		0.0922575		0
2.198		0.0922328		0
2.199		0.092208		0
2.2		0.0921833		0
2.201		0.0921586		0
2.202		0.0921339		0
2.203		0.0921092		0
2.204		0.0920845		0
2.205		0.0920598		0
2.206		0.0920351		0
2.207		0.0920104		0
2.208		0.0919858		0
2.209		0.0919611		0
2.21		0.0919364		0
2.211		0.0919117		0
2.212		0.0918871		0
2.213		0.0918624		0
2.214		0.0918378		0
2.215		0.0918131		0
2.216		0.0917885		0
2.217		0.0917638		0
2.218		0.0917392		0
2.219		0.0917145		0
2.22		0.0916899		0
2.221		0.0916653		0
2.222		0.0916407		0
2.223		0.091616		0
2.224		0.0915914		0
2.225		0.0915668		0
2.226		0.0915422		0
2.227		0.0915176		0
2.228		0.091493		0
2.229		0.0914684		0
2.23		0.0914438		0
2.231		0.0914193		0
2.232		0.0913947		0
2.233		0.0913701		0
2.234		0.0913455		0
2.235		0.091321		0
2.236		0.0912964		0
2.237		0.0912718		0
2.238		0.0912473		0
2.239		0.0912227		0
2.24		0.0911982		0
2.241		0.0911736		0
2.242		0.0911491		0
2.243		0.0911246		0
2.244		0.0911		0
2.245		0.0910755		0
2.246		0.091051		0
2.247		0.0910264		0
2.248		0.0910019		0
2.249		0.0909774		0
2.25		0.0909529		0
2.251		0.0909284		0
2.252		0.0909039		0
2.253		0.0908794		0
2.254		0.0908549		0
2.255		0.0908304		0
2.256		0.0908059		0
2.257		0.0907815		0
2.258		0.090757		0
2.259		0.0907325		0
2.26		0.0907081		0
2.261		0.0906836		0
2.262		0.0906591		0
2.263		0.0906347		0
2.264		0.0906102		0
2.265		0.0905858		0
2.266		0.0905613		0
2.267		0.0905369		0
2.268		0.0905125		0
2.269		0.090488		0
2.27		0.0904636		0
2.271		0.0904392		0
2.272		0.0904148		0
2.273		0.0903903		0
2.274		0.0903659		0
2.275		0.0903415		0
2.276		0.0903171		0
2.277		0.0902927		0
2.278		0.0902683		0
2.279		0.0902439		0
2.28		0.0902195		0
2.281		0.0901952		0
2.282		0.0901708		0
2.283		0.0901464		0
2.284		0.090122		0
2.285		0.0900977		0
2.286		0.0900733		0
2.287		0.0900489		0
2.288		0.0900246		0
2.289		0.0900002		0
2.29		0.0899759		0
2.291		0.0899515		0
2.292		0.0899272		0
2.293		0.0899028		0
2.294		0.0898785		0
2.295		0.0898542		0
2.296		0.0898299		0
2.297		0.0898055		0
2.298		0.0897812		0
2.299		0.0897569		0
2.3		0.0897326		0
2.301		0.0897083		0
2.302		0.089684		0
2.303		0.0896597		0
2.304		0.0896354		0
2.305		0.0896111		0
2.306		0.0895868		0
2.307		0.0895625		0
2.308		0.0895382		0
2.309		0.089514		0
2.31		0.0894897		0
2.311		0.0894654		0
2.312		0.0894412		0
2.313		0.0894169		0
2.314		0.0893926		0
2.315		0.0893684		0
2.316		0.0893441		0
2.317		0.0893199		0
2.318		0.0892957		0
2.319		0.0892714		0
2.32		0.0892472		0
2.321		0.089223		0
2.322		0.0891987		0
2.323		0.0891745		0
2.324		0.0891503		0
2.325		0.0891261		0
2.326		0.0891019		0
2.327		0.0890777		0
2.328		0.0890535		0
2.329		0.0890293		0
2.33		0.0890051		0
2.331		0.0889809		0
2.332		0.0889567		0
2.333		0.0889325		0
2.334		0.0889083		0
2.335		0.0888841		0
2.336		0.08886		0
2.337		0.0888358		0
2.338		0.0888116		0
2.339		0.0887875		0
2.34		0.0887633		0
2.341		0.0887392		0
2.342		0.088715		0
2.343		0.0886909		0
2.344		0.0886667		0
2.345		0.0886426		0
2.346		0.0886184		0
2.347		0.0885943		0
2.348		0.0885702		0
2.349		0.0885461		0
2.35		0.0885219		0
2.351		0.0884978		0
2.352		0.0884737		0
2.353		0.0884496		0
2.354		0.0884255		0
2.355		0.0884014		0
2.356		0.0883773		0
2.357		0.0883532		0
2.358		0.0883291		0
2.359		0.088305		0
2.36		0.088281		0
2.361		0.0882569		0
2.362		0.0882328		0
2.363		0.0882087		0
2.364		0.0881847		0
2.365		0.0881606		0
2.366		0.0881365		0
2.367		0.0881125		0
2.368		0.0880884		0
2.369		0.0880644		0
2.37		0.0880403		0
2.371		0.0880163		0
2.372		0.0879923		0
2.373		0.0879682		0
2.374		0.0879442		0
2.375		0.0879202		0
2.376		0.0878962		0
2.377		0.0878721		0
2.378		0.0878481		0
2.379		0.0878241		0
2.38		0.0878001		0
2.381		0.0877761		0
2.382		0.0877521		0
2.383		0.0877281		0
2.384		0.0877041		0
2.385		0.0876801		0
2.386		0.0876562		0
2.387		0.0876322		0
2.388		0.0876082		0
2.389		0.0875842		0
2.39		0.0875603		0
2.391		0.0875363		0
2.392		0.0875123		0
2.393		0.0874884		0
2.394		0.0874644		0
2.395		0.0874405		0
2.396		0.0874165		0
2.397		0.0873926		0
2.398		0.0873686		0
2.399		0.0873447		0
2.4		0.0873208		0
2.401		0.0872968		0
2.402		0.0872729		0
2.403		0.087249		0
2.404		0.0872251		0
2.405		0.0872012		0
2.406		0.0871773		0
2.407		0.0871533		0
2.408		0.0871294		0
2.409		0.0871055		0
2.41		0.0870817		0
2.411		0.0870578		0
2.412		0.0870339		0
2.413		0.08701		0
2.414		0.0869861		0
2.415		0.0869622		0
2.416		0.0869384		0
2.417		0.0869145		0
2.418		0.0868906		0
2.419		0.0868668		0
2.42		0.0868429		0
2.421		0.0868191		0
2.422		0.0867952		0
2.423		0.0867714		0
2.424		0.0867475		0
2.425		0.0867237		0
2.426		0.0866999		0
2.427		0.086676		0
2.428		0.0866522		0
2.429		0.0866284		0
2.43		0.0866046		0
2.431		0.0865807		0
2.432		0.0865569		0
2.433		0.0865331		0
2.434		0.0865093		0
2.435		0.0864855		0
2.436		0.0864617		0
2.437		0.0864379		0
2.438		0.0864141		0
2.439		0.0863904		0
2.44		0.0863666		0
2.441		0.0863428		0
2.442		0.086319		0
2.443		0.0862952		0
2.444		0.0862715		0
2.445		0.0862477		0
2.446		0.086224		0
2.447		0.0862002		0
2.448		0.0861764		0
2.449		0.0861527		0
2.45		0.086129		0
2.451		0.0861052		0
2.452		0.0860815		0
2.453		0.0860577		0
2.454		0.086034		0
2.455		0.0860103		0
2.456		0.0859866		0
2.457		0.0859628		0
2.458		0.0859391		0
2.459		0.0859154		0
2.46		0.0858917		0
2.461		0.085868		0
2.462		0.0858443		0
2.463		0.0858206		0
2.464		0.0857969		0
2.465		0.0857732		0
2.466		0.0857496		0
2.467		0.0857259		0
2.468		0.0857022		0
2.469		0.0856785		0
2.47		0.0856549		0
2.471		0.0856312		0
2.472		0.0856075		0
2.473		0.0855839		0
2.474		0.0855602		0
2.475		0.0855366		0
2.476		0.0855129		0
2.477		0.0854893		0
2.478		0.0854656		0
2.479		0.085442		0
2.48		0.0854184		0
2.481		0.0853947		0
2.482		0.0853711		0
2.483		0.0853475		0
2.484		0.0853239		0
2.485		0.0853003		0
2.486		0.0852767		0
2.487		0.0852531		0
2.488		0.0852295		0
2.489		0.0852059		0
2.49		0.0851823		0
2.491		0.0851587		0
2.492		0.0851351		0
2.493		0.0851115		0
2.494		0.0850879		0
2.495		0.0850644		0
2.496		0.0850408		0
2.497		0.0850172		0
2.498		0.0849937		0
2.499		0.0849701		0
2.5		0.0849465		0
2.501		0.084923		0
2.502		0.0848994		0
2.503		0.0848759		0
2.504		0.0848524		0
2.505		0.0848288		0
2.506		0.0848053		0
2.507		0.0847818		0
2.508		0.0847582		0
2.509		0.0847347		0
2.51		0.0847112		0
2.511		0.0846877		0
2.512		0.0846642		0
2.513		0.0846407		0
2.514		0.0846172		0
2.515		0.0845937		0
2.516		0.0845702		0
2.517		0.0845467		0
2.518		0.0845232		0
2.519		0.0844997		0
2.52		0.0844762		0
2.521		0.0844527		0
2.522		0.0844293		0
2.523		0.0844058		0
2.524		0.0843823		0
2.525		0.0843589		0
2.526		0.0843354		0
2.527		0.084312		0
2.528		0.0842885		0
2.529		0.0842651		0
2.53		0.0842416		0
2.531		0.0842182		0
2.532		0.0841948		0
2.533		0.0841713		0
2.534		0.0841479		0
2.535		0.0841245		0
2.536		0.0841011		0
2.537		0.0840777		0
2.538		0.0840543		0
2.539		0.0840308		0
2.54		0.0840074		0
2.541		0.083984		0
2.542		0.0839607		0
2.543		0.0839373		0
2.544		0.0839139		0
2.545		0.0838905		0
2.546		0.0838671		0
2.547		0.0838437		0
2.548		0.0838204		0
2.549		0.083797		0
2.55		0.0837736		0
2.551		0.0837503		0
2.552		0.0837269		0
2.553		0.0837036		0
2.554		0.0836802		0
2.555		0.0836569		0
2.556		0.0836335		0
2.557		0.0836102		0
2.558		0.0835869		0
2.559		0.0835635		0
2.56		0.0835402		0
2.561		0.0835169		0
2.562		0.0834936		0
2.563		0.0834703		0
2.564		0.0834469		0
2.565		0.0834236		0
2.566		0.0834003		0
2.567		0.083377		0
2.568		0.0833537		0
2.569		0.0833305		0
2.57		0.0833072		0
2.571		0.0832839		0
2.572		0.0832606		0
2.573		0.0832373		0
2.574		0.0832141		0
2.575		0.0831908		0
2.576		0.0831675		0
2.577		0.0831443		0
2.578		0.083121		0
2.579		0.0830978		0
2.58		0.0830745		0
2.581		0.0830513		0
2.582		0.083028		0
2.583		0.0830048		0
2.584		0.0829816		0
2.585		0.0829583		0
2.586		0.0829351		0
2.587		0.0829119		0
2.588		0.0828887		0
2.589		0.0828655		0
2.59		0.0828423		0
2.591		0.0828191		0
2.592		0.0827959		0
2.593		0.0827727		0
2.594		0.0827495		0
2.595		0.0827263		0
2.596		0.0827031		0
2.597		0.0826799		0
2.598		0.0826568		0
2.599		0.0826336		0
2.6		0.0826104		0
2.601		0.0825873		0
2.602		0.0825641		0
2.603		0.0825409		0
2.604		0.0825178		0
2.605		0.0824946		0
2.606		0.0824715		0
2.607		0.0824484		0
2.608		0.0824252		0
2.609		0.0824021		0
2.61		0.082379		0
2.611		0.0823558		0
2.612		0.0823327		0
2.613		0.0823096		0
2.614		0.0822865		0
2.615		0.0822634		0
2.616		0.0822403		0
2.617		0.0822172		0
2.618		0.0821941		0
2.619		0.082171		0
2.62		0.0821479		0
2.621		0.0821248		0
2.622		0.0821017		0
2.623		0.0820787		0
2.624		0.0820556		0
2.625		0.0820325		0
2.626		0.0820095		0
2.627		0.0819864		0
2.628		0.0819633		0
2.629		0.0819403		0
2.63		0.0819172		0
2.631		0.0818942		0
2.632		0.0818712		0
2.633		0.0818481		0
2.634		0.0818251		0
2.635		0.0818021		0
2.636		0.081779		0
2.637		0.081756		0
2.638		0.081733		0
2.639		0.08171		0
2.64		0.081687		0
2.641		0.081664		0
2.642		0.081641		0
2.643		0.081618		0
2.644		0.081595		0
2.645		0.081572		0
2.646		0.081549		0
2.647		0.081526		0
2.648		0.0815031		0
2.649		0.0814801		0
2.65		0.0814571		0
2.651		0.0814342		0
2.652		0.0814112		0
2.653		0.0813883		0
2.654		0.0813653		0
2.655		0.0813424		0
2.656		0.0813194		0
2.657		0.0812965		0
2.658		0.0812735		0
2.659		0.0812506		0
2.66		0.0812277		0
2.661		0.0812048		0
2.662		0.0811818		0
2.663		0.0811589		0
2.664		0.081136		0
2.665		0.0811131		0
2.666		0.0810902		0
2.667		0.0810673		0
2.668		0.0810444		0
2.669		0.0810215		0
2.67		0.0809986		0
2.671		0.0809758		0
2.672		0.0809529		0
2.673		0.08093		0
2.674		0.0809072		0
2.675		0.0808843		0
2.676		0.0808614		0
2.677		0.0808386		0
2.678		0.0808157		0
2.679		0.0807929		0
2.68		0.08077		0
2.681		0.0807472		0
2.682		0.0807244		0
2.683		0.0807015		0
2.684		0.0806787		0
2.685		0.0806559		0
2.686		0.0806331		0
2.687		0.0806102		0
2.688		0.0805874		0
2.689		0.0805646		0
2.69		0.0805418		0
2.691		0.080519		0
2.692		0.0804962		0
2.693		0.0804734		0
2.694		0.0804507		0
2.695		0.0804279		0
2.696		0.0804051		0
2.697		0.0803823		0
2.698		0.0803596		0
2.699		0.0803368		0
2.7		0.080314		0
2.701		0.0802913		0
2.702		0.0802685		0
2.703		0.0802458		0
2.704		0.080223		0
2.705		0.0802003		0
2.706		0.0801776		0
2.707		0.0801548		0
2.708		0.0801321		0
2.709		0.0801094		0
2.71		0.0800867		0
2.711		0.080064		0
2.712		0.0800412		0
2.713		0.0800185		0
2.714		0.0799958		0
2.715		0.0799731		0
2.716		0.0799504		0
2.717		0.0799278		0
2.718		0.0799051		0
2.719		0.0798824		0
2.72		0.0798597		0
2.721		0.079837		0
2.722		0.0798144		0
2.723		0.0797917		0
2.724		0.0797691		0
2.725		0.0797464		0
2.726		0.0797238		0
2.727		0.0797011		0
2.728		0.0796785		0
2.729		0.0796558		0
2.73		0.0796332		0
2.731		0.0796106		0
2.732		0.0795879		0
2.733		0.0795653		0
2.734		0.0795427		0
2.735		0.0795201		0
2.736		0.0794975		0
2.737		0.0794749		0
2.738		0.0794523		0
2.739		0.0794297		0
2.74		0.0794071		0
2.741		0.0793845		0
2.742		0.0793619		0
2.743		0.0793394		0
2.744		0.0793168		0
2.745		0.0792942		0
2.746		0.0792716		0
2.747		0.0792491		0
2.748		0.0792265		0
2.749		0.079204		0
2.75		0.0791814		0
2.751		0.0791589		0
2.752		0.0791363		0
2.753		0.0791138		0
2.754		0.0790913		0
2.755		0.0790688		0
2.756		0.0790462		0
2.757		0.0790237		0
2.758		0.0790012		0
2.759		0.0789787		0
2.76		0.0789562		0
2.761		0.0789337		0
2.762		0.0789112		0
2.763		0.0788887		0
2.764		0.0788662		0
2.765		0.0788437		0
2.766		0.0788213		0
2.767		0.0787988		0
2.768		0.0787763		0
2.769		0.0787539		0
2.77		0.0787314		0
2.771		0.0787089		0
2.772		0.0786865		0
2.773		0.078664		0
2.774		0.0786416		0
2.775		0.0786192		0
2.776		0.0785967		0
2.777		0.0785743		0
2.778		0.0785519		0
2.779		0.0785294		0
2.78		0.078507		0
2.781		0.0784846		0
2.782		0.0784622		0
2.783		0.0784398		0
2.784		0.0784174		0
2.785		0.078395		0
2.786		0.0783726		0
2.787		0.0783502		0
2.788		0.0783279		0
2.789		0.0783055		0
2.79		0.0782831		0
2.791		0.0782607		0
2.792		0.0782384		0
2.793		0.078216		0
2.794		0.0781937		0
2.795		0.0781713		0
2.796		0.078149		0
2.797		0.0781266		0
2.798		0.0781043		0
2.799		0.0780819		0
2.8		0.0780596		0
2.801		0.0780373		0
2.802		0.078015		0
2.803		0.0779927		0
2.804		0.0779704		0
2.805		0.077948		0
2.806		0.0779257		0
2.807		0.0779034		0
2.808		0.0778812		0
2.809		0.0778589		0
2.81		0.0778366		0
2.811		0.0778143		0
2.812		0.077792		0
2.813		0.0777698		0
2.814		0.0777475		0
2.815		0.0777252		0
2.816		0.077703		0
2.817		0.0776807		0
2.818		0.0776585		0
2.819		0.0776362		0
2.82		0.077614		0
2.821		0.0775918		0
2.822		0.0775695		0
2.823		0.0775473		0
2.824		0.0775251		0
2.825		0.0775029		0
2.826		0.0774806		0
2.827		0.0774584		0
2.828		0.0774362		0
2.829		0.077414		0
2.83		0.0773918		0
2.831		0.0773697		0
2.832		0.0773475		0
2.833		0.0773253		0
2.834		0.0773031		0
2.835		0.0772809		0
2.836		0.0772588		0
2.837		0.0772366		0
2.838		0.0772145		0
2.839		0.0771923		0
2.84		0.0771702		0
2.841		0.077148		0
2.842		0.0771259		0
2.843		0.0771037		0
2.844		0.0770816		0
2.845		0.0770595		0
2.846		0.0770374		0
2.847		0.0770152		0
2.848		0.0769931		0
2.849		0.076971		0
2.85		0.0769489		0
2.851		0.0769268		0
2.852		0.0769047		0
2.853		0.0768826		0
2.854		0.0768605		0
2.855		0.0768385		0
2.856		0.0768164		0
2.857		0.0767943		0
2.858		0.0767723		0
2.859		0.0767502		0
2.86		0.0767281		0
2.861		0.0767061		0
2.862		0.076684		0
2.863		0.076662		0
2.864		0.07664		0
2.865		0.0766179		0
2.866		0.0765959		0
2.867		0.0765739		0
2.868		0.0765518		0
2.869		0.0765298		0
2.87		0.0765078		0
2.871		0.0764858		0
2.872		0.0764638		0
2.873		0.0764418		0
2.874		0.0764198		0
2.875		0.0763978		0
2.876		0.0763758		0
2.877		0.0763539		0
2.878		0.0763319		0
2.879		0.0763099		0
2.88		0.076288		0
2.881		0.076266		0
2.882		0.076244		0
2.883		0.0762221		0
2.884		0.0762001		0
2.885		0.0761782		0
2.886		0.0761563		0
2.887		0.0761343		0
2.888		0.0761124		0
2.889		0.0760905		0
2.89		0.0760686		0
2.891		0.0760466		0
2.892		0.0760247		0
2.893		0.0760028		0
2.894		0.0759809		0
2.895		0.075959		0
2.896		0.0759371		0
2.897		0.0759153		0
2.898		0.0758934		0
2.899		0.0758715		0
2.9		0.0758496		0
2.901		0.0758278		0
2.902		0.0758059		0
2.903		0.075784		0
2.904		0.0757622		0
2.905		0.0757403		0
2.906		0.0757185		0
2.907		0.0756966		0
2.908		0.0756748		0
2.909		0.075653		0
2.91		0.0756312		0
2.911		0.0756093		0
2.912		0.0755875		0
2.913		0.0755657		0
2.914		0.0755439		0
2.915		0.0755221		0
2.916		0.0755003		0
2.917		0.0754785		0
2.918		0.0754567		0
2.919		0.0754349		0
2.92		0.0754132		0
2.921		0.0753914		0
2.922		0.0753696		0
2.923		0.0753479		0
2.924		0.0753261		0
2.925		0.0753043		0
2.926		0.0752826		0
2.927		0.0752609		0
2.928		0.0752391		0
2.929		0.0752174		0
2.93		0.0751956		0
2.931		0.0751739		0
2.932		0.0751522		0
2.933		0.0751305		0
2.934		0.0751088		0
2.935		0.0750871		0
2.936		0.0750654		0
2.937		0.0750437		0
2.938		0.075022		0
2.939		0.0750003		0
2.94		0.0749786		0
2.941		0.0749569		0
2.942		0.0749353		0
2.943		0.0749136		0
2.944		0.0748919		0
2.945		0.0748703		0
2.946		0.0748486		0
2.947		0.074827		0
2.948		0.0748053		0
2.949		0.0747837		0
2.95		0.074762		0
2.951		0.0747404		0
2.952		0.0747188		0
2.953		0.0746972		0
2.954		0.0746755		0
2.955		0.0746539		0
2.956		0.0746323		0
2.957		0.0746107		0
2.958		0.0745891		0
2.959		0.0745675		0
2.96		0.074546		0
2.961		0.0745244		0
2.962		0.0745028		0
2.963		0.0744812		0
2.964		0.0744597		0
2.965		0.0744381		0
2.966		0.0744165		0
2.967		0.074395		0
2.968		0.0743734		0
2.969		0.0743519		0
2.97		0.0743304		0
2.971		0.0743088		0
2.972		0.0742873		0
2.973		0.0742658		0
2.974		0.0742442		0
2.975		0.0742227		0
2.976		0.0742012		0
2.977		0.0741797		0
2.978		0.0741582		0
2.979		0.0741367		0
2.98		0.0741152		0
2.981		0.0740937		0
2.982		0.0740723		0
2.983		0.0740508		0
2.984		0.0740293		0
2.985		0.0740079		0
2.986		0.0739864		0
2.987		0.0739649		0
2.988		0.0739435		0
2.989		0.073922		0
2.99		0.0739006		0
2.991		0.0738792		0
2.992		0.0738577		0
2.993		0.0738363		0
2.994		0.0738149		0
2.995		0.0737935		0
2.996		0.0737721		0
2.997		0.0737506		0
2.998		0.0737292		0
2.999		0.0737078		0
3		0.0736865		0
