0.001		0.076326		0
0.002		0.138185		0
0.003		0.140849		0
0.004		0.119622		0
0.005		0.095649		0
0.006		0.075657		0
0.007		0.0603244		0
0.008		0.0488189		0
0.009		0.0402095		0
0.01		0.0337705		0
0.011		0.0289869		0
0.012		0.0255033		0
0.013		0.0230731		0
0.014		0.0215218		0
0.015		0.0207207		0
0.016		0.0205696		0
0.017		0.0209865		0
0.018		0.0218999		0
0.019		0.0232451		0
0.02		0.0249624		0
0.021		0.0269953		0
0.022		0.0292909		0
0.023		0.0317995		0
0.024		0.0344746		0
0.025		0.0372735		0
0.026		0.0401575		0
0.027		0.0430913		0
0.028		0.0460441		0
0.029		0.0489886		0
0.03		0.0519015		0
0.031		0.0547628		0
0.032		0.0575562		0
0.033		0.0602683		0
0.034		0.0628885		0
0.035		0.065409		0
0.036		0.067824		0
0.037		0.0701299		0
0.038		0.0723249		0
0.039		0.0744083		0
0.04		0.0763812		0
0.041		0.0782455		0
0.042		0.0800038		0
0.043		0.0816597		0
0.044		0.0832171		0
0.045		0.0846805		0
0.046		0.0860546		0
0.047		0.0873442		0
0.048		0.0885544		0
0.049		0.0896901		0
0.05		0.0907564		0
0.051		0.0917582		0
0.052		0.0927003		0
0.053		0.0935874		0
0.054		0.0944239		0
0.055		0.0952142		0
0.056		0.0959624		0
0.057		0.0966723		0
0.058		0.0973478		0
0.059		0.0979922		0
0.06		0.0986089		0
0.061		0.0992009		0
0.062		0.0997712		0
0.063		0.100322		0
0.064		0.100857		0
0.065		0.101378		0
0.066		0.101886		0
0.067		0.102385		0
0.068		0.102875		0
0.069		0.103359		0
0.07		0.103838		0
0.071		0.104314		0
0.072		0.104788		0
0.073		0.105261		0
0.074		0.105735		0
0.075		0.10621		0
0.076		0.106688		0
0.077		0.10717		0
0.078		0.107655		0
0.079		0.108146		0
0.08		0.108642		0
0.081		0.109145		0
0.082		0.109654		0
0.083		0.110171		0
0.084		0.110696		0
0.085		0.111229		0
0.086		0.111771		0
0.087		0.112322		0
0.088		0.112882		0
0.089		0.113452		0
0.09		0.114032		0
0.091		0.114621		0
0.092		0.115221		0
0.093		0.115832		0
0.094		0.116452		0
0.095		0.117084		0
0.096		0.117726		0
0.097		0.118379		0
0.098		0.119042		0
0.099		0.119716		0
0.1		0.120401		0
0.101		0.121097		0
0.102		0.121803		0
0.103		0.12252		0
0.104		0.123248		0
0.105		0.123986		0
0.106		0.124734		0
0.107		0.125492		0
0.108		0.126261		0
0.109		0.12704		0
0.11		0.127828		0
0.111		0.128626		0
0.112		0.129434		0
0.113		0.13025		0
0.114		0.131076		0
0.115		0.131911		0
0.116		0.132755		0
0.117		0.133607		0
0.118		0.134468		0
0.119		0.135336		0
0.12		0.136213		0
0.121		0.137097		0
0.122		0.137989		0
0.123		0.138887		0
0.124		0.139793		0
0.125		0.140705		0
0.126		0.141624		0
0.127		0.142549		0
0.128		0.14348		0
0.129		0.144416		0
0.13		0.145358		0
0.131		0.146305		0
0.132		0.147257		0
0.133		0.148213		0
0.134		0.149174		0
0.135		0.150139		0
0.136		0.151107		0
0.137		0.15208		0
0.138		0.153055		0
0.139		0.154034		0
0.14		0.155015		0
0.141		0.155999		0
0.142		0.156985		0
0.143		0.157972		0
0.144		0.158962		0
0.145		0.159953		0
0.146		0.160946		0
0.147		0.161939		0
0.148		0.162933		0
0.149		0.163927		0
0.15		0.164922		0
0.151		0.165916		0
0.152		0.166911		0
0.153		0.167905		0
0.154		0.168898		0
0.155		0.16989		0
0.156		0.170881		0
0.157		0.171871		0
0.158		0.172859		0
0.159		0.173845		0
0.16		0.174829		0
0.161		0.17581		0
0.162		0.17679		0
0.163		0.177766		0
0.164		0.17874		0
0.165		0.179711		0
0.166		0.180678		0
0.167		0.181642		0
0.168		0.182603		0
0.169		0.18356		0
0.17		0.184512		0
0.171		0.185461		0
0.172		0.186405		0
0.173		0.187345		0
0.174		0.18828		0
0.175		0.189211		0
0.176		0.190136		0
0.177		0.191057		0
0.178		0.191972		0
0.179		0.192882		0
0.18		0.193786		0
0.181		0.194685		0
0.182		0.195578		0
0.183		0.196466		0
0.184		0.197347		0
0.185		0.198222		0
0.186		0.199092		0
0.187		0.199954		0
0.188		0.200811		0
0.189		0.201661		0
0.19		0.202504		0
0.191		0.203341		0
0.192		0.204171		0
0.193		0.204994		0
0.194		0.205811		0
0.195		0.20662		0
0.196		0.207422		0
0.197		0.208217		0
0.198		0.209005		0
0.199		0.209786		0
0.2		0.210559		0
0.201		0.211325		0
0.202		0.212084		0
0.203		0.212835		0
0.204		0.213579		0
0.205		0.214315		0
0.206		0.215043		0
0.207		0.215764		0
0.208		0.216477		0
0.209		0.217183		0
0.21		0.21788		0
0.211		0.21857		0
0.212		0.219253		0
0.213		0.219927		0
0.214		0.220594		0
0.215		0.221253		0
0.216		0.221904		0
0.217		0.222547		0
0.218		0.223182		0
0.219		0.223809		0
0.22		0.224429		0
0.221		0.225041		0
0.222		0.225645		0
0.223		0.226241		0
0.224		0.226829		0
0.225		0.227409		0
0.226		0.227981		0
0.227		0.228546		0
0.228		0.229103		0
0.229		0.229652		0
0.23		0.230193		0
0.231		0.230727		0
0.232		0.231252		0
0.233		0.23177		0
0.234		0.23228		0
0.235		0.232783		0
0.236		0.233278		0
0.237		0.233765		0
0.238		0.234245		0
0.239		0.234717		0
0.24		0.235182		0
0.241		0.235639		0
0.242		0.236089		0
0.243		0.236531		0
0.244		0.236966		0
0.245		0.237393		0
0.246		0.237813		0
0.247		0.238226		0
0.248		0.238631		0
0.249		0.23903		0
0.25		0.239421		0
0.251		0.239805		0
0.252		0.240182		0
0.253		0.240552		0
0.254		0.240915		0
0.255		0.241271		0
0.256		0.24162		0
0.257		0.241963		0
0.258		0.242298		0
0.259		0.242627		0
0.26		0.242949		0
0.261		0.243264		0
0.262		0.243573		0
0.263		0.243875		0
0.264		0.244171		0
0.265		0.24446		0
0.266		0.244743		0
0.267		0.245019		0
0.268		0.245289		0
0.269		0.245553		0
0.27		0.245811		0
0.271		0.246062		0
0.272		0.246308		0
0.273		0.246547		0
0.274		0.246781		0
0.275		0.247008		0
0.276		0.24723		0
0.277		0.247445		0
0.278		0.247655		0
0.279		0.24786		0
0.28		0.248058		0
0.281		0.248251		0
0.282		0.248439		0
0.283		0.248621		0
0.284		0.248797		0
0.285		0.248968		0
0.286		0.249134		0
0.287		0.249295		0
0.288		0.24945		0
0.289		0.2496		0
0.29		0.249745		0
0.291		0.249885		0
0.292		0.25002		0
0.293		0.25015		0
0.294		0.250275		0
0.295		0.250395		0
0.296		0.25051		0
0.297		0.250621		0
0.298		0.250727		0
0.299		0.250828		0
0.3		0.250925		0
0.301		0.251017		0
0.302		0.251104		0
0.303		0.251188		0
0.304		0.251266		0
0.305		0.251341		0
0.306		0.251411		0
0.307		0.251477		0
0.308		0.251539		0
0.309		0.251597		0
0.31		0.25165		0
0.311		0.2517		0
0.312		0.251745		0
0.313		0.251787		0
0.314		0.251825		0
0.315		0.251858		0
0.316		0.251889		0
0.317		0.251915		0
0.318		0.251938		0
0.319		0.251957		0
0.32		0.251972		0
0.321		0.251984		0
0.322		0.251992		0
0.323		0.251997		0
0.324		0.251999		0
0.325		0.251997		0
0.326		0.251992		0
0.327		0.251983		0
0.328		0.251971		0
0.329		0.251956		0
0.33		0.251938		0
0.331		0.251917		0
0.332		0.251893		0
0.333		0.251866		0
0.334		0.251835		0
0.335		0.251802		0
0.336		0.251766		0
0.337		0.251727		0
0.338		0.251685		0
0.339		0.251641		0
0.34		0.251593		0
0.341		0.251543		0
0.342		0.251491		0
0.343		0.251435		0
0.344		0.251377		0
0.345		0.251317		0
0.346		0.251254		0
0.347		0.251189		0
0.348		0.251121		0
0.349		0.25105		0
0.35		0.250978		0
0.351		0.250903		0
0.352		0.250826		0
0.353		0.250746		0
0.354		0.250664		0
0.355		0.25058		0
0.356		0.250494		0
0.357		0.250406		0
0.358		0.250316		0
0.359		0.250223		0
0.36		0.250129		0
0.361		0.250032		0
0.362		0.249934		0
0.363		0.249834		0
0.364		0.249732		0
0.365		0.249627		0
0.366		0.249522		0
0.367		0.249414		0
0.368		0.249304		0
0.369		0.249193		0
0.37		0.24908		0
0.371		0.248965		0
0.372		0.248849		0
0.373		0.248731		0
0.374		0.248611		0
0.375		0.24849		0
0.376		0.248367		0
0.377		0.248243		0
0.378		0.248117		0
0.379		0.24799		0
0.38		0.247861		0
0.381		0.247731		0
0.382		0.247599		0
0.383		0.247466		0
0.384		0.247332		0
0.385		0.247196		0
0.386		0.247059		0
0.387		0.246921		0
0.388		0.246781		0
0.389		0.24664		0
0.39		0.246498		0
0.391		0.246355		0
0.392		0.246211		0
0.393		0.246065		0
0.394		0.245919		0
0.395		0.245771		0
0.396		0.245622		0
0.397		0.245472		0
0.398		0.245321		0
0.399		0.245169		0
0.4		0.245016		0
0.401		0.244862		0
0.402		0.244707		0
0.403		0.244551		0
0.404		0.244394		0
0.405		0.244236		0
0.406		0.244077		0
0.407		0.243918		0
0.408		0.243757		0
0.409		0.243596		0
0.41		0.243434		0
0.411		0.243271		0
0.412		0.243107		0
0.413		0.242943		0
0.414		0.242777		0
0.415		0.242611		0
0.416		0.242445		0
0.417		0.242277		0
0.418		0.242109		0
0.419		0.24194		0
0.42		0.241771		0
0.421		0.2416		0
0.422		0.24143		0
0.423		0.241258		0
0.424		0.241086		0
0.425		0.240913		0
0.426		0.24074		0
0.427		0.240566		0
0.428		0.240392		0
0.429		0.240217		0
0.43		0.240042		0
0.431		0.239866		0
0.432		0.239689		0
0.433		0.239512		0
0.434		0.239335		0
0.435		0.239157		0
0.436		0.238979		0
0.437		0.2388		0
0.438		0.23862		0
0.439		0.238441		0
0.44		0.238261		0
0.441		0.23808		0
0.442		0.237899		0
0.443		0.237718		0
0.444		0.237536		0
0.445		0.237354		0
0.446		0.237172		0
0.447		0.236989		0
0.448		0.236806		0
0.449		0.236623		0
0.45		0.236439		0
0.451		0.236255		0
0.452		0.236071		0
0.453		0.235887		0
0.454		0.235702		0
0.455		0.235517		0
0.456		0.235332		0
0.457		0.235146		0
0.458		0.23496		0
0.459		0.234774		0
0.46		0.234588		0
0.461		0.234401		0
0.462		0.234215		0
0.463		0.234028		0
0.464		0.233841		0
0.465		0.233654		0
0.466		0.233466		0
0.467		0.233279		0
0.468		0.233091		0
0.469		0.232903		0
0.47		0.232715		0
0.471		0.232527		0
0.472		0.232338		0
0.473		0.23215		0
0.474		0.231961		0
0.475		0.231773		0
0.476		0.231584		0
0.477		0.231395		0
0.478		0.231206		0
0.479		0.231017		0
0.48		0.230827		0
0.481		0.230638		0
0.482		0.230449		0
0.483		0.230259		0
0.484		0.23007		0
0.485		0.229881		0
0.486		0.229691		0
0.487		0.229501		0
0.488		0.229312		0
0.489		0.229122		0
0.49		0.228932		0
0.491		0.228742		0
0.492		0.228553		0
0.493		0.228363		0
0.494		0.228173		0
0.495		0.227983		0
0.496		0.227794		0
0.497		0.227604		0
0.498		0.227414		0
0.499		0.227224		0
0.5		0.227034		0
0.501		0.226845		0
0.502		0.226655		0
0.503		0.226465		0
0.504		0.226275		0
0.505		0.226086		0
0.506		0.225896		0
0.507		0.225707		0
0.508		0.225517		0
0.509		0.225328		0
0.51		0.225138		0
0.511		0.224949		0
0.512		0.22476		0
0.513		0.22457		0
0.514		0.224381		0
0.515		0.224192		0
0.516		0.224003		0
0.517		0.223814		0
0.518		0.223625		0
0.519		0.223436		0
0.52		0.223248		0
0.521		0.223059		0
0.522		0.222871		0
0.523		0.222682		0
0.524		0.222494		0
0.525		0.222306		0
0.526		0.222117		0
0.527		0.221929		0
0.528		0.221741		0
0.529		0.221554		0
0.53		0.221366		0
0.531		0.221178		0
0.532		0.220991		0
0.533		0.220803		0
0.534		0.220616		0
0.535		0.220429		0
0.536		0.220242		0
0.537		0.220055		0
0.538		0.219868		0
0.539		0.219682		0
0.54		0.219495		0
0.541		0.219309		0
0.542		0.219123		0
0.543		0.218937		0
0.544		0.218751		0
0.545		0.218565		0
0.546		0.218379		0
0.547		0.218194		0
0.548		0.218009		0
0.549		0.217823		0
0.55		0.217638		0
0.551		0.217453		0
0.552		0.217269		0
0.553		0.217084		0
0.554		0.2169		0
0.555		0.216715		0
0.556		0.216531		0
0.557		0.216347		0
0.558		0.216164		0
0.559		0.21598		0
0.56		0.215797		0
0.561		0.215613		0
0.562		0.21543		0
0.563		0.215247		0
0.564		0.215064		0
0.565		0.214882		0
0.566		0.214699		0
0.567		0.214517		0
0.568		0.214335		0
0.569		0.214153		0
0.57		0.213971		0
0.571		0.21379		0
0.572		0.213609		0
0.573		0.213427		0
0.574		0.213246		0
0.575		0.213066		0
0.576		0.212885		0
0.577		0.212704		0
0.578		0.212524		0
0.579		0.212344		0
0.58		0.212164		0
0.581		0.211984		0
0.582		0.211805		0
0.583		0.211626		0
0.584		0.211446		0
0.585		0.211268		0
0.586		0.211089		0
0.587		0.21091		0
0.588		0.210732		0
0.589		0.210554		0
0.59		0.210376		0
0.591		0.210198		0
0.592		0.21002		0
0.593		0.209843		0
0.594		0.209666		0
0.595		0.209489		0
0.596		0.209312		0
0.597		0.209135		0
0.598		0.208959		0
0.599		0.208783		0
0.6		0.208607		0
0.601		0.208431		0
0.602		0.208255		0
0.603		0.20808		0
0.604		0.207905		0
0.605		0.20773		0
0.606		0.207555		0
0.607		0.20738		0
0.608		0.207206		0
0.609		0.207032		0
0.61		0.206858		0
0.611		0.206684		0
0.612		0.206511		0
0.613		0.206337		0
0.614		0.206164		0
0.615		0.205991		0
0.616		0.205818		0
0.617		0.205646		0
0.618		0.205474		0
0.619		0.205301		0
0.62		0.20513		0
0.621		0.204958		0
0.622		0.204786		0
0.623		0.204615		0
0.624		0.204444		0
0.625		0.204273		0
0.626		0.204102		0
0.627		0.203932		0
0.628		0.203762		0
0.629		0.203592		0
0.63		0.203422		0
0.631		0.203252		0
0.632		0.203083		0
0.633		0.202914		0
0.634		0.202745		0
0.635		0.202576		0
0.636		0.202408		0
0.637		0.202239		0
0.638		0.202071		0
0.639		0.201903		0
0.64		0.201736		0
0.641		0.201568		0
0.642		0.201401		0
0.643		0.201234		0
0.644		0.201067		0
0.645		0.2009		0
0.646		0.200734		0
0.647		0.200568		0
0.648		0.200402		0
0.649		0.200236		0
0.65		0.20007		0
0.651		0.199905		0
0.652		0.19974		0
0.653		0.199575		0
0.654		0.19941		0
0.655		0.199246		0
0.656		0.199081		0
0.657		0.198917		0
0.658		0.198753		0
0.659		0.19859		0
0.66		0.198426		0
0.661		0.198263		0
0.662		0.1981		0
0.663		0.197937		0
0.664		0.197774		0
0.665		0.197612		0
0.666		0.19745		0
0.667		0.197288		0
0.668		0.197126		0
0.669		0.196965		0
0.67		0.196803		0
0.671		0.196642		0
0.672		0.196481		0
0.673		0.196321		0
0.674		0.19616		0
0.675		0.196		0
0.676		0.19584		0
0.677		0.19568		0
0.678		0.19552		0
0.679		0.195361		0
0.68		0.195202		0
0.681		0.195043		0
0.682		0.194884		0
0.683		0.194725		0
0.684		0.194567		0
0.685		0.194409		0
0.686		0.194251		0
0.687		0.194093		0
0.688		0.193936		0
0.689		0.193778		0
0.69		0.193621		0
0.691		0.193464		0
0.692		0.193308		0
0.693		0.193151		0
0.694		0.192995		0
0.695		0.192839		0
0.696		0.192683		0
0.697		0.192527		0
0.698		0.192372		0
0.699		0.192217		0
0.7		0.192062		0
0.701		0.191907		0
0.702		0.191752		0
0.703		0.191598		0
0.704		0.191444		0
0.705		0.19129		0
0.706		0.191136		0
0.707		0.190982		0
0.708		0.190829		0
0.709		0.190676		0
0.71		0.190523		0
0.711		0.19037		0
0.712		0.190218		0
0.713		0.190065		0
0.714		0.189913		0
0.715		0.189761		0
0.716		0.18961		0
0.717		0.189458		0
0.718		0.189307		0
0.719		0.189156		0
0.72		0.189005		0
0.721		0.188854		0
0.722		0.188704		0
0.723		0.188553		0
0.724		0.188403		0
0.725		0.188253		0
0.726		0.188104		0
0.727		0.187954		0
0.728		0.187805		0
0.729		0.187656		0
0.73		0.187507		0
0.731		0.187359		0
0.732		0.18721		0
0.733		0.187062		0
0.734		0.186914		0
0.735		0.186766		0
0.736		0.186618		0
0.737		0.186471		0
0.738		0.186324		0
0.739		0.186177		0
0.74		0.18603		0
0.741		0.185883		0
0.742		0.185737		0
0.743		0.185591		0
0.744		0.185445		0
0.745		0.185299		0
0.746		0.185153		0
0.747		0.185008		0
0.748		0.184863		0
0.749		0.184717		0
0.75		0.184573		0
0.751		0.184428		0
0.752		0.184284		0
0.753		0.184139		0
0.754		0.183995		0
0.755		0.183851		0
0.756		0.183708		0
0.757		0.183564		0
0.758		0.183421		0
0.759		0.183278		0
0.76		0.183135		0
0.761		0.182993		0
0.762		0.18285		0
0.763		0.182708		0
0.764		0.182566		0
0.765		0.182424		0
0.766		0.182282		0
0.767		0.182141		0
0.768		0.181999		0
0.769		0.181858		0
0.77		0.181717		0
0.771		0.181577		0
0.772		0.181436		0
0.773		0.181296		0
0.774		0.181156		0
0.775		0.181016		0
0.776		0.180876		0
0.777		0.180736		0
0.778		0.180597		0
0.779		0.180458		0
0.78		0.180319		0
0.781		0.18018		0
0.782		0.180042		0
0.783		0.179903		0
0.784		0.179765		0
0.785		0.179627		0
0.786		0.179489		0
0.787		0.179351		0
0.788		0.179214		0
0.789		0.179077		0
0.79		0.17894		0
0.791		0.178803		0
0.792		0.178666		0
0.793		0.178529		0
0.794		0.178393		0
0.795		0.178257		0
0.796		0.178121		0
0.797		0.177985		0
0.798		0.17785		0
0.799		0.177714		0
0.8		0.177579		0
0.801		0.177444		0
0.802		0.177309		0
0.803		0.177175		0
0.804		0.17704		0
0.805		0.176906		0
0.806		0.176772		0
0.807		0.176638		0
0.808		0.176504		0
0.809		0.17637		0
0.81		0.176237		0
0.811		0.176104		0
0.812		0.175971		0
0.813		0.175838		0
0.814		0.175705		0
0.815		0.175573		0
0.816		0.175441		0
0.817		0.175309		0
0.818		0.175177		0
0.819		0.175045		0
0.82		0.174913		0
0.821		0.174782		0
0.822		0.174651		0
0.823		0.17452		0
0.824		0.174389		0
0.825		0.174258		0
0.826		0.174128		0
0.827		0.173998		0
0.828		0.173867		0
0.829		0.173737		0
0.83		0.173608		0
0.831		0.173478		0
0.832		0.173349		0
0.833		0.17322		0
0.834		0.17309		0
0.835		0.172962		0
0.836		0.172833		0
0.837		0.172704		0
0.838		0.172576		0
0.839		0.172448		0
0.84		0.17232		0
0.841		0.172192		0
0.842		0.172064		0
0.843		0.171937		0
0.844		0.17181		0
0.845		0.171682		0
0.846		0.171555		0
0.847		0.171429		0
0.848		0.171302		0
0.849		0.171176		0
0.85		0.171049		0
0.851		0.170923		0
0.852		0.170797		0
0.853		0.170672		0
0.854		0.170546		0
0.855		0.170421		0
0.856		0.170295		0
0.857		0.17017		0
0.858		0.170045		0
0.859		0.169921		0
0.86		0.169796		0
0.861		0.169672		0
0.862		0.169548		0
0.863		0.169424		0
0.864		0.1693		0
0.865		0.169176		0
0.866		0.169052		0
0.867		0.168929		0
0.868		0.168806		0
0.869		0.168683		0
0.87		0.16856		0
0.871		0.168437		0
0.872		0.168315		0
0.873		0.168192		0
0.874		0.16807		0
0.875		0.167948		0
0.876		0.167826		0
0.877		0.167704		0
0.878		0.167583		0
0.879		0.167462		0
0.88		0.16734		0
0.881		0.167219		0
0.882		0.167098		0
0.883		0.166978		0
0.884		0.166857		0
0.885		0.166737		0
0.886		0.166616		0
0.887		0.166496		0
0.888		0.166376		0
0.889		0.166257		0
0.89		0.166137		0
0.891		0.166018		0
0.892		0.165898		0
0.893		0.165779		0
0.894		0.16566		0
0.895		0.165541		0
0.896		0.165423		0
0.897		0.165304		0
0.898		0.165186		0
0.899		0.165068		0
0.9		0.16495		0
0.901		0.164832		0
0.902		0.164714		0
0.903		0.164597		0
0.904		0.164479		0
0.905		0.164362		0
0.906		0.164245		0
0.907		0.164128		0
0.908		0.164012		0
0.909		0.163895		0
0.91		0.163779		0
0.911		0.163662		0
0.912		0.163546		0
0.913		0.16343		0
0.914		0.163314		0
0.915		0.163199		0
0.916		0.163083		0
0.917		0.162968		0
0.918		0.162853		0
0.919		0.162738		0
0.92		0.162623		0
0.921		0.162508		0
0.922		0.162393		0
0.923		0.162279		0
0.924		0.162165		0
0.925		0.162051		0
0.926		0.161937		0
0.927		0.161823		0
0.928		0.161709		0
0.929		0.161596		0
0.93		0.161482		0
0.931		0.161369		0
0.932		0.161256		0
0.933		0.161143		0
0.934		0.16103		0
0.935		0.160918		0
0.936		0.160805		0
0.937		0.160693		0
0.938		0.160581		0
0.939		0.160469		0
0.94		0.160357		0
0.941		0.160245		0
0.942		0.160133		0
0.943		0.160022		0
0.944		0.159911		0
0.945		0.159799		0
0.946		0.159688		0
0.947		0.159578		0
0.948		0.159467		0
0.949		0.159356		0
0.95		0.159246		0
0.951		0.159136		0
0.952		0.159025		0
0.953		0.158915		0
0.954		0.158806		0
0.955		0.158696		0
0.956		0.158586		0
0.957		0.158477		0
0.958		0.158368		0
0.959		0.158259		0
0.96		0.15815		0
0.961		0.158041		0
0.962		0.157932		0
0.963		0.157823		0
0.964		0.157715		0
0.965		0.157607		0
0.966		0.157499		0
0.967		0.157391		0
0.968		0.157283		0
0.969		0.157175		0
0.97		0.157067		0
0.971		0.15696		0
0.972		0.156853		0
0.973		0.156745		0
0.974		0.156638		0
0.975		0.156531		0
0.976		0.156425		0
0.977		0.156318		0
0.978		0.156212		0
0.979		0.156105		0
0.98		0.155999		0
0.981		0.155893		0
0.982		0.155787		0
0.983		0.155681		0
0.984		0.155576		0
0.985		0.15547		0
0.986		0.155365		0
0.987		0.155259		0
0.988		0.155154		0
0.989		0.155049		0
0.99		0.154944		0
0.991		0.15484		0
0.992		0.154735		0
0.993		0.154631		0
0.994		0.154526		0
0.995		0.154422		0
0.996		0.154318		0
0.997		0.154214		0
0.998		0.15411		0
0.999		0.154007		0
1		0.153903		0
1.001		0.1538		0
1.002		0.153697		0
1.003		0.153593		0
1.004		0.15349		0
1.005		0.153388		0
1.006		0.153285		0
1.007		0.153182		0
1.008		0.15308		0
1.009		0.152977		0
1.01		0.152875		0
1.011		0.152773		0
1.012		0.152671		0
1.013		0.152569		0
1.014		0.152468		0
1.015		0.152366		0
1.016		0.152264		0
1.017		0.152163		0
1.018		0.152062		0
1.019		0.151961		0
1.02		0.15186		0
1.021		0.151759		0
1.022		0.151658		0
1.023		0.151558		0
1.024		0.151457		0
1.025		0.151357		0
1.026		0.151257		0
1.027		0.151157		0
1.028		0.151057		0
1.029		0.150957		0
1.03		0.150857		0
1.031		0.150758		0
1.032		0.150658		0
1.033		0.150559		0
1.034		0.15046		0
1.035		0.150361		0
1.036		0.150262		0
1.037		0.150163		0
1.038		0.150064		0
1.039		0.149966		0
1.04		0.149867		0
1.041		0.149769		0
1.042		0.149671		0
1.043		0.149572		0
1.044		0.149474		0
1.045		0.149377		0
1.046		0.149279		0
1.047		0.149181		0
1.048		0.149084		0
1.049		0.148986		0
1.05		0.148889		0
1.051		0.148792		0
1.052		0.148695		0
1.053		0.148598		0
1.054		0.148501		0
1.055		0.148404		0
1.056		0.148308		0
1.057		0.148211		0
1.058		0.148115		0
1.059		0.148019		0
1.06		0.147923		0
1.061		0.147827		0
1.062		0.147731		0
1.063		0.147635		0
1.064		0.14754		0
1.065		0.147444		0
1.066		0.147349		0
1.067		0.147253		0
1.068		0.147158		0
1.069		0.147063		0
1.07		0.146968		0
1.071		0.146873		0
1.072		0.146779		0
1.073		0.146684		0
1.074		0.14659		0
1.075		0.146495		0
1.076		0.146401		0
1.077		0.146307		0
1.078		0.146213		0
1.079		0.146119		0
1.08		0.146025		0
1.081		0.145931		0
1.082		0.145838		0
1.083		0.145744		0
1.084		0.145651		0
1.085		0.145558		0
1.086		0.145464		0
1.087		0.145371		0
1.088		0.145279		0
1.089		0.145186		0
1.09		0.145093		0
1.091		0.145		0
1.092		0.144908		0
1.093		0.144816		0
1.094		0.144723		0
1.095		0.144631		0
1.096		0.144539		0
1.097		0.144447		0
1.098		0.144355		0
1.099		0.144264		0
1.1		0.144172		0
1.101		0.14408		0
1.102		0.143989		0
1.103		0.143898		0
1.104		0.143807		0
1.105		0.143715		0
1.106		0.143624		0
1.107		0.143534		0
1.108		0.143443		0
1.109		0.143352		0
1.11		0.143262		0
1.111		0.143171		0
1.112		0.143081		0
1.113		0.142991		0
1.114		0.1429		0
1.115		0.14281		0
1.116		0.142721		0
1.117		0.142631		0
1.118		0.142541		0
1.119		0.142451		0
1.12		0.142362		0
1.121		0.142272		0
1.122		0.142183		0
1.123		0.142094		0
1.124		0.142005		0
1.125		0.141916		0
1.126		0.141827		0
1.127		0.141738		0
1.128		0.141649		0
1.129		0.141561		0
1.13		0.141472		0
1.131		0.141384		0
1.132		0.141296		0
1.133		0.141207		0
1.134		0.141119		0
1.135		0.141031		0
1.136		0.140943		0
1.137		0.140856		0
1.138		0.140768		0
1.139		0.14068		0
1.14		0.140593		0
1.141		0.140505		0
1.142		0.140418		0
1.143		0.140331		0
1.144		0.140244		0
1.145		0.140157		0
1.146		0.14007		0
1.147		0.139983		0
1.148		0.139896		0
1.149		0.13981		0
1.15		0.139723		0
1.151		0.139637		0
1.152		0.139551		0
1.153		0.139464		0
1.154		0.139378		0
1.155		0.139292		0
1.156		0.139206		0
1.157		0.13912		0
1.158		0.139035		0
1.159		0.138949		0
1.16		0.138863		0
1.161		0.138778		0
1.162		0.138693		0
1.163		0.138607		0
1.164		0.138522		0
1.165		0.138437		0
1.166		0.138352		0
1.167		0.138267		0
1.168		0.138182		0
1.169		0.138098		0
1.17		0.138013		0
1.171		0.137928		0
1.172		0.137844		0
1.173		0.13776		0
1.174		0.137675		0
1.175		0.137591		0
1.176		0.137507		0
1.177		0.137423		0
1.178		0.137339		0
1.179		0.137255		0
1.18		0.137172		0
1.181		0.137088		0
1.182		0.137005		0
1.183		0.136921		0
1.184		0.136838		0
1.185		0.136755		0
1.186		0.136671		0
1.187		0.136588		0
1.188		0.136505		0
1.189		0.136422		0
1.19		0.13634		0
1.191		0.136257		0
1.192		0.136174		0
1.193		0.136092		0
1.194		0.136009		0
1.195		0.135927		0
1.196		0.135845		0
1.197		0.135763		0
1.198		0.13568		0
1.199		0.135598		0
1.2		0.135516		0
1.201		0.135435		0
1.202		0.135353		0
1.203		0.135271		0
1.204		0.13519		0
1.205		0.135108		0
1.206		0.135027		0
1.207		0.134945		0
1.208		0.134864		0
1.209		0.134783		0
1.21		0.134702		0
1.211		0.134621		0
1.212		0.13454		0
1.213		0.134459		0
1.214		0.134379		0
1.215		0.134298		0
1.216		0.134217		0
1.217		0.134137		0
1.218		0.134057		0
1.219		0.133976		0
1.22		0.133896		0
1.221		0.133816		0
1.222		0.133736		0
1.223		0.133656		0
1.224		0.133576		0
1.225		0.133496		0
1.226		0.133417		0
1.227		0.133337		0
1.228		0.133257		0
1.229		0.133178		0
1.23		0.133098		0
1.231		0.133019		0
1.232		0.13294		0
1.233		0.132861		0
1.234		0.132782		0
1.235		0.132703		0
1.236		0.132624		0
1.237		0.132545		0
1.238		0.132466		0
1.239		0.132388		0
1.24		0.132309		0
1.241		0.132231		0
1.242		0.132152		0
1.243		0.132074		0
1.244		0.131996		0
1.245		0.131917		0
1.246		0.131839		0
1.247		0.131761		0
1.248		0.131683		0
1.249		0.131606		0
1.25		0.131528		0
1.251		0.13145		0
1.252		0.131372		0
1.253		0.131295		0
1.254		0.131217		0
1.255		0.13114		0
1.256		0.131063		0
1.257		0.130985		0
1.258		0.130908		0
1.259		0.130831		0
1.26		0.130754		0
1.261		0.130677		0
1.262		0.1306		0
1.263		0.130524		0
1.264		0.130447		0
1.265		0.13037		0
1.266		0.130294		0
1.267		0.130217		0
1.268		0.130141		0
1.269		0.130065		0
1.27		0.129988		0
1.271		0.129912		0
1.272		0.129836		0
1.273		0.12976		0
1.274		0.129684		0
1.275		0.129608		0
1.276		0.129533		0
1.277		0.129457		0
1.278		0.129381		0
1.279		0.129306		0
1.28		0.12923		0
1.281		0.129155		0
1.282		0.129079		0
1.283		0.129004		0
1.284		0.128929		0
1.285		0.128854		0
1.286		0.128779		0
1.287		0.128704		0
1.288		0.128629		0
1.289		0.128554		0
1.29		0.128479		0
1.291		0.128405		0
1.292		0.12833		0
1.293		0.128256		0
1.294		0.128181		0
1.295		0.128107		0
1.296		0.128032		0
1.297		0.127958		0
1.298		0.127884		0
1.299		0.12781		0
1.3		0.127736		0
1.301		0.127662		0
1.302		0.127588		0
1.303		0.127514		0
1.304		0.12744		0
1.305		0.127367		0
1.306		0.127293		0
1.307		0.12722		0
1.308		0.127146		0
1.309		0.127073		0
1.31		0.126999		0
1.311		0.126926		0
1.312		0.126853		0
1.313		0.12678		0
1.314		0.126707		0
1.315		0.126634		0
1.316		0.126561		0
1.317		0.126488		0
1.318		0.126415		0
1.319		0.126343		0
1.32		0.12627		0
1.321		0.126197		0
1.322		0.126125		0
1.323		0.126052		0
1.324		0.12598		0
1.325		0.125908		0
1.326		0.125835		0
1.327		0.125763		0
1.328		0.125691		0
1.329		0.125619		0
1.33		0.125547		0
1.331		0.125475		0
1.332		0.125404		0
1.333		0.125332		0
1.334		0.12526		0
1.335		0.125188		0
1.336		0.125117		0
1.337		0.125045		0
1.338		0.124974		0
1.339		0.124903		0
1.34		0.124831		0
1.341		0.12476		0
1.342		0.124689		0
1.343		0.124618		0
1.344		0.124547		0
1.345		0.124476		0
1.346		0.124405		0
1.347		0.124334		0
1.348		0.124263		0
1.349		0.124193		0
1.35		0.124122		0
1.351		0.124051		0
1.352		0.123981		0
1.353		0.12391		0
1.354		0.12384		0
1.355		0.12377		0
1.356		0.123699		0
1.357		0.123629		0
1.358		0.123559		0
1.359		0.123489		0
1.36		0.123419		0
1.361		0.123349		0
1.362		0.123279		0
1.363		0.123209		0
1.364		0.12314		0
1.365		0.12307		0
1.366		0.123		0
1.367		0.122931		0
1.368		0.122861		0
1.369		0.122792		0
1.37		0.122723		0
1.371		0.122653		0
1.372		0.122584		0
1.373		0.122515		0
1.374		0.122446		0
1.375		0.122377		0
1.376		0.122308		0
1.377		0.122239		0
1.378		0.12217		0
1.379		0.122101		0
1.38		0.122032		0
1.381		0.121963		0
1.382		0.121895		0
1.383		0.121826		0
1.384		0.121758		0
1.385		0.121689		0
1.386		0.121621		0
1.387		0.121553		0
1.388		0.121484		0
1.389		0.121416		0
1.39		0.121348		0
1.391		0.12128		0
1.392		0.121212		0
1.393		0.121144		0
1.394		0.121076		0
1.395		0.121008		0
1.396		0.12094		0
1.397		0.120873		0
1.398		0.120805		0
1.399		0.120737		0
1.4		0.12067		0
1.401		0.120602		0
1.402		0.120535		0
1.403		0.120467		0
1.404		0.1204		0
1.405		0.120333		0
1.406		0.120266		0
1.407		0.120198		0
1.408		0.120131		0
1.409		0.120064		0
1.41		0.119997		0
1.411		0.11993		0
1.412		0.119864		0
1.413		0.119797		0
1.414		0.11973		0
1.415		0.119663		0
1.416		0.119597		0
1.417		0.11953		0
1.418		0.119464		0
1.419		0.119397		0
1.42		0.119331		0
1.421		0.119264		0
1.422		0.119198		0
1.423		0.119132		0
1.424		0.119066		0
1.425		0.119		0
1.426		0.118934		0
1.427		0.118868		0
1.428		0.118802		0
1.429		0.118736		0
1.43		0.11867		0
1.431		0.118604		0
1.432		0.118538		0
1.433		0.118473		0
1.434		0.118407		0
1.435		0.118341		0
1.436		0.118276		0
1.437		0.118211		0
1.438		0.118145		0
1.439		0.11808		0
1.44		0.118014		0
1.441		0.117949		0
1.442		0.117884		0
1.443		0.117819		0
1.444		0.117754		0
1.445		0.117689		0
1.446		0.117624		0
1.447		0.117559		0
1.448		0.117494		0
1.449		0.117429		0
1.45		0.117365		0
1.451		0.1173		0
1.452		0.117235		0
1.453		0.117171		0
1.454		0.117106		0
1.455		0.117042		0
1.456		0.116977		0
1.457		0.116913		0
1.458		0.116849		0
1.459		0.116784		0
1.46		0.11672		0
1.461		0.116656		0
1.462		0.116592		0
1.463		0.116528		0
1.464		0.116464		0
1.465		0.1164		0
1.466		0.116336		0
1.467		0.116272		0
1.468		0.116208		0
1.469		0.116145		0
1.47		0.116081		0
1.471		0.116017		0
1.472		0.115954		0
1.473		0.11589		0
1.474		0.115827		0
1.475		0.115763		0
1.476		0.1157		0
1.477		0.115637		0
1.478		0.115573		0
1.479		0.11551		0
1.48		0.115447		0
1.481		0.115384		0
1.482		0.115321		0
1.483		0.115258		0
1.484		0.115195		0
1.485		0.115132		0
1.486		0.115069		0
1.487		0.115006		0
1.488		0.114944		0
1.489		0.114881		0
1.49		0.114818		0
1.491		0.114756		0
1.492		0.114693		0
1.493		0.114631		0
1.494		0.114568		0
1.495		0.114506		0
1.496		0.114443		0
1.497		0.114381		0
1.498		0.114319		0
1.499		0.114257		0
1.5		0.114194		0
1.501		0.114132		0
1.502		0.11407		0
1.503		0.114008		0
1.504		0.113946		0
1.505		0.113884		0
1.506		0.113822		0
1.507		0.113761		0
1.508		0.113699		0
1.509		0.113637		0
1.51		0.113576		0
1.511		0.113514		0
1.512		0.113452		0
1.513		0.113391		0
1.514		0.113329		0
1.515		0.113268		0
1.516		0.113207		0
1.517		0.113145		0
1.518		0.113084		0
1.519		0.113023		0
1.52		0.112962		0
1.521		0.1129		0
1.522		0.112839		0
1.523		0.112778		0
1.524		0.112717		0
1.525		0.112656		0
1.526		0.112595		0
1.527		0.112535		0
1.528		0.112474		0
1.529		0.112413		0
1.53		0.112352		0
1.531		0.112292		0
1.532		0.112231		0
1.533		0.112171		0
1.534		0.11211		0
1.535		0.11205		0
1.536		0.111989		0
1.537		0.111929		0
1.538		0.111868		0
1.539		0.111808		0
1.54		0.111748		0
1.541		0.111688		0
1.542		0.111628		0
1.543		0.111567		0
1.544		0.111507		0
1.545		0.111447		0
1.546		0.111387		0
1.547		0.111328		0
1.548		0.111268		0
1.549		0.111208		0
1.55		0.111148		0
1.551		0.111088		0
1.552		0.111029		0
1.553		0.110969		0
1.554		0.110909		0
1.555		0.11085		0
1.556		0.11079		0
1.557		0.110731		0
1.558		0.110672		0
1.559		0.110612		0
1.56		0.110553		0
1.561		0.110494		0
1.562		0.110434		0
1.563		0.110375		0
1.564		0.110316		0
1.565		0.110257		0
1.566		0.110198		0
1.567		0.110139		0
1.568		0.11008		0
1.569		0.110021		0
1.57		0.109962		0
1.571		0.109903		0
1.572		0.109845		0
1.573		0.109786		0
1.574		0.109727		0
1.575		0.109668		0
1.576		0.10961		0
1.577		0.109551		0
1.578		0.109493		0
1.579		0.109434		0
1.58		0.109376		0
1.581		0.109317		0
1.582		0.109259		0
1.583		0.109201		0
1.584		0.109143		0
1.585		0.109084		0
1.586		0.109026		0
1.587		0.108968		0
1.588		0.10891		0
1.589		0.108852		0
1.59		0.108794		0
1.591		0.108736		0
1.592		0.108678		0
1.593		0.10862		0
1.594		0.108562		0
1.595		0.108505		0
1.596		0.108447		0
1.597		0.108389		0
1.598		0.108332		0
1.599		0.108274		0
1.6		0.108216		0
1.601		0.108159		0
1.602		0.108101		0
1.603		0.108044		0
1.604		0.107987		0
1.605		0.107929		0
1.606		0.107872		0
1.607		0.107815		0
1.608		0.107757		0
1.609		0.1077		0
1.61		0.107643		0
1.611		0.107586		0
1.612		0.107529		0
1.613		0.107472		0
1.614		0.107415		0
1.615		0.107358		0
1.616		0.107301		0
1.617		0.107244		0
1.618		0.107187		0
1.619		0.107131		0
1.62		0.107074		0
1.621		0.107017		0
1.622		0.106961		0
1.623		0.106904		0
1.624		0.106847		0
1.625		0.106791		0
1.626		0.106734		0
1.627		0.106678		0
1.628		0.106622		0
1.629		0.106565		0
1.63		0.106509		0
1.631		0.106453		0
1.632		0.106396		0
1.633		0.10634		0
1.634		0.106284		0
1.635		0.106228		0
1.636		0.106172		0
1.637		0.106116		0
1.638		0.10606		0
1.639		0.106004		0
1.64		0.105948		0
1.641		0.105892		0
1.642		0.105836		0
1.643		0.105781		0
1.644		0.105725		0
1.645		0.105669		0
1.646		0.105613		0
1.647		0.105558		0
1.648		0.105502		0
1.649		0.105447		0
1.65		0.105391		0
1.651		0.105336		0
1.652		0.10528		0
1.653		0.105225		0
1.654		0.10517		0
1.655		0.105114		0
1.656		0.105059		0
1.657		0.105004		0
1.658		0.104949		0
1.659		0.104893		0
1.66		0.104838		0
1.661		0.104783		0
1.662		0.104728		0
1.663		0.104673		0
1.664		0.104618		0
1.665		0.104563		0
1.666		0.104508		0
1.667		0.104454		0
1.668		0.104399		0
1.669		0.104344		0
1.67		0.104289		0
1.671		0.104235		0
1.672		0.10418		0
1.673		0.104125		0
1.674		0.104071		0
1.675		0.104016		0
1.676		0.103962		0
1.677		0.103907		0
1.678		0.103853		0
1.679		0.103799		0
1.68		0.103744		0
1.681		0.10369		0
1.682		0.103636		0
1.683		0.103582		0
1.684		0.103527		0
1.685		0.103473		0
1.686		0.103419		0
1.687		0.103365		0
1.688		0.103311		0
1.689		0.103257		0
1.69		0.103203		0
1.691		0.103149		0
1.692		0.103095		0
1.693		0.103041		0
1.694		0.102988		0
1.695		0.102934		0
1.696		0.10288		0
1.697		0.102826		0
1.698		0.102773		0
1.699		0.102719		0
1.7		0.102666		0
1.701		0.102612		0
1.702		0.102559		0
1.703		0.102505		0
1.704		0.102452		0
1.705		0.102398		0
1.706		0.102345		0
1.707		0.102292		0
1.708		0.102238		0
1.709		0.102185		0
1.71		0.102132		0
1.711		0.102079		0
1.712		0.102026		0
1.713		0.101972		0
1.714		0.101919		0
1.715		0.101866		0
1.716		0.101813		0
1.717		0.10176		0
1.718		0.101708		0
1.719		0.101655		0
1.72		0.101602		0
1.721		0.101549		0
1.722		0.101496		0
1.723		0.101443		0
1.724		0.101391		0
1.725		0.101338		0
1.726		0.101286		0
1.727		0.101233		0
1.728		0.10118		0
1.729		0.101128		0
1.73		0.101075		0
1.731		0.101023		0
1.732		0.100971		0
1.733		0.100918		0
1.734		0.100866		0
1.735		0.100814		0
1.736		0.100761		0
1.737		0.100709		0
1.738		0.100657		0
1.739		0.100605		0
1.74		0.100553		0
1.741		0.1005		0
1.742		0.100448		0
1.743		0.100396		0
1.744		0.100344		0
1.745		0.100293		0
1.746		0.100241		0
1.747		0.100189		0
1.748		0.100137		0
1.749		0.100085		0
1.75		0.100033		0
1.751		0.0999816		0
1.752		0.0999299		0
1.753		0.0998783		0
1.754		0.0998266		0
1.755		0.099775		0
1.756		0.0997235		0
1.757		0.099672		0
1.758		0.0996205		0
1.759		0.099569		0
1.76		0.0995176		0
1.761		0.0994662		0
1.762		0.0994149		0
1.763		0.0993636		0
1.764		0.0993123		0
1.765		0.0992611		0
1.766		0.0992099		0
1.767		0.0991587		0
1.768		0.0991075		0
1.769		0.0990564		0
1.77		0.0990054		0
1.771		0.0989543		0
1.772		0.0989033		0
1.773		0.0988524		0
1.774		0.0988014		0
1.775		0.0987505		0
1.776		0.0986997		0
1.777		0.0986489		0
1.778		0.0985981		0
1.779		0.0985473		0
1.78		0.0984966		0
1.781		0.0984459		0
1.782		0.0983952		0
1.783		0.0983446		0
1.784		0.098294		0
1.785		0.0982435		0
1.786		0.0981929		0
1.787		0.0981424		0
1.788		0.098092		0
1.789		0.0980416		0
1.79		0.0979912		0
1.791		0.0979408		0
1.792		0.0978905		0
1.793		0.0978402		0
1.794		0.09779		0
1.795		0.0977397		0
1.796		0.0976896		0
1.797		0.0976394		0
1.798		0.0975893		0
1.799		0.0975392		0
1.8		0.0974892		0
1.801		0.0974391		0
1.802		0.0973892		0
1.803		0.0973392		0
1.804		0.0972893		0
1.805		0.0972394		0
1.806		0.0971895		0
1.807		0.0971397		0
1.808		0.0970899		0
1.809		0.0970402		0
1.81		0.0969905		0
1.811		0.0969408		0
1.812		0.0968911		0
1.813		0.0968415		0
1.814		0.0967919		0
1.815		0.0967424		0
1.816		0.0966928		0
1.817		0.0966433		0
1.818		0.0965939		0
1.819		0.0965445		0
1.82		0.0964951		0
1.821		0.0964457		0
1.822		0.0963964		0
1.823		0.0963471		0
1.824		0.0962978		0
1.825		0.0962486		0
1.826		0.0961994		0
1.827		0.0961502		0
1.828		0.0961011		0
1.829		0.096052		0
1.83		0.0960029		0
1.831		0.0959539		0
1.832		0.0959049		0
1.833		0.0958559		0
1.834		0.095807		0
1.835		0.0957581		0
1.836		0.0957092		0
1.837		0.0956604		0
1.838		0.0956116		0
1.839		0.0955628		0
1.84		0.095514		0
1.841		0.0954653		0
1.842		0.0954166		0
1.843		0.095368		0
1.844		0.0953194		0
1.845		0.0952708		0
1.846		0.0952222		0
1.847		0.0951737		0
1.848		0.0951252		0
1.849		0.0950768		0
1.85		0.0950283		0
1.851		0.0949799		0
1.852		0.0949316		0
1.853		0.0948833		0
1.854		0.094835		0
1.855		0.0947867		0
1.856		0.0947384		0
1.857		0.0946902		0
1.858		0.0946421		0
1.859		0.0945939		0
1.86		0.0945458		0
1.861		0.0944977		0
1.862		0.0944497		0
1.863		0.0944017		0
1.864		0.0943537		0
1.865		0.0943057		0
1.866		0.0942578		0
1.867		0.0942099		0
1.868		0.094162		0
1.869		0.0941142		0
1.87		0.0940664		0
1.871		0.0940186		0
1.872		0.0939709		0
1.873		0.0939232		0
1.874		0.0938755		0
1.875		0.0938279		0
1.876		0.0937803		0
1.877		0.0937327		0
1.878		0.0936851		0
1.879		0.0936376		0
1.88		0.0935901		0
1.881		0.0935427		0
1.882		0.0934952		0
1.883		0.0934478		0
1.884		0.0934005		0
1.885		0.0933531		0
1.886		0.0933058		0
1.887		0.0932586		0
1.888		0.0932113		0
1.889		0.0931641		0
1.89		0.0931169		0
1.891		0.0930698		0
1.892		0.0930226		0
1.893		0.0929755		0
1.894		0.0929285		0
1.895		0.0928814		0
1.896		0.0928344		0
1.897		0.0927875		0
1.898		0.0927405		0
1.899		0.0926936		0
1.9		0.0926467		0
1.901		0.0925999		0
1.902		0.0925531		0
1.903		0.0925063		0
1.904		0.0924595		0
1.905		0.0924128		0
1.906		0.0923661		0
1.907		0.0923194		0
1.908		0.0922728		0
1.909		0.0922262		0
1.91		0.0921796		0
1.911		0.092133		0
1.912		0.0920865		0
1.913		0.09204		0
1.914		0.0919936		0
1.915		0.0919471		0
1.916		0.0919007		0
1.917		0.0918544		0
1.918		0.091808		0
1.919		0.0917617		0
1.92		0.0917154		0
1.921		0.0916692		0
1.922		0.091623		0
1.923		0.0915768		0
1.924		0.0915306		0
1.925		0.0914845		0
1.926		0.0914384		0
1.927		0.0913923		0
1.928		0.0913462		0
1.929		0.0913002		0
1.93		0.0912542		0
1.931		0.0912083		0
1.932		0.0911624		0
1.933		0.0911165		0
1.934		0.0910706		0
1.935		0.0910248		0
1.936		0.0909789		0
1.937		0.0909332		0
1.938		0.0908874		0
1.939		0.0908417		0
1.94		0.090796		0
1.941		0.0907503		0
1.942		0.0907047		0
1.943		0.0906591		0
1.944		0.0906135		0
1.945		0.090568		0
1.946		0.0905224		0
1.947		0.090477		0
1.948		0.0904315		0
1.949		0.0903861		0
1.95		0.0903407		0
1.951		0.0902953		0
1.952		0.0902499		0
1.953		0.0902046		0
1.954		0.0901593		0
1.955		0.0901141		0
1.956		0.0900688		0
1.957		0.0900236		0
1.958		0.0899785		0
1.959		0.0899333		0
1.96		0.0898882		0
1.961		0.0898431		0
1.962		0.0897981		0
1.963		0.089753		0
1.964		0.089708		0
1.965		0.089663		0
1.966		0.0896181		0
1.967		0.0895732		0
1.968		0.0895283		0
1.969		0.0894834		0
1.97		0.0894386		0
1.971		0.0893938		0
1.972		0.089349		0
1.973		0.0893043		0
1.974		0.0892596		0
1.975		0.0892149		0
1.976		0.0891702		0
1.977		0.0891256		0
1.978		0.089081		0
1.979		0.0890364		0
1.98		0.0889918		0
1.981		0.0889473		0
1.982		0.0889028		0
1.983		0.0888584		0
1.984		0.0888139		0
1.985		0.0887695		0
1.986		0.0887251		0
1.987		0.0886808		0
1.988		0.0886365		0
1.989		0.0885922		0
1.99		0.0885479		0
1.991		0.0885037		0
1.992		0.0884595		0
1.993		0.0884153		0
1.994		0.0883711		0
1.995		0.088327		0
1.996		0.0882829		0
1.997		0.0882388		0
1.998		0.0881948		0
1.999		0.0881507		0
2		0.0881068		0
2.001		0.0880628		0
2.002		0.0880189		0
2.003		0.0879749		0
2.004		0.0879311		0
2.005		0.0878872		0
2.006		0.0878434		0
2.007		0.0877996		0
2.008		0.0877558		0
2.009		0.0877121		0
2.01		0.0876684		0
2.011		0.0876247		0
2.012		0.087581		0
2.013		0.0875374		0
2.014		0.0874938		0
2.015		0.0874502		0
2.016		0.0874067		0
2.017		0.0873631		0
2.018		0.0873196		0
2.019		0.0872762		0
2.02		0.0872327		0
2.021		0.0871893		0
2.022		0.0871459		0
2.023		0.0871026		0
2.024		0.0870592		0
2.025		0.0870159		0
2.026		0.0869726		0
2.027		0.0869294		0
2.028		0.0868862		0
2.029		0.086843		0
2.03		0.0867998		0
2.031		0.0867567		0
2.032		0.0867135		0
2.033		0.0866704		0
2.034		0.0866274		0
2.035		0.0865844		0
2.036		0.0865413		0
2.037		0.0864984		0
2.038		0.0864554		0
2.039		0.0864125		0
2.04		0.0863696		0
2.041		0.0863267		0
2.042		0.0862839		0
2.043		0.086241		0
2.044		0.0861982		0
2.045		0.0861555		0
2.046		0.0861127		0
2.047		0.08607		0
2.048		0.0860273		0
2.049		0.0859847		0
2.05		0.085942		0
2.051		0.0858994		0
2.052		0.0858568		0
2.053		0.0858143		0
2.054		0.0857718		0
2.055		0.0857293		0
2.056		0.0856868		0
2.057		0.0856443		0
2.058		0.0856019		0
2.059		0.0855595		0
2.06		0.0855171		0
2.061		0.0854748		0
2.062		0.0854325		0
2.063		0.0853902		0
2.064		0.0853479		0
2.065		0.0853057		0
2.066		0.0852635		0
2.067		0.0852213		0
2.068		0.0851791		0
2.069		0.085137		0
2.07		0.0850949		0
2.071		0.0850528		0
2.072		0.0850108		0
2.073		0.0849687		0
2.074		0.0849267		0
2.075		0.0848847		0
2.076		0.0848428		0
2.077		0.0848009		0
2.078		0.084759		0
2.079		0.0847171		0
2.08		0.0846752		0
2.081		0.0846334		0
2.082		0.0845916		0
2.083		0.0845499		0
2.084		0.0845081		0
2.085		0.0844664		0
2.086		0.0844247		0
2.087		0.084383		0
2.088		0.0843414		0
2.089		0.0842998		0
2.09		0.0842582		0
2.091		0.0842166		0
2.092		0.0841751		0
2.093		0.0841336		0
2.094		0.0840921		0
2.095		0.0840507		0
2.096		0.0840092		0
2.097		0.0839678		0
2.098		0.0839264		0
2.099		0.0838851		0
2.1		0.0838437		0
2.101		0.0838024		0
2.102		0.0837612		0
2.103		0.0837199		0
2.104		0.0836787		0
2.105		0.0836375		0
2.106		0.0835963		0
2.107		0.0835551		0
2.108		0.083514		0
2.109		0.0834729		0
2.11		0.0834318		0
2.111		0.0833908		0
2.112		0.0833497		0
2.113		0.0833087		0
2.114		0.0832678		0
2.115		0.0832268		0
2.116		0.0831859		0
2.117		0.083145		0
2.118		0.0831041		0
2.119		0.0830633		0
2.12		0.0830225		0
2.121		0.0829817		0
2.122		0.0829409		0
2.123		0.0829001		0
2.124		0.0828594		0
2.125		0.0828187		0
2.126		0.082778		0
2.127		0.0827374		0
2.128		0.0826968		0
2.129		0.0826562		0
2.13		0.0826156		0
2.131		0.082575		0
2.132		0.0825345		0
2.133		0.082494		0
2.134		0.0824535		0
2.135		0.0824131		0
2.136		0.0823727		0
2.137		0.0823323		0
2.138		0.0822919		0
2.139		0.0822516		0
2.14		0.0822112		0
2.141		0.0821709		0
2.142		0.0821307		0
2.143		0.0820904		0
2.144		0.0820502		0
2.145		0.08201		0
2.146		0.0819698		0
2.147		0.0819297		0
2.148		0.0818895		0
2.149		0.0818494		0
2.15		0.0818094		0
2.151		0.0817693		0
2.152		0.0817293		0
2.153		0.0816893		0
2.154		0.0816493		0
2.155		0.0816093		0
2.156		0.0815694		0
2.157		0.0815295		0
2.158		0.0814896		0
2.159		0.0814498		0
2.16		0.0814099		0
2.161		0.0813701		0
2.162		0.0813303		0
2.163		0.0812906		0
2.164		0.0812509		0
2.165		0.0812111		0
2.166		0.0811715		0
2.167		0.0811318		0
2.168		0.0810922		0
2.169		0.0810525		0
2.17		0.081013		0
2.171		0.0809734		0
2.172		0.0809339		0
2.173		0.0808943		0
2.174		0.0808549		0
2.175		0.0808154		0
2.176		0.0807759		0
2.177		0.0807365		0
2.178		0.0806971		0
2.179		0.0806578		0
2.18		0.0806184		0
2.181		0.0805791		0
2.182		0.0805398		0
2.183		0.0805005		0
2.184		0.0804613		0
2.185		0.080422		0
2.186		0.0803828		0
2.187		0.0803437		0
2.188		0.0803045		0
2.189		0.0802654		0
2.19		0.0802263		0
2.191		0.0801872		0
2.192		0.0801481		0
2.193		0.0801091		0
2.194		0.0800701		0
2.195		0.0800311		0
2.196		0.0799921		0
2.197		0.0799532		0
2.198		0.0799143		0
2.199		0.0798754		0
2.2		0.0798365		0
2.201		0.0797977		0
2.202		0.0797589		0
2.203		0.0797201		0
2.204		0.0796813		0
2.205		0.0796425		0
2.206		0.0796038		0
2.207		0.0795651		0
2.208		0.0795264		0
2.209		0.0794878		0
2.21		0.0794492		0
2.211		0.0794105		0
2.212		0.079372		0
2.213		0.0793334		0
2.214		0.0792949		0
2.215		0.0792564		0
2.216		0.0792179		0
2.217		0.0791794		0
2.218		0.079141		0
2.219		0.0791025		0
2.22		0.0790641		0
2.221		0.0790258		0
2.222		0.0789874		0
2.223		0.0789491		0
2.224		0.0789108		0
2.225		0.0788725		0
2.226		0.0788343		0
2.227		0.078796		0
2.228		0.0787578		0
2.229		0.0787196		0
2.23		0.0786815		0
2.231		0.0786433		0
2.232		0.0786052		0
2.233		0.0785671		0
2.234		0.078529		0
2.235		0.078491		0
2.236		0.078453		0
2.237		0.078415		0
2.238		0.078377		0
2.239		0.078339		0
2.24		0.0783011		0
2.241		0.0782632		0
2.242		0.0782253		0
2.243		0.0781875		0
2.244		0.0781496		0
2.245		0.0781118		0
2.246		0.078074		0
2.247		0.0780362		0
2.248		0.0779985		0
2.249		0.0779608		0
2.25		0.0779231		0
2.251		0.0778854		0
2.252		0.0778477		0
2.253		0.0778101		0
2.254		0.0777725		0
2.255		0.0777349		0
2.256		0.0776973		0
2.257		0.0776598		0
2.258		0.0776223		0
2.259		0.0775848		0
2.26		0.0775473		0
2.261		0.0775099		0
2.262		0.0774724		0
2.263		0.077435		0
2.264		0.0773977		0
2.265		0.0773603		0
2.266		0.077323		0
2.267		0.0772857		0
2.268		0.0772484		0
2.269		0.0772111		0
2.27		0.0771739		0
2.271		0.0771366		0
2.272		0.0770994		0
2.273		0.0770623		0
2.274		0.0770251		0
2.275		0.076988		0
2.276		0.0769509		0
2.277		0.0769138		0
2.278		0.0768767		0
2.279		0.0768397		0
2.28		0.0768026		0
2.281		0.0767656		0
2.282		0.0767287		0
2.283		0.0766917		0
2.284		0.0766548		0
2.285		0.0766179		0
2.286		0.076581		0
2.287		0.0765441		0
2.288		0.0765073		0
2.289		0.0764705		0
2.29		0.0764337		0
2.291		0.0763969		0
2.292		0.0763601		0
2.293		0.0763234		0
2.294		0.0762867		0
2.295		0.07625		0
2.296		0.0762134		0
2.297		0.0761767		0
2.298		0.0761401		0
2.299		0.0761035		0
2.3		0.0760669		0
2.301		0.0760304		0
2.302		0.0759939		0
2.303		0.0759573		0
2.304		0.0759209		0
2.305		0.0758844		0
2.306		0.075848		0
2.307		0.0758115		0
2.308		0.0757751		0
2.309		0.0757388		0
2.31		0.0757024		0
2.311		0.0756661		0
2.312		0.0756298		0
2.313		0.0755935		0
2.314		0.0755572		0
2.315		0.075521		0
2.316		0.0754848		0
2.317		0.0754486		0
2.318		0.0754124		0
2.319		0.0753762		0
2.32		0.0753401		0
2.321		0.075304		0
2.322		0.0752679		0
2.323		0.0752318		0
2.324		0.0751958		0
2.325		0.0751598		0
2.326		0.0751237		0
2.327		0.0750878		0
2.328		0.0750518		0
2.329		0.0750159		0
2.33		0.07498		0
2.331		0.0749441		0
2.332		0.0749082		0
2.333		0.0748723		0
2.334		0.0748365		0
2.335		0.0748007		0
2.336		0.0747649		0
2.337		0.0747291		0
2.338		0.0746934		0
2.339		0.0746577		0
2.34		0.074622		0
2.341		0.0745863		0
2.342		0.0745507		0
2.343		0.074515		0
2.344		0.0744794		0
2.345		0.0744438		0
2.346		0.0744082		0
2.347		0.0743727		0
2.348		0.0743372		0
2.349		0.0743017		0
2.35		0.0742662		0
2.351		0.0742307		0
2.352		0.0741953		0
2.353		0.0741598		0
2.354		0.0741244		0
2.355		0.0740891		0
2.356		0.0740537		0
2.357		0.0740184		0
2.358		0.0739831		0
2.359		0.0739478		0
2.36		0.0739125		0
2.361		0.0738773		0
2.362		0.073842		0
2.363		0.0738068		0
2.364		0.0737716		0
2.365		0.0737365		0
2.366		0.0737013		0
2.367		0.0736662		0
2.368		0.0736311		0
2.369		0.073596		0
2.37		0.073561		0
2.371		0.0735259		0
2.372		0.0734909		0
2.373		0.0734559		0
2.374		0.0734209		0
2.375		0.073386		0
2.376		0.073351		0
2.377		0.0733161		0
2.378		0.0732812		0
2.379		0.0732464		0
2.38		0.0732115		0
2.381		0.0731767		0
2.382		0.0731419		0
2.383		0.0731071		0
2.384		0.0730723		0
2.385		0.0730376		0
2.386		0.0730029		0
2.387		0.0729682		0
2.388		0.0729335		0
2.389		0.0728988		0
2.39		0.0728642		0
2.391		0.0728296		0
2.392		0.072795		0
2.393		0.0727604		0
2.394		0.0727258		0
2.395		0.0726913		0
2.396		0.0726568		0
2.397		0.0726223		0
2.398		0.0725878		0
2.399		0.0725534		0
2.4		0.0725189		0
2.401		0.0724845		0
2.402		0.0724501		0
2.403		0.0724158		0
2.404		0.0723814		0
2.405		0.0723471		0
2.406		0.0723128		0
2.407		0.0722785		0
2.408		0.0722442		0
2.409		0.07221		0
2.41		0.0721758		0
2.411		0.0721416		0
2.412		0.0721074		0
2.413		0.0720732		0
2.414		0.0720391		0
2.415		0.0720049		0
2.416		0.0719708		0
2.417		0.0719368		0
2.418		0.0719027		0
2.419		0.0718687		0
2.42		0.0718346		0
2.421		0.0718006		0
2.422		0.0717667		0
2.423		0.0717327		0
2.424		0.0716988		0
2.425		0.0716648		0
2.426		0.0716309		0
2.427		0.0715971		0
2.428		0.0715632		0
2.429		0.0715294		0
2.43		0.0714956		0
2.431		0.0714618		0
2.432		0.071428		0
2.433		0.0713942		0
2.434		0.0713605		0
2.435		0.0713268		0
2.436		0.0712931		0
2.437		0.0712594		0
2.438		0.0712258		0
2.439		0.0711921		0
2.44		0.0711585		0
2.441		0.0711249		0
2.442		0.0710913		0
2.443		0.0710578		0
2.444		0.0710243		0
2.445		0.0709907		0
2.446		0.0709572		0
2.447		0.0709238		0
2.448		0.0708903		0
2.449		0.0708569		0
2.45		0.0708235		0
2.451		0.0707901		0
2.452		0.0707567		0
2.453		0.0707234		0
2.454		0.07069		0
2.455		0.0706567		0
2.456		0.0706234		0
2.457		0.0705901		0
2.458		0.0705569		0
2.459		0.0705237		0
2.46		0.0704904		0
2.461		0.0704572		0
2.462		0.0704241		0
2.463		0.0703909		0
2.464		0.0703578		0
2.465		0.0703247		0
2.466		0.0702916		0
2.467		0.0702585		0
2.468		0.0702255		0
2.469		0.0701924		0
2.47		0.0701594		0
2.471		0.0701264		0
2.472		0.0700934		0
2.473		0.0700605		0
2.474		0.0700275		0
2.475		0.0699946		0
2.476		0.0699617		0
2.477		0.0699288		0
2.478		0.069896		0
2.479		0.0698632		0
2.48		0.0698303		0
2.481		0.0697975		0
2.482		0.0697648		0
2.483		0.069732		0
2.484		0.0696993		0
2.485		0.0696665		0
2.486		0.0696338		0
2.487		0.0696012		0
2.488		0.0695685		0
2.489		0.0695359		0
2.49		0.0695032		0
2.491		0.0694706		0
2.492		0.0694381		0
2.493		0.0694055		0
2.494		0.0693729		0
2.495		0.0693404		0
2.496		0.0693079		0
2.497		0.0692754		0
2.498		0.069243		0
2.499		0.0692105		0
2.5		0.0691781		0
2.501		0.0691457		0
2.502		0.0691133		0
2.503		0.0690809		0
2.504		0.0690486		0
2.505		0.0690162		0
2.506		0.0689839		0
2.507		0.0689516		0
2.508		0.0689194		0
2.509		0.0688871		0
2.51		0.0688549		0
2.511		0.0688227		0
2.512		0.0687905		0
2.513		0.0687583		0
2.514		0.0687261		0
2.515		0.068694		0
2.516		0.0686619		0
2.517		0.0686298		0
2.518		0.0685977		0
2.519		0.0685656		0
2.52		0.0685336		0
2.521		0.0685016		0
2.522		0.0684696		0
2.523		0.0684376		0
2.524		0.0684056		0
2.525		0.0683737		0
2.526		0.0683417		0
2.527		0.0683098		0
2.528		0.0682779		0
2.529		0.0682461		0
2.53		0.0682142		0
2.531		0.0681824		0
2.532		0.0681506		0
2.533		0.0681188		0
2.534		0.068087		0
2.535		0.0680552		0
2.536		0.0680235		0
2.537		0.0679918		0
2.538		0.0679601		0
2.539		0.0679284		0
2.54		0.0678967		0
2.541		0.0678651		0
2.542		0.0678335		0
2.543		0.0678019		0
2.544		0.0677703		0
2.545		0.0677387		0
2.546		0.0677072		0
2.547		0.0676756		0
2.548		0.0676441		0
2.549		0.0676126		0
2.55		0.0675812		0
2.551		0.0675497		0
2.552		0.0675183		0
2.553		0.0674869		0
2.554		0.0674555		0
2.555		0.0674241		0
2.556		0.0673927		0
2.557		0.0673614		0
2.558		0.0673301		0
2.559		0.0672987		0
2.56		0.0672675		0
2.561		0.0672362		0
2.562		0.0672049		0
2.563		0.0671737		0
2.564		0.0671425		0
2.565		0.0671113		0
2.566		0.0670801		0
2.567		0.067049		0
2.568		0.0670178		0
2.569		0.0669867		0
2.57		0.0669556		0
2.571		0.0669245		0
2.572		0.0668935		0
2.573		0.0668624		0
2.574		0.0668314		0
2.575		0.0668004		0
2.576		0.0667694		0
2.577		0.0667384		0
2.578		0.0667075		0
2.579		0.0666765		0
2.58		0.0666456		0
2.581		0.0666147		0
2.582		0.0665838		0
2.583		0.066553		0
2.584		0.0665221		0
2.585		0.0664913		0
2.586		0.0664605		0
2.587		0.0664297		0
2.588		0.066399		0
2.589		0.0663682		0
2.59		0.0663375		0
2.591		0.0663068		0
2.592		0.0662761		0
2.593		0.0662454		0
2.594		0.0662147		0
2.595		0.0661841		0
2.596		0.0661535		0
2.597		0.0661229		0
2.598		0.0660923		0
2.599		0.0660617		0
2.6		0.0660312		0
2.601		0.0660006		0
2.602		0.0659701		0
2.603		0.0659396		0
2.604		0.0659091		0
2.605		0.0658787		0
2.606		0.0658482		0
2.607		0.0658178		0
2.608		0.0657874		0
2.609		0.065757		0
2.61		0.0657266		0
2.611		0.0656963		0
2.612		0.065666		0
2.613		0.0656356		0
2.614		0.0656053		0
2.615		0.0655751		0
2.616		0.0655448		0
2.617		0.0655146		0
2.618		0.0654843		0
2.619		0.0654541		0
2.62		0.0654239		0
2.621		0.0653938		0
2.622		0.0653636		0
2.623		0.0653335		0
2.624		0.0653034		0
2.625		0.0652733		0
2.626		0.0652432		0
2.627		0.0652131		0
2.628		0.0651831		0
2.629		0.065153		0
2.63		0.065123		0
2.631		0.065093		0
2.632		0.0650631		0
2.633		0.0650331		0
2.634		0.0650032		0
2.635		0.0649732		0
2.636		0.0649433		0
2.637		0.0649135		0
2.638		0.0648836		0
2.639		0.0648537		0
2.64		0.0648239		0
2.641		0.0647941		0
2.642		0.0647643		0
2.643		0.0647345		0
2.644		0.0647047		0
2.645		0.064675		0
2.646		0.0646453		0
2.647		0.0646156		0
2.648		0.0645859		0
2.649		0.0645562		0
2.65		0.0645265		0
2.651		0.0644969		0
2.652		0.0644673		0
2.653		0.0644377		0
2.654		0.0644081		0
2.655		0.0643785		0
2.656		0.064349		0
2.657		0.0643194		0
2.658		0.0642899		0
2.659		0.0642604		0
2.66		0.0642309		0
2.661		0.0642015		0
2.662		0.064172		0
2.663		0.0641426		0
2.664		0.0641132		0
2.665		0.0640838		0
2.666		0.0640544		0
2.667		0.0640251		0
2.668		0.0639957		0
2.669		0.0639664		0
2.67		0.0639371		0
2.671		0.0639078		0
2.672		0.0638785		0
2.673		0.0638493		0
2.674		0.06382		0
2.675		0.0637908		0
2.676		0.0637616		0
2.677		0.0637324		0
2.678		0.0637032		0
2.679		0.0636741		0
2.68		0.063645		0
2.681		0.0636158		0
2.682		0.0635867		0
2.683		0.0635577		0
2.684		0.0635286		0
2.685		0.0634995		0
2.686		0.0634705		0
2.687		0.0634415		0
2.688		0.0634125		0
2.689		0.0633835		0
2.69		0.0633546		0
2.691		0.0633256		0
2.692		0.0632967		0
2.693		0.0632678		0
2.694		0.0632389		0
2.695		0.06321		0
2.696		0.0631812		0
2.697		0.0631523		0
2.698		0.0631235		0
2.699		0.0630947		0
2.7		0.0630659		0
2.701		0.0630371		0
2.702		0.0630084		0
2.703		0.0629796		0
2.704		0.0629509		0
2.705		0.0629222		0
2.706		0.0628935		0
2.707		0.0628648		0
2.708		0.0628362		0
2.709		0.0628075		0
2.71		0.0627789		0
2.711		0.0627503		0
2.712		0.0627217		0
2.713		0.0626931		0
2.714		0.0626646		0
2.715		0.062636		0
2.716		0.0626075		0
2.717		0.062579		0
2.718		0.0625505		0
2.719		0.0625221		0
2.72		0.0624936		0
2.721		0.0624652		0
2.722		0.0624368		0
2.723		0.0624084		0
2.724		0.06238		0
2.725		0.0623516		0
2.726		0.0623232		0
2.727		0.0622949		0
2.728		0.0622666		0
2.729		0.0622383		0
2.73		0.06221		0
2.731		0.0621817		0
2.732		0.0621535		0
2.733		0.0621252		0
2.734		0.062097		0
2.735		0.0620688		0
2.736		0.0620406		0
2.737		0.0620125		0
2.738		0.0619843		0
2.739		0.0619562		0
2.74		0.0619281		0
2.741		0.0619		0
2.742		0.0618719		0
2.743		0.0618438		0
2.744		0.0618157		0
2.745		0.0617877		0
2.746		0.0617597		0
2.747		0.0617317		0
2.748		0.0617037		0
2.749		0.0616757		0
2.75		0.0616478		0
2.751		0.0616198		0
2.752		0.0615919		0
2.753		0.061564		0
2.754		0.0615361		0
2.755		0.0615083		0
2.756		0.0614804		0
2.757		0.0614526		0
2.758		0.0614247		0
2.759		0.0613969		0
2.76		0.0613691		0
2.761		0.0613414		0
2.762		0.0613136		0
2.763		0.0612859		0
2.764		0.0612581		0
2.765		0.0612304		0
2.766		0.0612027		0
2.767		0.0611751		0
2.768		0.0611474		0
2.769		0.0611198		0
2.77		0.0610921		0
2.771		0.0610645		0
2.772		0.0610369		0
2.773		0.0610094		0
2.774		0.0609818		0
2.775		0.0609542		0
2.776		0.0609267		0
2.777		0.0608992		0
2.778		0.0608717		0
2.779		0.0608442		0
2.78		0.0608168		0
2.781		0.0607893		0
2.782		0.0607619		0
2.783		0.0607345		0
2.784		0.0607071		0
2.785		0.0606797		0
2.786		0.0606523		0
2.787		0.060625		0
2.788		0.0605976		0
2.789		0.0605703		0
2.79		0.060543		0
2.791		0.0605157		0
2.792		0.0604885		0
2.793		0.0604612		0
2.794		0.060434		0
2.795		0.0604067		0
2.796		0.0603795		0
2.797		0.0603523		0
2.798		0.0603252		0
2.799		0.060298		0
2.8		0.0602709		0
2.801		0.0602437		0
2.802		0.0602166		0
2.803		0.0601895		0
2.804		0.0601624		0
2.805		0.0601354		0
2.806		0.0601083		0
2.807		0.0600813		0
2.808		0.0600543		0
2.809		0.0600273		0
2.81		0.0600003		0
2.811		0.0599733		0
2.812		0.0599464		0
2.813		0.0599194		0
2.814		0.0598925		0
2.815		0.0598656		0
2.816		0.0598387		0
2.817		0.0598119		0
2.818		0.059785		0
2.819		0.0597582		0
2.82		0.0597313		0
2.821		0.0597045		0
2.822		0.0596777		0
2.823		0.0596509		0
2.824		0.0596242		0
2.825		0.0595974		0
2.826		0.0595707		0
2.827		0.059544		0
2.828		0.0595173		0
2.829		0.0594906		0
2.83		0.0594639		0
2.831		0.0594373		0
2.832		0.0594106		0
2.833		0.059384		0
2.834		0.0593574		0
2.835		0.0593308		0
2.836		0.0593042		0
2.837		0.0592777		0
2.838		0.0592511		0
2.839		0.0592246		0
2.84		0.0591981		0
2.841		0.0591716		0
2.842		0.0591451		0
2.843		0.0591187		0
2.844		0.0590922		0
2.845		0.0590658		0
2.846		0.0590393		0
2.847		0.0590129		0
2.848		0.0589866		0
2.849		0.0589602		0
2.85		0.0589338		0
2.851		0.0589075		0
2.852		0.0588811		0
2.853		0.0588548		0
2.854		0.0588285		0
2.855		0.0588023		0
2.856		0.058776		0
2.857		0.0587497		0
2.858		0.0587235		0
2.859		0.0586973		0
2.86		0.0586711		0
2.861		0.0586449		0
2.862		0.0586187		0
2.863		0.0585926		0
2.864		0.0585664		0
2.865		0.0585403		0
2.866		0.0585142		0
2.867		0.0584881		0
2.868		0.058462		0
2.869		0.0584359		0
2.87		0.0584099		0
2.871		0.0583838		0
2.872		0.0583578		0
2.873		0.0583318		0
2.874		0.0583058		0
2.875		0.0582799		0
2.876		0.0582539		0
2.877		0.0582279		0
2.878		0.058202		0
2.879		0.0581761		0
2.88		0.0581502		0
2.881		0.0581243		0
2.882		0.0580985		0
2.883		0.0580726		0
2.884		0.0580468		0
2.885		0.0580209		0
2.886		0.0579951		0
2.887		0.0579693		0
2.888		0.0579436		0
2.889		0.0579178		0
2.89		0.057892		0
2.891		0.0578663		0
2.892		0.0578406		0
2.893		0.0578149		0
2.894		0.0577892		0
2.895		0.0577635		0
2.896		0.0577379		0
2.897		0.0577122		0
2.898		0.0576866		0
2.899		0.057661		0
2.9		0.0576354		0
2.901		0.0576098		0
2.902		0.0575842		0
2.903		0.0575587		0
2.904		0.0575331		0
2.905		0.0575076		0
2.906		0.0574821		0
2.907		0.0574566		0
2.908		0.0574311		0
2.909		0.0574057		0
2.91		0.0573802		0
2.911		0.0573548		0
2.912		0.0573294		0
2.913		0.057304		0
2.914		0.0572786		0
2.915		0.0572532		0
2.916		0.0572278		0
2.917		0.0572025		0
2.918		0.0571772		0
2.919		0.0571518		0
2.92		0.0571265		0
2.921		0.0571013		0
2.922		0.057076		0
2.923		0.0570507		0
2.924		0.0570255		0
2.925		0.0570003		0
2.926		0.056975		0
2.927		0.0569498		0
2.928		0.0569247		0
2.929		0.0568995		0
2.93		0.0568743		0
2.931		0.0568492		0
2.932		0.0568241		0
2.933		0.056799		0
2.934		0.0567739		0
2.935		0.0567488		0
2.936		0.0567237		0
2.937		0.0566987		0
2.938		0.0566736		0
2.939		0.0566486		0
2.94		0.0566236		0
2.941		0.0565986		0
2.942		0.0565736		0
2.943		0.0565487		0
2.944		0.0565237		0
2.945		0.0564988		0
2.946		0.0564739		0
2.947		0.0564489		0
2.948		0.0564241		0
2.949		0.0563992		0
2.95		0.0563743		0
2.951		0.0563495		0
2.952		0.0563246		0
2.953		0.0562998		0
2.954		0.056275		0
2.955		0.0562502		0
2.956		0.0562254		0
2.957		0.0562007		0
2.958		0.0561759		0
2.959		0.0561512		0
2.96		0.0561265		0
2.961		0.0561018		0
2.962		0.0560771		0
2.963		0.0560524		0
2.964		0.0560277		0
2.965		0.0560031		0
2.966		0.0559785		0
2.967		0.0559539		0
2.968		0.0559292		0
2.969		0.0559047		0
2.97		0.0558801		0
2.971		0.0558555		0
2.972		0.055831		0
2.973		0.0558064		0
2.974		0.0557819		0
2.975		0.0557574		0
2.976		0.0557329		0
2.977		0.0557085		0
2.978		0.055684		0
2.979		0.0556595		0
2.98		0.0556351		0
2.981		0.0556107		0
2.982		0.0555863		0
2.983		0.0555619		0
2.984		0.0555375		0
2.985		0.0555132		0
2.986		0.0554888		0
2.987		0.0554645		0
2.988		0.0554402		0
2.989		0.0554159		0
2.99		0.0553916		0
2.991		0.0553673		0
2.992		0.055343		0
2.993		0.0553188		0
2.994		0.0552945		0
2.995		0.0552703		0
2.996		0.0552461		0
2.997		0.0552219		0
2.998		0.0551977		0
2.999		0.0551736		0
3		0.0551494		0
