0.001		4.96699e-120		0
0.002		3.91265e-59		0
0.003		6.53908e-39		0
0.004		7.76508e-29		0
0.005		8.18421e-23		0
0.006		8.19639e-19		0
0.007		5.76551e-16		0
0.008		7.73513e-14		0
0.009		3.44543e-12		0
0.01		7.10278e-11		0
0.011		8.36981e-10		0
0.012		6.48875e-09		0
0.013		3.64739e-08		0
0.014		1.5933e-07		0
0.015		5.69076e-07		0
0.016		1.72634e-06		0
0.017		4.57918e-06		0
0.018		1.08633e-05		0
0.019		2.34629e-05		0
0.02		4.67981e-05		0
0.021		8.71959e-05		0
0.022		0.000153204		0
0.023		0.000255812		0
0.024		0.000408555		0
0.025		0.000627501		0
0.026		0.00093111		0
0.027		0.00133999		0
0.028		0.00187658		0
0.029		0.00256473		0
0.03		0.0034293		0
0.031		0.00449571		0
0.032		0.00578948		0
0.033		0.00733582		0
0.034		0.00915925		0
0.035		0.0112832		0
0.036		0.0137299		0
0.037		0.0165198		0
0.038		0.0196717		0
0.039		0.0232023		0
0.04		0.0271264		0
0.041		0.0314566		0
0.042		0.0362034		0
0.043		0.0413751		0
0.044		0.0469781		0
0.045		0.0530164		0
0.046		0.0594923		0
0.047		0.0664062		0
0.048		0.0737565		0
0.049		0.0815404		0
0.05		0.0897531		0
0.051		0.0983886		0
0.052		0.10744		0
0.053		0.116898		0
0.054		0.126753		0
0.055		0.136996		0
0.056		0.147614		0
0.057		0.158596		0
0.058		0.169929		0
0.059		0.1816		0
0.06		0.193597		0
0.061		0.205904		0
0.062		0.218507		0
0.063		0.231394		0
0.064		0.244549		0
0.065		0.257958		0
0.066		0.271607		0
0.067		0.285481		0
0.068		0.299567		0
0.069		0.31385		0
0.07		0.328317		0
0.071		0.342954		0
0.072		0.357748		0
0.073		0.372686		0
0.074		0.387754		0
0.075		0.402942		0
0.076		0.418236		0
0.077		0.433624		0
0.078		0.449096		0
0.079		0.464641		0
0.08		0.480246		0
0.081		0.495903		0
0.082		0.511602		0
0.083		0.527331		0
0.084		0.543083		0
0.085		0.558848		0
0.086		0.574618		0
0.087		0.590384		0
0.088		0.606138		0
0.089		0.621874		0
0.09		0.637583		0
0.091		0.653258		0
0.092		0.668894		0
0.093		0.684483		0
0.094		0.70002		0
0.095		0.715498		0
0.096		0.730913		0
0.097		0.746259		0
0.098		0.761531		0
0.099		0.776725		0
0.1		0.791836		0
0.101		0.806859		0
0.102		0.821791		0
0.103		0.836629		0
0.104		0.851367		0
0.105		0.866004		0
0.106		0.880536		0
0.107		0.894961		0
0.108		0.909274		0
0.109		0.923474		0
0.11		0.937559		0
0.111		0.951526		0
0.112		0.965373		0
0.113		0.979098		0
0.114		0.992699		0
0.115		1.00617		0
0.116		1.01952		0
0.117		1.03275		0
0.118		1.04584		0
0.119		1.0588		0
0.12		1.07163		0
0.121		1.08433		0
0.122		1.09689		0
0.123		1.10932		0
0.124		1.12162		0
0.125		1.13378		0
0.126		1.1458		0
0.127		1.15769		0
0.128		1.16945		0
0.129		1.18107		0
0.13		1.19255		0
0.131		1.2039		0
0.132		1.21511		0
0.133		1.22618		0
0.134		1.23712		0
0.135		1.24792		0
0.136		1.25859		0
0.137		1.26913		0
0.138		1.27952		0
0.139		1.28979		0
0.14		1.29992		0
0.141		1.30992		0
0.142		1.31979		0
0.143		1.32953		0
0.144		1.33913		0
0.145		1.34861		0
0.146		1.35795		0
0.147		1.36717		0
0.148		1.37626		0
0.149		1.38522		0
0.15		1.39406		0
0.151		1.40277		0
0.152		1.41136		0
0.153		1.41982		0
0.154		1.42816		0
0.155		1.43639		0
0.156		1.44449		0
0.157		1.45247		0
0.158		1.46033		0
0.159		1.46807		0
0.16		1.4757		0
0.161		1.48322		0
0.162		1.49062		0
0.163		1.4979		0
0.164		1.50508		0
0.165		1.51214		0
0.166		1.51909		0
0.167		1.52594		0
0.168		1.53268		0
0.169		1.53931		0
0.17		1.54583		0
0.171		1.55226		0
0.172		1.55857		0
0.173		1.56479		0
0.174		1.57091		0
0.175		1.57692		0
0.176		1.58284		0
0.177		1.58866		0
0.178		1.59438		0
0.179		1.60001		0
0.18		1.60554		0
0.181		1.61098		0
0.182		1.61633		0
0.183		1.62159		0
0.184		1.62676		0
0.185		1.63184		0
0.186		1.63683		0
0.187		1.64174		0
0.188		1.64655		0
0.189		1.65129		0
0.19		1.65594		0
0.191		1.66051		0
0.192		1.665		0
0.193		1.66941		0
0.194		1.67374		0
0.195		1.67799		0
0.196		1.68216		0
0.197		1.68626		0
0.198		1.69028		0
0.199		1.69422		0
0.2		1.6981		0
0.201		1.7019		0
0.202		1.70563		0
0.203		1.70929		0
0.204		1.71288		0
0.205		1.7164		0
0.206		1.71986		0
0.207		1.72324		0
0.208		1.72656		0
0.209		1.72982		0
0.21		1.73301		0
0.211		1.73614		0
0.212		1.73921		0
0.213		1.74222		0
0.214		1.74516		0
0.215		1.74804		0
0.216		1.75087		0
0.217		1.75364		0
0.218		1.75635		0
0.219		1.759		0
0.22		1.7616		0
0.221		1.76414		0
0.222		1.76663		0
0.223		1.76907		0
0.224		1.77145		0
0.225		1.77378		0
0.226		1.77606		0
0.227		1.77829		0
0.228		1.78047		0
0.229		1.7826		0
0.23		1.78468		0
0.231		1.78671		0
0.232		1.7887		0
0.233		1.79064		0
0.234		1.79253		0
0.235		1.79438		0
0.236		1.79618		0
0.237		1.79794		0
0.238		1.79966		0
0.239		1.80133		0
0.24		1.80297		0
0.241		1.80456		0
0.242		1.80611		0
0.243		1.80762		0
0.244		1.80909		0
0.245		1.81052		0
0.246		1.81191		0
0.247		1.81327		0
0.248		1.81458		0
0.249		1.81586		0
0.25		1.81711		0
0.251		1.81831		0
0.252		1.81949		0
0.253		1.82062		0
0.254		1.82173		0
0.255		1.8228		0
0.256		1.82383		0
0.257		1.82483		0
0.258		1.8258		0
0.259		1.82674		0
0.26		1.82765		0
0.261		1.82852		0
0.262		1.82937		0
0.263		1.83018		0
0.264		1.83097		0
0.265		1.83172		0
0.266		1.83245		0
0.267		1.83315		0
0.268		1.83382		0
0.269		1.83446		0
0.27		1.83508		0
0.271		1.83566		0
0.272		1.83622		0
0.273		1.83676		0
0.274		1.83727		0
0.275		1.83775		0
0.276		1.83821		0
0.277		1.83865		0
0.278		1.83905		0
0.279		1.83944		0
0.28		1.8398		0
0.281		1.84014		0
0.282		1.84046		0
0.283		1.84075		0
0.284		1.84102		0
0.285		1.84127		0
0.286		1.84149		0
0.287		1.8417		0
0.288		1.84188		0
0.289		1.84205		0
0.29		1.84219		0
0.291		1.84231		0
0.292		1.84241		0
0.293		1.8425		0
0.294		1.84256		0
0.295		1.8426		0
0.296		1.84263		0
0.297		1.84263		0
0.298		1.84262		0
0.299		1.84259		0
0.3		1.84255		0
0.301		1.84248		0
0.302		1.8424		0
0.303		1.8423		0
0.304		1.84218		0
0.305		1.84205		0
0.306		1.8419		0
0.307		1.84173		0
0.308		1.84155		0
0.309		1.84135		0
0.31		1.84114		0
0.311		1.84091		0
0.312		1.84067		0
0.313		1.84041		0
0.314		1.84013		0
0.315		1.83985		0
0.316		1.83955		0
0.317		1.83923		0
0.318		1.8389		0
0.319		1.83856		0
0.32		1.8382		0
0.321		1.83783		0
0.322		1.83745		0
0.323		1.83705		0
0.324		1.83664		0
0.325		1.83622		0
0.326		1.83578		0
0.327		1.83534		0
0.328		1.83488		0
0.329		1.83441		0
0.33		1.83393		0
0.331		1.83343		0
0.332		1.83293		0
0.333		1.83241		0
0.334		1.83189		0
0.335		1.83135		0
0.336		1.8308		0
0.337		1.83024		0
0.338		1.82967		0
0.339		1.82909		0
0.34		1.8285		0
0.341		1.8279		0
0.342		1.82729		0
0.343		1.82666		0
0.344		1.82603		0
0.345		1.82539		0
0.346		1.82474		0
0.347		1.82409		0
0.348		1.82342		0
0.349		1.82274		0
0.35		1.82206		0
0.351		1.82136		0
0.352		1.82066		0
0.353		1.81995		0
0.354		1.81923		0
0.355		1.8185		0
0.356		1.81776		0
0.357		1.81702		0
0.358		1.81626		0
0.359		1.8155		0
0.36		1.81473		0
0.361		1.81396		0
0.362		1.81318		0
0.363		1.81238		0
0.364		1.81159		0
0.365		1.81078		0
0.366		1.80997		0
0.367		1.80915		0
0.368		1.80832		0
0.369		1.80749		0
0.37		1.80665		0
0.371		1.8058		0
0.372		1.80495		0
0.373		1.80409		0
0.374		1.80322		0
0.375		1.80235		0
0.376		1.80147		0
0.377		1.80058		0
0.378		1.79969		0
0.379		1.7988		0
0.38		1.79789		0
0.381		1.79698		0
0.382		1.79607		0
0.383		1.79515		0
0.384		1.79422		0
0.385		1.79329		0
0.386		1.79236		0
0.387		1.79141		0
0.388		1.79047		0
0.389		1.78951		0
0.39		1.78856		0
0.391		1.78759		0
0.392		1.78663		0
0.393		1.78565		0
0.394		1.78468		0
0.395		1.7837		0
0.396		1.78271		0
0.397		1.78172		0
0.398		1.78072		0
0.399		1.77972		0
0.4		1.77872		0
0.401		1.77771		0
0.402		1.77669		0
0.403		1.77568		0
0.404		1.77465		0
0.405		1.77363		0
0.406		1.7726		0
0.407		1.77156		0
0.408		1.77053		0
0.409		1.76948		0
0.41		1.76844		0
0.411		1.76739		0
0.412		1.76634		0
0.413		1.76528		0
0.414		1.76422		0
0.415		1.76315		0
0.416		1.76209		0
0.417		1.76102		0
0.418		1.75994		0
0.419		1.75886		0
0.42		1.75778		0
0.421		1.7567		0
0.422		1.75561		0
0.423		1.75452		0
0.424		1.75343		0
0.425		1.75233		0
0.426		1.75123		0
0.427		1.75013		0
0.428		1.74902		0
0.429		1.74791		0
0.43		1.7468		0
0.431		1.74569		0
0.432		1.74457		0
0.433		1.74345		0
0.434		1.74233		0
0.435		1.7412		0
0.436		1.74007		0
0.437		1.73894		0
0.438		1.73781		0
0.439		1.73668		0
0.44		1.73554		0
0.441		1.7344		0
0.442		1.73326		0
0.443		1.73211		0
0.444		1.73097		0
0.445		1.72982		0
0.446		1.72866		0
0.447		1.72751		0
0.448		1.72636		0
0.449		1.7252		0
0.45		1.72404		0
0.451		1.72288		0
0.452		1.72171		0
0.453		1.72055		0
0.454		1.71938		0
0.455		1.71821		0
0.456		1.71704		0
0.457		1.71587		0
0.458		1.71469		0
0.459		1.71352		0
0.46		1.71234		0
0.461		1.71116		0
0.462		1.70998		0
0.463		1.70879		0
0.464		1.70761		0
0.465		1.70642		0
0.466		1.70523		0
0.467		1.70405		0
0.468		1.70285		0
0.469		1.70166		0
0.47		1.70047		0
0.471		1.69927		0
0.472		1.69808		0
0.473		1.69688		0
0.474		1.69568		0
0.475		1.69448		0
0.476		1.69328		0
0.477		1.69208		0
0.478		1.69087		0
0.479		1.68967		0
0.48		1.68846		0
0.481		1.68725		0
0.482		1.68604		0
0.483		1.68483		0
0.484		1.68362		0
0.485		1.68241		0
0.486		1.6812		0
0.487		1.67999		0
0.488		1.67877		0
0.489		1.67756		0
0.49		1.67634		0
0.491		1.67512		0
0.492		1.6739		0
0.493		1.67268		0
0.494		1.67146		0
0.495		1.67024		0
0.496		1.66902		0
0.497		1.6678		0
0.498		1.66658		0
0.499		1.66535		0
0.5		1.66413		0
0.501		1.6629		0
0.502		1.66168		0
0.503		1.66045		0
0.504		1.65923		0
0.505		1.658		0
0.506		1.65677		0
0.507		1.65554		0
0.508		1.65431		0
0.509		1.65308		0
0.51		1.65185		0
0.511		1.65062		0
0.512		1.64939		0
0.513		1.64816		0
0.514		1.64693		0
0.515		1.6457		0
0.516		1.64446		0
0.517		1.64323		0
0.518		1.642		0
0.519		1.64076		0
0.52		1.63953		0
0.521		1.63829		0
0.522		1.63706		0
0.523		1.63582		0
0.524		1.63459		0
0.525		1.63335		0
0.526		1.63212		0
0.527		1.63088		0
0.528		1.62965		0
0.529		1.62841		0
0.53		1.62717		0
0.531		1.62594		0
0.532		1.6247		0
0.533		1.62346		0
0.534		1.62223		0
0.535		1.62099		0
0.536		1.61975		0
0.537		1.61851		0
0.538		1.61728		0
0.539		1.61604		0
0.54		1.6148		0
0.541		1.61357		0
0.542		1.61233		0
0.543		1.61109		0
0.544		1.60985		0
0.545		1.60862		0
0.546		1.60738		0
0.547		1.60614		0
0.548		1.6049		0
0.549		1.60367		0
0.55		1.60243		0
0.551		1.60119		0
0.552		1.59996		0
0.553		1.59872		0
0.554		1.59748		0
0.555		1.59625		0
0.556		1.59501		0
0.557		1.59378		0
0.558		1.59254		0
0.559		1.59131		0
0.56		1.59007		0
0.561		1.58884		0
0.562		1.5876		0
0.563		1.58637		0
0.564		1.58513		0
0.565		1.5839		0
0.566		1.58267		0
0.567		1.58143		0
0.568		1.5802		0
0.569		1.57897		0
0.57		1.57773		0
0.571		1.5765		0
0.572		1.57527		0
0.573		1.57404		0
0.574		1.57281		0
0.575		1.57158		0
0.576		1.57035		0
0.577		1.56912		0
0.578		1.56789		0
0.579		1.56666		0
0.58		1.56543		0
0.581		1.5642		0
0.582		1.56298		0
0.583		1.56175		0
0.584		1.56052		0
0.585		1.5593		0
0.586		1.55807		0
0.587		1.55684		0
0.588		1.55562		0
0.589		1.5544		0
0.59		1.55317		0
0.591		1.55195		0
0.592		1.55073		0
0.593		1.5495		0
0.594		1.54828		0
0.595		1.54706		0
0.596		1.54584		0
0.597		1.54462		0
0.598		1.5434		0
0.599		1.54218		0
0.6		1.54096		0
0.601		1.53975		0
0.602		1.53853		0
0.603		1.53731		0
0.604		1.5361		0
0.605		1.53488		0
0.606		1.53367		0
0.607		1.53245		0
0.608		1.53124		0
0.609		1.53003		0
0.61		1.52881		0
0.611		1.5276		0
0.612		1.52639		0
0.613		1.52518		0
0.614		1.52397		0
0.615		1.52276		0
0.616		1.52155		0
0.617		1.52035		0
0.618		1.51914		0
0.619		1.51793		0
0.62		1.51673		0
0.621		1.51552		0
0.622		1.51432		0
0.623		1.51312		0
0.624		1.51192		0
0.625		1.51071		0
0.626		1.50951		0
0.627		1.50831		0
0.628		1.50711		0
0.629		1.50592		0
0.63		1.50472		0
0.631		1.50352		0
0.632		1.50232		0
0.633		1.50113		0
0.634		1.49993		0
0.635		1.49874		0
0.636		1.49755		0
0.637		1.49636		0
0.638		1.49516		0
0.639		1.49397		0
0.64		1.49278		0
0.641		1.49159		0
0.642		1.49041		0
0.643		1.48922		0
0.644		1.48803		0
0.645		1.48685		0
0.646		1.48566		0
0.647		1.48448		0
0.648		1.48329		0
0.649		1.48211		0
0.65		1.48093		0
0.651		1.47975		0
0.652		1.47857		0
0.653		1.47739		0
0.654		1.47621		0
0.655		1.47504		0
0.656		1.47386		0
0.657		1.47269		0
0.658		1.47151		0
0.659		1.47034		0
0.66		1.46917		0
0.661		1.46799		0
0.662		1.46682		0
0.663		1.46565		0
0.664		1.46449		0
0.665		1.46332		0
0.666		1.46215		0
0.667		1.46098		0
0.668		1.45982		0
0.669		1.45865		0
0.67		1.45749		0
0.671		1.45633		0
0.672		1.45517		0
0.673		1.45401		0
0.674		1.45285		0
0.675		1.45169		0
0.676		1.45053		0
0.677		1.44938		0
0.678		1.44822		0
0.679		1.44706		0
0.68		1.44591		0
0.681		1.44476		0
0.682		1.44361		0
0.683		1.44246		0
0.684		1.44131		0
0.685		1.44016		0
0.686		1.43901		0
0.687		1.43786		0
0.688		1.43672		0
0.689		1.43557		0
0.69		1.43443		0
0.691		1.43328		0
0.692		1.43214		0
0.693		1.431		0
0.694		1.42986		0
0.695		1.42872		0
0.696		1.42759		0
0.697		1.42645		0
0.698		1.42531		0
0.699		1.42418		0
0.7		1.42304		0
0.701		1.42191		0
0.702		1.42078		0
0.703		1.41965		0
0.704		1.41852		0
0.705		1.41739		0
0.706		1.41626		0
0.707		1.41514		0
0.708		1.41401		0
0.709		1.41289		0
0.71		1.41176		0
0.711		1.41064		0
0.712		1.40952		0
0.713		1.4084		0
0.714		1.40728		0
0.715		1.40616		0
0.716		1.40504		0
0.717		1.40393		0
0.718		1.40281		0
0.719		1.4017		0
0.72		1.40058		0
0.721		1.39947		0
0.722		1.39836		0
0.723		1.39725		0
0.724		1.39614		0
0.725		1.39504		0
0.726		1.39393		0
0.727		1.39282		0
0.728		1.39172		0
0.729		1.39062		0
0.73		1.38951		0
0.731		1.38841		0
0.732		1.38731		0
0.733		1.38621		0
0.734		1.38511		0
0.735		1.38402		0
0.736		1.38292		0
0.737		1.38183		0
0.738		1.38073		0
0.739		1.37964		0
0.74		1.37855		0
0.741		1.37746		0
0.742		1.37637		0
0.743		1.37528		0
0.744		1.37419		0
0.745		1.37311		0
0.746		1.37202		0
0.747		1.37094		0
0.748		1.36986		0
0.749		1.36877		0
0.75		1.36769		0
0.751		1.36661		0
0.752		1.36553		0
0.753		1.36446		0
0.754		1.36338		0
0.755		1.36231		0
0.756		1.36123		0
0.757		1.36016		0
0.758		1.35909		0
0.759		1.35802		0
0.76		1.35695		0
0.761		1.35588		0
0.762		1.35481		0
0.763		1.35374		0
0.764		1.35268		0
0.765		1.35161		0
0.766		1.35055		0
0.767		1.34949		0
0.768		1.34843		0
0.769		1.34737		0
0.77		1.34631		0
0.771		1.34525		0
0.772		1.3442		0
0.773		1.34314		0
0.774		1.34209		0
0.775		1.34103		0
0.776		1.33998		0
0.777		1.33893		0
0.778		1.33788		0
0.779		1.33683		0
0.78		1.33578		0
0.781		1.33474		0
0.782		1.33369		0
0.783		1.33265		0
0.784		1.3316		0
0.785		1.33056		0
0.786		1.32952		0
0.787		1.32848		0
0.788		1.32744		0
0.789		1.32641		0
0.79		1.32537		0
0.791		1.32433		0
0.792		1.3233		0
0.793		1.32227		0
0.794		1.32123		0
0.795		1.3202		0
0.796		1.31917		0
0.797		1.31814		0
0.798		1.31712		0
0.799		1.31609		0
0.8		1.31507		0
0.801		1.31404		0
0.802		1.31302		0
0.803		1.312		0
0.804		1.31097		0
0.805		1.30996		0
0.806		1.30894		0
0.807		1.30792		0
0.808		1.3069		0
0.809		1.30589		0
0.81		1.30487		0
0.811		1.30386		0
0.812		1.30285		0
0.813		1.30184		0
0.814		1.30083		0
0.815		1.29982		0
0.816		1.29881		0
0.817		1.2978		0
0.818		1.2968		0
0.819		1.2958		0
0.82		1.29479		0
0.821		1.29379		0
0.822		1.29279		0
0.823		1.29179		0
0.824		1.29079		0
0.825		1.28979		0
0.826		1.2888		0
0.827		1.2878		0
0.828		1.28681		0
0.829		1.28581		0
0.83		1.28482		0
0.831		1.28383		0
0.832		1.28284		0
0.833		1.28185		0
0.834		1.28087		0
0.835		1.27988		0
0.836		1.27889		0
0.837		1.27791		0
0.838		1.27693		0
0.839		1.27595		0
0.84		1.27496		0
0.841		1.27398		0
0.842		1.27301		0
0.843		1.27203		0
0.844		1.27105		0
0.845		1.27008		0
0.846		1.2691		0
0.847		1.26813		0
0.848		1.26716		0
0.849		1.26619		0
0.85		1.26522		0
0.851		1.26425		0
0.852		1.26328		0
0.853		1.26231		0
0.854		1.26135		0
0.855		1.26038		0
0.856		1.25942		0
0.857		1.25846		0
0.858		1.2575		0
0.859		1.25654		0
0.86		1.25558		0
0.861		1.25462		0
0.862		1.25366		0
0.863		1.25271		0
0.864		1.25175		0
0.865		1.2508		0
0.866		1.24985		0
0.867		1.2489		0
0.868		1.24795		0
0.869		1.247		0
0.87		1.24605		0
0.871		1.2451		0
0.872		1.24416		0
0.873		1.24321		0
0.874		1.24227		0
0.875		1.24133		0
0.876		1.24039		0
0.877		1.23945		0
0.878		1.23851		0
0.879		1.23757		0
0.88		1.23663		0
0.881		1.2357		0
0.882		1.23476		0
0.883		1.23383		0
0.884		1.23289		0
0.885		1.23196		0
0.886		1.23103		0
0.887		1.2301		0
0.888		1.22917		0
0.889		1.22825		0
0.89		1.22732		0
0.891		1.22639		0
0.892		1.22547		0
0.893		1.22455		0
0.894		1.22363		0
0.895		1.2227		0
0.896		1.22178		0
0.897		1.22087		0
0.898		1.21995		0
0.899		1.21903		0
0.9		1.21812		0
0.901		1.2172		0
0.902		1.21629		0
0.903		1.21538		0
0.904		1.21446		0
0.905		1.21355		0
0.906		1.21265		0
0.907		1.21174		0
0.908		1.21083		0
0.909		1.20992		0
0.91		1.20902		0
0.911		1.20812		0
0.912		1.20721		0
0.913		1.20631		0
0.914		1.20541		0
0.915		1.20451		0
0.916		1.20361		0
0.917		1.20271		0
0.918		1.20182		0
0.919		1.20092		0
0.92		1.20003		0
0.921		1.19913		0
0.922		1.19824		0
0.923		1.19735		0
0.924		1.19646		0
0.925		1.19557		0
0.926		1.19468		0
0.927		1.1938		0
0.928		1.19291		0
0.929		1.19203		0
0.93		1.19114		0
0.931		1.19026		0
0.932		1.18938		0
0.933		1.1885		0
0.934		1.18762		0
0.935		1.18674		0
0.936		1.18586		0
0.937		1.18498		0
0.938		1.18411		0
0.939		1.18323		0
0.94		1.18236		0
0.941		1.18149		0
0.942		1.18062		0
0.943		1.17975		0
0.944		1.17888		0
0.945		1.17801		0
0.946		1.17714		0
0.947		1.17627		0
0.948		1.17541		0
0.949		1.17454		0
0.95		1.17368		0
0.951		1.17282		0
0.952		1.17196		0
0.953		1.1711		0
0.954		1.17024		0
0.955		1.16938		0
0.956		1.16852		0
0.957		1.16767		0
0.958		1.16681		0
0.959		1.16596		0
0.96		1.1651		0
0.961		1.16425		0
0.962		1.1634		0
0.963		1.16255		0
0.964		1.1617		0
0.965		1.16085		0
0.966		1.16001		0
0.967		1.15916		0
0.968		1.15831		0
0.969		1.15747		0
0.97		1.15663		0
0.971		1.15579		0
0.972		1.15494		0
0.973		1.1541		0
0.974		1.15326		0
0.975		1.15243		0
0.976		1.15159		0
0.977		1.15075		0
0.978		1.14992		0
0.979		1.14908		0
0.98		1.14825		0
0.981		1.14742		0
0.982		1.14659		0
0.983		1.14576		0
0.984		1.14493		0
0.985		1.1441		0
0.986		1.14327		0
0.987		1.14245		0
0.988		1.14162		0
0.989		1.1408		0
0.99		1.13997		0
0.991		1.13915		0
0.992		1.13833		0
0.993		1.13751		0
0.994		1.13669		0
0.995		1.13587		0
0.996		1.13505		0
0.997		1.13424		0
0.998		1.13342		0
0.999		1.13261		0
1		1.13179		0
1.001		1.13098		0
1.002		1.13017		0
1.003		1.12936		0
1.004		1.12855		0
1.005		1.12774		0
1.006		1.12693		0
1.007		1.12613		0
1.008		1.12532		0
1.009		1.12451		0
1.01		1.12371		0
1.011		1.12291		0
1.012		1.12211		0
1.013		1.1213		0
1.014		1.1205		0
1.015		1.11971		0
1.016		1.11891		0
1.017		1.11811		0
1.018		1.11731		0
1.019		1.11652		0
1.02		1.11572		0
1.021		1.11493		0
1.022		1.11414		0
1.023		1.11335		0
1.024		1.11255		0
1.025		1.11176		0
1.026		1.11098		0
1.027		1.11019		0
1.028		1.1094		0
1.029		1.10862		0
1.03		1.10783		0
1.031		1.10705		0
1.032		1.10626		0
1.033		1.10548		0
1.034		1.1047		0
1.035		1.10392		0
1.036		1.10314		0
1.037		1.10236		0
1.038		1.10158		0
1.039		1.10081		0
1.04		1.10003		0
1.041		1.09926		0
1.042		1.09848		0
1.043		1.09771		0
1.044		1.09694		0
1.045		1.09616		0
1.046		1.09539		0
1.047		1.09463		0
1.048		1.09386		0
1.049		1.09309		0
1.05		1.09232		0
1.051		1.09156		0
1.052		1.09079		0
1.053		1.09003		0
1.054		1.08926		0
1.055		1.0885		0
1.056		1.08774		0
1.057		1.08698		0
1.058		1.08622		0
1.059		1.08546		0
1.06		1.08471		0
1.061		1.08395		0
1.062		1.08319		0
1.063		1.08244		0
1.064		1.08168		0
1.065		1.08093		0
1.066		1.08018		0
1.067		1.07943		0
1.068		1.07868		0
1.069		1.07793		0
1.07		1.07718		0
1.071		1.07643		0
1.072		1.07568		0
1.073		1.07494		0
1.074		1.07419		0
1.075		1.07345		0
1.076		1.0727		0
1.077		1.07196		0
1.078		1.07122		0
1.079		1.07048		0
1.08		1.06974		0
1.081		1.069		0
1.082		1.06826		0
1.083		1.06753		0
1.084		1.06679		0
1.085		1.06605		0
1.086		1.06532		0
1.087		1.06459		0
1.088		1.06385		0
1.089		1.06312		0
1.09		1.06239		0
1.091		1.06166		0
1.092		1.06093		0
1.093		1.0602		0
1.094		1.05947		0
1.095		1.05875		0
1.096		1.05802		0
1.097		1.0573		0
1.098		1.05657		0
1.099		1.05585		0
1.1		1.05512		0
1.101		1.0544		0
1.102		1.05368		0
1.103		1.05296		0
1.104		1.05224		0
1.105		1.05152		0
1.106		1.05081		0
1.107		1.05009		0
1.108		1.04937		0
1.109		1.04866		0
1.11		1.04795		0
1.111		1.04723		0
1.112		1.04652		0
1.113		1.04581		0
1.114		1.0451		0
1.115		1.04439		0
1.116		1.04368		0
1.117		1.04297		0
1.118		1.04226		0
1.119		1.04156		0
1.12		1.04085		0
1.121		1.04015		0
1.122		1.03944		0
1.123		1.03874		0
1.124		1.03804		0
1.125		1.03733		0
1.126		1.03663		0
1.127		1.03593		0
1.128		1.03523		0
1.129		1.03454		0
1.13		1.03384		0
1.131		1.03314		0
1.132		1.03245		0
1.133		1.03175		0
1.134		1.03106		0
1.135		1.03036		0
1.136		1.02967		0
1.137		1.02898		0
1.138		1.02829		0
1.139		1.0276		0
1.14		1.02691		0
1.141		1.02622		0
1.142		1.02553		0
1.143		1.02485		0
1.144		1.02416		0
1.145		1.02347		0
1.146		1.02279		0
1.147		1.02211		0
1.148		1.02142		0
1.149		1.02074		0
1.15		1.02006		0
1.151		1.01938		0
1.152		1.0187		0
1.153		1.01802		0
1.154		1.01734		0
1.155		1.01666		0
1.156		1.01599		0
1.157		1.01531		0
1.158		1.01464		0
1.159		1.01396		0
1.16		1.01329		0
1.161		1.01262		0
1.162		1.01194		0
1.163		1.01127		0
1.164		1.0106		0
1.165		1.00993		0
1.166		1.00927		0
1.167		1.0086		0
1.168		1.00793		0
1.169		1.00726		0
1.17		1.0066		0
1.171		1.00593		0
1.172		1.00527		0
1.173		1.00461		0
1.174		1.00394		0
1.175		1.00328		0
1.176		1.00262		0
1.177		1.00196		0
1.178		1.0013		0
1.179		1.00064		0
1.18		0.999984		0
1.181		0.999327		0
1.182		0.998671		0
1.183		0.998015		0
1.184		0.99736		0
1.185		0.996706		0
1.186		0.996053		0
1.187		0.9954		0
1.188		0.994748		0
1.189		0.994097		0
1.19		0.993447		0
1.191		0.992797		0
1.192		0.992148		0
1.193		0.9915		0
1.194		0.990853		0
1.195		0.990206		0
1.196		0.989561		0
1.197		0.988916		0
1.198		0.988271		0
1.199		0.987628		0
1.2		0.986985		0
1.201		0.986343		0
1.202		0.985701		0
1.203		0.985061		0
1.204		0.984421		0
1.205		0.983782		0
1.206		0.983143		0
1.207		0.982506		0
1.208		0.981869		0
1.209		0.981232		0
1.21		0.980597		0
1.211		0.979962		0
1.212		0.979328		0
1.213		0.978695		0
1.214		0.978062		0
1.215		0.977431		0
1.216		0.9768		0
1.217		0.976169		0
1.218		0.97554		0
1.219		0.974911		0
1.22		0.974282		0
1.221		0.973655		0
1.222		0.973028		0
1.223		0.972402		0
1.224		0.971777		0
1.225		0.971152		0
1.226		0.970528		0
1.227		0.969905		0
1.228		0.969283		0
1.229		0.968661		0
1.23		0.96804		0
1.231		0.96742		0
1.232		0.9668		0
1.233		0.966181		0
1.234		0.965563		0
1.235		0.964946		0
1.236		0.964329		0
1.237		0.963713		0
1.238		0.963097		0
1.239		0.962483		0
1.24		0.961869		0
1.241		0.961256		0
1.242		0.960643		0
1.243		0.960031		0
1.244		0.95942		0
1.245		0.95881		0
1.246		0.9582		0
1.247		0.957591		0
1.248		0.956982		0
1.249		0.956375		0
1.25		0.955768		0
1.251		0.955161		0
1.252		0.954556		0
1.253		0.953951		0
1.254		0.953347		0
1.255		0.952743		0
1.256		0.95214		0
1.257		0.951538		0
1.258		0.950937		0
1.259		0.950336		0
1.26		0.949736		0
1.261		0.949136		0
1.262		0.948538		0
1.263		0.94794		0
1.264		0.947342		0
1.265		0.946745		0
1.266		0.946149		0
1.267		0.945554		0
1.268		0.944959		0
1.269		0.944365		0
1.27		0.943772		0
1.271		0.943179		0
1.272		0.942587		0
1.273		0.941996		0
1.274		0.941405		0
1.275		0.940815		0
1.276		0.940226		0
1.277		0.939637		0
1.278		0.939049		0
1.279		0.938462		0
1.28		0.937875		0
1.281		0.937289		0
1.282		0.936704		0
1.283		0.936119		0
1.284		0.935535		0
1.285		0.934952		0
1.286		0.934369		0
1.287		0.933787		0
1.288		0.933206		0
1.289		0.932625		0
1.29		0.932045		0
1.291		0.931466		0
1.292		0.930887		0
1.293		0.930309		0
1.294		0.929731		0
1.295		0.929154		0
1.296		0.928578		0
1.297		0.928003		0
1.298		0.927428		0
1.299		0.926854		0
1.3		0.92628		0
1.301		0.925707		0
1.302		0.925135		0
1.303		0.924563		0
1.304		0.923992		0
1.305		0.923422		0
1.306		0.922852		0
1.307		0.922283		0
1.308		0.921714		0
1.309		0.921147		0
1.31		0.920579		0
1.311		0.920013		0
1.312		0.919447		0
1.313		0.918882		0
1.314		0.918317		0
1.315		0.917753		0
1.316		0.917189		0
1.317		0.916627		0
1.318		0.916065		0
1.319		0.915503		0
1.32		0.914942		0
1.321		0.914382		0
1.322		0.913822		0
1.323		0.913263		0
1.324		0.912705		0
1.325		0.912147		0
1.326		0.91159		0
1.327		0.911033		0
1.328		0.910477		0
1.329		0.909922		0
1.33		0.909367		0
1.331		0.908813		0
1.332		0.90826		0
1.333		0.907707		0
1.334		0.907155		0
1.335		0.906603		0
1.336		0.906052		0
1.337		0.905502		0
1.338		0.904952		0
1.339		0.904403		0
1.34		0.903854		0
1.341		0.903306		0
1.342		0.902759		0
1.343		0.902212		0
1.344		0.901666		0
1.345		0.901121		0
1.346		0.900576		0
1.347		0.900031		0
1.348		0.899488		0
1.349		0.898944		0
1.35		0.898402		0
1.351		0.89786		0
1.352		0.897319		0
1.353		0.896778		0
1.354		0.896238		0
1.355		0.895698		0
1.356		0.895159		0
1.357		0.894621		0
1.358		0.894083		0
1.359		0.893546		0
1.36		0.893009		0
1.361		0.892473		0
1.362		0.891938		0
1.363		0.891403		0
1.364		0.890869		0
1.365		0.890335		0
1.366		0.889802		0
1.367		0.88927		0
1.368		0.888738		0
1.369		0.888207		0
1.37		0.887676		0
1.371		0.887146		0
1.372		0.886616		0
1.373		0.886087		0
1.374		0.885559		0
1.375		0.885031		0
1.376		0.884504		0
1.377		0.883977		0
1.378		0.883451		0
1.379		0.882925		0
1.38		0.8824		0
1.381		0.881876		0
1.382		0.881352		0
1.383		0.880829		0
1.384		0.880306		0
1.385		0.879784		0
1.386		0.879263		0
1.387		0.878742		0
1.388		0.878221		0
1.389		0.877702		0
1.39		0.877182		0
1.391		0.876664		0
1.392		0.876146		0
1.393		0.875628		0
1.394		0.875111		0
1.395		0.874595		0
1.396		0.874079		0
1.397		0.873563		0
1.398		0.873049		0
1.399		0.872535		0
1.4		0.872021		0
1.401		0.871508		0
1.402		0.870995		0
1.403		0.870483		0
1.404		0.869972		0
1.405		0.869461		0
1.406		0.868951		0
1.407		0.868441		0
1.408		0.867932		0
1.409		0.867423		0
1.41		0.866915		0
1.411		0.866407		0
1.412		0.8659		0
1.413		0.865394		0
1.414		0.864888		0
1.415		0.864383		0
1.416		0.863878		0
1.417		0.863374		0
1.418		0.86287		0
1.419		0.862367		0
1.42		0.861864		0
1.421		0.861362		0
1.422		0.86086		0
1.423		0.860359		0
1.424		0.859859		0
1.425		0.859359		0
1.426		0.85886		0
1.427		0.858361		0
1.428		0.857862		0
1.429		0.857365		0
1.43		0.856867		0
1.431		0.856371		0
1.432		0.855874		0
1.433		0.855379		0
1.434		0.854884		0
1.435		0.854389		0
1.436		0.853895		0
1.437		0.853401		0
1.438		0.852908		0
1.439		0.852416		0
1.44		0.851924		0
1.441		0.851432		0
1.442		0.850941		0
1.443		0.850451		0
1.444		0.849961		0
1.445		0.849472		0
1.446		0.848983		0
1.447		0.848495		0
1.448		0.848007		0
1.449		0.84752		0
1.45		0.847033		0
1.451		0.846547		0
1.452		0.846061		0
1.453		0.845576		0
1.454		0.845091		0
1.455		0.844607		0
1.456		0.844123		0
1.457		0.84364		0
1.458		0.843157		0
1.459		0.842675		0
1.46		0.842194		0
1.461		0.841713		0
1.462		0.841232		0
1.463		0.840752		0
1.464		0.840272		0
1.465		0.839793		0
1.466		0.839315		0
1.467		0.838837		0
1.468		0.838359		0
1.469		0.837882		0
1.47		0.837406		0
1.471		0.83693		0
1.472		0.836454		0
1.473		0.835979		0
1.474		0.835505		0
1.475		0.835031		0
1.476		0.834557		0
1.477		0.834084		0
1.478		0.833612		0
1.479		0.83314		0
1.48		0.832668		0
1.481		0.832197		0
1.482		0.831727		0
1.483		0.831257		0
1.484		0.830787		0
1.485		0.830318		0
1.486		0.829849		0
1.487		0.829381		0
1.488		0.828914		0
1.489		0.828447		0
1.49		0.82798		0
1.491		0.827514		0
1.492		0.827048		0
1.493		0.826583		0
1.494		0.826119		0
1.495		0.825655		0
1.496		0.825191		0
1.497		0.824728		0
1.498		0.824265		0
1.499		0.823803		0
1.5		0.823341		0
1.501		0.82288		0
1.502		0.822419		0
1.503		0.821959		0
1.504		0.821499		0
1.505		0.82104		0
1.506		0.820581		0
1.507		0.820123		0
1.508		0.819665		0
1.509		0.819207		0
1.51		0.81875		0
1.511		0.818294		0
1.512		0.817838		0
1.513		0.817382		0
1.514		0.816927		0
1.515		0.816473		0
1.516		0.816019		0
1.517		0.815565		0
1.518		0.815112		0
1.519		0.814659		0
1.52		0.814207		0
1.521		0.813755		0
1.522		0.813304		0
1.523		0.812853		0
1.524		0.812403		0
1.525		0.811953		0
1.526		0.811504		0
1.527		0.811055		0
1.528		0.810606		0
1.529		0.810158		0
1.53		0.809711		0
1.531		0.809264		0
1.532		0.808817		0
1.533		0.808371		0
1.534		0.807925		0
1.535		0.80748		0
1.536		0.807035		0
1.537		0.806591		0
1.538		0.806147		0
1.539		0.805704		0
1.54		0.805261		0
1.541		0.804818		0
1.542		0.804376		0
1.543		0.803935		0
1.544		0.803494		0
1.545		0.803053		0
1.546		0.802613		0
1.547		0.802173		0
1.548		0.801734		0
1.549		0.801295		0
1.55		0.800856		0
1.551		0.800418		0
1.552		0.799981		0
1.553		0.799544		0
1.554		0.799107		0
1.555		0.798671		0
1.556		0.798235		0
1.557		0.7978		0
1.558		0.797365		0
1.559		0.796931		0
1.56		0.796497		0
1.561		0.796063		0
1.562		0.79563		0
1.563		0.795198		0
1.564		0.794766		0
1.565		0.794334		0
1.566		0.793903		0
1.567		0.793472		0
1.568		0.793041		0
1.569		0.792611		0
1.57		0.792182		0
1.571		0.791753		0
1.572		0.791324		0
1.573		0.790896		0
1.574		0.790468		0
1.575		0.790041		0
1.576		0.789614		0
1.577		0.789187		0
1.578		0.788761		0
1.579		0.788336		0
1.58		0.78791		0
1.581		0.787486		0
1.582		0.787061		0
1.583		0.786637		0
1.584		0.786214		0
1.585		0.785791		0
1.586		0.785368		0
1.587		0.784946		0
1.588		0.784524		0
1.589		0.784103		0
1.59		0.783682		0
1.591		0.783262		0
1.592		0.782842		0
1.593		0.782422		0
1.594		0.782003		0
1.595		0.781584		0
1.596		0.781166		0
1.597		0.780748		0
1.598		0.78033		0
1.599		0.779913		0
1.6		0.779496		0
1.601		0.77908		0
1.602		0.778664		0
1.603		0.778249		0
1.604		0.777834		0
1.605		0.777419		0
1.606		0.777005		0
1.607		0.776591		0
1.608		0.776178		0
1.609		0.775765		0
1.61		0.775352		0
1.611		0.77494		0
1.612		0.774529		0
1.613		0.774117		0
1.614		0.773706		0
1.615		0.773296		0
1.616		0.772886		0
1.617		0.772476		0
1.618		0.772067		0
1.619		0.771658		0
1.62		0.77125		0
1.621		0.770842		0
1.622		0.770434		0
1.623		0.770027		0
1.624		0.76962		0
1.625		0.769214		0
1.626		0.768808		0
1.627		0.768402		0
1.628		0.767997		0
1.629		0.767592		0
1.63		0.767188		0
1.631		0.766784		0
1.632		0.766381		0
1.633		0.765977		0
1.634		0.765575		0
1.635		0.765172		0
1.636		0.76477		0
1.637		0.764369		0
1.638		0.763968		0
1.639		0.763567		0
1.64		0.763166		0
1.641		0.762767		0
1.642		0.762367		0
1.643		0.761968		0
1.644		0.761569		0
1.645		0.761171		0
1.646		0.760773		0
1.647		0.760375		0
1.648		0.759978		0
1.649		0.759581		0
1.65		0.759185		0
1.651		0.758789		0
1.652		0.758393		0
1.653		0.757998		0
1.654		0.757603		0
1.655		0.757208		0
1.656		0.756814		0
1.657		0.756421		0
1.658		0.756027		0
1.659		0.755634		0
1.66		0.755242		0
1.661		0.75485		0
1.662		0.754458		0
1.663		0.754067		0
1.664		0.753676		0
1.665		0.753285		0
1.666		0.752895		0
1.667		0.752505		0
1.668		0.752115		0
1.669		0.751726		0
1.67		0.751338		0
1.671		0.750949		0
1.672		0.750561		0
1.673		0.750174		0
1.674		0.749787		0
1.675		0.7494		0
1.676		0.749013		0
1.677		0.748627		0
1.678		0.748242		0
1.679		0.747856		0
1.68		0.747471		0
1.681		0.747087		0
1.682		0.746703		0
1.683		0.746319		0
1.684		0.745936		0
1.685		0.745553		0
1.686		0.74517		0
1.687		0.744788		0
1.688		0.744406		0
1.689		0.744024		0
1.69		0.743643		0
1.691		0.743262		0
1.692		0.742882		0
1.693		0.742502		0
1.694		0.742122		0
1.695		0.741743		0
1.696		0.741364		0
1.697		0.740985		0
1.698		0.740607		0
1.699		0.740229		0
1.7		0.739851		0
1.701		0.739474		0
1.702		0.739097		0
1.703		0.738721		0
1.704		0.738345		0
1.705		0.737969		0
1.706		0.737594		0
1.707		0.737219		0
1.708		0.736844		0
1.709		0.73647		0
1.71		0.736096		0
1.711		0.735723		0
1.712		0.73535		0
1.713		0.734977		0
1.714		0.734604		0
1.715		0.734232		0
1.716		0.733861		0
1.717		0.733489		0
1.718		0.733118		0
1.719		0.732748		0
1.72		0.732377		0
1.721		0.732007		0
1.722		0.731638		0
1.723		0.731269		0
1.724		0.7309		0
1.725		0.730531		0
1.726		0.730163		0
1.727		0.729795		0
1.728		0.729428		0
1.729		0.729061		0
1.73		0.728694		0
1.731		0.728328		0
1.732		0.727961		0
1.733		0.727596		0
1.734		0.72723		0
1.735		0.726865		0
1.736		0.726501		0
1.737		0.726136		0
1.738		0.725772		0
1.739		0.725409		0
1.74		0.725046		0
1.741		0.724683		0
1.742		0.72432		0
1.743		0.723958		0
1.744		0.723596		0
1.745		0.723234		0
1.746		0.722873		0
1.747		0.722512		0
1.748		0.722152		0
1.749		0.721792		0
1.75		0.721432		0
1.751		0.721072		0
1.752		0.720713		0
1.753		0.720354		0
1.754		0.719996		0
1.755		0.719638		0
1.756		0.71928		0
1.757		0.718923		0
1.758		0.718566		0
1.759		0.718209		0
1.76		0.717852		0
1.761		0.717496		0
1.762		0.71714		0
1.763		0.716785		0
1.764		0.71643		0
1.765		0.716075		0
1.766		0.715721		0
1.767		0.715367		0
1.768		0.715013		0
1.769		0.71466		0
1.77		0.714306		0
1.771		0.713954		0
1.772		0.713601		0
1.773		0.713249		0
1.774		0.712897		0
1.775		0.712546		0
1.776		0.712195		0
1.777		0.711844		0
1.778		0.711494		0
1.779		0.711144		0
1.78		0.710794		0
1.781		0.710444		0
1.782		0.710095		0
1.783		0.709747		0
1.784		0.709398		0
1.785		0.70905		0
1.786		0.708702		0
1.787		0.708355		0
1.788		0.708007		0
1.789		0.707661		0
1.79		0.707314		0
1.791		0.706968		0
1.792		0.706622		0
1.793		0.706277		0
1.794		0.705931		0
1.795		0.705586		0
1.796		0.705242		0
1.797		0.704898		0
1.798		0.704554		0
1.799		0.70421		0
1.8		0.703867		0
1.801		0.703524		0
1.802		0.703181		0
1.803		0.702839		0
1.804		0.702497		0
1.805		0.702155		0
1.806		0.701814		0
1.807		0.701473		0
1.808		0.701132		0
1.809		0.700791		0
1.81		0.700451		0
1.811		0.700112		0
1.812		0.699772		0
1.813		0.699433		0
1.814		0.699094		0
1.815		0.698755		0
1.816		0.698417		0
1.817		0.698079		0
1.818		0.697742		0
1.819		0.697404		0
1.82		0.697067		0
1.821		0.696731		0
1.822		0.696394		0
1.823		0.696058		0
1.824		0.695723		0
1.825		0.695387		0
1.826		0.695052		0
1.827		0.694717		0
1.828		0.694383		0
1.829		0.694049		0
1.83		0.693715		0
1.831		0.693381		0
1.832		0.693048		0
1.833		0.692715		0
1.834		0.692382		0
1.835		0.69205		0
1.836		0.691718		0
1.837		0.691386		0
1.838		0.691055		0
1.839		0.690724		0
1.84		0.690393		0
1.841		0.690062		0
1.842		0.689732		0
1.843		0.689402		0
1.844		0.689072		0
1.845		0.688743		0
1.846		0.688414		0
1.847		0.688085		0
1.848		0.687757		0
1.849		0.687429		0
1.85		0.687101		0
1.851		0.686774		0
1.852		0.686446		0
1.853		0.686119		0
1.854		0.685793		0
1.855		0.685466		0
1.856		0.68514		0
1.857		0.684815		0
1.858		0.684489		0
1.859		0.684164		0
1.86		0.683839		0
1.861		0.683515		0
1.862		0.683191		0
1.863		0.682867		0
1.864		0.682543		0
1.865		0.68222		0
1.866		0.681896		0
1.867		0.681574		0
1.868		0.681251		0
1.869		0.680929		0
1.87		0.680607		0
1.871		0.680286		0
1.872		0.679964		0
1.873		0.679643		0
1.874		0.679322		0
1.875		0.679002		0
1.876		0.678682		0
1.877		0.678362		0
1.878		0.678042		0
1.879		0.677723		0
1.88		0.677404		0
1.881		0.677085		0
1.882		0.676767		0
1.883		0.676449		0
1.884		0.676131		0
1.885		0.675813		0
1.886		0.675496		0
1.887		0.675179		0
1.888		0.674862		0
1.889		0.674546		0
1.89		0.67423		0
1.891		0.673914		0
1.892		0.673599		0
1.893		0.673283		0
1.894		0.672968		0
1.895		0.672654		0
1.896		0.672339		0
1.897		0.672025		0
1.898		0.671711		0
1.899		0.671397		0
1.9		0.671084		0
1.901		0.670771		0
1.902		0.670458		0
1.903		0.670146		0
1.904		0.669834		0
1.905		0.669522		0
1.906		0.66921		0
1.907		0.668899		0
1.908		0.668588		0
1.909		0.668277		0
1.91		0.667966		0
1.911		0.667656		0
1.912		0.667346		0
1.913		0.667037		0
1.914		0.666727		0
1.915		0.666418		0
1.916		0.666109		0
1.917		0.665801		0
1.918		0.665492		0
1.919		0.665184		0
1.92		0.664877		0
1.921		0.664569		0
1.922		0.664262		0
1.923		0.663955		0
1.924		0.663648		0
1.925		0.663342		0
1.926		0.663036		0
1.927		0.66273		0
1.928		0.662424		0
1.929		0.662119		0
1.93		0.661814		0
1.931		0.661509		0
1.932		0.661205		0
1.933		0.6609		0
1.934		0.660596		0
1.935		0.660293		0
1.936		0.659989		0
1.937		0.659686		0
1.938		0.659383		0
1.939		0.659081		0
1.94		0.658778		0
1.941		0.658476		0
1.942		0.658174		0
1.943		0.657873		0
1.944		0.657572		0
1.945		0.657271		0
1.946		0.65697		0
1.947		0.656669		0
1.948		0.656369		0
1.949		0.656069		0
1.95		0.655769		0
1.951		0.65547		0
1.952		0.655171		0
1.953		0.654872		0
1.954		0.654573		0
1.955		0.654275		0
1.956		0.653977		0
1.957		0.653679		0
1.958		0.653381		0
1.959		0.653084		0
1.96		0.652787		0
1.961		0.65249		0
1.962		0.652193		0
1.963		0.651897		0
1.964		0.651601		0
1.965		0.651305		0
1.966		0.65101		0
1.967		0.650715		0
1.968		0.65042		0
1.969		0.650125		0
1.97		0.64983		0
1.971		0.649536		0
1.972		0.649242		0
1.973		0.648948		0
1.974		0.648655		0
1.975		0.648362		0
1.976		0.648069		0
1.977		0.647776		0
1.978		0.647484		0
1.979		0.647191		0
1.98		0.646899		0
1.981		0.646608		0
1.982		0.646316		0
1.983		0.646025		0
1.984		0.645734		0
1.985		0.645444		0
1.986		0.645153		0
1.987		0.644863		0
1.988		0.644573		0
1.989		0.644283		0
1.99		0.643994		0
1.991		0.643705		0
1.992		0.643416		0
1.993		0.643127		0
1.994		0.642839		0
1.995		0.642551		0
1.996		0.642263		0
1.997		0.641975		0
1.998		0.641688		0
1.999		0.6414		0
2		0.641114		0
2.001		0.640827		0
2.002		0.64054		0
2.003		0.640254		0
2.004		0.639968		0
2.005		0.639683		0
2.006		0.639397		0
2.007		0.639112		0
2.008		0.638827		0
2.009		0.638542		0
2.01		0.638258		0
2.011		0.637974		0
2.012		0.63769		0
2.013		0.637406		0
2.014		0.637123		0
2.015		0.636839		0
2.016		0.636556		0
2.017		0.636274		0
2.018		0.635991		0
2.019		0.635709		0
2.02		0.635427		0
2.021		0.635145		0
2.022		0.634863		0
2.023		0.634582		0
2.024		0.634301		0
2.025		0.63402		0
2.026		0.63374		0
2.027		0.633459		0
2.028		0.633179		0
2.029		0.632899		0
2.03		0.63262		0
2.031		0.63234		0
2.032		0.632061		0
2.033		0.631782		0
2.034		0.631504		0
2.035		0.631225		0
2.036		0.630947		0
2.037		0.630669		0
2.038		0.630391		0
2.039		0.630114		0
2.04		0.629836		0
2.041		0.629559		0
2.042		0.629283		0
2.043		0.629006		0
2.044		0.62873		0
2.045		0.628454		0
2.046		0.628178		0
2.047		0.627902		0
2.048		0.627627		0
2.049		0.627352		0
2.05		0.627077		0
2.051		0.626802		0
2.052		0.626528		0
2.053		0.626254		0
2.054		0.62598		0
2.055		0.625706		0
2.056		0.625432		0
2.057		0.625159		0
2.058		0.624886		0
2.059		0.624613		0
2.06		0.62434		0
2.061		0.624068		0
2.062		0.623796		0
2.063		0.623524		0
2.064		0.623252		0
2.065		0.622981		0
2.066		0.62271		0
2.067		0.622439		0
2.068		0.622168		0
2.069		0.621897		0
2.07		0.621627		0
2.071		0.621357		0
2.072		0.621087		0
2.073		0.620818		0
2.074		0.620548		0
2.075		0.620279		0
2.076		0.62001		0
2.077		0.619741		0
2.078		0.619473		0
2.079		0.619205		0
2.08		0.618936		0
2.081		0.618669		0
2.082		0.618401		0
2.083		0.618134		0
2.084		0.617867		0
2.085		0.6176		0
2.086		0.617333		0
2.087		0.617066		0
2.088		0.6168		0
2.089		0.616534		0
2.09		0.616268		0
2.091		0.616003		0
2.092		0.615737		0
2.093		0.615472		0
2.094		0.615207		0
2.095		0.614943		0
2.096		0.614678		0
2.097		0.614414		0
2.098		0.61415		0
2.099		0.613886		0
2.1		0.613622		0
2.101		0.613359		0
2.102		0.613096		0
2.103		0.612833		0
2.104		0.61257		0
2.105		0.612308		0
2.106		0.612045		0
2.107		0.611783		0
2.108		0.611521		0
2.109		0.61126		0
2.11		0.610998		0
2.111		0.610737		0
2.112		0.610476		0
2.113		0.610215		0
2.114		0.609955		0
2.115		0.609694		0
2.116		0.609434		0
2.117		0.609174		0
2.118		0.608915		0
2.119		0.608655		0
2.12		0.608396		0
2.121		0.608137		0
2.122		0.607878		0
2.123		0.607619		0
2.124		0.607361		0
2.125		0.607103		0
2.126		0.606845		0
2.127		0.606587		0
2.128		0.606329		0
2.129		0.606072		0
2.13		0.605815		0
2.131		0.605558		0
2.132		0.605301		0
2.133		0.605045		0
2.134		0.604788		0
2.135		0.604532		0
2.136		0.604276		0
2.137		0.604021		0
2.138		0.603765		0
2.139		0.60351		0
2.14		0.603255		0
2.141		0.603		0
2.142		0.602745		0
2.143		0.602491		0
2.144		0.602237		0
2.145		0.601983		0
2.146		0.601729		0
2.147		0.601475		0
2.148		0.601222		0
2.149		0.600969		0
2.15		0.600716		0
2.151		0.600463		0
2.152		0.60021		0
2.153		0.599958		0
2.154		0.599706		0
2.155		0.599454		0
2.156		0.599202		0
2.157		0.598951		0
2.158		0.598699		0
2.159		0.598448		0
2.16		0.598197		0
2.161		0.597947		0
2.162		0.597696		0
2.163		0.597446		0
2.164		0.597196		0
2.165		0.596946		0
2.166		0.596696		0
2.167		0.596447		0
2.168		0.596197		0
2.169		0.595948		0
2.17		0.595699		0
2.171		0.595451		0
2.172		0.595202		0
2.173		0.594954		0
2.174		0.594706		0
2.175		0.594458		0
2.176		0.59421		0
2.177		0.593963		0
2.178		0.593716		0
2.179		0.593469		0
2.18		0.593222		0
2.181		0.592975		0
2.182		0.592728		0
2.183		0.592482		0
2.184		0.592236		0
2.185		0.59199		0
2.186		0.591745		0
2.187		0.591499		0
2.188		0.591254		0
2.189		0.591009		0
2.19		0.590764		0
2.191		0.590519		0
2.192		0.590275		0
2.193		0.59003		0
2.194		0.589786		0
2.195		0.589542		0
2.196		0.589299		0
2.197		0.589055		0
2.198		0.588812		0
2.199		0.588569		0
2.2		0.588326		0
2.201		0.588083		0
2.202		0.58784		0
2.203		0.587598		0
2.204		0.587356		0
2.205		0.587114		0
2.206		0.586872		0
2.207		0.58663		0
2.208		0.586389		0
2.209		0.586148		0
2.21		0.585907		0
2.211		0.585666		0
2.212		0.585425		0
2.213		0.585185		0
2.214		0.584945		0
2.215		0.584705		0
2.216		0.584465		0
2.217		0.584225		0
2.218		0.583986		0
2.219		0.583747		0
2.22		0.583507		0
2.221		0.583269		0
2.222		0.58303		0
2.223		0.582791		0
2.224		0.582553		0
2.225		0.582315		0
2.226		0.582077		0
2.227		0.581839		0
2.228		0.581602		0
2.229		0.581364		0
2.23		0.581127		0
2.231		0.58089		0
2.232		0.580653		0
2.233		0.580417		0
2.234		0.58018		0
2.235		0.579944		0
2.236		0.579708		0
2.237		0.579472		0
2.238		0.579236		0
2.239		0.579001		0
2.24		0.578765		0
2.241		0.57853		0
2.242		0.578295		0
2.243		0.578061		0
2.244		0.577826		0
2.245		0.577592		0
2.246		0.577357		0
2.247		0.577123		0
2.248		0.57689		0
2.249		0.576656		0
2.25		0.576422		0
2.251		0.576189		0
2.252		0.575956		0
2.253		0.575723		0
2.254		0.57549		0
2.255		0.575258		0
2.256		0.575025		0
2.257		0.574793		0
2.258		0.574561		0
2.259		0.574329		0
2.26		0.574098		0
2.261		0.573866		0
2.262		0.573635		0
2.263		0.573404		0
2.264		0.573173		0
2.265		0.572942		0
2.266		0.572712		0
2.267		0.572481		0
2.268		0.572251		0
2.269		0.572021		0
2.27		0.571791		0
2.271		0.571562		0
2.272		0.571332		0
2.273		0.571103		0
2.274		0.570874		0
2.275		0.570645		0
2.276		0.570416		0
2.277		0.570188		0
2.278		0.569959		0
2.279		0.569731		0
2.28		0.569503		0
2.281		0.569275		0
2.282		0.569047		0
2.283		0.56882		0
2.284		0.568592		0
2.285		0.568365		0
2.286		0.568138		0
2.287		0.567912		0
2.288		0.567685		0
2.289		0.567458		0
2.29		0.567232		0
2.291		0.567006		0
2.292		0.56678		0
2.293		0.566554		0
2.294		0.566329		0
2.295		0.566103		0
2.296		0.565878		0
2.297		0.565653		0
2.298		0.565428		0
2.299		0.565204		0
2.3		0.564979		0
2.301		0.564755		0
2.302		0.56453		0
2.303		0.564306		0
2.304		0.564083		0
2.305		0.563859		0
2.306		0.563635		0
2.307		0.563412		0
2.308		0.563189		0
2.309		0.562966		0
2.31		0.562743		0
2.311		0.562521		0
2.312		0.562298		0
2.313		0.562076		0
2.314		0.561854		0
2.315		0.561632		0
2.316		0.56141		0
2.317		0.561188		0
2.318		0.560967		0
2.319		0.560746		0
2.32		0.560525		0
2.321		0.560304		0
2.322		0.560083		0
2.323		0.559862		0
2.324		0.559642		0
2.325		0.559422		0
2.326		0.559202		0
2.327		0.558982		0
2.328		0.558762		0
2.329		0.558542		0
2.33		0.558323		0
2.331		0.558104		0
2.332		0.557885		0
2.333		0.557666		0
2.334		0.557447		0
2.335		0.557228		0
2.336		0.55701		0
2.337		0.556792		0
2.338		0.556574		0
2.339		0.556356		0
2.34		0.556138		0
2.341		0.555921		0
2.342		0.555703		0
2.343		0.555486		0
2.344		0.555269		0
2.345		0.555052		0
2.346		0.554835		0
2.347		0.554619		0
2.348		0.554402		0
2.349		0.554186		0
2.35		0.55397		0
2.351		0.553754		0
2.352		0.553538		0
2.353		0.553323		0
2.354		0.553107		0
2.355		0.552892		0
2.356		0.552677		0
2.357		0.552462		0
2.358		0.552247		0
2.359		0.552033		0
2.36		0.551818		0
2.361		0.551604		0
2.362		0.55139		0
2.363		0.551176		0
2.364		0.550962		0
2.365		0.550748		0
2.366		0.550535		0
2.367		0.550322		0
2.368		0.550108		0
2.369		0.549895		0
2.37		0.549683		0
2.371		0.54947		0
2.372		0.549257		0
2.373		0.549045		0
2.374		0.548833		0
2.375		0.548621		0
2.376		0.548409		0
2.377		0.548197		0
2.378		0.547986		0
2.379		0.547774		0
2.38		0.547563		0
2.381		0.547352		0
2.382		0.547141		0
2.383		0.54693		0
2.384		0.54672		0
2.385		0.546509		0
2.386		0.546299		0
2.387		0.546089		0
2.388		0.545879		0
2.389		0.545669		0
2.39		0.54546		0
2.391		0.54525		0
2.392		0.545041		0
2.393		0.544832		0
2.394		0.544623		0
2.395		0.544414		0
2.396		0.544205		0
2.397		0.543996		0
2.398		0.543788		0
2.399		0.54358		0
2.4		0.543372		0
2.401		0.543164		0
2.402		0.542956		0
2.403		0.542748		0
2.404		0.542541		0
2.405		0.542334		0
2.406		0.542126		0
2.407		0.541919		0
2.408		0.541713		0
2.409		0.541506		0
2.41		0.541299		0
2.411		0.541093		0
2.412		0.540887		0
2.413		0.540681		0
2.414		0.540475		0
2.415		0.540269		0
2.416		0.540063		0
2.417		0.539858		0
2.418		0.539653		0
2.419		0.539447		0
2.42		0.539242		0
2.421		0.539038		0
2.422		0.538833		0
2.423		0.538628		0
2.424		0.538424		0
2.425		0.53822		0
2.426		0.538016		0
2.427		0.537812		0
2.428		0.537608		0
2.429		0.537404		0
2.43		0.537201		0
2.431		0.536997		0
2.432		0.536794		0
2.433		0.536591		0
2.434		0.536388		0
2.435		0.536185		0
2.436		0.535983		0
2.437		0.53578		0
2.438		0.535578		0
2.439		0.535376		0
2.44		0.535174		0
2.441		0.534972		0
2.442		0.53477		0
2.443		0.534569		0
2.444		0.534368		0
2.445		0.534166		0
2.446		0.533965		0
2.447		0.533764		0
2.448		0.533563		0
2.449		0.533363		0
2.45		0.533162		0
2.451		0.532962		0
2.452		0.532762		0
2.453		0.532562		0
2.454		0.532362		0
2.455		0.532162		0
2.456		0.531962		0
2.457		0.531763		0
2.458		0.531563		0
2.459		0.531364		0
2.46		0.531165		0
2.461		0.530966		0
2.462		0.530768		0
2.463		0.530569		0
2.464		0.53037		0
2.465		0.530172		0
2.466		0.529974		0
2.467		0.529776		0
2.468		0.529578		0
2.469		0.52938		0
2.47		0.529183		0
2.471		0.528985		0
2.472		0.528788		0
2.473		0.528591		0
2.474		0.528394		0
2.475		0.528197		0
2.476		0.528		0
2.477		0.527804		0
2.478		0.527607		0
2.479		0.527411		0
2.48		0.527215		0
2.481		0.527019		0
2.482		0.526823		0
2.483		0.526627		0
2.484		0.526431		0
2.485		0.526236		0
2.486		0.526041		0
2.487		0.525845		0
2.488		0.52565		0
2.489		0.525456		0
2.49		0.525261		0
2.491		0.525066		0
2.492		0.524872		0
2.493		0.524677		0
2.494		0.524483		0
2.495		0.524289		0
2.496		0.524095		0
2.497		0.523902		0
2.498		0.523708		0
2.499		0.523514		0
2.5		0.523321		0
2.501		0.523128		0
2.502		0.522935		0
2.503		0.522742		0
2.504		0.522549		0
2.505		0.522357		0
2.506		0.522164		0
2.507		0.521972		0
2.508		0.521779		0
2.509		0.521587		0
2.51		0.521395		0
2.511		0.521204		0
2.512		0.521012		0
2.513		0.52082		0
2.514		0.520629		0
2.515		0.520438		0
2.516		0.520247		0
2.517		0.520056		0
2.518		0.519865		0
2.519		0.519674		0
2.52		0.519484		0
2.521		0.519293		0
2.522		0.519103		0
2.523		0.518913		0
2.524		0.518723		0
2.525		0.518533		0
2.526		0.518343		0
2.527		0.518153		0
2.528		0.517964		0
2.529		0.517775		0
2.53		0.517585		0
2.531		0.517396		0
2.532		0.517207		0
2.533		0.517018		0
2.534		0.51683		0
2.535		0.516641		0
2.536		0.516453		0
2.537		0.516265		0
2.538		0.516076		0
2.539		0.515888		0
2.54		0.515701		0
2.541		0.515513		0
2.542		0.515325		0
2.543		0.515138		0
2.544		0.51495		0
2.545		0.514763		0
2.546		0.514576		0
2.547		0.514389		0
2.548		0.514202		0
2.549		0.514016		0
2.55		0.513829		0
2.551		0.513643		0
2.552		0.513457		0
2.553		0.51327		0
2.554		0.513084		0
2.555		0.512899		0
2.556		0.512713		0
2.557		0.512527		0
2.558		0.512342		0
2.559		0.512156		0
2.56		0.511971		0
2.561		0.511786		0
2.562		0.511601		0
2.563		0.511416		0
2.564		0.511232		0
2.565		0.511047		0
2.566		0.510863		0
2.567		0.510678		0
2.568		0.510494		0
2.569		0.51031		0
2.57		0.510126		0
2.571		0.509943		0
2.572		0.509759		0
2.573		0.509575		0
2.574		0.509392		0
2.575		0.509209		0
2.576		0.509026		0
2.577		0.508843		0
2.578		0.50866		0
2.579		0.508477		0
2.58		0.508294		0
2.581		0.508112		0
2.582		0.50793		0
2.583		0.507747		0
2.584		0.507565		0
2.585		0.507383		0
2.586		0.507201		0
2.587		0.50702		0
2.588		0.506838		0
2.589		0.506657		0
2.59		0.506475		0
2.591		0.506294		0
2.592		0.506113		0
2.593		0.505932		0
2.594		0.505751		0
2.595		0.50557		0
2.596		0.50539		0
2.597		0.505209		0
2.598		0.505029		0
2.599		0.504849		0
2.6		0.504669		0
2.601		0.504489		0
2.602		0.504309		0
2.603		0.504129		0
2.604		0.50395		0
2.605		0.50377		0
2.606		0.503591		0
2.607		0.503412		0
2.608		0.503233		0
2.609		0.503054		0
2.61		0.502875		0
2.611		0.502696		0
2.612		0.502518		0
2.613		0.502339		0
2.614		0.502161		0
2.615		0.501983		0
2.616		0.501805		0
2.617		0.501627		0
2.618		0.501449		0
2.619		0.501271		0
2.62		0.501094		0
2.621		0.500916		0
2.622		0.500739		0
2.623		0.500562		0
2.624		0.500385		0
2.625		0.500208		0
2.626		0.500031		0
2.627		0.499854		0
2.628		0.499678		0
2.629		0.499501		0
2.63		0.499325		0
2.631		0.499148		0
2.632		0.498972		0
2.633		0.498796		0
2.634		0.498621		0
2.635		0.498445		0
2.636		0.498269		0
2.637		0.498094		0
2.638		0.497918		0
2.639		0.497743		0
2.64		0.497568		0
2.641		0.497393		0
2.642		0.497218		0
2.643		0.497043		0
2.644		0.496869		0
2.645		0.496694		0
2.646		0.49652		0
2.647		0.496345		0
2.648		0.496171		0
2.649		0.495997		0
2.65		0.495823		0
2.651		0.495649		0
2.652		0.495476		0
2.653		0.495302		0
2.654		0.495129		0
2.655		0.494955		0
2.656		0.494782		0
2.657		0.494609		0
2.658		0.494436		0
2.659		0.494263		0
2.66		0.49409		0
2.661		0.493918		0
2.662		0.493745		0
2.663		0.493573		0
2.664		0.493401		0
2.665		0.493228		0
2.666		0.493056		0
2.667		0.492885		0
2.668		0.492713		0
2.669		0.492541		0
2.67		0.492369		0
2.671		0.492198		0
2.672		0.492027		0
2.673		0.491855		0
2.674		0.491684		0
2.675		0.491513		0
2.676		0.491343		0
2.677		0.491172		0
2.678		0.491001		0
2.679		0.490831		0
2.68		0.49066		0
2.681		0.49049		0
2.682		0.49032		0
2.683		0.49015		0
2.684		0.48998		0
2.685		0.48981		0
2.686		0.48964		0
2.687		0.489471		0
2.688		0.489301		0
2.689		0.489132		0
2.69		0.488963		0
2.691		0.488794		0
2.692		0.488625		0
2.693		0.488456		0
2.694		0.488287		0
2.695		0.488118		0
2.696		0.48795		0
2.697		0.487781		0
2.698		0.487613		0
2.699		0.487445		0
2.7		0.487277		0
2.701		0.487109		0
2.702		0.486941		0
2.703		0.486773		0
2.704		0.486605		0
2.705		0.486438		0
2.706		0.48627		0
2.707		0.486103		0
2.708		0.485936		0
2.709		0.485769		0
2.71		0.485602		0
2.711		0.485435		0
2.712		0.485268		0
2.713		0.485102		0
2.714		0.484935		0
2.715		0.484769		0
2.716		0.484602		0
2.717		0.484436		0
2.718		0.48427		0
2.719		0.484104		0
2.72		0.483938		0
2.721		0.483773		0
2.722		0.483607		0
2.723		0.483442		0
2.724		0.483276		0
2.725		0.483111		0
2.726		0.482946		0
2.727		0.482781		0
2.728		0.482616		0
2.729		0.482451		0
2.73		0.482286		0
2.731		0.482121		0
2.732		0.481957		0
2.733		0.481793		0
2.734		0.481628		0
2.735		0.481464		0
2.736		0.4813		0
2.737		0.481136		0
2.738		0.480972		0
2.739		0.480808		0
2.74		0.480645		0
2.741		0.480481		0
2.742		0.480318		0
2.743		0.480155		0
2.744		0.479991		0
2.745		0.479828		0
2.746		0.479665		0
2.747		0.479502		0
2.748		0.47934		0
2.749		0.479177		0
2.75		0.479015		0
2.751		0.478852		0
2.752		0.47869		0
2.753		0.478528		0
2.754		0.478365		0
2.755		0.478203		0
2.756		0.478042		0
2.757		0.47788		0
2.758		0.477718		0
2.759		0.477556		0
2.76		0.477395		0
2.761		0.477234		0
2.762		0.477072		0
2.763		0.476911		0
2.764		0.47675		0
2.765		0.476589		0
2.766		0.476428		0
2.767		0.476268		0
2.768		0.476107		0
2.769		0.475947		0
2.77		0.475786		0
2.771		0.475626		0
2.772		0.475466		0
2.773		0.475306		0
2.774		0.475146		0
2.775		0.474986		0
2.776		0.474826		0
2.777		0.474666		0
2.778		0.474507		0
2.779		0.474347		0
2.78		0.474188		0
2.781		0.474029		0
2.782		0.47387		0
2.783		0.473711		0
2.784		0.473552		0
2.785		0.473393		0
2.786		0.473234		0
2.787		0.473076		0
2.788		0.472917		0
2.789		0.472759		0
2.79		0.4726		0
2.791		0.472442		0
2.792		0.472284		0
2.793		0.472126		0
2.794		0.471968		0
2.795		0.471811		0
2.796		0.471653		0
2.797		0.471495		0
2.798		0.471338		0
2.799		0.47118		0
2.8		0.471023		0
2.801		0.470866		0
2.802		0.470709		0
2.803		0.470552		0
2.804		0.470395		0
2.805		0.470238		0
2.806		0.470082		0
2.807		0.469925		0
2.808		0.469769		0
2.809		0.469613		0
2.81		0.469456		0
2.811		0.4693		0
2.812		0.469144		0
2.813		0.468988		0
2.814		0.468832		0
2.815		0.468677		0
2.816		0.468521		0
2.817		0.468366		0
2.818		0.46821		0
2.819		0.468055		0
2.82		0.4679		0
2.821		0.467745		0
2.822		0.46759		0
2.823		0.467435		0
2.824		0.46728		0
2.825		0.467125		0
2.826		0.46697		0
2.827		0.466816		0
2.828		0.466662		0
2.829		0.466507		0
2.83		0.466353		0
2.831		0.466199		0
2.832		0.466045		0
2.833		0.465891		0
2.834		0.465737		0
2.835		0.465584		0
2.836		0.46543		0
2.837		0.465276		0
2.838		0.465123		0
2.839		0.46497		0
2.84		0.464817		0
2.841		0.464663		0
2.842		0.46451		0
2.843		0.464358		0
2.844		0.464205		0
2.845		0.464052		0
2.846		0.463899		0
2.847		0.463747		0
2.848		0.463594		0
2.849		0.463442		0
2.85		0.46329		0
2.851		0.463138		0
2.852		0.462986		0
2.853		0.462834		0
2.854		0.462682		0
2.855		0.46253		0
2.856		0.462379		0
2.857		0.462227		0
2.858		0.462076		0
2.859		0.461924		0
2.86		0.461773		0
2.861		0.461622		0
2.862		0.461471		0
2.863		0.46132		0
2.864		0.461169		0
2.865		0.461018		0
2.866		0.460868		0
2.867		0.460717		0
2.868		0.460567		0
2.869		0.460416		0
2.87		0.460266		0
2.871		0.460116		0
2.872		0.459966		0
2.873		0.459816		0
2.874		0.459666		0
2.875		0.459516		0
2.876		0.459366		0
2.877		0.459217		0
2.878		0.459067		0
2.879		0.458918		0
2.88		0.458769		0
2.881		0.458619		0
2.882		0.45847		0
2.883		0.458321		0
2.884		0.458172		0
2.885		0.458024		0
2.886		0.457875		0
2.887		0.457726		0
2.888		0.457578		0
2.889		0.457429		0
2.89		0.457281		0
2.891		0.457133		0
2.892		0.456984		0
2.893		0.456836		0
2.894		0.456688		0
2.895		0.45654		0
2.896		0.456393		0
2.897		0.456245		0
2.898		0.456097		0
2.899		0.45595		0
2.9		0.455802		0
2.901		0.455655		0
2.902		0.455508		0
2.903		0.455361		0
2.904		0.455214		0
2.905		0.455067		0
2.906		0.45492		0
2.907		0.454773		0
2.908		0.454627		0
2.909		0.45448		0
2.91		0.454333		0
2.911		0.454187		0
2.912		0.454041		0
2.913		0.453895		0
2.914		0.453748		0
2.915		0.453602		0
2.916		0.453457		0
2.917		0.453311		0
2.918		0.453165		0
2.919		0.453019		0
2.92		0.452874		0
2.921		0.452728		0
2.922		0.452583		0
2.923		0.452438		0
2.924		0.452292		0
2.925		0.452147		0
2.926		0.452002		0
2.927		0.451857		0
2.928		0.451713		0
2.929		0.451568		0
2.93		0.451423		0
2.931		0.451279		0
2.932		0.451134		0
2.933		0.45099		0
2.934		0.450846		0
2.935		0.450701		0
2.936		0.450557		0
2.937		0.450413		0
2.938		0.450269		0
2.939		0.450126		0
2.94		0.449982		0
2.941		0.449838		0
2.942		0.449695		0
2.943		0.449551		0
2.944		0.449408		0
2.945		0.449265		0
2.946		0.449121		0
2.947		0.448978		0
2.948		0.448835		0
2.949		0.448692		0
2.95		0.44855		0
2.951		0.448407		0
2.952		0.448264		0
2.953		0.448122		0
2.954		0.447979		0
2.955		0.447837		0
2.956		0.447694		0
2.957		0.447552		0
2.958		0.44741		0
2.959		0.447268		0
2.96		0.447126		0
2.961		0.446984		0
2.962		0.446843		0
2.963		0.446701		0
2.964		0.446559		0
2.965		0.446418		0
2.966		0.446276		0
2.967		0.446135		0
2.968		0.445994		0
2.969		0.445853		0
2.97		0.445712		0
2.971		0.445571		0
2.972		0.44543		0
2.973		0.445289		0
2.974		0.445148		0
2.975		0.445008		0
2.976		0.444867		0
2.977		0.444727		0
2.978		0.444586		0
2.979		0.444446		0
2.98		0.444306		0
2.981		0.444166		0
2.982		0.444026		0
2.983		0.443886		0
2.984		0.443746		0
2.985		0.443606		0
2.986		0.443467		0
2.987		0.443327		0
2.988		0.443188		0
2.989		0.443048		0
2.99		0.442909		0
2.991		0.44277		0
2.992		0.442631		0
2.993		0.442492		0
2.994		0.442353		0
2.995		0.442214		0
2.996		0.442075		0
2.997		0.441936		0
2.998		0.441798		0
2.999		0.441659		0
3		0.441521		0
