0.001		593.08		0
0.002		468.042		0
0.003		400.58		0
0.004		351.225		0
0.005		312.387		0
0.006		280.898		0
0.007		254.903		0
0.008		233.133		0
0.009		214.672		0
0.01		198.841		0
0.011		185.128		0
0.012		173.142		0
0.013		162.578		0
0.014		153.199		0
0.015		144.816		0
0.016		137.276		0
0.017		130.459		0
0.018		124.262		0
0.019		118.605		0
0.02		113.417		0
0.021		108.642		0
0.022		104.231		0
0.023		100.143		0
0.024		96.3438		0
0.025		92.8027		0
0.026		89.4941		0
0.027		86.3954		0
0.028		83.4869		0
0.029		80.7517		0
0.03		78.1746		0
0.031		75.7422		0
0.032		73.4427		0
0.033		71.2657		0
0.034		69.2016		0
0.035		67.242		0
0.036		65.3793		0
0.037		63.6067		0
0.038		61.918		0
0.039		60.3074		0
0.04		58.7699		0
0.041		57.3008		0
0.042		55.8957		0
0.043		54.5508		0
0.044		53.2624		0
0.045		52.0272		0
0.046		50.8421		0
0.047		49.7043		0
0.048		48.6111		0
0.049		47.56		0
0.05		46.549		0
0.051		45.5757		0
0.052		44.6382		0
0.053		43.7348		0
0.054		42.8637		0
0.055		42.0232		0
0.056		41.2119		0
0.057		40.4285		0
0.058		39.6714		0
0.059		38.9396		0
0.06		38.2318		0
0.061		37.547		0
0.062		36.8841		0
0.063		36.2421		0
0.064		35.6201		0
0.065		35.0173		0
0.066		34.4328		0
0.067		33.8658		0
0.068		33.3156		0
0.069		32.7816		0
0.07		32.263		0
0.071		31.7593		0
0.072		31.2698		0
0.073		30.7939		0
0.074		30.3312		0
0.075		29.8811		0
0.076		29.4432		0
0.077		29.0169		0
0.078		28.6019		0
0.079		28.1977		0
0.08		27.8039		0
0.081		27.4202		0
0.082		27.0461		0
0.083		26.6814		0
0.084		26.3257		0
0.085		25.9787		0
0.086		25.6401		0
0.087		25.3096		0
0.088		24.9869		0
0.089		24.6718		0
0.09		24.364		0
0.091		24.0633		0
0.092		23.7694		0
0.093		23.4821		0
0.094		23.2013		0
0.095		22.9266		0
0.096		22.658		0
0.097		22.3951		0
0.098		22.1379		0
0.099		21.8862		0
0.1		21.6398		0
0.101		21.3985		0
0.102		21.1621		0
0.103		20.9307		0
0.104		20.7039		0
0.105		20.4817		0
0.106		20.2639		0
0.107		20.0504		0
0.108		19.8411		0
0.109		19.6358		0
0.11		19.4345		0
0.111		19.237		0
0.112		19.0433		0
0.113		18.8532		0
0.114		18.6666		0
0.115		18.4834		0
0.116		18.3036		0
0.117		18.1271		0
0.118		17.9537		0
0.119		17.7834		0
0.12		17.6162		0
0.121		17.4518		0
0.122		17.2903		0
0.123		17.1317		0
0.124		16.9757		0
0.125		16.8224		0
0.126		16.6716		0
0.127		16.5234		0
0.128		16.3776		0
0.129		16.2343		0
0.13		16.0933		0
0.131		15.9545		0
0.132		15.8181		0
0.133		15.6837		0
0.134		15.5516		0
0.135		15.4215		0
0.136		15.2934		0
0.137		15.1674		0
0.138		15.0432		0
0.139		14.921		0
0.14		14.8006		0
0.141		14.6821		0
0.142		14.5653		0
0.143		14.4503		0
0.144		14.3369		0
0.145		14.2253		0
0.146		14.1152		0
0.147		14.0068		0
0.148		13.8999		0
0.149		13.7946		0
0.15		13.6907		0
0.151		13.5883		0
0.152		13.4874		0
0.153		13.3878		0
0.154		13.2897		0
0.155		13.1928		0
0.156		13.0974		0
0.157		13.0032		0
0.158		12.9102		0
0.159		12.8186		0
0.16		12.7281		0
0.161		12.6388		0
0.162		12.5508		0
0.163		12.4638		0
0.164		12.3781		0
0.165		12.2934		0
0.166		12.2098		0
0.167		12.1273		0
0.168		12.0458		0
0.169		11.9653		0
0.17		11.8859		0
0.171		11.8075		0
0.172		11.73		0
0.173		11.6535		0
0.174		11.5779		0
0.175		11.5033		0
0.176		11.4296		0
0.177		11.3567		0
0.178		11.2848		0
0.179		11.2136		0
0.18		11.1434		0
0.181		11.074		0
0.182		11.0053		0
0.183		10.9375		0
0.184		10.8705		0
0.185		10.8043		0
0.186		10.7388		0
0.187		10.6741		0
0.188		10.6101		0
0.189		10.5468		0
0.19		10.4842		0
0.191		10.4224		0
0.192		10.3612		0
0.193		10.3008		0
0.194		10.2409		0
0.195		10.1818		0
0.196		10.1233		0
0.197		10.0654		0
0.198		10.0082		0
0.199		9.95156		0
0.2		9.89555		0
0.201		9.84014		0
0.202		9.78531		0
0.203		9.73107		0
0.204		9.6774		0
0.205		9.62429		0
0.206		9.57174		0
0.207		9.51973		0
0.208		9.46826		0
0.209		9.41732		0
0.21		9.3669		0
0.211		9.317		0
0.212		9.2676		0
0.213		9.2187		0
0.214		9.1703		0
0.215		9.12238		0
0.216		9.07494		0
0.217		9.02797		0
0.218		8.98146		0
0.219		8.93541		0
0.22		8.88982		0
0.221		8.84467		0
0.222		8.79995		0
0.223		8.75567		0
0.224		8.71182		0
0.225		8.66839		0
0.226		8.62537		0
0.227		8.58276		0
0.228		8.54056		0
0.229		8.49875		0
0.23		8.45734		0
0.231		8.41631		0
0.232		8.37567		0
0.233		8.3354		0
0.234		8.2955		0
0.235		8.25597		0
0.236		8.21681		0
0.237		8.178		0
0.238		8.13955		0
0.239		8.10144		0
0.24		8.06367		0
0.241		8.02625		0
0.242		7.98916		0
0.243		7.9524		0
0.244		7.91597		0
0.245		7.87986		0
0.246		7.84407		0
0.247		7.80859		0
0.248		7.77342		0
0.249		7.73856		0
0.25		7.704		0
0.251		7.66973		0
0.252		7.63577		0
0.253		7.60209		0
0.254		7.5687		0
0.255		7.5356		0
0.256		7.50278		0
0.257		7.47023		0
0.258		7.43796		0
0.259		7.40596		0
0.26		7.37422		0
0.261		7.34275		0
0.262		7.31154		0
0.263		7.28059		0
0.264		7.24989		0
0.265		7.21945		0
0.266		7.18925		0
0.267		7.1593		0
0.268		7.12959		0
0.269		7.10012		0
0.27		7.07089		0
0.271		7.04189		0
0.272		7.01313		0
0.273		6.98459		0
0.274		6.95628		0
0.275		6.9282		0
0.276		6.90033		0
0.277		6.87269		0
0.278		6.84526		0
0.279		6.81804		0
0.28		6.79104		0
0.281		6.76424		0
0.282		6.73766		0
0.283		6.71127		0
0.284		6.68509		0
0.285		6.65911		0
0.286		6.63333		0
0.287		6.60774		0
0.288		6.58234		0
0.289		6.55714		0
0.29		6.53213		0
0.291		6.5073		0
0.292		6.48266		0
0.293		6.4582		0
0.294		6.43392		0
0.295		6.40982		0
0.296		6.3859		0
0.297		6.36216		0
0.298		6.33859		0
0.299		6.31519		0
0.3		6.29196		0
0.301		6.26889		0
0.302		6.246		0
0.303		6.22327		0
0.304		6.2007		0
0.305		6.17829		0
0.306		6.15604		0
0.307		6.13395		0
0.308		6.11202		0
0.309		6.09024		0
0.31		6.06862		0
0.311		6.04714		0
0.312		6.02582		0
0.313		6.00464		0
0.314		5.98361		0
0.315		5.96273		0
0.316		5.94199		0
0.317		5.9214		0
0.318		5.90094		0
0.319		5.88062		0
0.32		5.86045		0
0.321		5.84041		0
0.322		5.8205		0
0.323		5.80073		0
0.324		5.78109		0
0.325		5.76159		0
0.326		5.74221		0
0.327		5.72296		0
0.328		5.70385		0
0.329		5.68485		0
0.33		5.66599		0
0.331		5.64724		0
0.332		5.62862		0
0.333		5.61013		0
0.334		5.59175		0
0.335		5.57349		0
0.336		5.55535		0
0.337		5.53733		0
0.338		5.51942		0
0.339		5.50163		0
0.34		5.48395		0
0.341		5.46639		0
0.342		5.44894		0
0.343		5.4316		0
0.344		5.41436		0
0.345		5.39724		0
0.346		5.38023		0
0.347		5.36332		0
0.348		5.34651		0
0.349		5.32982		0
0.35		5.31322		0
0.351		5.29673		0
0.352		5.28034		0
0.353		5.26405		0
0.354		5.24786		0
0.355		5.23177		0
0.356		5.21578		0
0.357		5.19989		0
0.358		5.18409		0
0.359		5.16839		0
0.36		5.15278		0
0.361		5.13727		0
0.362		5.12185		0
0.363		5.10652		0
0.364		5.09129		0
0.365		5.07614		0
0.366		5.06109		0
0.367		5.04612		0
0.368		5.03124		0
0.369		5.01645		0
0.37		5.00175		0
0.371		4.98713		0
0.372		4.9726		0
0.373		4.95815		0
0.374		4.94379		0
0.375		4.92951		0
0.376		4.91531		0
0.377		4.90119		0
0.378		4.88716		0
0.379		4.8732		0
0.38		4.85933		0
0.381		4.84553		0
0.382		4.83181		0
0.383		4.81817		0
0.384		4.80461		0
0.385		4.79112		0
0.386		4.77771		0
0.387		4.76437		0
0.388		4.75111		0
0.389		4.73792		0
0.39		4.72481		0
0.391		4.71177		0
0.392		4.6988		0
0.393		4.6859		0
0.394		4.67307		0
0.395		4.66031		0
0.396		4.64763		0
0.397		4.63501		0
0.398		4.62246		0
0.399		4.60998		0
0.4		4.59756		0
0.401		4.58521		0
0.402		4.57293		0
0.403		4.56072		0
0.404		4.54857		0
0.405		4.53648		0
0.406		4.52446		0
0.407		4.5125		0
0.408		4.50061		0
0.409		4.48878		0
0.41		4.47701		0
0.411		4.46531		0
0.412		4.45366		0
0.413		4.44208		0
0.414		4.43055		0
0.415		4.41909		0
0.416		4.40768		0
0.417		4.39634		0
0.418		4.38505		0
0.419		4.37382		0
0.42		4.36265		0
0.421		4.35153		0
0.422		4.34048		0
0.423		4.32947		0
0.424		4.31853		0
0.425		4.30764		0
0.426		4.2968		0
0.427		4.28602		0
0.428		4.2753		0
0.429		4.26462		0
0.43		4.25401		0
0.431		4.24344		0
0.432		4.23293		0
0.433		4.22247		0
0.434		4.21206		0
0.435		4.2017		0
0.436		4.19139		0
0.437		4.18113		0
0.438		4.17093		0
0.439		4.16077		0
0.44		4.15067		0
0.441		4.14061		0
0.442		4.1306		0
0.443		4.12064		0
0.444		4.11073		0
0.445		4.10087		0
0.446		4.09105		0
0.447		4.08128		0
0.448		4.07156		0
0.449		4.06188		0
0.45		4.05225		0
0.451		4.04267		0
0.452		4.03313		0
0.453		4.02363		0
0.454		4.01418		0
0.455		4.00478		0
0.456		3.99542		0
0.457		3.9861		0
0.458		3.97683		0
0.459		3.9676		0
0.46		3.95841		0
0.461		3.94927		0
0.462		3.94016		0
0.463		3.9311		0
0.464		3.92209		0
0.465		3.91311		0
0.466		3.90417		0
0.467		3.89528		0
0.468		3.88642		0
0.469		3.87761		0
0.47		3.86884		0
0.471		3.8601		0
0.472		3.85141		0
0.473		3.84275		0
0.474		3.83413		0
0.475		3.82556		0
0.476		3.81702		0
0.477		3.80852		0
0.478		3.80005		0
0.479		3.79163		0
0.48		3.78324		0
0.481		3.77489		0
0.482		3.76657		0
0.483		3.75829		0
0.484		3.75005		0
0.485		3.74185		0
0.486		3.73368		0
0.487		3.72555		0
0.488		3.71745		0
0.489		3.70938		0
0.49		3.70136		0
0.491		3.69336		0
0.492		3.6854		0
0.493		3.67748		0
0.494		3.66959		0
0.495		3.66173		0
0.496		3.65391		0
0.497		3.64612		0
0.498		3.63836		0
0.499		3.63064		0
0.5		3.62295		0
0.501		3.61529		0
0.502		3.60767		0
0.503		3.60007		0
0.504		3.59251		0
0.505		3.58498		0
0.506		3.57748		0
0.507		3.57002		0
0.508		3.56258		0
0.509		3.55517		0
0.51		3.5478		0
0.511		3.54046		0
0.512		3.53314		0
0.513		3.52586		0
0.514		3.51861		0
0.515		3.51138		0
0.516		3.50419		0
0.517		3.49702		0
0.518		3.48989		0
0.519		3.48278		0
0.52		3.47571		0
0.521		3.46866		0
0.522		3.46164		0
0.523		3.45465		0
0.524		3.44768		0
0.525		3.44075		0
0.526		3.43384		0
0.527		3.42696		0
0.528		3.42011		0
0.529		3.41328		0
0.53		3.40648		0
0.531		3.39971		0
0.532		3.39297		0
0.533		3.38625		0
0.534		3.37956		0
0.535		3.37289		0
0.536		3.36625		0
0.537		3.35964		0
0.538		3.35305		0
0.539		3.34649		0
0.54		3.33996		0
0.541		3.33345		0
0.542		3.32696		0
0.543		3.3205		0
0.544		3.31407		0
0.545		3.30766		0
0.546		3.30127		0
0.547		3.29491		0
0.548		3.28857		0
0.549		3.28226		0
0.55		3.27597		0
0.551		3.26971		0
0.552		3.26347		0
0.553		3.25725		0
0.554		3.25106		0
0.555		3.24489		0
0.556		3.23874		0
0.557		3.23262		0
0.558		3.22652		0
0.559		3.22044		0
0.56		3.21439		0
0.561		3.20835		0
0.562		3.20234		0
0.563		3.19636		0
0.564		3.19039		0
0.565		3.18445		0
0.566		3.17853		0
0.567		3.17263		0
0.568		3.16675		0
0.569		3.16089		0
0.57		3.15506		0
0.571		3.14925		0
0.572		3.14345		0
0.573		3.13768		0
0.574		3.13193		0
0.575		3.12621		0
0.576		3.1205		0
0.577		3.11481		0
0.578		3.10914		0
0.579		3.1035		0
0.58		3.09787		0
0.581		3.09227		0
0.582		3.08668		0
0.583		3.08111		0
0.584		3.07557		0
0.585		3.07004		0
0.586		3.06454		0
0.587		3.05905		0
0.588		3.05358		0
0.589		3.04813		0
0.59		3.0427		0
0.591		3.03729		0
0.592		3.0319		0
0.593		3.02653		0
0.594		3.02118		0
0.595		3.01584		0
0.596		3.01053		0
0.597		3.00523		0
0.598		2.99995		0
0.599		2.99469		0
0.6		2.98945		0
0.601		2.98423		0
0.602		2.97902		0
0.603		2.97383		0
0.604		2.96866		0
0.605		2.96351		0
0.606		2.95838		0
0.607		2.95326		0
0.608		2.94816		0
0.609		2.94308		0
0.61		2.93801		0
0.611		2.93296		0
0.612		2.92793		0
0.613		2.92292		0
0.614		2.91792		0
0.615		2.91294		0
0.616		2.90798		0
0.617		2.90303		0
0.618		2.8981		0
0.619		2.89319		0
0.62		2.88829		0
0.621		2.88341		0
0.622		2.87855		0
0.623		2.8737		0
0.624		2.86887		0
0.625		2.86405		0
0.626		2.85925		0
0.627		2.85447		0
0.628		2.8497		0
0.629		2.84495		0
0.63		2.84021		0
0.631		2.83549		0
0.632		2.83078		0
0.633		2.82609		0
0.634		2.82141		0
0.635		2.81675		0
0.636		2.81211		0
0.637		2.80748		0
0.638		2.80286		0
0.639		2.79826		0
0.64		2.79368		0
0.641		2.78911		0
0.642		2.78455		0
0.643		2.78001		0
0.644		2.77548		0
0.645		2.77097		0
0.646		2.76647		0
0.647		2.76199		0
0.648		2.75752		0
0.649		2.75307		0
0.65		2.74863		0
0.651		2.7442		0
0.652		2.73979		0
0.653		2.73539		0
0.654		2.731		0
0.655		2.72663		0
0.656		2.72227		0
0.657		2.71793		0
0.658		2.7136		0
0.659		2.70928		0
0.66		2.70498		0
0.661		2.70069		0
0.662		2.69641		0
0.663		2.69215		0
0.664		2.6879		0
0.665		2.68366		0
0.666		2.67944		0
0.667		2.67523		0
0.668		2.67103		0
0.669		2.66685		0
0.67		2.66267		0
0.671		2.65852		0
0.672		2.65437		0
0.673		2.65024		0
0.674		2.64611		0
0.675		2.64201		0
0.676		2.63791		0
0.677		2.63383		0
0.678		2.62975		0
0.679		2.62569		0
0.68		2.62165		0
0.681		2.61761		0
0.682		2.61359		0
0.683		2.60958		0
0.684		2.60558		0
0.685		2.6016		0
0.686		2.59762		0
0.687		2.59366		0
0.688		2.58971		0
0.689		2.58577		0
0.69		2.58184		0
0.691		2.57793		0
0.692		2.57402		0
0.693		2.57013		0
0.694		2.56625		0
0.695		2.56238		0
0.696		2.55852		0
0.697		2.55467		0
0.698		2.55084		0
0.699		2.54701		0
0.7		2.5432		0
0.701		2.5394		0
0.702		2.53561		0
0.703		2.53183		0
0.704		2.52806		0
0.705		2.5243		0
0.706		2.52055		0
0.707		2.51682		0
0.708		2.51309		0
0.709		2.50938		0
0.71		2.50567		0
0.711		2.50198		0
0.712		2.4983		0
0.713		2.49463		0
0.714		2.49097		0
0.715		2.48731		0
0.716		2.48367		0
0.717		2.48004		0
0.718		2.47642		0
0.719		2.47281		0
0.72		2.46921		0
0.721		2.46562		0
0.722		2.46205		0
0.723		2.45848		0
0.724		2.45492		0
0.725		2.45137		0
0.726		2.44783		0
0.727		2.4443		0
0.728		2.44078		0
0.729		2.43727		0
0.73		2.43377		0
0.731		2.43028		0
0.732		2.4268		0
0.733		2.42333		0
0.734		2.41987		0
0.735		2.41642		0
0.736		2.41298		0
0.737		2.40955		0
0.738		2.40613		0
0.739		2.40271		0
0.74		2.39931		0
0.741		2.39591		0
0.742		2.39253		0
0.743		2.38915		0
0.744		2.38579		0
0.745		2.38243		0
0.746		2.37908		0
0.747		2.37574		0
0.748		2.37241		0
0.749		2.36909		0
0.75		2.36578		0
0.751		2.36248		0
0.752		2.35918		0
0.753		2.3559		0
0.754		2.35262		0
0.755		2.34936		0
0.756		2.3461		0
0.757		2.34285		0
0.758		2.33961		0
0.759		2.33638		0
0.76		2.33315		0
0.761		2.32994		0
0.762		2.32673		0
0.763		2.32353		0
0.764		2.32034		0
0.765		2.31716		0
0.766		2.31399		0
0.767		2.31083		0
0.768		2.30767		0
0.769		2.30452		0
0.77		2.30138		0
0.771		2.29825		0
0.772		2.29513		0
0.773		2.29202		0
0.774		2.28891		0
0.775		2.28581		0
0.776		2.28272		0
0.777		2.27964		0
0.778		2.27657		0
0.779		2.2735		0
0.78		2.27044		0
0.781		2.26739		0
0.782		2.26435		0
0.783		2.26132		0
0.784		2.25829		0
0.785		2.25527		0
0.786		2.25226		0
0.787		2.24926		0
0.788		2.24627		0
0.789		2.24328		0
0.79		2.2403		0
0.791		2.23733		0
0.792		2.23436		0
0.793		2.23141		0
0.794		2.22846		0
0.795		2.22552		0
0.796		2.22258		0
0.797		2.21965		0
0.798		2.21674		0
0.799		2.21382		0
0.8		2.21092		0
0.801		2.20802		0
0.802		2.20513		0
0.803		2.20225		0
0.804		2.19937		0
0.805		2.19651		0
0.806		2.19364		0
0.807		2.19079		0
0.808		2.18794		0
0.809		2.18511		0
0.81		2.18227		0
0.811		2.17945		0
0.812		2.17663		0
0.813		2.17382		0
0.814		2.17101		0
0.815		2.16822		0
0.816		2.16543		0
0.817		2.16264		0
0.818		2.15987		0
0.819		2.1571		0
0.82		2.15434		0
0.821		2.15158		0
0.822		2.14883		0
0.823		2.14609		0
0.824		2.14335		0
0.825		2.14062		0
0.826		2.1379		0
0.827		2.13519		0
0.828		2.13248		0
0.829		2.12977		0
0.83		2.12708		0
0.831		2.12439		0
0.832		2.12171		0
0.833		2.11903		0
0.834		2.11636		0
0.835		2.1137		0
0.836		2.11104		0
0.837		2.10839		0
0.838		2.10575		0
0.839		2.10311		0
0.84		2.10048		0
0.841		2.09785		0
0.842		2.09523		0
0.843		2.09262		0
0.844		2.09002		0
0.845		2.08742		0
0.846		2.08482		0
0.847		2.08224		0
0.848		2.07965		0
0.849		2.07708		0
0.85		2.07451		0
0.851		2.07195		0
0.852		2.06939		0
0.853		2.06684		0
0.854		2.06429		0
0.855		2.06176		0
0.856		2.05922		0
0.857		2.0567		0
0.858		2.05418		0
0.859		2.05166		0
0.86		2.04915		0
0.861		2.04665		0
0.862		2.04415		0
0.863		2.04166		0
0.864		2.03917		0
0.865		2.03669		0
0.866		2.03422		0
0.867		2.03175		0
0.868		2.02929		0
0.869		2.02683		0
0.87		2.02438		0
0.871		2.02194		0
0.872		2.0195		0
0.873		2.01706		0
0.874		2.01463		0
0.875		2.01221		0
0.876		2.00979		0
0.877		2.00738		0
0.878		2.00498		0
0.879		2.00258		0
0.88		2.00018		0
0.881		1.99779		0
0.882		1.99541		0
0.883		1.99303		0
0.884		1.99065		0
0.885		1.98829		0
0.886		1.98592		0
0.887		1.98357		0
0.888		1.98121		0
0.889		1.97887		0
0.89		1.97653		0
0.891		1.97419		0
0.892		1.97186		0
0.893		1.96954		0
0.894		1.96722		0
0.895		1.9649		0
0.896		1.96259		0
0.897		1.96029		0
0.898		1.95799		0
0.899		1.95569		0
0.9		1.9534		0
0.901		1.95112		0
0.902		1.94884		0
0.903		1.94657		0
0.904		1.9443		0
0.905		1.94204		0
0.906		1.93978		0
0.907		1.93752		0
0.908		1.93527		0
0.909		1.93303		0
0.91		1.93079		0
0.911		1.92856		0
0.912		1.92633		0
0.913		1.92411		0
0.914		1.92189		0
0.915		1.91967		0
0.916		1.91746		0
0.917		1.91526		0
0.918		1.91306		0
0.919		1.91087		0
0.92		1.90868		0
0.921		1.90649		0
0.922		1.90431		0
0.923		1.90214		0
0.924		1.89996		0
0.925		1.8978		0
0.926		1.89564		0
0.927		1.89348		0
0.928		1.89133		0
0.929		1.88918		0
0.93		1.88704		0
0.931		1.8849		0
0.932		1.88277		0
0.933		1.88064		0
0.934		1.87851		0
0.935		1.87639		0
0.936		1.87428		0
0.937		1.87217		0
0.938		1.87006		0
0.939		1.86796		0
0.94		1.86586		0
0.941		1.86377		0
0.942		1.86168		0
0.943		1.8596		0
0.944		1.85752		0
0.945		1.85545		0
0.946		1.85338		0
0.947		1.85131		0
0.948		1.84925		0
0.949		1.84719		0
0.95		1.84514		0
0.951		1.84309		0
0.952		1.84105		0
0.953		1.83901		0
0.954		1.83697		0
0.955		1.83494		0
0.956		1.83291		0
0.957		1.83089		0
0.958		1.82887		0
0.959		1.82686		0
0.96		1.82485		0
0.961		1.82284		0
0.962		1.82084		0
0.963		1.81884		0
0.964		1.81685		0
0.965		1.81486		0
0.966		1.81288		0
0.967		1.8109		0
0.968		1.80892		0
0.969		1.80695		0
0.97		1.80498		0
0.971		1.80301		0
0.972		1.80105		0
0.973		1.7991		0
0.974		1.79714		0
0.975		1.7952		0
0.976		1.79325		0
0.977		1.79131		0
0.978		1.78938		0
0.979		1.78744		0
0.98		1.78551		0
0.981		1.78359		0
0.982		1.78167		0
0.983		1.77975		0
0.984		1.77784		0
0.985		1.77593		0
0.986		1.77403		0
0.987		1.77213		0
0.988		1.77023		0
0.989		1.76834		0
0.99		1.76645		0
0.991		1.76456		0
0.992		1.76268		0
0.993		1.7608		0
0.994		1.75893		0
0.995		1.75706		0
0.996		1.75519		0
0.997		1.75333		0
0.998		1.75147		0
0.999		1.74961		0
1		1.74776		0
1.001		1.74592		0
1.002		1.74407		0
1.003		1.74223		0
1.004		1.74039		0
1.005		1.73856		0
1.006		1.73673		0
1.007		1.73491		0
1.008		1.73308		0
1.009		1.73127		0
1.01		1.72945		0
1.011		1.72764		0
1.012		1.72583		0
1.013		1.72403		0
1.014		1.72223		0
1.015		1.72043		0
1.016		1.71864		0
1.017		1.71685		0
1.018		1.71506		0
1.019		1.71328		0
1.02		1.7115		0
1.021		1.70972		0
1.022		1.70795		0
1.023		1.70618		0
1.024		1.70442		0
1.025		1.70265		0
1.026		1.7009		0
1.027		1.69914		0
1.028		1.69739		0
1.029		1.69564		0
1.03		1.6939		0
1.031		1.69216		0
1.032		1.69042		0
1.033		1.68868		0
1.034		1.68695		0
1.035		1.68522		0
1.036		1.6835		0
1.037		1.68178		0
1.038		1.68006		0
1.039		1.67835		0
1.04		1.67664		0
1.041		1.67493		0
1.042		1.67322		0
1.043		1.67152		0
1.044		1.66982		0
1.045		1.66813		0
1.046		1.66644		0
1.047		1.66475		0
1.048		1.66307		0
1.049		1.66138		0
1.05		1.65971		0
1.051		1.65803		0
1.052		1.65636		0
1.053		1.65469		0
1.054		1.65302		0
1.055		1.65136		0
1.056		1.6497		0
1.057		1.64804		0
1.058		1.64639		0
1.059		1.64474		0
1.06		1.64309		0
1.061		1.64145		0
1.062		1.63981		0
1.063		1.63817		0
1.064		1.63654		0
1.065		1.63491		0
1.066		1.63328		0
1.067		1.63165		0
1.068		1.63003		0
1.069		1.62841		0
1.07		1.6268		0
1.071		1.62518		0
1.072		1.62357		0
1.073		1.62197		0
1.074		1.62036		0
1.075		1.61876		0
1.076		1.61716		0
1.077		1.61557		0
1.078		1.61398		0
1.079		1.61239		0
1.08		1.6108		0
1.081		1.60922		0
1.082		1.60764		0
1.083		1.60606		0
1.084		1.60449		0
1.085		1.60292		0
1.086		1.60135		0
1.087		1.59978		0
1.088		1.59822		0
1.089		1.59666		0
1.09		1.5951		0
1.091		1.59355		0
1.092		1.592		0
1.093		1.59045		0
1.094		1.5889		0
1.095		1.58736		0
1.096		1.58582		0
1.097		1.58428		0
1.098		1.58275		0
1.099		1.58122		0
1.1		1.57969		0
1.101		1.57816		0
1.102		1.57664		0
1.103		1.57512		0
1.104		1.5736		0
1.105		1.57209		0
1.106		1.57057		0
1.107		1.56906		0
1.108		1.56756		0
1.109		1.56605		0
1.11		1.56455		0
1.111		1.56305		0
1.112		1.56156		0
1.113		1.56007		0
1.114		1.55858		0
1.115		1.55709		0
1.116		1.5556		0
1.117		1.55412		0
1.118		1.55264		0
1.119		1.55116		0
1.12		1.54969		0
1.121		1.54822		0
1.122		1.54675		0
1.123		1.54528		0
1.124		1.54382		0
1.125		1.54236		0
1.126		1.5409		0
1.127		1.53944		0
1.128		1.53799		0
1.129		1.53654		0
1.13		1.53509		0
1.131		1.53365		0
1.132		1.5322		0
1.133		1.53076		0
1.134		1.52932		0
1.135		1.52789		0
1.136		1.52646		0
1.137		1.52503		0
1.138		1.5236		0
1.139		1.52217		0
1.14		1.52075		0
1.141		1.51933		0
1.142		1.51791		0
1.143		1.5165		0
1.144		1.51508		0
1.145		1.51367		0
1.146		1.51227		0
1.147		1.51086		0
1.148		1.50946		0
1.149		1.50806		0
1.15		1.50666		0
1.151		1.50526		0
1.152		1.50387		0
1.153		1.50248		0
1.154		1.50109		0
1.155		1.49971		0
1.156		1.49832		0
1.157		1.49694		0
1.158		1.49556		0
1.159		1.49419		0
1.16		1.49281		0
1.161		1.49144		0
1.162		1.49007		0
1.163		1.48871		0
1.164		1.48734		0
1.165		1.48598		0
1.166		1.48462		0
1.167		1.48326		0
1.168		1.48191		0
1.169		1.48056		0
1.17		1.47921		0
1.171		1.47786		0
1.172		1.47651		0
1.173		1.47517		0
1.174		1.47383		0
1.175		1.47249		0
1.176		1.47115		0
1.177		1.46982		0
1.178		1.46849		0
1.179		1.46716		0
1.18		1.46583		0
1.181		1.4645		0
1.182		1.46318		0
1.183		1.46186		0
1.184		1.46054		0
1.185		1.45923		0
1.186		1.45791		0
1.187		1.4566		0
1.188		1.45529		0
1.189		1.45398		0
1.19		1.45268		0
1.191		1.45138		0
1.192		1.45007		0
1.193		1.44878		0
1.194		1.44748		0
1.195		1.44619		0
1.196		1.44489		0
1.197		1.4436		0
1.198		1.44232		0
1.199		1.44103		0
1.2		1.43975		0
1.201		1.43847		0
1.202		1.43719		0
1.203		1.43591		0
1.204		1.43464		0
1.205		1.43336		0
1.206		1.43209		0
1.207		1.43083		0
1.208		1.42956		0
1.209		1.4283		0
1.21		1.42703		0
1.211		1.42577		0
1.212		1.42452		0
1.213		1.42326		0
1.214		1.42201		0
1.215		1.42075		0
1.216		1.41951		0
1.217		1.41826		0
1.218		1.41701		0
1.219		1.41577		0
1.22		1.41453		0
1.221		1.41329		0
1.222		1.41205		0
1.223		1.41082		0
1.224		1.40958		0
1.225		1.40835		0
1.226		1.40712		0
1.227		1.4059		0
1.228		1.40467		0
1.229		1.40345		0
1.23		1.40223		0
1.231		1.40101		0
1.232		1.39979		0
1.233		1.39858		0
1.234		1.39736		0
1.235		1.39615		0
1.236		1.39494		0
1.237		1.39374		0
1.238		1.39253		0
1.239		1.39133		0
1.24		1.39013		0
1.241		1.38893		0
1.242		1.38773		0
1.243		1.38653		0
1.244		1.38534		0
1.245		1.38415		0
1.246		1.38296		0
1.247		1.38177		0
1.248		1.38059		0
1.249		1.3794		0
1.25		1.37822		0
1.251		1.37704		0
1.252		1.37586		0
1.253		1.37469		0
1.254		1.37351		0
1.255		1.37234		0
1.256		1.37117		0
1.257		1.37		0
1.258		1.36883		0
1.259		1.36767		0
1.26		1.3665		0
1.261		1.36534		0
1.262		1.36418		0
1.263		1.36303		0
1.264		1.36187		0
1.265		1.36072		0
1.266		1.35956		0
1.267		1.35841		0
1.268		1.35727		0
1.269		1.35612		0
1.27		1.35497		0
1.271		1.35383		0
1.272		1.35269		0
1.273		1.35155		0
1.274		1.35041		0
1.275		1.34928		0
1.276		1.34814		0
1.277		1.34701		0
1.278		1.34588		0
1.279		1.34475		0
1.28		1.34363		0
1.281		1.3425		0
1.282		1.34138		0
1.283		1.34026		0
1.284		1.33914		0
1.285		1.33802		0
1.286		1.3369		0
1.287		1.33579		0
1.288		1.33468		0
1.289		1.33356		0
1.29		1.33246		0
1.291		1.33135		0
1.292		1.33024		0
1.293		1.32914		0
1.294		1.32804		0
1.295		1.32694		0
1.296		1.32584		0
1.297		1.32474		0
1.298		1.32364		0
1.299		1.32255		0
1.3		1.32146		0
1.301		1.32037		0
1.302		1.31928		0
1.303		1.31819		0
1.304		1.31711		0
1.305		1.31602		0
1.306		1.31494		0
1.307		1.31386		0
1.308		1.31278		0
1.309		1.3117		0
1.31		1.31063		0
1.311		1.30956		0
1.312		1.30848		0
1.313		1.30741		0
1.314		1.30634		0
1.315		1.30528		0
1.316		1.30421		0
1.317		1.30315		0
1.318		1.30209		0
1.319		1.30103		0
1.32		1.29997		0
1.321		1.29891		0
1.322		1.29785		0
1.323		1.2968		0
1.324		1.29575		0
1.325		1.2947		0
1.326		1.29365		0
1.327		1.2926		0
1.328		1.29155		0
1.329		1.29051		0
1.33		1.28947		0
1.331		1.28842		0
1.332		1.28738		0
1.333		1.28635		0
1.334		1.28531		0
1.335		1.28427		0
1.336		1.28324		0
1.337		1.28221		0
1.338		1.28118		0
1.339		1.28015		0
1.34		1.27912		0
1.341		1.2781		0
1.342		1.27707		0
1.343		1.27605		0
1.344		1.27503		0
1.345		1.27401		0
1.346		1.27299		0
1.347		1.27197		0
1.348		1.27096		0
1.349		1.26995		0
1.35		1.26893		0
1.351		1.26792		0
1.352		1.26692		0
1.353		1.26591		0
1.354		1.2649		0
1.355		1.2639		0
1.356		1.26289		0
1.357		1.26189		0
1.358		1.26089		0
1.359		1.25989		0
1.36		1.2589		0
1.361		1.2579		0
1.362		1.25691		0
1.363		1.25592		0
1.364		1.25492		0
1.365		1.25394		0
1.366		1.25295		0
1.367		1.25196		0
1.368		1.25098		0
1.369		1.24999		0
1.37		1.24901		0
1.371		1.24803		0
1.372		1.24705		0
1.373		1.24607		0
1.374		1.24509		0
1.375		1.24412		0
1.376		1.24315		0
1.377		1.24217		0
1.378		1.2412		0
1.379		1.24023		0
1.38		1.23927		0
1.381		1.2383		0
1.382		1.23733		0
1.383		1.23637		0
1.384		1.23541		0
1.385		1.23445		0
1.386		1.23349		0
1.387		1.23253		0
1.388		1.23157		0
1.389		1.23062		0
1.39		1.22966		0
1.391		1.22871		0
1.392		1.22776		0
1.393		1.22681		0
1.394		1.22586		0
1.395		1.22491		0
1.396		1.22397		0
1.397		1.22302		0
1.398		1.22208		0
1.399		1.22114		0
1.4		1.2202		0
1.401		1.21926		0
1.402		1.21832		0
1.403		1.21739		0
1.404		1.21645		0
1.405		1.21552		0
1.406		1.21459		0
1.407		1.21366		0
1.408		1.21273		0
1.409		1.2118		0
1.41		1.21087		0
1.411		1.20995		0
1.412		1.20902		0
1.413		1.2081		0
1.414		1.20718		0
1.415		1.20626		0
1.416		1.20534		0
1.417		1.20442		0
1.418		1.20351		0
1.419		1.20259		0
1.42		1.20168		0
1.421		1.20076		0
1.422		1.19985		0
1.423		1.19894		0
1.424		1.19804		0
1.425		1.19713		0
1.426		1.19622		0
1.427		1.19532		0
1.428		1.19442		0
1.429		1.19351		0
1.43		1.19261		0
1.431		1.19171		0
1.432		1.19081		0
1.433		1.18992		0
1.434		1.18902		0
1.435		1.18813		0
1.436		1.18724		0
1.437		1.18634		0
1.438		1.18545		0
1.439		1.18456		0
1.44		1.18368		0
1.441		1.18279		0
1.442		1.1819		0
1.443		1.18102		0
1.444		1.18014		0
1.445		1.17925		0
1.446		1.17837		0
1.447		1.17749		0
1.448		1.17662		0
1.449		1.17574		0
1.45		1.17486		0
1.451		1.17399		0
1.452		1.17312		0
1.453		1.17224		0
1.454		1.17137		0
1.455		1.1705		0
1.456		1.16963		0
1.457		1.16877		0
1.458		1.1679		0
1.459		1.16704		0
1.46		1.16617		0
1.461		1.16531		0
1.462		1.16445		0
1.463		1.16359		0
1.464		1.16273		0
1.465		1.16187		0
1.466		1.16102		0
1.467		1.16016		0
1.468		1.15931		0
1.469		1.15846		0
1.47		1.1576		0
1.471		1.15675		0
1.472		1.1559		0
1.473		1.15506		0
1.474		1.15421		0
1.475		1.15336		0
1.476		1.15252		0
1.477		1.15167		0
1.478		1.15083		0
1.479		1.14999		0
1.48		1.14915		0
1.481		1.14831		0
1.482		1.14747		0
1.483		1.14664		0
1.484		1.1458		0
1.485		1.14497		0
1.486		1.14413		0
1.487		1.1433		0
1.488		1.14247		0
1.489		1.14164		0
1.49		1.14081		0
1.491		1.13999		0
1.492		1.13916		0
1.493		1.13833		0
1.494		1.13751		0
1.495		1.13669		0
1.496		1.13587		0
1.497		1.13504		0
1.498		1.13423		0
1.499		1.13341		0
1.5		1.13259		0
1.501		1.13177		0
1.502		1.13096		0
1.503		1.13014		0
1.504		1.12933		0
1.505		1.12852		0
1.506		1.12771		0
1.507		1.1269		0
1.508		1.12609		0
1.509		1.12528		0
1.51		1.12448		0
1.511		1.12367		0
1.512		1.12287		0
1.513		1.12206		0
1.514		1.12126		0
1.515		1.12046		0
1.516		1.11966		0
1.517		1.11886		0
1.518		1.11806		0
1.519		1.11727		0
1.52		1.11647		0
1.521		1.11568		0
1.522		1.11488		0
1.523		1.11409		0
1.524		1.1133		0
1.525		1.11251		0
1.526		1.11172		0
1.527		1.11093		0
1.528		1.11014		0
1.529		1.10936		0
1.53		1.10857		0
1.531		1.10779		0
1.532		1.107		0
1.533		1.10622		0
1.534		1.10544		0
1.535		1.10466		0
1.536		1.10388		0
1.537		1.1031		0
1.538		1.10233		0
1.539		1.10155		0
1.54		1.10078		0
1.541		1.1		0
1.542		1.09923		0
1.543		1.09846		0
1.544		1.09769		0
1.545		1.09692		0
1.546		1.09615		0
1.547		1.09538		0
1.548		1.09461		0
1.549		1.09385		0
1.55		1.09308		0
1.551		1.09232		0
1.552		1.09156		0
1.553		1.0908		0
1.554		1.09003		0
1.555		1.08927		0
1.556		1.08852		0
1.557		1.08776		0
1.558		1.087		0
1.559		1.08625		0
1.56		1.08549		0
1.561		1.08474		0
1.562		1.08398		0
1.563		1.08323		0
1.564		1.08248		0
1.565		1.08173		0
1.566		1.08098		0
1.567		1.08024		0
1.568		1.07949		0
1.569		1.07874		0
1.57		1.078		0
1.571		1.07725		0
1.572		1.07651		0
1.573		1.07577		0
1.574		1.07503		0
1.575		1.07429		0
1.576		1.07355		0
1.577		1.07281		0
1.578		1.07207		0
1.579		1.07134		0
1.58		1.0706		0
1.581		1.06987		0
1.582		1.06913		0
1.583		1.0684		0
1.584		1.06767		0
1.585		1.06694		0
1.586		1.06621		0
1.587		1.06548		0
1.588		1.06475		0
1.589		1.06402		0
1.59		1.0633		0
1.591		1.06257		0
1.592		1.06185		0
1.593		1.06112		0
1.594		1.0604		0
1.595		1.05968		0
1.596		1.05896		0
1.597		1.05824		0
1.598		1.05752		0
1.599		1.0568		0
1.6		1.05609		0
1.601		1.05537		0
1.602		1.05466		0
1.603		1.05394		0
1.604		1.05323		0
1.605		1.05252		0
1.606		1.05181		0
1.607		1.0511		0
1.608		1.05039		0
1.609		1.04968		0
1.61		1.04897		0
1.611		1.04826		0
1.612		1.04756		0
1.613		1.04685		0
1.614		1.04615		0
1.615		1.04544		0
1.616		1.04474		0
1.617		1.04404		0
1.618		1.04334		0
1.619		1.04264		0
1.62		1.04194		0
1.621		1.04124		0
1.622		1.04055		0
1.623		1.03985		0
1.624		1.03915		0
1.625		1.03846		0
1.626		1.03777		0
1.627		1.03707		0
1.628		1.03638		0
1.629		1.03569		0
1.63		1.035		0
1.631		1.03431		0
1.632		1.03362		0
1.633		1.03294		0
1.634		1.03225		0
1.635		1.03156		0
1.636		1.03088		0
1.637		1.03019		0
1.638		1.02951		0
1.639		1.02883		0
1.64		1.02815		0
1.641		1.02747		0
1.642		1.02679		0
1.643		1.02611		0
1.644		1.02543		0
1.645		1.02475		0
1.646		1.02407		0
1.647		1.0234		0
1.648		1.02272		0
1.649		1.02205		0
1.65		1.02138		0
1.651		1.0207		0
1.652		1.02003		0
1.653		1.01936		0
1.654		1.01869		0
1.655		1.01802		0
1.656		1.01736		0
1.657		1.01669		0
1.658		1.01602		0
1.659		1.01536		0
1.66		1.01469		0
1.661		1.01403		0
1.662		1.01336		0
1.663		1.0127		0
1.664		1.01204		0
1.665		1.01138		0
1.666		1.01072		0
1.667		1.01006		0
1.668		1.0094		0
1.669		1.00874		0
1.67		1.00809		0
1.671		1.00743		0
1.672		1.00678		0
1.673		1.00612		0
1.674		1.00547		0
1.675		1.00481		0
1.676		1.00416		0
1.677		1.00351		0
1.678		1.00286		0
1.679		1.00221		0
1.68		1.00156		0
1.681		1.00091		0
1.682		1.00027		0
1.683		0.999621		0
1.684		0.998975		0
1.685		0.99833		0
1.686		0.997686		0
1.687		0.997043		0
1.688		0.9964		0
1.689		0.995758		0
1.69		0.995117		0
1.691		0.994477		0
1.692		0.993838		0
1.693		0.993199		0
1.694		0.992561		0
1.695		0.991924		0
1.696		0.991288		0
1.697		0.990652		0
1.698		0.990017		0
1.699		0.989383		0
1.7		0.98875		0
1.701		0.988117		0
1.702		0.987486		0
1.703		0.986855		0
1.704		0.986224		0
1.705		0.985595		0
1.706		0.984966		0
1.707		0.984338		0
1.708		0.983711		0
1.709		0.983084		0
1.71		0.982459		0
1.711		0.981834		0
1.712		0.981209		0
1.713		0.980586		0
1.714		0.979963		0
1.715		0.979341		0
1.716		0.97872		0
1.717		0.978099		0
1.718		0.97748		0
1.719		0.976861		0
1.72		0.976242		0
1.721		0.975625		0
1.722		0.975008		0
1.723		0.974392		0
1.724		0.973776		0
1.725		0.973162		0
1.726		0.972548		0
1.727		0.971935		0
1.728		0.971322		0
1.729		0.97071		0
1.73		0.970099		0
1.731		0.969489		0
1.732		0.96888		0
1.733		0.968271		0
1.734		0.967663		0
1.735		0.967055		0
1.736		0.966449		0
1.737		0.965843		0
1.738		0.965237		0
1.739		0.964633		0
1.74		0.964029		0
1.741		0.963426		0
1.742		0.962823		0
1.743		0.962222		0
1.744		0.961621		0
1.745		0.96102		0
1.746		0.960421		0
1.747		0.959822		0
1.748		0.959224		0
1.749		0.958626		0
1.75		0.95803		0
1.751		0.957434		0
1.752		0.956838		0
1.753		0.956243		0
1.754		0.95565		0
1.755		0.955056		0
1.756		0.954464		0
1.757		0.953872		0
1.758		0.953281		0
1.759		0.95269		0
1.76		0.9521		0
1.761		0.951511		0
1.762		0.950923		0
1.763		0.950335		0
1.764		0.949748		0
1.765		0.949161		0
1.766		0.948576		0
1.767		0.94799		0
1.768		0.947406		0
1.769		0.946822		0
1.77		0.946239		0
1.771		0.945657		0
1.772		0.945075		0
1.773		0.944494		0
1.774		0.943914		0
1.775		0.943334		0
1.776		0.942755		0
1.777		0.942177		0
1.778		0.9416		0
1.779		0.941023		0
1.78		0.940446		0
1.781		0.939871		0
1.782		0.939296		0
1.783		0.938721		0
1.784		0.938148		0
1.785		0.937575		0
1.786		0.937002		0
1.787		0.936431		0
1.788		0.93586		0
1.789		0.935289		0
1.79		0.934719		0
1.791		0.93415		0
1.792		0.933582		0
1.793		0.933014		0
1.794		0.932447		0
1.795		0.931881		0
1.796		0.931315		0
1.797		0.93075		0
1.798		0.930185		0
1.799		0.929621		0
1.8		0.929058		0
1.801		0.928495		0
1.802		0.927934		0
1.803		0.927372		0
1.804		0.926812		0
1.805		0.926252		0
1.806		0.925692		0
1.807		0.925133		0
1.808		0.924575		0
1.809		0.924018		0
1.81		0.923461		0
1.811		0.922905		0
1.812		0.922349		0
1.813		0.921794		0
1.814		0.92124		0
1.815		0.920686		0
1.816		0.920133		0
1.817		0.919581		0
1.818		0.919029		0
1.819		0.918478		0
1.82		0.917927		0
1.821		0.917377		0
1.822		0.916828		0
1.823		0.916279		0
1.824		0.915731		0
1.825		0.915183		0
1.826		0.914637		0
1.827		0.91409		0
1.828		0.913545		0
1.829		0.913		0
1.83		0.912455		0
1.831		0.911911		0
1.832		0.911368		0
1.833		0.910826		0
1.834		0.910284		0
1.835		0.909742		0
1.836		0.909202		0
1.837		0.908661		0
1.838		0.908122		0
1.839		0.907583		0
1.84		0.907045		0
1.841		0.906507		0
1.842		0.90597		0
1.843		0.905433		0
1.844		0.904897		0
1.845		0.904362		0
1.846		0.903827		0
1.847		0.903293		0
1.848		0.902759		0
1.849		0.902227		0
1.85		0.901694		0
1.851		0.901162		0
1.852		0.900631		0
1.853		0.900101		0
1.854		0.899571		0
1.855		0.899041		0
1.856		0.898512		0
1.857		0.897984		0
1.858		0.897456		0
1.859		0.896929		0
1.86		0.896403		0
1.861		0.895877		0
1.862		0.895352		0
1.863		0.894827		0
1.864		0.894303		0
1.865		0.893779		0
1.866		0.893256		0
1.867		0.892734		0
1.868		0.892212		0
1.869		0.891691		0
1.87		0.89117		0
1.871		0.89065		0
1.872		0.89013		0
1.873		0.889611		0
1.874		0.889093		0
1.875		0.888575		0
1.876		0.888058		0
1.877		0.887541		0
1.878		0.887025		0
1.879		0.886509		0
1.88		0.885994		0
1.881		0.88548		0
1.882		0.884966		0
1.883		0.884453		0
1.884		0.88394		0
1.885		0.883428		0
1.886		0.882916		0
1.887		0.882405		0
1.888		0.881894		0
1.889		0.881384		0
1.89		0.880875		0
1.891		0.880366		0
1.892		0.879858		0
1.893		0.87935		0
1.894		0.878843		0
1.895		0.878336		0
1.896		0.87783		0
1.897		0.877325		0
1.898		0.87682		0
1.899		0.876315		0
1.9		0.875811		0
1.901		0.875308		0
1.902		0.874805		0
1.903		0.874303		0
1.904		0.873801		0
1.905		0.8733		0
1.906		0.872799		0
1.907		0.872299		0
1.908		0.8718		0
1.909		0.871301		0
1.91		0.870802		0
1.911		0.870304		0
1.912		0.869807		0
1.913		0.86931		0
1.914		0.868814		0
1.915		0.868318		0
1.916		0.867823		0
1.917		0.867328		0
1.918		0.866834		0
1.919		0.86634		0
1.92		0.865847		0
1.921		0.865355		0
1.922		0.864862		0
1.923		0.864371		0
1.924		0.86388		0
1.925		0.863389		0
1.926		0.8629		0
1.927		0.86241		0
1.928		0.861921		0
1.929		0.861433		0
1.93		0.860945		0
1.931		0.860458		0
1.932		0.859971		0
1.933		0.859484		0
1.934		0.858999		0
1.935		0.858513		0
1.936		0.858029		0
1.937		0.857544		0
1.938		0.857061		0
1.939		0.856578		0
1.94		0.856095		0
1.941		0.855613		0
1.942		0.855131		0
1.943		0.85465		0
1.944		0.854169		0
1.945		0.853689		0
1.946		0.85321		0
1.947		0.85273		0
1.948		0.852252		0
1.949		0.851774		0
1.95		0.851296		0
1.951		0.850819		0
1.952		0.850342		0
1.953		0.849866		0
1.954		0.849391		0
1.955		0.848916		0
1.956		0.848441		0
1.957		0.847967		0
1.958		0.847494		0
1.959		0.847021		0
1.96		0.846548		0
1.961		0.846076		0
1.962		0.845604		0
1.963		0.845133		0
1.964		0.844663		0
1.965		0.844193		0
1.966		0.843723		0
1.967		0.843254		0
1.968		0.842785		0
1.969		0.842317		0
1.97		0.84185		0
1.971		0.841383		0
1.972		0.840916		0
1.973		0.84045		0
1.974		0.839984		0
1.975		0.839519		0
1.976		0.839054		0
1.977		0.83859		0
1.978		0.838126		0
1.979		0.837663		0
1.98		0.8372		0
1.981		0.836738		0
1.982		0.836276		0
1.983		0.835815		0
1.984		0.835354		0
1.985		0.834894		0
1.986		0.834434		0
1.987		0.833975		0
1.988		0.833516		0
1.989		0.833057		0
1.99		0.832599		0
1.991		0.832142		0
1.992		0.831685		0
1.993		0.831228		0
1.994		0.830772		0
1.995		0.830317		0
1.996		0.829862		0
1.997		0.829407		0
1.998		0.828953		0
1.999		0.828499		0
2		0.828046		0
2.001		0.827593		0
2.002		0.827141		0
2.003		0.826689		0
2.004		0.826238		0
2.005		0.825787		0
2.006		0.825337		0
2.007		0.824887		0
2.008		0.824437		0
2.009		0.823988		0
2.01		0.823539		0
2.011		0.823091		0
2.012		0.822644		0
2.013		0.822197		0
2.014		0.82175		0
2.015		0.821304		0
2.016		0.820858		0
2.017		0.820412		0
2.018		0.819968		0
2.019		0.819523		0
2.02		0.819079		0
2.021		0.818636		0
2.022		0.818193		0
2.023		0.81775		0
2.024		0.817308		0
2.025		0.816866		0
2.026		0.816425		0
2.027		0.815984		0
2.028		0.815544		0
2.029		0.815104		0
2.03		0.814664		0
2.031		0.814225		0
2.032		0.813787		0
2.033		0.813349		0
2.034		0.812911		0
2.035		0.812474		0
2.036		0.812037		0
2.037		0.811601		0
2.038		0.811165		0
2.039		0.810729		0
2.04		0.810294		0
2.041		0.80986		0
2.042		0.809426		0
2.043		0.808992		0
2.044		0.808559		0
2.045		0.808126		0
2.046		0.807693		0
2.047		0.807262		0
2.048		0.80683		0
2.049		0.806399		0
2.05		0.805968		0
2.051		0.805538		0
2.052		0.805108		0
2.053		0.804679		0
2.054		0.80425		0
2.055		0.803822		0
2.056		0.803394		0
2.057		0.802966		0
2.058		0.802539		0
2.059		0.802112		0
2.06		0.801686		0
2.061		0.80126		0
2.062		0.800835		0
2.063		0.80041		0
2.064		0.799985		0
2.065		0.799561		0
2.066		0.799137		0
2.067		0.798714		0
2.068		0.798291		0
2.069		0.797869		0
2.07		0.797447		0
2.071		0.797025		0
2.072		0.796604		0
2.073		0.796183		0
2.074		0.795763		0
2.075		0.795343		0
2.076		0.794923		0
2.077		0.794504		0
2.078		0.794086		0
2.079		0.793667		0
2.08		0.793249		0
2.081		0.792832		0
2.082		0.792415		0
2.083		0.791998		0
2.084		0.791582		0
2.085		0.791167		0
2.086		0.790751		0
2.087		0.790336		0
2.088		0.789922		0
2.089		0.789508		0
2.09		0.789094		0
2.091		0.788681		0
2.092		0.788268		0
2.093		0.787855		0
2.094		0.787443		0
2.095		0.787032		0
2.096		0.78662		0
2.097		0.78621		0
2.098		0.785799		0
2.099		0.785389		0
2.1		0.784979		0
2.101		0.78457		0
2.102		0.784161		0
2.103		0.783753		0
2.104		0.783345		0
2.105		0.782937		0
2.106		0.78253		0
2.107		0.782123		0
2.108		0.781717		0
2.109		0.781311		0
2.11		0.780905		0
2.111		0.7805		0
2.112		0.780096		0
2.113		0.779691		0
2.114		0.779287		0
2.115		0.778884		0
2.116		0.77848		0
2.117		0.778077		0
2.118		0.777675		0
2.119		0.777273		0
2.12		0.776871		0
2.121		0.77647		0
2.122		0.776069		0
2.123		0.775669		0
2.124		0.775269		0
2.125		0.774869		0
2.126		0.77447		0
2.127		0.774071		0
2.128		0.773673		0
2.129		0.773274		0
2.13		0.772877		0
2.131		0.772479		0
2.132		0.772082		0
2.133		0.771686		0
2.134		0.77129		0
2.135		0.770894		0
2.136		0.770499		0
2.137		0.770103		0
2.138		0.769709		0
2.139		0.769315		0
2.14		0.768921		0
2.141		0.768527		0
2.142		0.768134		0
2.143		0.767741		0
2.144		0.767349		0
2.145		0.766957		0
2.146		0.766566		0
2.147		0.766174		0
2.148		0.765784		0
2.149		0.765393		0
2.15		0.765003		0
2.151		0.764613		0
2.152		0.764224		0
2.153		0.763835		0
2.154		0.763447		0
2.155		0.763058		0
2.156		0.762671		0
2.157		0.762283		0
2.158		0.761896		0
2.159		0.761509		0
2.16		0.761123		0
2.161		0.760737		0
2.162		0.760352		0
2.163		0.759966		0
2.164		0.759581		0
2.165		0.759197		0
2.166		0.758813		0
2.167		0.758429		0
2.168		0.758046		0
2.169		0.757663		0
2.17		0.75728		0
2.171		0.756898		0
2.172		0.756516		0
2.173		0.756135		0
2.174		0.755753		0
2.175		0.755373		0
2.176		0.754992		0
2.177		0.754612		0
2.178		0.754232		0
2.179		0.753853		0
2.18		0.753474		0
2.181		0.753095		0
2.182		0.752717		0
2.183		0.752339		0
2.184		0.751962		0
2.185		0.751585		0
2.186		0.751208		0
2.187		0.750831		0
2.188		0.750455		0
2.189		0.750079		0
2.19		0.749704		0
2.191		0.749329		0
2.192		0.748954		0
2.193		0.74858		0
2.194		0.748206		0
2.195		0.747833		0
2.196		0.747459		0
2.197		0.747086		0
2.198		0.746714		0
2.199		0.746342		0
2.2		0.74597		0
2.201		0.745598		0
2.202		0.745227		0
2.203		0.744856		0
2.204		0.744486		0
2.205		0.744116		0
2.206		0.743746		0
2.207		0.743377		0
2.208		0.743008		0
2.209		0.742639		0
2.21		0.742271		0
2.211		0.741903		0
2.212		0.741535		0
2.213		0.741168		0
2.214		0.740801		0
2.215		0.740434		0
2.216		0.740068		0
2.217		0.739702		0
2.218		0.739336		0
2.219		0.738971		0
2.22		0.738606		0
2.221		0.738242		0
2.222		0.737877		0
2.223		0.737514		0
2.224		0.73715		0
2.225		0.736787		0
2.226		0.736424		0
2.227		0.736062		0
2.228		0.735699		0
2.229		0.735338		0
2.23		0.734976		0
2.231		0.734615		0
2.232		0.734254		0
2.233		0.733894		0
2.234		0.733533		0
2.235		0.733174		0
2.236		0.732814		0
2.237		0.732455		0
2.238		0.732096		0
2.239		0.731738		0
2.24		0.73138		0
2.241		0.731022		0
2.242		0.730664		0
2.243		0.730307		0
2.244		0.72995		0
2.245		0.729594		0
2.246		0.729238		0
2.247		0.728882		0
2.248		0.728526		0
2.249		0.728171		0
2.25		0.727817		0
2.251		0.727462		0
2.252		0.727108		0
2.253		0.726754		0
2.254		0.726401		0
2.255		0.726047		0
2.256		0.725694		0
2.257		0.725342		0
2.258		0.72499		0
2.259		0.724638		0
2.26		0.724286		0
2.261		0.723935		0
2.262		0.723584		0
2.263		0.723234		0
2.264		0.722883		0
2.265		0.722533		0
2.266		0.722184		0
2.267		0.721834		0
2.268		0.721485		0
2.269		0.721137		0
2.27		0.720788		0
2.271		0.72044		0
2.272		0.720093		0
2.273		0.719745		0
2.274		0.719398		0
2.275		0.719052		0
2.276		0.718705		0
2.277		0.718359		0
2.278		0.718013		0
2.279		0.717668		0
2.28		0.717323		0
2.281		0.716978		0
2.282		0.716633		0
2.283		0.716289		0
2.284		0.715945		0
2.285		0.715602		0
2.286		0.715258		0
2.287		0.714915		0
2.288		0.714573		0
2.289		0.71423		0
2.29		0.713888		0
2.291		0.713547		0
2.292		0.713205		0
2.293		0.712864		0
2.294		0.712524		0
2.295		0.712183		0
2.296		0.711843		0
2.297		0.711503		0
2.298		0.711164		0
2.299		0.710824		0
2.3		0.710485		0
2.301		0.710147		0
2.302		0.709808		0
2.303		0.70947		0
2.304		0.709133		0
2.305		0.708795		0
2.306		0.708458		0
2.307		0.708122		0
2.308		0.707785		0
2.309		0.707449		0
2.31		0.707113		0
2.311		0.706778		0
2.312		0.706442		0
2.313		0.706107		0
2.314		0.705773		0
2.315		0.705438		0
2.316		0.705104		0
2.317		0.704771		0
2.318		0.704437		0
2.319		0.704104		0
2.32		0.703771		0
2.321		0.703439		0
2.322		0.703106		0
2.323		0.702774		0
2.324		0.702443		0
2.325		0.702111		0
2.326		0.70178		0
2.327		0.70145		0
2.328		0.701119		0
2.329		0.700789		0
2.33		0.700459		0
2.331		0.70013		0
2.332		0.6998		0
2.333		0.699471		0
2.334		0.699143		0
2.335		0.698814		0
2.336		0.698486		0
2.337		0.698158		0
2.338		0.697831		0
2.339		0.697504		0
2.34		0.697177		0
2.341		0.69685		0
2.342		0.696524		0
2.343		0.696198		0
2.344		0.695872		0
2.345		0.695547		0
2.346		0.695221		0
2.347		0.694896		0
2.348		0.694572		0
2.349		0.694248		0
2.35		0.693924		0
2.351		0.6936		0
2.352		0.693276		0
2.353		0.692953		0
2.354		0.69263		0
2.355		0.692308		0
2.356		0.691985		0
2.357		0.691663		0
2.358		0.691342		0
2.359		0.69102		0
2.36		0.690699		0
2.361		0.690378		0
2.362		0.690058		0
2.363		0.689737		0
2.364		0.689417		0
2.365		0.689098		0
2.366		0.688778		0
2.367		0.688459		0
2.368		0.68814		0
2.369		0.687821		0
2.37		0.687503		0
2.371		0.687185		0
2.372		0.686867		0
2.373		0.68655		0
2.374		0.686233		0
2.375		0.685916		0
2.376		0.685599		0
2.377		0.685283		0
2.378		0.684967		0
2.379		0.684651		0
2.38		0.684335		0
2.381		0.68402		0
2.382		0.683705		0
2.383		0.68339		0
2.384		0.683076		0
2.385		0.682762		0
2.386		0.682448		0
2.387		0.682134		0
2.388		0.681821		0
2.389		0.681508		0
2.39		0.681195		0
2.391		0.680883		0
2.392		0.68057		0
2.393		0.680258		0
2.394		0.679947		0
2.395		0.679635		0
2.396		0.679324		0
2.397		0.679013		0
2.398		0.678703		0
2.399		0.678392		0
2.4		0.678082		0
2.401		0.677773		0
2.402		0.677463		0
2.403		0.677154		0
2.404		0.676845		0
2.405		0.676536		0
2.406		0.676228		0
2.407		0.675919		0
2.408		0.675612		0
2.409		0.675304		0
2.41		0.674997		0
2.411		0.674689		0
2.412		0.674383		0
2.413		0.674076		0
2.414		0.67377		0
2.415		0.673464		0
2.416		0.673158		0
2.417		0.672852		0
2.418		0.672547		0
2.419		0.672242		0
2.42		0.671938		0
2.421		0.671633		0
2.422		0.671329		0
2.423		0.671025		0
2.424		0.670721		0
2.425		0.670418		0
2.426		0.670115		0
2.427		0.669812		0
2.428		0.669509		0
2.429		0.669207		0
2.43		0.668905		0
2.431		0.668603		0
2.432		0.668301		0
2.433		0.668		0
2.434		0.667699		0
2.435		0.667398		0
2.436		0.667098		0
2.437		0.666797		0
2.438		0.666497		0
2.439		0.666198		0
2.44		0.665898		0
2.441		0.665599		0
2.442		0.6653		0
2.443		0.665001		0
2.444		0.664703		0
2.445		0.664405		0
2.446		0.664107		0
2.447		0.663809		0
2.448		0.663511		0
2.449		0.663214		0
2.45		0.662917		0
2.451		0.662621		0
2.452		0.662324		0
2.453		0.662028		0
2.454		0.661732		0
2.455		0.661436		0
2.456		0.661141		0
2.457		0.660846		0
2.458		0.660551		0
2.459		0.660256		0
2.46		0.659962		0
2.461		0.659667		0
2.462		0.659374		0
2.463		0.65908		0
2.464		0.658786		0
2.465		0.658493		0
2.466		0.6582		0
2.467		0.657908		0
2.468		0.657615		0
2.469		0.657323		0
2.47		0.657031		0
2.471		0.656739		0
2.472		0.656448		0
2.473		0.656157		0
2.474		0.655866		0
2.475		0.655575		0
2.476		0.655285		0
2.477		0.654995		0
2.478		0.654705		0
2.479		0.654415		0
2.48		0.654125		0
2.481		0.653836		0
2.482		0.653547		0
2.483		0.653258		0
2.484		0.65297		0
2.485		0.652682		0
2.486		0.652394		0
2.487		0.652106		0
2.488		0.651818		0
2.489		0.651531		0
2.49		0.651244		0
2.491		0.650957		0
2.492		0.650671		0
2.493		0.650385		0
2.494		0.650098		0
2.495		0.649813		0
2.496		0.649527		0
2.497		0.649242		0
2.498		0.648957		0
2.499		0.648672		0
2.5		0.648387		0
2.501		0.648103		0
2.502		0.647819		0
2.503		0.647535		0
2.504		0.647251		0
2.505		0.646968		0
2.506		0.646684		0
2.507		0.646401		0
2.508		0.646119		0
2.509		0.645836		0
2.51		0.645554		0
2.511		0.645272		0
2.512		0.64499		0
2.513		0.644709		0
2.514		0.644427		0
2.515		0.644146		0
2.516		0.643865		0
2.517		0.643585		0
2.518		0.643304		0
2.519		0.643024		0
2.52		0.642744		0
2.521		0.642465		0
2.522		0.642185		0
2.523		0.641906		0
2.524		0.641627		0
2.525		0.641348		0
2.526		0.64107		0
2.527		0.640791		0
2.528		0.640513		0
2.529		0.640236		0
2.53		0.639958		0
2.531		0.639681		0
2.532		0.639403		0
2.533		0.639127		0
2.534		0.63885		0
2.535		0.638573		0
2.536		0.638297		0
2.537		0.638021		0
2.538		0.637745		0
2.539		0.63747		0
2.54		0.637195		0
2.541		0.63692		0
2.542		0.636645		0
2.543		0.63637		0
2.544		0.636096		0
2.545		0.635822		0
2.546		0.635548		0
2.547		0.635274		0
2.548		0.635		0
2.549		0.634727		0
2.55		0.634454		0
2.551		0.634181		0
2.552		0.633909		0
2.553		0.633636		0
2.554		0.633364		0
2.555		0.633092		0
2.556		0.632821		0
2.557		0.632549		0
2.558		0.632278		0
2.559		0.632007		0
2.56		0.631736		0
2.561		0.631465		0
2.562		0.631195		0
2.563		0.630925		0
2.564		0.630655		0
2.565		0.630385		0
2.566		0.630116		0
2.567		0.629847		0
2.568		0.629578		0
2.569		0.629309		0
2.57		0.62904		0
2.571		0.628772		0
2.572		0.628504		0
2.573		0.628236		0
2.574		0.627968		0
2.575		0.6277		0
2.576		0.627433		0
2.577		0.627166		0
2.578		0.626899		0
2.579		0.626633		0
2.58		0.626366		0
2.581		0.6261		0
2.582		0.625834		0
2.583		0.625568		0
2.584		0.625303		0
2.585		0.625037		0
2.586		0.624772		0
2.587		0.624507		0
2.588		0.624243		0
2.589		0.623978		0
2.59		0.623714		0
2.591		0.62345		0
2.592		0.623186		0
2.593		0.622922		0
2.594		0.622659		0
2.595		0.622396		0
2.596		0.622133		0
2.597		0.62187		0
2.598		0.621608		0
2.599		0.621345		0
2.6		0.621083		0
2.601		0.620821		0
2.602		0.62056		0
2.603		0.620298		0
2.604		0.620037		0
2.605		0.619776		0
2.606		0.619515		0
2.607		0.619254		0
2.608		0.618994		0
2.609		0.618734		0
2.61		0.618474		0
2.611		0.618214		0
2.612		0.617954		0
2.613		0.617695		0
2.614		0.617436		0
2.615		0.617177		0
2.616		0.616918		0
2.617		0.616659		0
2.618		0.616401		0
2.619		0.616143		0
2.62		0.615885		0
2.621		0.615627		0
2.622		0.61537		0
2.623		0.615112		0
2.624		0.614855		0
2.625		0.614598		0
2.626		0.614342		0
2.627		0.614085		0
2.628		0.613829		0
2.629		0.613573		0
2.63		0.613317		0
2.631		0.613061		0
2.632		0.612806		0
2.633		0.61255		0
2.634		0.612295		0
2.635		0.612041		0
2.636		0.611786		0
2.637		0.611531		0
2.638		0.611277		0
2.639		0.611023		0
2.64		0.610769		0
2.641		0.610516		0
2.642		0.610262		0
2.643		0.610009		0
2.644		0.609756		0
2.645		0.609503		0
2.646		0.609251		0
2.647		0.608998		0
2.648		0.608746		0
2.649		0.608494		0
2.65		0.608242		0
2.651		0.60799		0
2.652		0.607739		0
2.653		0.607488		0
2.654		0.607237		0
2.655		0.606986		0
2.656		0.606735		0
2.657		0.606485		0
2.658		0.606235		0
2.659		0.605985		0
2.66		0.605735		0
2.661		0.605485		0
2.662		0.605236		0
2.663		0.604986		0
2.664		0.604737		0
2.665		0.604488		0
2.666		0.60424		0
2.667		0.603991		0
2.668		0.603743		0
2.669		0.603495		0
2.67		0.603247		0
2.671		0.602999		0
2.672		0.602752		0
2.673		0.602505		0
2.674		0.602258		0
2.675		0.602011		0
2.676		0.601764		0
2.677		0.601517		0
2.678		0.601271		0
2.679		0.601025		0
2.68		0.600779		0
2.681		0.600533		0
2.682		0.600288		0
2.683		0.600042		0
2.684		0.599797		0
2.685		0.599552		0
2.686		0.599308		0
2.687		0.599063		0
2.688		0.598819		0
2.689		0.598574		0
2.69		0.59833		0
2.691		0.598087		0
2.692		0.597843		0
2.693		0.597599		0
2.694		0.597356		0
2.695		0.597113		0
2.696		0.59687		0
2.697		0.596628		0
2.698		0.596385		0
2.699		0.596143		0
2.7		0.595901		0
2.701		0.595659		0
2.702		0.595417		0
2.703		0.595175		0
2.704		0.594934		0
2.705		0.594693		0
2.706		0.594452		0
2.707		0.594211		0
2.708		0.593971		0
2.709		0.59373		0
2.71		0.59349		0
2.711		0.59325		0
2.712		0.59301		0
2.713		0.59277		0
2.714		0.592531		0
2.715		0.592292		0
2.716		0.592052		0
2.717		0.591813		0
2.718		0.591575		0
2.719		0.591336		0
2.72		0.591098		0
2.721		0.59086		0
2.722		0.590622		0
2.723		0.590384		0
2.724		0.590146		0
2.725		0.589909		0
2.726		0.589671		0
2.727		0.589434		0
2.728		0.589197		0
2.729		0.588961		0
2.73		0.588724		0
2.731		0.588488		0
2.732		0.588252		0
2.733		0.588016		0
2.734		0.58778		0
2.735		0.587544		0
2.736		0.587309		0
2.737		0.587073		0
2.738		0.586838		0
2.739		0.586603		0
2.74		0.586369		0
2.741		0.586134		0
2.742		0.5859		0
2.743		0.585666		0
2.744		0.585432		0
2.745		0.585198		0
2.746		0.584964		0
2.747		0.584731		0
2.748		0.584497		0
2.749		0.584264		0
2.75		0.584031		0
2.751		0.583799		0
2.752		0.583566		0
2.753		0.583334		0
2.754		0.583101		0
2.755		0.582869		0
2.756		0.582638		0
2.757		0.582406		0
2.758		0.582174		0
2.759		0.581943		0
2.76		0.581712		0
2.761		0.581481		0
2.762		0.58125		0
2.763		0.581019		0
2.764		0.580789		0
2.765		0.580559		0
2.766		0.580329		0
2.767		0.580099		0
2.768		0.579869		0
2.769		0.579639		0
2.77		0.57941		0
2.771		0.579181		0
2.772		0.578952		0
2.773		0.578723		0
2.774		0.578494		0
2.775		0.578266		0
2.776		0.578037		0
2.777		0.577809		0
2.778		0.577581		0
2.779		0.577353		0
2.78		0.577126		0
2.781		0.576898		0
2.782		0.576671		0
2.783		0.576444		0
2.784		0.576217		0
2.785		0.57599		0
2.786		0.575763		0
2.787		0.575537		0
2.788		0.57531		0
2.789		0.575084		0
2.79		0.574858		0
2.791		0.574633		0
2.792		0.574407		0
2.793		0.574182		0
2.794		0.573956		0
2.795		0.573731		0
2.796		0.573506		0
2.797		0.573281		0
2.798		0.573057		0
2.799		0.572832		0
2.8		0.572608		0
2.801		0.572384		0
2.802		0.57216		0
2.803		0.571937		0
2.804		0.571713		0
2.805		0.57149		0
2.806		0.571266		0
2.807		0.571043		0
2.808		0.57082		0
2.809		0.570598		0
2.81		0.570375		0
2.811		0.570153		0
2.812		0.56993		0
2.813		0.569708		0
2.814		0.569486		0
2.815		0.569265		0
2.816		0.569043		0
2.817		0.568822		0
2.818		0.5686		0
2.819		0.568379		0
2.82		0.568159		0
2.821		0.567938		0
2.822		0.567717		0
2.823		0.567497		0
2.824		0.567277		0
2.825		0.567056		0
2.826		0.566837		0
2.827		0.566617		0
2.828		0.566397		0
2.829		0.566178		0
2.83		0.565959		0
2.831		0.565739		0
2.832		0.56552		0
2.833		0.565302		0
2.834		0.565083		0
2.835		0.564865		0
2.836		0.564646		0
2.837		0.564428		0
2.838		0.56421		0
2.839		0.563992		0
2.84		0.563775		0
2.841		0.563557		0
2.842		0.56334		0
2.843		0.563123		0
2.844		0.562906		0
2.845		0.562689		0
2.846		0.562472		0
2.847		0.562256		0
2.848		0.56204		0
2.849		0.561823		0
2.85		0.561607		0
2.851		0.561391		0
2.852		0.561176		0
2.853		0.56096		0
2.854		0.560745		0
2.855		0.56053		0
2.856		0.560315		0
2.857		0.5601		0
2.858		0.559885		0
2.859		0.55967		0
2.86		0.559456		0
2.861		0.559242		0
2.862		0.559027		0
2.863		0.558813		0
2.864		0.5586		0
2.865		0.558386		0
2.866		0.558173		0
2.867		0.557959		0
2.868		0.557746		0
2.869		0.557533		0
2.87		0.55732		0
2.871		0.557107		0
2.872		0.556895		0
2.873		0.556683		0
2.874		0.55647		0
2.875		0.556258		0
2.876		0.556046		0
2.877		0.555834		0
2.878		0.555623		0
2.879		0.555411		0
2.88		0.5552		0
2.881		0.554989		0
2.882		0.554778		0
2.883		0.554567		0
2.884		0.554356		0
2.885		0.554146		0
2.886		0.553936		0
2.887		0.553725		0
2.888		0.553515		0
2.889		0.553305		0
2.89		0.553096		0
2.891		0.552886		0
2.892		0.552676		0
2.893		0.552467		0
2.894		0.552258		0
2.895		0.552049		0
2.896		0.55184		0
2.897		0.551631		0
2.898		0.551423		0
2.899		0.551215		0
2.9		0.551006		0
2.901		0.550798		0
2.902		0.55059		0
2.903		0.550383		0
2.904		0.550175		0
2.905		0.549967		0
2.906		0.54976		0
2.907		0.549553		0
2.908		0.549346		0
2.909		0.549139		0
2.91		0.548932		0
2.911		0.548726		0
2.912		0.548519		0
2.913		0.548313		0
2.914		0.548107		0
2.915		0.547901		0
2.916		0.547695		0
2.917		0.547489		0
2.918		0.547284		0
2.919		0.547078		0
2.92		0.546873		0
2.921		0.546668		0
2.922		0.546463		0
2.923		0.546258		0
2.924		0.546054		0
2.925		0.545849		0
2.926		0.545645		0
2.927		0.545441		0
2.928		0.545237		0
2.929		0.545033		0
2.93		0.544829		0
2.931		0.544625		0
2.932		0.544422		0
2.933		0.544219		0
2.934		0.544015		0
2.935		0.543812		0
2.936		0.543609		0
2.937		0.543407		0
2.938		0.543204		0
2.939		0.543002		0
2.94		0.542799		0
2.941		0.542597		0
2.942		0.542395		0
2.943		0.542193		0
2.944		0.541992		0
2.945		0.54179		0
2.946		0.541589		0
2.947		0.541387		0
2.948		0.541186		0
2.949		0.540985		0
2.95		0.540784		0
2.951		0.540584		0
2.952		0.540383		0
2.953		0.540183		0
2.954		0.539982		0
2.955		0.539782		0
2.956		0.539582		0
2.957		0.539382		0
2.958		0.539183		0
2.959		0.538983		0
2.96		0.538784		0
2.961		0.538584		0
2.962		0.538385		0
2.963		0.538186		0
2.964		0.537987		0
2.965		0.537789		0
2.966		0.53759		0
2.967		0.537392		0
2.968		0.537193		0
2.969		0.536995		0
2.97		0.536797		0
2.971		0.536599		0
2.972		0.536402		0
2.973		0.536204		0
2.974		0.536007		0
2.975		0.535809		0
2.976		0.535612		0
2.977		0.535415		0
2.978		0.535218		0
2.979		0.535022		0
2.98		0.534825		0
2.981		0.534628		0
2.982		0.534432		0
2.983		0.534236		0
2.984		0.53404		0
2.985		0.533844		0
2.986		0.533648		0
2.987		0.533453		0
2.988		0.533257		0
2.989		0.533062		0
2.99		0.532867		0
2.991		0.532671		0
2.992		0.532477		0
2.993		0.532282		0
2.994		0.532087		0
2.995		0.531893		0
2.996		0.531698		0
2.997		0.531504		0
2.998		0.53131		0
2.999		0.531116		0
3		0.530922		0
