0.001		9427.89		0
0.002		4118.16		0
0.003		2450.35		0
0.004		1664.98		0
0.005		1222.64		0
0.006		946.054		0
0.007		760.551		0
0.008		629.578		0
0.009		533.339		0
0.01		460.31		0
0.011		403.398		0
0.012		358.045		0
0.013		321.208		0
0.014		290.792		0
0.015		265.318		0
0.016		243.714		0
0.017		225.19		0
0.018		209.15		0
0.019		195.14		0
0.02		182.805		0
0.021		171.869		0
0.022		162.111		0
0.023		153.354		0
0.024		145.452		0
0.025		138.287		0
0.026		131.763		0
0.027		125.796		0
0.028		120.32		0
0.029		115.276		0
0.03		110.615		0
0.031		106.295		0
0.032		102.28		0
0.033		98.539		0
0.034		95.0447		0
0.035		91.7735		0
0.036		88.7048		0
0.037		85.8203		0
0.038		83.1039		0
0.039		80.5415		0
0.04		78.1203		0
0.041		75.8291		0
0.042		73.6576		0
0.043		71.5969		0
0.044		69.6388		0
0.045		67.7758		0
0.046		66.0013		0
0.047		64.3092		0
0.048		62.694		0
0.049		61.1507		0
0.05		59.6745		0
0.051		58.2614		0
0.052		56.9075		0
0.053		55.6092		0
0.054		54.3633		0
0.055		53.1666		0
0.056		52.0165		0
0.057		50.9104		0
0.058		49.8457		0
0.059		48.8205		0
0.06		47.8324		0
0.061		46.8797		0
0.062		45.9606		0
0.063		45.0733		0
0.064		44.2163		0
0.065		43.3881		0
0.066		42.5874		0
0.067		41.8128		0
0.068		41.0632		0
0.069		40.3374		0
0.07		39.6343		0
0.071		38.953		0
0.072		38.2925		0
0.073		37.6518		0
0.074		37.0302		0
0.075		36.4268		0
0.076		35.8409		0
0.077		35.2718		0
0.078		34.7188		0
0.079		34.1812		0
0.08		33.6585		0
0.081		33.15		0
0.082		32.6552		0
0.083		32.1737		0
0.084		31.7048		0
0.085		31.2481		0
0.086		30.8032		0
0.087		30.3696		0
0.088		29.947		0
0.089		29.5349		0
0.09		29.133		0
0.091		28.7409		0
0.092		28.3582		0
0.093		27.9847		0
0.094		27.6201		0
0.095		27.264		0
0.096		26.9161		0
0.097		26.5762		0
0.098		26.2441		0
0.099		25.9194		0
0.1		25.602		0
0.101		25.2916		0
0.102		24.988		0
0.103		24.6909		0
0.104		24.4002		0
0.105		24.1157		0
0.106		23.8372		0
0.107		23.5645		0
0.108		23.2975		0
0.109		23.0359		0
0.11		22.7797		0
0.111		22.5286		0
0.112		22.2825		0
0.113		22.0412		0
0.114		21.8048		0
0.115		21.5729		0
0.116		21.3455		0
0.117		21.1224		0
0.118		20.9035		0
0.119		20.6888		0
0.12		20.4781		0
0.121		20.2713		0
0.122		20.0683		0
0.123		19.8689		0
0.124		19.6732		0
0.125		19.481		0
0.126		19.2922		0
0.127		19.1067		0
0.128		18.9244		0
0.129		18.7454		0
0.13		18.5694		0
0.131		18.3964		0
0.132		18.2264		0
0.133		18.0592		0
0.134		17.8948		0
0.135		17.7331		0
0.136		17.5741		0
0.137		17.4177		0
0.138		17.2639		0
0.139		17.1125		0
0.14		16.9636		0
0.141		16.817		0
0.142		16.6727		0
0.143		16.5307		0
0.144		16.3909		0
0.145		16.2532		0
0.146		16.1177		0
0.147		15.9842		0
0.148		15.8528		0
0.149		15.7233		0
0.15		15.5958		0
0.151		15.4702		0
0.152		15.3464		0
0.153		15.2244		0
0.154		15.1042		0
0.155		14.9857		0
0.156		14.869		0
0.157		14.7539		0
0.158		14.6404		0
0.159		14.5286		0
0.16		14.4183		0
0.161		14.3096		0
0.162		14.2023		0
0.163		14.0965		0
0.164		13.9922		0
0.165		13.8893		0
0.166		13.7878		0
0.167		13.6876		0
0.168		13.5888		0
0.169		13.4913		0
0.17		13.3951		0
0.171		13.3002		0
0.172		13.2064		0
0.173		13.1139		0
0.174		13.0226		0
0.175		12.9325		0
0.176		12.8435		0
0.177		12.7557		0
0.178		12.6689		0
0.179		12.5833		0
0.18		12.4987		0
0.181		12.4151		0
0.182		12.3326		0
0.183		12.2511		0
0.184		12.1706		0
0.185		12.0911		0
0.186		12.0125		0
0.187		11.9349		0
0.188		11.8582		0
0.189		11.7825		0
0.19		11.7076		0
0.191		11.6336		0
0.192		11.5604		0
0.193		11.4882		0
0.194		11.4167		0
0.195		11.3461		0
0.196		11.2763		0
0.197		11.2073		0
0.198		11.1391		0
0.199		11.0716		0
0.2		11.0049		0
0.201		10.939		0
0.202		10.8738		0
0.203		10.8093		0
0.204		10.7455		0
0.205		10.6824		0
0.206		10.62		0
0.207		10.5583		0
0.208		10.4973		0
0.209		10.4369		0
0.21		10.3772		0
0.211		10.3181		0
0.212		10.2596		0
0.213		10.2018		0
0.214		10.1445		0
0.215		10.0879		0
0.216		10.0319		0
0.217		9.9764		0
0.218		9.92151		0
0.219		9.86719		0
0.22		9.81343		0
0.221		9.76022		0
0.222		9.70754		0
0.223		9.65541		0
0.224		9.60379		0
0.225		9.5527		0
0.226		9.50212		0
0.227		9.45204		0
0.228		9.40245		0
0.229		9.35336		0
0.23		9.30475		0
0.231		9.25661		0
0.232		9.20895		0
0.233		9.16174		0
0.234		9.115		0
0.235		9.0687		0
0.236		9.02285		0
0.237		8.97743		0
0.238		8.93245		0
0.239		8.88789		0
0.24		8.84376		0
0.241		8.80004		0
0.242		8.75672		0
0.243		8.71382		0
0.244		8.67131		0
0.245		8.62919		0
0.246		8.58746		0
0.247		8.54611		0
0.248		8.50515		0
0.249		8.46455		0
0.25		8.42433		0
0.251		8.38446		0
0.252		8.34496		0
0.253		8.30581		0
0.254		8.26701		0
0.255		8.22855		0
0.256		8.19044		0
0.257		8.15266		0
0.258		8.11521		0
0.259		8.0781		0
0.26		8.0413		0
0.261		8.00483		0
0.262		7.96867		0
0.263		7.93283		0
0.264		7.89729		0
0.265		7.86206		0
0.266		7.82713		0
0.267		7.79249		0
0.268		7.75815		0
0.269		7.7241		0
0.27		7.69034		0
0.271		7.65686		0
0.272		7.62366		0
0.273		7.59073		0
0.274		7.55808		0
0.275		7.5257		0
0.276		7.49359		0
0.277		7.46174		0
0.278		7.43015		0
0.279		7.39881		0
0.28		7.36774		0
0.281		7.33691		0
0.282		7.30633		0
0.283		7.276		0
0.284		7.24591		0
0.285		7.21606		0
0.286		7.18645		0
0.287		7.15707		0
0.288		7.12793		0
0.289		7.09901		0
0.29		7.07033		0
0.291		7.04186		0
0.292		7.01362		0
0.293		6.9856		0
0.294		6.95779		0
0.295		6.9302		0
0.296		6.90282		0
0.297		6.87565		0
0.298		6.84869		0
0.299		6.82194		0
0.3		6.79538		0
0.301		6.76903		0
0.302		6.74288		0
0.303		6.71692		0
0.304		6.69116		0
0.305		6.66559		0
0.306		6.64021		0
0.307		6.61502		0
0.308		6.59001		0
0.309		6.56519		0
0.31		6.54055		0
0.311		6.51609		0
0.312		6.49181		0
0.313		6.46771		0
0.314		6.44378		0
0.315		6.42003		0
0.316		6.39644		0
0.317		6.37303		0
0.318		6.34978		0
0.319		6.3267		0
0.32		6.30378		0
0.321		6.28103		0
0.322		6.25843		0
0.323		6.236		0
0.324		6.21372		0
0.325		6.1916		0
0.326		6.16964		0
0.327		6.14782		0
0.328		6.12616		0
0.329		6.10465		0
0.33		6.08329		0
0.331		6.06207		0
0.332		6.041		0
0.333		6.02007		0
0.334		5.99929		0
0.335		5.97864		0
0.336		5.95814		0
0.337		5.93778		0
0.338		5.91755		0
0.339		5.89746		0
0.34		5.8775		0
0.341		5.85767		0
0.342		5.83798		0
0.343		5.81842		0
0.344		5.79899		0
0.345		5.77968		0
0.346		5.76051		0
0.347		5.74146		0
0.348		5.72253		0
0.349		5.70372		0
0.35		5.68504		0
0.351		5.66648		0
0.352		5.64804		0
0.353		5.62972		0
0.354		5.61152		0
0.355		5.59343		0
0.356		5.57546		0
0.357		5.5576		0
0.358		5.53985		0
0.359		5.52222		0
0.36		5.5047		0
0.361		5.48729		0
0.362		5.46999		0
0.363		5.4528		0
0.364		5.43571		0
0.365		5.41873		0
0.366		5.40186		0
0.367		5.38509		0
0.368		5.36842		0
0.369		5.35186		0
0.37		5.3354		0
0.371		5.31903		0
0.372		5.30277		0
0.373		5.28661		0
0.374		5.27055		0
0.375		5.25458		0
0.376		5.23871		0
0.377		5.22293		0
0.378		5.20725		0
0.379		5.19166		0
0.38		5.17617		0
0.381		5.16077		0
0.382		5.14546		0
0.383		5.13024		0
0.384		5.11511		0
0.385		5.10007		0
0.386		5.08511		0
0.387		5.07025		0
0.388		5.05547		0
0.389		5.04078		0
0.39		5.02617		0
0.391		5.01165		0
0.392		4.99721		0
0.393		4.98285		0
0.394		4.96858		0
0.395		4.95439		0
0.396		4.94028		0
0.397		4.92625		0
0.398		4.9123		0
0.399		4.89843		0
0.4		4.88463		0
0.401		4.87092		0
0.402		4.85728		0
0.403		4.84372		0
0.404		4.83023		0
0.405		4.81682		0
0.406		4.80349		0
0.407		4.79023		0
0.408		4.77704		0
0.409		4.76392		0
0.41		4.75088		0
0.411		4.73791		0
0.412		4.72501		0
0.413		4.71218		0
0.414		4.69942		0
0.415		4.68672		0
0.416		4.6741		0
0.417		4.66155		0
0.418		4.64906		0
0.419		4.63664		0
0.42		4.62429		0
0.421		4.61201		0
0.422		4.59978		0
0.423		4.58763		0
0.424		4.57554		0
0.425		4.56351		0
0.426		4.55155		0
0.427		4.53965		0
0.428		4.52781		0
0.429		4.51603		0
0.43		4.50432		0
0.431		4.49267		0
0.432		4.48107		0
0.433		4.46954		0
0.434		4.45807		0
0.435		4.44666		0
0.436		4.4353		0
0.437		4.42401		0
0.438		4.41277		0
0.439		4.40159		0
0.44		4.39046		0
0.441		4.3794		0
0.442		4.36839		0
0.443		4.35743		0
0.444		4.34653		0
0.445		4.33569		0
0.446		4.3249		0
0.447		4.31416		0
0.448		4.30348		0
0.449		4.29285		0
0.45		4.28227		0
0.451		4.27175		0
0.452		4.26128		0
0.453		4.25086		0
0.454		4.24049		0
0.455		4.23017		0
0.456		4.21991		0
0.457		4.20969		0
0.458		4.19952		0
0.459		4.18941		0
0.46		4.17934		0
0.461		4.16932		0
0.462		4.15935		0
0.463		4.14943		0
0.464		4.13955		0
0.465		4.12973		0
0.466		4.11995		0
0.467		4.11021		0
0.468		4.10053		0
0.469		4.09088		0
0.47		4.08129		0
0.471		4.07174		0
0.472		4.06224		0
0.473		4.05278		0
0.474		4.04336		0
0.475		4.03399		0
0.476		4.02466		0
0.477		4.01538		0
0.478		4.00614		0
0.479		3.99694		0
0.48		3.98779		0
0.481		3.97868		0
0.482		3.9696		0
0.483		3.96058		0
0.484		3.95159		0
0.485		3.94264		0
0.486		3.93374		0
0.487		3.92488		0
0.488		3.91605		0
0.489		3.90727		0
0.49		3.89852		0
0.491		3.88982		0
0.492		3.88115		0
0.493		3.87253		0
0.494		3.86394		0
0.495		3.85539		0
0.496		3.84688		0
0.497		3.83841		0
0.498		3.82998		0
0.499		3.82158		0
0.5		3.81322		0
0.501		3.80489		0
0.502		3.79661		0
0.503		3.78836		0
0.504		3.78015		0
0.505		3.77197		0
0.506		3.76383		0
0.507		3.75572		0
0.508		3.74765		0
0.509		3.73961		0
0.51		3.73161		0
0.511		3.72365		0
0.512		3.71571		0
0.513		3.70782		0
0.514		3.69995		0
0.515		3.69212		0
0.516		3.68432		0
0.517		3.67656		0
0.518		3.66883		0
0.519		3.66113		0
0.52		3.65347		0
0.521		3.64584		0
0.522		3.63824		0
0.523		3.63067		0
0.524		3.62313		0
0.525		3.61563		0
0.526		3.60815		0
0.527		3.60071		0
0.528		3.5933		0
0.529		3.58592		0
0.53		3.57857		0
0.531		3.57125		0
0.532		3.56396		0
0.533		3.55671		0
0.534		3.54948		0
0.535		3.54228		0
0.536		3.53511		0
0.537		3.52797		0
0.538		3.52086		0
0.539		3.51378		0
0.54		3.50672		0
0.541		3.4997		0
0.542		3.4927		0
0.543		3.48574		0
0.544		3.4788		0
0.545		3.47188		0
0.546		3.465		0
0.547		3.45814		0
0.548		3.45131		0
0.549		3.44451		0
0.55		3.43774		0
0.551		3.43099		0
0.552		3.42427		0
0.553		3.41758		0
0.554		3.41091		0
0.555		3.40427		0
0.556		3.39765		0
0.557		3.39106		0
0.558		3.3845		0
0.559		3.37796		0
0.56		3.37145		0
0.561		3.36496		0
0.562		3.3585		0
0.563		3.35206		0
0.564		3.34565		0
0.565		3.33926		0
0.566		3.3329		0
0.567		3.32656		0
0.568		3.32025		0
0.569		3.31396		0
0.57		3.30769		0
0.571		3.30145		0
0.572		3.29524		0
0.573		3.28904		0
0.574		3.28287		0
0.575		3.27672		0
0.576		3.2706		0
0.577		3.2645		0
0.578		3.25842		0
0.579		3.25237		0
0.58		3.24634		0
0.581		3.24033		0
0.582		3.23434		0
0.583		3.22837		0
0.584		3.22243		0
0.585		3.21651		0
0.586		3.21061		0
0.587		3.20474		0
0.588		3.19888		0
0.589		3.19305		0
0.59		3.18724		0
0.591		3.18144		0
0.592		3.17568		0
0.593		3.16993		0
0.594		3.1642		0
0.595		3.15849		0
0.596		3.15281		0
0.597		3.14714		0
0.598		3.1415		0
0.599		3.13587		0
0.6		3.13027		0
0.601		3.12469		0
0.602		3.11912		0
0.603		3.11358		0
0.604		3.10806		0
0.605		3.10255		0
0.606		3.09707		0
0.607		3.0916		0
0.608		3.08616		0
0.609		3.08073		0
0.61		3.07532		0
0.611		3.06994		0
0.612		3.06457		0
0.613		3.05922		0
0.614		3.05389		0
0.615		3.04858		0
0.616		3.04328		0
0.617		3.03801		0
0.618		3.03275		0
0.619		3.02751		0
0.62		3.02229		0
0.621		3.01709		0
0.622		3.01191		0
0.623		3.00674		0
0.624		3.00159		0
0.625		2.99646		0
0.626		2.99135		0
0.627		2.98625		0
0.628		2.98118		0
0.629		2.97611		0
0.63		2.97107		0
0.631		2.96605		0
0.632		2.96104		0
0.633		2.95604		0
0.634		2.95107		0
0.635		2.94611		0
0.636		2.94117		0
0.637		2.93625		0
0.638		2.93134		0
0.639		2.92645		0
0.64		2.92157		0
0.641		2.91671		0
0.642		2.91187		0
0.643		2.90704		0
0.644		2.90223		0
0.645		2.89744		0
0.646		2.89266		0
0.647		2.8879		0
0.648		2.88315		0
0.649		2.87842		0
0.65		2.8737		0
0.651		2.869		0
0.652		2.86432		0
0.653		2.85965		0
0.654		2.85499		0
0.655		2.85036		0
0.656		2.84573		0
0.657		2.84112		0
0.658		2.83653		0
0.659		2.83195		0
0.66		2.82739		0
0.661		2.82284		0
0.662		2.8183		0
0.663		2.81378		0
0.664		2.80928		0
0.665		2.80479		0
0.666		2.80031		0
0.667		2.79585		0
0.668		2.7914		0
0.669		2.78697		0
0.67		2.78255		0
0.671		2.77814		0
0.672		2.77375		0
0.673		2.76937		0
0.674		2.76501		0
0.675		2.76066		0
0.676		2.75632		0
0.677		2.752		0
0.678		2.74769		0
0.679		2.74339		0
0.68		2.73911		0
0.681		2.73484		0
0.682		2.73059		0
0.683		2.72635		0
0.684		2.72212		0
0.685		2.7179		0
0.686		2.7137		0
0.687		2.70951		0
0.688		2.70533		0
0.689		2.70117		0
0.69		2.69702		0
0.691		2.69288		0
0.692		2.68875		0
0.693		2.68464		0
0.694		2.68054		0
0.695		2.67645		0
0.696		2.67237		0
0.697		2.66831		0
0.698		2.66426		0
0.699		2.66022		0
0.7		2.6562		0
0.701		2.65218		0
0.702		2.64818		0
0.703		2.64419		0
0.704		2.64021		0
0.705		2.63625		0
0.706		2.63229		0
0.707		2.62835		0
0.708		2.62442		0
0.709		2.6205		0
0.71		2.61659		0
0.711		2.6127		0
0.712		2.60881		0
0.713		2.60494		0
0.714		2.60108		0
0.715		2.59723		0
0.716		2.59339		0
0.717		2.58957		0
0.718		2.58575		0
0.719		2.58195		0
0.72		2.57815		0
0.721		2.57437		0
0.722		2.5706		0
0.723		2.56684		0
0.724		2.56309		0
0.725		2.55935		0
0.726		2.55563		0
0.727		2.55191		0
0.728		2.54821		0
0.729		2.54451		0
0.73		2.54083		0
0.731		2.53715		0
0.732		2.53349		0
0.733		2.52984		0
0.734		2.52619		0
0.735		2.52256		0
0.736		2.51894		0
0.737		2.51533		0
0.738		2.51173		0
0.739		2.50814		0
0.74		2.50456		0
0.741		2.50099		0
0.742		2.49743		0
0.743		2.49388		0
0.744		2.49034		0
0.745		2.48681		0
0.746		2.48329		0
0.747		2.47978		0
0.748		2.47628		0
0.749		2.47279		0
0.75		2.46931		0
0.751		2.46584		0
0.752		2.46238		0
0.753		2.45893		0
0.754		2.45549		0
0.755		2.45206		0
0.756		2.44863		0
0.757		2.44522		0
0.758		2.44182		0
0.759		2.43842		0
0.76		2.43504		0
0.761		2.43166		0
0.762		2.4283		0
0.763		2.42494		0
0.764		2.42159		0
0.765		2.41825		0
0.766		2.41492		0
0.767		2.4116		0
0.768		2.40829		0
0.769		2.40499		0
0.77		2.40169		0
0.771		2.39841		0
0.772		2.39513		0
0.773		2.39187		0
0.774		2.38861		0
0.775		2.38536		0
0.776		2.38212		0
0.777		2.37889		0
0.778		2.37567		0
0.779		2.37245		0
0.78		2.36925		0
0.781		2.36605		0
0.782		2.36286		0
0.783		2.35968		0
0.784		2.35651		0
0.785		2.35335		0
0.786		2.35019		0
0.787		2.34705		0
0.788		2.34391		0
0.789		2.34078		0
0.79		2.33766		0
0.791		2.33454		0
0.792		2.33144		0
0.793		2.32834		0
0.794		2.32525		0
0.795		2.32217		0
0.796		2.3191		0
0.797		2.31604		0
0.798		2.31298		0
0.799		2.30993		0
0.8		2.30689		0
0.801		2.30386		0
0.802		2.30083		0
0.803		2.29782		0
0.804		2.29481		0
0.805		2.29181		0
0.806		2.28881		0
0.807		2.28583		0
0.808		2.28285		0
0.809		2.27988		0
0.81		2.27692		0
0.811		2.27396		0
0.812		2.27101		0
0.813		2.26807		0
0.814		2.26514		0
0.815		2.26221		0
0.816		2.2593		0
0.817		2.25639		0
0.818		2.25348		0
0.819		2.25059		0
0.82		2.2477		0
0.821		2.24482		0
0.822		2.24195		0
0.823		2.23908		0
0.824		2.23622		0
0.825		2.23337		0
0.826		2.23052		0
0.827		2.22769		0
0.828		2.22486		0
0.829		2.22203		0
0.83		2.21922		0
0.831		2.21641		0
0.832		2.2136		0
0.833		2.21081		0
0.834		2.20802		0
0.835		2.20524		0
0.836		2.20246		0
0.837		2.1997		0
0.838		2.19694		0
0.839		2.19418		0
0.84		2.19143		0
0.841		2.18869		0
0.842		2.18596		0
0.843		2.18323		0
0.844		2.18051		0
0.845		2.1778		0
0.846		2.17509		0
0.847		2.17239		0
0.848		2.1697		0
0.849		2.16701		0
0.85		2.16433		0
0.851		2.16166		0
0.852		2.15899		0
0.853		2.15633		0
0.854		2.15367		0
0.855		2.15102		0
0.856		2.14838		0
0.857		2.14575		0
0.858		2.14312		0
0.859		2.14049		0
0.86		2.13788		0
0.861		2.13527		0
0.862		2.13266		0
0.863		2.13007		0
0.864		2.12747		0
0.865		2.12489		0
0.866		2.12231		0
0.867		2.11974		0
0.868		2.11717		0
0.869		2.11461		0
0.87		2.11205		0
0.871		2.1095		0
0.872		2.10696		0
0.873		2.10442		0
0.874		2.10189		0
0.875		2.09937		0
0.876		2.09685		0
0.877		2.09434		0
0.878		2.09183		0
0.879		2.08933		0
0.88		2.08683		0
0.881		2.08434		0
0.882		2.08186		0
0.883		2.07938		0
0.884		2.07691		0
0.885		2.07444		0
0.886		2.07198		0
0.887		2.06953		0
0.888		2.06708		0
0.889		2.06464		0
0.89		2.0622		0
0.891		2.05977		0
0.892		2.05734		0
0.893		2.05492		0
0.894		2.0525		0
0.895		2.05009		0
0.896		2.04769		0
0.897		2.04529		0
0.898		2.0429		0
0.899		2.04051		0
0.9		2.03813		0
0.901		2.03575		0
0.902		2.03338		0
0.903		2.03101		0
0.904		2.02865		0
0.905		2.02629		0
0.906		2.02394		0
0.907		2.0216		0
0.908		2.01926		0
0.909		2.01693		0
0.91		2.0146		0
0.911		2.01227		0
0.912		2.00995		0
0.913		2.00764		0
0.914		2.00533		0
0.915		2.00303		0
0.916		2.00073		0
0.917		1.99844		0
0.918		1.99615		0
0.919		1.99387		0
0.92		1.99159		0
0.921		1.98932		0
0.922		1.98705		0
0.923		1.98479		0
0.924		1.98254		0
0.925		1.98028		0
0.926		1.97804		0
0.927		1.97579		0
0.928		1.97356		0
0.929		1.97133		0
0.93		1.9691		0
0.931		1.96688		0
0.932		1.96466		0
0.933		1.96245		0
0.934		1.96024		0
0.935		1.95803		0
0.936		1.95584		0
0.937		1.95364		0
0.938		1.95145		0
0.939		1.94927		0
0.94		1.94709		0
0.941		1.94492		0
0.942		1.94275		0
0.943		1.94058		0
0.944		1.93842		0
0.945		1.93627		0
0.946		1.93412		0
0.947		1.93197		0
0.948		1.92983		0
0.949		1.92769		0
0.95		1.92556		0
0.951		1.92343		0
0.952		1.92131		0
0.953		1.91919		0
0.954		1.91708		0
0.955		1.91497		0
0.956		1.91286		0
0.957		1.91076		0
0.958		1.90867		0
0.959		1.90658		0
0.96		1.90449		0
0.961		1.90241		0
0.962		1.90033		0
0.963		1.89825		0
0.964		1.89618		0
0.965		1.89412		0
0.966		1.89206		0
0.967		1.89		0
0.968		1.88795		0
0.969		1.8859		0
0.97		1.88386		0
0.971		1.88182		0
0.972		1.87979		0
0.973		1.87776		0
0.974		1.87573		0
0.975		1.87371		0
0.976		1.87169		0
0.977		1.86968		0
0.978		1.86767		0
0.979		1.86566		0
0.98		1.86366		0
0.981		1.86166		0
0.982		1.85967		0
0.983		1.85768		0
0.984		1.8557		0
0.985		1.85372		0
0.986		1.85174		0
0.987		1.84977		0
0.988		1.8478		0
0.989		1.84584		0
0.99		1.84388		0
0.991		1.84192		0
0.992		1.83997		0
0.993		1.83802		0
0.994		1.83608		0
0.995		1.83414		0
0.996		1.8322		0
0.997		1.83027		0
0.998		1.82834		0
0.999		1.82642		0
1		1.8245		0
1.001		1.82258		0
1.002		1.82067		0
1.003		1.81876		0
1.004		1.81686		0
1.005		1.81496		0
1.006		1.81306		0
1.007		1.81117		0
1.008		1.80928		0
1.009		1.80739		0
1.01		1.80551		0
1.011		1.80363		0
1.012		1.80176		0
1.013		1.79989		0
1.014		1.79802		0
1.015		1.79616		0
1.016		1.7943		0
1.017		1.79244		0
1.018		1.79059		0
1.019		1.78874		0
1.02		1.7869		0
1.021		1.78506		0
1.022		1.78322		0
1.023		1.78139		0
1.024		1.77956		0
1.025		1.77773		0
1.026		1.77591		0
1.027		1.77409		0
1.028		1.77228		0
1.029		1.77047		0
1.03		1.76866		0
1.031		1.76685		0
1.032		1.76505		0
1.033		1.76326		0
1.034		1.76146		0
1.035		1.75967		0
1.036		1.75788		0
1.037		1.7561		0
1.038		1.75432		0
1.039		1.75255		0
1.04		1.75077		0
1.041		1.749		0
1.042		1.74724		0
1.043		1.74547		0
1.044		1.74372		0
1.045		1.74196		0
1.046		1.74021		0
1.047		1.73846		0
1.048		1.73671		0
1.049		1.73497		0
1.05		1.73323		0
1.051		1.7315		0
1.052		1.72977		0
1.053		1.72804		0
1.054		1.72631		0
1.055		1.72459		0
1.056		1.72287		0
1.057		1.72116		0
1.058		1.71944		0
1.059		1.71773		0
1.06		1.71603		0
1.061		1.71433		0
1.062		1.71263		0
1.063		1.71093		0
1.064		1.70924		0
1.065		1.70755		0
1.066		1.70586		0
1.067		1.70418		0
1.068		1.7025		0
1.069		1.70082		0
1.07		1.69915		0
1.071		1.69748		0
1.072		1.69581		0
1.073		1.69415		0
1.074		1.69249		0
1.075		1.69083		0
1.076		1.68918		0
1.077		1.68753		0
1.078		1.68588		0
1.079		1.68423		0
1.08		1.68259		0
1.081		1.68095		0
1.082		1.67932		0
1.083		1.67768		0
1.084		1.67605		0
1.085		1.67443		0
1.086		1.6728		0
1.087		1.67118		0
1.088		1.66956		0
1.089		1.66795		0
1.09		1.66634		0
1.091		1.66473		0
1.092		1.66312		0
1.093		1.66152		0
1.094		1.65992		0
1.095		1.65832		0
1.096		1.65673		0
1.097		1.65514		0
1.098		1.65355		0
1.099		1.65197		0
1.1		1.65038		0
1.101		1.6488		0
1.102		1.64723		0
1.103		1.64565		0
1.104		1.64408		0
1.105		1.64252		0
1.106		1.64095		0
1.107		1.63939		0
1.108		1.63783		0
1.109		1.63627		0
1.11		1.63472		0
1.111		1.63317		0
1.112		1.63162		0
1.113		1.63008		0
1.114		1.62854		0
1.115		1.627		0
1.116		1.62546		0
1.117		1.62393		0
1.118		1.62239		0
1.119		1.62087		0
1.12		1.61934		0
1.121		1.61782		0
1.122		1.6163		0
1.123		1.61478		0
1.124		1.61327		0
1.125		1.61176		0
1.126		1.61025		0
1.127		1.60874		0
1.128		1.60724		0
1.129		1.60573		0
1.13		1.60424		0
1.131		1.60274		0
1.132		1.60125		0
1.133		1.59976		0
1.134		1.59827		0
1.135		1.59679		0
1.136		1.5953		0
1.137		1.59382		0
1.138		1.59235		0
1.139		1.59087		0
1.14		1.5894		0
1.141		1.58793		0
1.142		1.58646		0
1.143		1.585		0
1.144		1.58354		0
1.145		1.58208		0
1.146		1.58062		0
1.147		1.57917		0
1.148		1.57772		0
1.149		1.57627		0
1.15		1.57482		0
1.151		1.57338		0
1.152		1.57194		0
1.153		1.5705		0
1.154		1.56906		0
1.155		1.56763		0
1.156		1.5662		0
1.157		1.56477		0
1.158		1.56335		0
1.159		1.56192		0
1.16		1.5605		0
1.161		1.55908		0
1.162		1.55767		0
1.163		1.55625		0
1.164		1.55484		0
1.165		1.55343		0
1.166		1.55203		0
1.167		1.55062		0
1.168		1.54922		0
1.169		1.54782		0
1.17		1.54643		0
1.171		1.54503		0
1.172		1.54364		0
1.173		1.54225		0
1.174		1.54086		0
1.175		1.53948		0
1.176		1.5381		0
1.177		1.53672		0
1.178		1.53534		0
1.179		1.53397		0
1.18		1.53259		0
1.181		1.53122		0
1.182		1.52985		0
1.183		1.52849		0
1.184		1.52712		0
1.185		1.52576		0
1.186		1.5244		0
1.187		1.52305		0
1.188		1.52169		0
1.189		1.52034		0
1.19		1.51899		0
1.191		1.51765		0
1.192		1.5163		0
1.193		1.51496		0
1.194		1.51362		0
1.195		1.51228		0
1.196		1.51094		0
1.197		1.50961		0
1.198		1.50828		0
1.199		1.50695		0
1.2		1.50562		0
1.201		1.5043		0
1.202		1.50297		0
1.203		1.50165		0
1.204		1.50034		0
1.205		1.49902		0
1.206		1.49771		0
1.207		1.49639		0
1.208		1.49509		0
1.209		1.49378		0
1.21		1.49247		0
1.211		1.49117		0
1.212		1.48987		0
1.213		1.48857		0
1.214		1.48728		0
1.215		1.48598		0
1.216		1.48469		0
1.217		1.4834		0
1.218		1.48211		0
1.219		1.48083		0
1.22		1.47954		0
1.221		1.47826		0
1.222		1.47698		0
1.223		1.4757		0
1.224		1.47443		0
1.225		1.47316		0
1.226		1.47189		0
1.227		1.47062		0
1.228		1.46935		0
1.229		1.46809		0
1.23		1.46682		0
1.231		1.46556		0
1.232		1.4643		0
1.233		1.46305		0
1.234		1.46179		0
1.235		1.46054		0
1.236		1.45929		0
1.237		1.45804		0
1.238		1.4568		0
1.239		1.45555		0
1.24		1.45431		0
1.241		1.45307		0
1.242		1.45183		0
1.243		1.4506		0
1.244		1.44936		0
1.245		1.44813		0
1.246		1.4469		0
1.247		1.44567		0
1.248		1.44445		0
1.249		1.44322		0
1.25		1.442		0
1.251		1.44078		0
1.252		1.43956		0
1.253		1.43835		0
1.254		1.43713		0
1.255		1.43592		0
1.256		1.43471		0
1.257		1.4335		0
1.258		1.43229		0
1.259		1.43109		0
1.26		1.42989		0
1.261		1.42869		0
1.262		1.42749		0
1.263		1.42629		0
1.264		1.4251		0
1.265		1.4239		0
1.266		1.42271		0
1.267		1.42152		0
1.268		1.42033		0
1.269		1.41915		0
1.27		1.41797		0
1.271		1.41678		0
1.272		1.4156		0
1.273		1.41443		0
1.274		1.41325		0
1.275		1.41207		0
1.276		1.4109		0
1.277		1.40973		0
1.278		1.40856		0
1.279		1.4074		0
1.28		1.40623		0
1.281		1.40507		0
1.282		1.40391		0
1.283		1.40275		0
1.284		1.40159		0
1.285		1.40043		0
1.286		1.39928		0
1.287		1.39813		0
1.288		1.39698		0
1.289		1.39583		0
1.29		1.39468		0
1.291		1.39353		0
1.292		1.39239		0
1.293		1.39125		0
1.294		1.39011		0
1.295		1.38897		0
1.296		1.38784		0
1.297		1.3867		0
1.298		1.38557		0
1.299		1.38444		0
1.3		1.38331		0
1.301		1.38218		0
1.302		1.38105		0
1.303		1.37993		0
1.304		1.37881		0
1.305		1.37769		0
1.306		1.37657		0
1.307		1.37545		0
1.308		1.37434		0
1.309		1.37322		0
1.31		1.37211		0
1.311		1.371		0
1.312		1.36989		0
1.313		1.36878		0
1.314		1.36768		0
1.315		1.36658		0
1.316		1.36547		0
1.317		1.36437		0
1.318		1.36328		0
1.319		1.36218		0
1.32		1.36108		0
1.321		1.35999		0
1.322		1.3589		0
1.323		1.35781		0
1.324		1.35672		0
1.325		1.35563		0
1.326		1.35455		0
1.327		1.35346		0
1.328		1.35238		0
1.329		1.3513		0
1.33		1.35022		0
1.331		1.34915		0
1.332		1.34807		0
1.333		1.347		0
1.334		1.34593		0
1.335		1.34485		0
1.336		1.34379		0
1.337		1.34272		0
1.338		1.34165		0
1.339		1.34059		0
1.34		1.33953		0
1.341		1.33847		0
1.342		1.33741		0
1.343		1.33635		0
1.344		1.33529		0
1.345		1.33424		0
1.346		1.33319		0
1.347		1.33213		0
1.348		1.33108		0
1.349		1.33004		0
1.35		1.32899		0
1.351		1.32794		0
1.352		1.3269		0
1.353		1.32586		0
1.354		1.32482		0
1.355		1.32378		0
1.356		1.32274		0
1.357		1.32171		0
1.358		1.32067		0
1.359		1.31964		0
1.36		1.31861		0
1.361		1.31758		0
1.362		1.31655		0
1.363		1.31552		0
1.364		1.3145		0
1.365		1.31347		0
1.366		1.31245		0
1.367		1.31143		0
1.368		1.31041		0
1.369		1.30939		0
1.37		1.30838		0
1.371		1.30736		0
1.372		1.30635		0
1.373		1.30534		0
1.374		1.30433		0
1.375		1.30332		0
1.376		1.30231		0
1.377		1.30131		0
1.378		1.3003		0
1.379		1.2993		0
1.38		1.2983		0
1.381		1.2973		0
1.382		1.2963		0
1.383		1.2953		0
1.384		1.29431		0
1.385		1.29331		0
1.386		1.29232		0
1.387		1.29133		0
1.388		1.29034		0
1.389		1.28935		0
1.39		1.28836		0
1.391		1.28738		0
1.392		1.28639		0
1.393		1.28541		0
1.394		1.28443		0
1.395		1.28345		0
1.396		1.28247		0
1.397		1.2815		0
1.398		1.28052		0
1.399		1.27955		0
1.4		1.27857		0
1.401		1.2776		0
1.402		1.27663		0
1.403		1.27566		0
1.404		1.2747		0
1.405		1.27373		0
1.406		1.27277		0
1.407		1.2718		0
1.408		1.27084		0
1.409		1.26988		0
1.41		1.26892		0
1.411		1.26796		0
1.412		1.26701		0
1.413		1.26605		0
1.414		1.2651		0
1.415		1.26415		0
1.416		1.2632		0
1.417		1.26225		0
1.418		1.2613		0
1.419		1.26035		0
1.42		1.25941		0
1.421		1.25846		0
1.422		1.25752		0
1.423		1.25658		0
1.424		1.25564		0
1.425		1.2547		0
1.426		1.25376		0
1.427		1.25283		0
1.428		1.25189		0
1.429		1.25096		0
1.43		1.25003		0
1.431		1.24909		0
1.432		1.24816		0
1.433		1.24724		0
1.434		1.24631		0
1.435		1.24538		0
1.436		1.24446		0
1.437		1.24354		0
1.438		1.24261		0
1.439		1.24169		0
1.44		1.24078		0
1.441		1.23986		0
1.442		1.23894		0
1.443		1.23803		0
1.444		1.23711		0
1.445		1.2362		0
1.446		1.23529		0
1.447		1.23438		0
1.448		1.23347		0
1.449		1.23256		0
1.45		1.23165		0
1.451		1.23075		0
1.452		1.22984		0
1.453		1.22894		0
1.454		1.22804		0
1.455		1.22714		0
1.456		1.22624		0
1.457		1.22534		0
1.458		1.22445		0
1.459		1.22355		0
1.46		1.22266		0
1.461		1.22176		0
1.462		1.22087		0
1.463		1.21998		0
1.464		1.21909		0
1.465		1.21821		0
1.466		1.21732		0
1.467		1.21643		0
1.468		1.21555		0
1.469		1.21467		0
1.47		1.21378		0
1.471		1.2129		0
1.472		1.21202		0
1.473		1.21115		0
1.474		1.21027		0
1.475		1.20939		0
1.476		1.20852		0
1.477		1.20765		0
1.478		1.20677		0
1.479		1.2059		0
1.48		1.20503		0
1.481		1.20416		0
1.482		1.2033		0
1.483		1.20243		0
1.484		1.20156		0
1.485		1.2007		0
1.486		1.19984		0
1.487		1.19898		0
1.488		1.19812		0
1.489		1.19726		0
1.49		1.1964		0
1.491		1.19554		0
1.492		1.19469		0
1.493		1.19383		0
1.494		1.19298		0
1.495		1.19212		0
1.496		1.19127		0
1.497		1.19042		0
1.498		1.18957		0
1.499		1.18873		0
1.5		1.18788		0
1.501		1.18703		0
1.502		1.18619		0
1.503		1.18535		0
1.504		1.1845		0
1.505		1.18366		0
1.506		1.18282		0
1.507		1.18198		0
1.508		1.18115		0
1.509		1.18031		0
1.51		1.17947		0
1.511		1.17864		0
1.512		1.17781		0
1.513		1.17698		0
1.514		1.17614		0
1.515		1.17531		0
1.516		1.17449		0
1.517		1.17366		0
1.518		1.17283		0
1.519		1.17201		0
1.52		1.17118		0
1.521		1.17036		0
1.522		1.16954		0
1.523		1.16871		0
1.524		1.16789		0
1.525		1.16708		0
1.526		1.16626		0
1.527		1.16544		0
1.528		1.16463		0
1.529		1.16381		0
1.53		1.163		0
1.531		1.16218		0
1.532		1.16137		0
1.533		1.16056		0
1.534		1.15975		0
1.535		1.15895		0
1.536		1.15814		0
1.537		1.15733		0
1.538		1.15653		0
1.539		1.15572		0
1.54		1.15492		0
1.541		1.15412		0
1.542		1.15332		0
1.543		1.15252		0
1.544		1.15172		0
1.545		1.15092		0
1.546		1.15012		0
1.547		1.14933		0
1.548		1.14853		0
1.549		1.14774		0
1.55		1.14695		0
1.551		1.14616		0
1.552		1.14537		0
1.553		1.14458		0
1.554		1.14379		0
1.555		1.143		0
1.556		1.14221		0
1.557		1.14143		0
1.558		1.14064		0
1.559		1.13986		0
1.56		1.13908		0
1.561		1.1383		0
1.562		1.13752		0
1.563		1.13674		0
1.564		1.13596		0
1.565		1.13518		0
1.566		1.1344		0
1.567		1.13363		0
1.568		1.13285		0
1.569		1.13208		0
1.57		1.13131		0
1.571		1.13054		0
1.572		1.12977		0
1.573		1.129		0
1.574		1.12823		0
1.575		1.12746		0
1.576		1.1267		0
1.577		1.12593		0
1.578		1.12517		0
1.579		1.1244		0
1.58		1.12364		0
1.581		1.12288		0
1.582		1.12212		0
1.583		1.12136		0
1.584		1.1206		0
1.585		1.11984		0
1.586		1.11908		0
1.587		1.11833		0
1.588		1.11757		0
1.589		1.11682		0
1.59		1.11607		0
1.591		1.11531		0
1.592		1.11456		0
1.593		1.11381		0
1.594		1.11306		0
1.595		1.11232		0
1.596		1.11157		0
1.597		1.11082		0
1.598		1.11008		0
1.599		1.10933		0
1.6		1.10859		0
1.601		1.10785		0
1.602		1.10711		0
1.603		1.10636		0
1.604		1.10563		0
1.605		1.10489		0
1.606		1.10415		0
1.607		1.10341		0
1.608		1.10268		0
1.609		1.10194		0
1.61		1.10121		0
1.611		1.10047		0
1.612		1.09974		0
1.613		1.09901		0
1.614		1.09828		0
1.615		1.09755		0
1.616		1.09682		0
1.617		1.09609		0
1.618		1.09537		0
1.619		1.09464		0
1.62		1.09391		0
1.621		1.09319		0
1.622		1.09247		0
1.623		1.09174		0
1.624		1.09102		0
1.625		1.0903		0
1.626		1.08958		0
1.627		1.08886		0
1.628		1.08815		0
1.629		1.08743		0
1.63		1.08671		0
1.631		1.086		0
1.632		1.08528		0
1.633		1.08457		0
1.634		1.08386		0
1.635		1.08315		0
1.636		1.08243		0
1.637		1.08172		0
1.638		1.08102		0
1.639		1.08031		0
1.64		1.0796		0
1.641		1.07889		0
1.642		1.07819		0
1.643		1.07748		0
1.644		1.07678		0
1.645		1.07608		0
1.646		1.07537		0
1.647		1.07467		0
1.648		1.07397		0
1.649		1.07327		0
1.65		1.07257		0
1.651		1.07188		0
1.652		1.07118		0
1.653		1.07048		0
1.654		1.06979		0
1.655		1.06909		0
1.656		1.0684		0
1.657		1.06771		0
1.658		1.06701		0
1.659		1.06632		0
1.66		1.06563		0
1.661		1.06494		0
1.662		1.06425		0
1.663		1.06357		0
1.664		1.06288		0
1.665		1.06219		0
1.666		1.06151		0
1.667		1.06082		0
1.668		1.06014		0
1.669		1.05946		0
1.67		1.05878		0
1.671		1.05809		0
1.672		1.05741		0
1.673		1.05673		0
1.674		1.05606		0
1.675		1.05538		0
1.676		1.0547		0
1.677		1.05403		0
1.678		1.05335		0
1.679		1.05267		0
1.68		1.052		0
1.681		1.05133		0
1.682		1.05066		0
1.683		1.04998		0
1.684		1.04931		0
1.685		1.04864		0
1.686		1.04798		0
1.687		1.04731		0
1.688		1.04664		0
1.689		1.04597		0
1.69		1.04531		0
1.691		1.04464		0
1.692		1.04398		0
1.693		1.04331		0
1.694		1.04265		0
1.695		1.04199		0
1.696		1.04133		0
1.697		1.04067		0
1.698		1.04001		0
1.699		1.03935		0
1.7		1.03869		0
1.701		1.03804		0
1.702		1.03738		0
1.703		1.03672		0
1.704		1.03607		0
1.705		1.03542		0
1.706		1.03476		0
1.707		1.03411		0
1.708		1.03346		0
1.709		1.03281		0
1.71		1.03216		0
1.711		1.03151		0
1.712		1.03086		0
1.713		1.03021		0
1.714		1.02956		0
1.715		1.02892		0
1.716		1.02827		0
1.717		1.02763		0
1.718		1.02698		0
1.719		1.02634		0
1.72		1.0257		0
1.721		1.02506		0
1.722		1.02441		0
1.723		1.02377		0
1.724		1.02313		0
1.725		1.0225		0
1.726		1.02186		0
1.727		1.02122		0
1.728		1.02058		0
1.729		1.01995		0
1.73		1.01931		0
1.731		1.01868		0
1.732		1.01805		0
1.733		1.01741		0
1.734		1.01678		0
1.735		1.01615		0
1.736		1.01552		0
1.737		1.01489		0
1.738		1.01426		0
1.739		1.01363		0
1.74		1.013		0
1.741		1.01238		0
1.742		1.01175		0
1.743		1.01112		0
1.744		1.0105		0
1.745		1.00988		0
1.746		1.00925		0
1.747		1.00863		0
1.748		1.00801		0
1.749		1.00739		0
1.75		1.00677		0
1.751		1.00615		0
1.752		1.00553		0
1.753		1.00491		0
1.754		1.00429		0
1.755		1.00367		0
1.756		1.00306		0
1.757		1.00244		0
1.758		1.00183		0
1.759		1.00121		0
1.76		1.0006		0
1.761		0.999988		0
1.762		0.999376		0
1.763		0.998764		0
1.764		0.998154		0
1.765		0.997544		0
1.766		0.996935		0
1.767		0.996326		0
1.768		0.995718		0
1.769		0.995111		0
1.77		0.994505		0
1.771		0.993899		0
1.772		0.993294		0
1.773		0.99269		0
1.774		0.992086		0
1.775		0.991483		0
1.776		0.990881		0
1.777		0.99028		0
1.778		0.989679		0
1.779		0.989078		0
1.78		0.988479		0
1.781		0.98788		0
1.782		0.987282		0
1.783		0.986684		0
1.784		0.986088		0
1.785		0.985491		0
1.786		0.984896		0
1.787		0.984301		0
1.788		0.983707		0
1.789		0.983114		0
1.79		0.982521		0
1.791		0.981929		0
1.792		0.981337		0
1.793		0.980747		0
1.794		0.980157		0
1.795		0.979567		0
1.796		0.978978		0
1.797		0.97839		0
1.798		0.977803		0
1.799		0.977216		0
1.8		0.97663		0
1.801		0.976044		0
1.802		0.97546		0
1.803		0.974875		0
1.804		0.974292		0
1.805		0.973709		0
1.806		0.973127		0
1.807		0.972545		0
1.808		0.971965		0
1.809		0.971384		0
1.81		0.970805		0
1.811		0.970226		0
1.812		0.969647		0
1.813		0.96907		0
1.814		0.968493		0
1.815		0.967916		0
1.816		0.967341		0
1.817		0.966766		0
1.818		0.966191		0
1.819		0.965617		0
1.82		0.965044		0
1.821		0.964472		0
1.822		0.9639		0
1.823		0.963329		0
1.824		0.962758		0
1.825		0.962188		0
1.826		0.961619		0
1.827		0.96105		0
1.828		0.960482		0
1.829		0.959914		0
1.83		0.959347		0
1.831		0.958781		0
1.832		0.958216		0
1.833		0.957651		0
1.834		0.957086		0
1.835		0.956523		0
1.836		0.95596		0
1.837		0.955397		0
1.838		0.954835		0
1.839		0.954274		0
1.84		0.953713		0
1.841		0.953153		0
1.842		0.952594		0
1.843		0.952035		0
1.844		0.951477		0
1.845		0.950919		0
1.846		0.950363		0
1.847		0.949806		0
1.848		0.949251		0
1.849		0.948695		0
1.85		0.948141		0
1.851		0.947587		0
1.852		0.947034		0
1.853		0.946481		0
1.854		0.945929		0
1.855		0.945378		0
1.856		0.944827		0
1.857		0.944276		0
1.858		0.943727		0
1.859		0.943178		0
1.86		0.942629		0
1.861		0.942081		0
1.862		0.941534		0
1.863		0.940987		0
1.864		0.940441		0
1.865		0.939896		0
1.866		0.939351		0
1.867		0.938806		0
1.868		0.938263		0
1.869		0.93772		0
1.87		0.937177		0
1.871		0.936635		0
1.872		0.936094		0
1.873		0.935553		0
1.874		0.935013		0
1.875		0.934473		0
1.876		0.933934		0
1.877		0.933396		0
1.878		0.932858		0
1.879		0.93232		0
1.88		0.931784		0
1.881		0.931248		0
1.882		0.930712		0
1.883		0.930177		0
1.884		0.929643		0
1.885		0.929109		0
1.886		0.928576		0
1.887		0.928043		0
1.888		0.927511		0
1.889		0.926979		0
1.89		0.926448		0
1.891		0.925918		0
1.892		0.925388		0
1.893		0.924859		0
1.894		0.92433		0
1.895		0.923802		0
1.896		0.923274		0
1.897		0.922747		0
1.898		0.922221		0
1.899		0.921695		0
1.9		0.92117		0
1.901		0.920645		0
1.902		0.920121		0
1.903		0.919597		0
1.904		0.919074		0
1.905		0.918551		0
1.906		0.918029		0
1.907		0.917508		0
1.908		0.916987		0
1.909		0.916467		0
1.91		0.915947		0
1.911		0.915428		0
1.912		0.914909		0
1.913		0.914391		0
1.914		0.913874		0
1.915		0.913357		0
1.916		0.91284		0
1.917		0.912324		0
1.918		0.911809		0
1.919		0.911294		0
1.92		0.91078		0
1.921		0.910266		0
1.922		0.909753		0
1.923		0.90924		0
1.924		0.908728		0
1.925		0.908216		0
1.926		0.907705		0
1.927		0.907195		0
1.928		0.906685		0
1.929		0.906176		0
1.93		0.905667		0
1.931		0.905158		0
1.932		0.90465		0
1.933		0.904143		0
1.934		0.903636		0
1.935		0.90313		0
1.936		0.902624		0
1.937		0.902119		0
1.938		0.901615		0
1.939		0.901111		0
1.94		0.900607		0
1.941		0.900104		0
1.942		0.899601		0
1.943		0.899099		0
1.944		0.898598		0
1.945		0.898097		0
1.946		0.897597		0
1.947		0.897097		0
1.948		0.896597		0
1.949		0.896098		0
1.95		0.8956		0
1.951		0.895102		0
1.952		0.894605		0
1.953		0.894108		0
1.954		0.893612		0
1.955		0.893116		0
1.956		0.892621		0
1.957		0.892126		0
1.958		0.891632		0
1.959		0.891138		0
1.96		0.890645		0
1.961		0.890152		0
1.962		0.88966		0
1.963		0.889168		0
1.964		0.888677		0
1.965		0.888187		0
1.966		0.887697		0
1.967		0.887207		0
1.968		0.886718		0
1.969		0.886229		0
1.97		0.885741		0
1.971		0.885253		0
1.972		0.884766		0
1.973		0.88428		0
1.974		0.883794		0
1.975		0.883308		0
1.976		0.882823		0
1.977		0.882338		0
1.978		0.881854		0
1.979		0.88137		0
1.98		0.880887		0
1.981		0.880405		0
1.982		0.879923		0
1.983		0.879441		0
1.984		0.87896		0
1.985		0.878479		0
1.986		0.877999		0
1.987		0.877519		0
1.988		0.87704		0
1.989		0.876561		0
1.99		0.876083		0
1.991		0.875605		0
1.992		0.875128		0
1.993		0.874651		0
1.994		0.874175		0
1.995		0.873699		0
1.996		0.873224		0
1.997		0.872749		0
1.998		0.872275		0
1.999		0.871801		0
2		0.871328		0
2.001		0.870855		0
2.002		0.870383		0
2.003		0.869911		0
2.004		0.869439		0
2.005		0.868968		0
2.006		0.868498		0
2.007		0.868028		0
2.008		0.867558		0
2.009		0.867089		0
2.01		0.866621		0
2.011		0.866152		0
2.012		0.865685		0
2.013		0.865218		0
2.014		0.864751		0
2.015		0.864285		0
2.016		0.863819		0
2.017		0.863354		0
2.018		0.862889		0
2.019		0.862425		0
2.02		0.861961		0
2.021		0.861497		0
2.022		0.861034		0
2.023		0.860572		0
2.024		0.86011		0
2.025		0.859648		0
2.026		0.859187		0
2.027		0.858727		0
2.028		0.858266		0
2.029		0.857807		0
2.03		0.857348		0
2.031		0.856889		0
2.032		0.85643		0
2.033		0.855973		0
2.034		0.855515		0
2.035		0.855058		0
2.036		0.854602		0
2.037		0.854146		0
2.038		0.85369		0
2.039		0.853235		0
2.04		0.85278		0
2.041		0.852326		0
2.042		0.851872		0
2.043		0.851419		0
2.044		0.850966		0
2.045		0.850514		0
2.046		0.850062		0
2.047		0.84961		0
2.048		0.849159		0
2.049		0.848709		0
2.05		0.848259		0
2.051		0.847809		0
2.052		0.84736		0
2.053		0.846911		0
2.054		0.846462		0
2.055		0.846014		0
2.056		0.845567		0
2.057		0.84512		0
2.058		0.844673		0
2.059		0.844227		0
2.06		0.843781		0
2.061		0.843336		0
2.062		0.842891		0
2.063		0.842447		0
2.064		0.842003		0
2.065		0.841559		0
2.066		0.841116		0
2.067		0.840674		0
2.068		0.840231		0
2.069		0.83979		0
2.07		0.839348		0
2.071		0.838907		0
2.072		0.838467		0
2.073		0.838027		0
2.074		0.837587		0
2.075		0.837148		0
2.076		0.836709		0
2.077		0.836271		0
2.078		0.835833		0
2.079		0.835396		0
2.08		0.834959		0
2.081		0.834522		0
2.082		0.834086		0
2.083		0.83365		0
2.084		0.833215		0
2.085		0.83278		0
2.086		0.832345		0
2.087		0.831911		0
2.088		0.831478		0
2.089		0.831044		0
2.09		0.830612		0
2.091		0.830179		0
2.092		0.829747		0
2.093		0.829316		0
2.094		0.828885		0
2.095		0.828454		0
2.096		0.828024		0
2.097		0.827594		0
2.098		0.827164		0
2.099		0.826735		0
2.1		0.826307		0
2.101		0.825879		0
2.102		0.825451		0
2.103		0.825024		0
2.104		0.824597		0
2.105		0.82417		0
2.106		0.823744		0
2.107		0.823318		0
2.108		0.822893		0
2.109		0.822468		0
2.11		0.822044		0
2.111		0.82162		0
2.112		0.821196		0
2.113		0.820773		0
2.114		0.82035		0
2.115		0.819928		0
2.116		0.819506		0
2.117		0.819084		0
2.118		0.818663		0
2.119		0.818242		0
2.12		0.817822		0
2.121		0.817402		0
2.122		0.816982		0
2.123		0.816563		0
2.124		0.816144		0
2.125		0.815726		0
2.126		0.815308		0
2.127		0.81489		0
2.128		0.814473		0
2.129		0.814056		0
2.13		0.81364		0
2.131		0.813224		0
2.132		0.812808		0
2.133		0.812393		0
2.134		0.811978		0
2.135		0.811564		0
2.136		0.81115		0
2.137		0.810736		0
2.138		0.810323		0
2.139		0.80991		0
2.14		0.809498		0
2.141		0.809086		0
2.142		0.808674		0
2.143		0.808263		0
2.144		0.807852		0
2.145		0.807442		0
2.146		0.807032		0
2.147		0.806622		0
2.148		0.806213		0
2.149		0.805804		0
2.15		0.805395		0
2.151		0.804987		0
2.152		0.80458		0
2.153		0.804172		0
2.154		0.803765		0
2.155		0.803359		0
2.156		0.802952		0
2.157		0.802547		0
2.158		0.802141		0
2.159		0.801736		0
2.16		0.801332		0
2.161		0.800927		0
2.162		0.800523		0
2.163		0.80012		0
2.164		0.799717		0
2.165		0.799314		0
2.166		0.798912		0
2.167		0.79851		0
2.168		0.798108		0
2.169		0.797707		0
2.17		0.797306		0
2.171		0.796906		0
2.172		0.796505		0
2.173		0.796106		0
2.174		0.795706		0
2.175		0.795307		0
2.176		0.794909		0
2.177		0.794511		0
2.178		0.794113		0
2.179		0.793715		0
2.18		0.793318		0
2.181		0.792921		0
2.182		0.792525		0
2.183		0.792129		0
2.184		0.791733		0
2.185		0.791338		0
2.186		0.790943		0
2.187		0.790549		0
2.188		0.790155		0
2.189		0.789761		0
2.19		0.789368		0
2.191		0.788974		0
2.192		0.788582		0
2.193		0.788189		0
2.194		0.787798		0
2.195		0.787406		0
2.196		0.787015		0
2.197		0.786624		0
2.198		0.786233		0
2.199		0.785843		0
2.2		0.785454		0
2.201		0.785064		0
2.202		0.784675		0
2.203		0.784286		0
2.204		0.783898		0
2.205		0.78351		0
2.206		0.783123		0
2.207		0.782735		0
2.208		0.782348		0
2.209		0.781962		0
2.21		0.781576		0
2.211		0.78119		0
2.212		0.780805		0
2.213		0.780419		0
2.214		0.780035		0
2.215		0.77965		0
2.216		0.779266		0
2.217		0.778883		0
2.218		0.778499		0
2.219		0.778116		0
2.22		0.777734		0
2.221		0.777351		0
2.222		0.77697		0
2.223		0.776588		0
2.224		0.776207		0
2.225		0.775826		0
2.226		0.775445		0
2.227		0.775065		0
2.228		0.774686		0
2.229		0.774306		0
2.23		0.773927		0
2.231		0.773548		0
2.232		0.77317		0
2.233		0.772792		0
2.234		0.772414		0
2.235		0.772037		0
2.236		0.77166		0
2.237		0.771283		0
2.238		0.770907		0
2.239		0.770531		0
2.24		0.770155		0
2.241		0.76978		0
2.242		0.769405		0
2.243		0.76903		0
2.244		0.768656		0
2.245		0.768282		0
2.246		0.767908		0
2.247		0.767535		0
2.248		0.767162		0
2.249		0.766789		0
2.25		0.766417		0
2.251		0.766045		0
2.252		0.765674		0
2.253		0.765302		0
2.254		0.764932		0
2.255		0.764561		0
2.256		0.764191		0
2.257		0.763821		0
2.258		0.763451		0
2.259		0.763082		0
2.26		0.762713		0
2.261		0.762345		0
2.262		0.761977		0
2.263		0.761609		0
2.264		0.761241		0
2.265		0.760874		0
2.266		0.760507		0
2.267		0.76014		0
2.268		0.759774		0
2.269		0.759408		0
2.27		0.759043		0
2.271		0.758678		0
2.272		0.758313		0
2.273		0.757948		0
2.274		0.757584		0
2.275		0.75722		0
2.276		0.756856		0
2.277		0.756493		0
2.278		0.75613		0
2.279		0.755768		0
2.28		0.755405		0
2.281		0.755043		0
2.282		0.754682		0
2.283		0.75432		0
2.284		0.753959		0
2.285		0.753599		0
2.286		0.753238		0
2.287		0.752878		0
2.288		0.752519		0
2.289		0.752159		0
2.29		0.7518		0
2.291		0.751442		0
2.292		0.751083		0
2.293		0.750725		0
2.294		0.750367		0
2.295		0.75001		0
2.296		0.749653		0
2.297		0.749296		0
2.298		0.748939		0
2.299		0.748583		0
2.3		0.748227		0
2.301		0.747872		0
2.302		0.747517		0
2.303		0.747162		0
2.304		0.746807		0
2.305		0.746453		0
2.306		0.746099		0
2.307		0.745745		0
2.308		0.745392		0
2.309		0.745039		0
2.31		0.744686		0
2.311		0.744334		0
2.312		0.743982		0
2.313		0.74363		0
2.314		0.743279		0
2.315		0.742927		0
2.316		0.742577		0
2.317		0.742226		0
2.318		0.741876		0
2.319		0.741526		0
2.32		0.741176		0
2.321		0.740827		0
2.322		0.740478		0
2.323		0.74013		0
2.324		0.739781		0
2.325		0.739433		0
2.326		0.739085		0
2.327		0.738738		0
2.328		0.738391		0
2.329		0.738044		0
2.33		0.737697		0
2.331		0.737351		0
2.332		0.737005		0
2.333		0.73666		0
2.334		0.736314		0
2.335		0.735969		0
2.336		0.735625		0
2.337		0.73528		0
2.338		0.734936		0
2.339		0.734592		0
2.34		0.734249		0
2.341		0.733906		0
2.342		0.733563		0
2.343		0.73322		0
2.344		0.732878		0
2.345		0.732536		0
2.346		0.732194		0
2.347		0.731853		0
2.348		0.731512		0
2.349		0.731171		0
2.35		0.730831		0
2.351		0.73049		0
2.352		0.730151		0
2.353		0.729811		0
2.354		0.729472		0
2.355		0.729133		0
2.356		0.728794		0
2.357		0.728455		0
2.358		0.728117		0
2.359		0.72778		0
2.36		0.727442		0
2.361		0.727105		0
2.362		0.726768		0
2.363		0.726431		0
2.364		0.726095		0
2.365		0.725759		0
2.366		0.725423		0
2.367		0.725087		0
2.368		0.724752		0
2.369		0.724417		0
2.37		0.724083		0
2.371		0.723748		0
2.372		0.723414		0
2.373		0.723081		0
2.374		0.722747		0
2.375		0.722414		0
2.376		0.722081		0
2.377		0.721748		0
2.378		0.721416		0
2.379		0.721084		0
2.38		0.720752		0
2.381		0.720421		0
2.382		0.72009		0
2.383		0.719759		0
2.384		0.719428		0
2.385		0.719098		0
2.386		0.718768		0
2.387		0.718438		0
2.388		0.718109		0
2.389		0.71778		0
2.39		0.717451		0
2.391		0.717122		0
2.392		0.716794		0
2.393		0.716466		0
2.394		0.716138		0
2.395		0.715811		0
2.396		0.715483		0
2.397		0.715156		0
2.398		0.71483		0
2.399		0.714503		0
2.4		0.714177		0
2.401		0.713852		0
2.402		0.713526		0
2.403		0.713201		0
2.404		0.712876		0
2.405		0.712551		0
2.406		0.712227		0
2.407		0.711903		0
2.408		0.711579		0
2.409		0.711255		0
2.41		0.710932		0
2.411		0.710609		0
2.412		0.710286		0
2.413		0.709964		0
2.414		0.709641		0
2.415		0.709319		0
2.416		0.708998		0
2.417		0.708676		0
2.418		0.708355		0
2.419		0.708035		0
2.42		0.707714		0
2.421		0.707394		0
2.422		0.707074		0
2.423		0.706754		0
2.424		0.706434		0
2.425		0.706115		0
2.426		0.705796		0
2.427		0.705478		0
2.428		0.705159		0
2.429		0.704841		0
2.43		0.704523		0
2.431		0.704206		0
2.432		0.703888		0
2.433		0.703571		0
2.434		0.703255		0
2.435		0.702938		0
2.436		0.702622		0
2.437		0.702306		0
2.438		0.70199		0
2.439		0.701675		0
2.44		0.70136		0
2.441		0.701045		0
2.442		0.70073		0
2.443		0.700416		0
2.444		0.700101		0
2.445		0.699788		0
2.446		0.699474		0
2.447		0.699161		0
2.448		0.698848		0
2.449		0.698535		0
2.45		0.698222		0
2.451		0.69791		0
2.452		0.697598		0
2.453		0.697286		0
2.454		0.696975		0
2.455		0.696664		0
2.456		0.696353		0
2.457		0.696042		0
2.458		0.695731		0
2.459		0.695421		0
2.46		0.695111		0
2.461		0.694802		0
2.462		0.694492		0
2.463		0.694183		0
2.464		0.693874		0
2.465		0.693566		0
2.466		0.693257		0
2.467		0.692949		0
2.468		0.692641		0
2.469		0.692334		0
2.47		0.692026		0
2.471		0.691719		0
2.472		0.691412		0
2.473		0.691106		0
2.474		0.690799		0
2.475		0.690493		0
2.476		0.690188		0
2.477		0.689882		0
2.478		0.689577		0
2.479		0.689272		0
2.48		0.688967		0
2.481		0.688662		0
2.482		0.688358		0
2.483		0.688054		0
2.484		0.68775		0
2.485		0.687447		0
2.486		0.687143		0
2.487		0.68684		0
2.488		0.686538		0
2.489		0.686235		0
2.49		0.685933		0
2.491		0.685631		0
2.492		0.685329		0
2.493		0.685027		0
2.494		0.684726		0
2.495		0.684425		0
2.496		0.684124		0
2.497		0.683824		0
2.498		0.683523		0
2.499		0.683223		0
2.5		0.682924		0
2.501		0.682624		0
2.502		0.682325		0
2.503		0.682026		0
2.504		0.681727		0
2.505		0.681428		0
2.506		0.68113		0
2.507		0.680832		0
2.508		0.680534		0
2.509		0.680237		0
2.51		0.679939		0
2.511		0.679642		0
2.512		0.679345		0
2.513		0.679049		0
2.514		0.678752		0
2.515		0.678456		0
2.516		0.67816		0
2.517		0.677865		0
2.518		0.677569		0
2.519		0.677274		0
2.52		0.676979		0
2.521		0.676685		0
2.522		0.67639		0
2.523		0.676096		0
2.524		0.675802		0
2.525		0.675508		0
2.526		0.675215		0
2.527		0.674922		0
2.528		0.674629		0
2.529		0.674336		0
2.53		0.674043		0
2.531		0.673751		0
2.532		0.673459		0
2.533		0.673167		0
2.534		0.672876		0
2.535		0.672584		0
2.536		0.672293		0
2.537		0.672002		0
2.538		0.671712		0
2.539		0.671422		0
2.54		0.671131		0
2.541		0.670841		0
2.542		0.670552		0
2.543		0.670262		0
2.544		0.669973		0
2.545		0.669684		0
2.546		0.669395		0
2.547		0.669107		0
2.548		0.668819		0
2.549		0.668531		0
2.55		0.668243		0
2.551		0.667955		0
2.552		0.667668		0
2.553		0.667381		0
2.554		0.667094		0
2.555		0.666807		0
2.556		0.666521		0
2.557		0.666235		0
2.558		0.665949		0
2.559		0.665663		0
2.56		0.665378		0
2.561		0.665092		0
2.562		0.664807		0
2.563		0.664523		0
2.564		0.664238		0
2.565		0.663954		0
2.566		0.66367		0
2.567		0.663386		0
2.568		0.663102		0
2.569		0.662819		0
2.57		0.662536		0
2.571		0.662253		0
2.572		0.66197		0
2.573		0.661687		0
2.574		0.661405		0
2.575		0.661123		0
2.576		0.660841		0
2.577		0.66056		0
2.578		0.660278		0
2.579		0.659997		0
2.58		0.659716		0
2.581		0.659435		0
2.582		0.659155		0
2.583		0.658875		0
2.584		0.658595		0
2.585		0.658315		0
2.586		0.658035		0
2.587		0.657756		0
2.588		0.657477		0
2.589		0.657198		0
2.59		0.656919		0
2.591		0.656641		0
2.592		0.656362		0
2.593		0.656084		0
2.594		0.655807		0
2.595		0.655529		0
2.596		0.655252		0
2.597		0.654975		0
2.598		0.654698		0
2.599		0.654421		0
2.6		0.654144		0
2.601		0.653868		0
2.602		0.653592		0
2.603		0.653316		0
2.604		0.653041		0
2.605		0.652765		0
2.606		0.65249		0
2.607		0.652215		0
2.608		0.651941		0
2.609		0.651666		0
2.61		0.651392		0
2.611		0.651118		0
2.612		0.650844		0
2.613		0.65057		0
2.614		0.650297		0
2.615		0.650023		0
2.616		0.64975		0
2.617		0.649478		0
2.618		0.649205		0
2.619		0.648933		0
2.62		0.648661		0
2.621		0.648389		0
2.622		0.648117		0
2.623		0.647846		0
2.624		0.647574		0
2.625		0.647303		0
2.626		0.647032		0
2.627		0.646762		0
2.628		0.646491		0
2.629		0.646221		0
2.63		0.645951		0
2.631		0.645681		0
2.632		0.645412		0
2.633		0.645142		0
2.634		0.644873		0
2.635		0.644604		0
2.636		0.644336		0
2.637		0.644067		0
2.638		0.643799		0
2.639		0.643531		0
2.64		0.643263		0
2.641		0.642995		0
2.642		0.642728		0
2.643		0.64246		0
2.644		0.642193		0
2.645		0.641926		0
2.646		0.64166		0
2.647		0.641393		0
2.648		0.641127		0
2.649		0.640861		0
2.65		0.640595		0
2.651		0.64033		0
2.652		0.640064		0
2.653		0.639799		0
2.654		0.639534		0
2.655		0.639269		0
2.656		0.639005		0
2.657		0.638741		0
2.658		0.638476		0
2.659		0.638212		0
2.66		0.637949		0
2.661		0.637685		0
2.662		0.637422		0
2.663		0.637159		0
2.664		0.636896		0
2.665		0.636633		0
2.666		0.636371		0
2.667		0.636108		0
2.668		0.635846		0
2.669		0.635584		0
2.67		0.635323		0
2.671		0.635061		0
2.672		0.6348		0
2.673		0.634539		0
2.674		0.634278		0
2.675		0.634017		0
2.676		0.633757		0
2.677		0.633496		0
2.678		0.633236		0
2.679		0.632976		0
2.68		0.632717		0
2.681		0.632457		0
2.682		0.632198		0
2.683		0.631939		0
2.684		0.63168		0
2.685		0.631421		0
2.686		0.631163		0
2.687		0.630905		0
2.688		0.630647		0
2.689		0.630389		0
2.69		0.630131		0
2.691		0.629874		0
2.692		0.629616		0
2.693		0.629359		0
2.694		0.629102		0
2.695		0.628846		0
2.696		0.628589		0
2.697		0.628333		0
2.698		0.628077		0
2.699		0.627821		0
2.7		0.627565		0
2.701		0.62731		0
2.702		0.627054		0
2.703		0.626799		0
2.704		0.626544		0
2.705		0.62629		0
2.706		0.626035		0
2.707		0.625781		0
2.708		0.625526		0
2.709		0.625273		0
2.71		0.625019		0
2.711		0.624765		0
2.712		0.624512		0
2.713		0.624259		0
2.714		0.624006		0
2.715		0.623753		0
2.716		0.6235		0
2.717		0.623248		0
2.718		0.622996		0
2.719		0.622744		0
2.72		0.622492		0
2.721		0.62224		0
2.722		0.621989		0
2.723		0.621738		0
2.724		0.621486		0
2.725		0.621236		0
2.726		0.620985		0
2.727		0.620734		0
2.728		0.620484		0
2.729		0.620234		0
2.73		0.619984		0
2.731		0.619734		0
2.732		0.619485		0
2.733		0.619235		0
2.734		0.618986		0
2.735		0.618737		0
2.736		0.618489		0
2.737		0.61824		0
2.738		0.617992		0
2.739		0.617743		0
2.74		0.617495		0
2.741		0.617247		0
2.742		0.617		0
2.743		0.616752		0
2.744		0.616505		0
2.745		0.616258		0
2.746		0.616011		0
2.747		0.615764		0
2.748		0.615518		0
2.749		0.615271		0
2.75		0.615025		0
2.751		0.614779		0
2.752		0.614534		0
2.753		0.614288		0
2.754		0.614043		0
2.755		0.613797		0
2.756		0.613552		0
2.757		0.613307		0
2.758		0.613063		0
2.759		0.612818		0
2.76		0.612574		0
2.761		0.61233		0
2.762		0.612086		0
2.763		0.611842		0
2.764		0.611598		0
2.765		0.611355		0
2.766		0.611112		0
2.767		0.610869		0
2.768		0.610626		0
2.769		0.610383		0
2.77		0.610141		0
2.771		0.609899		0
2.772		0.609656		0
2.773		0.609414		0
2.774		0.609173		0
2.775		0.608931		0
2.776		0.60869		0
2.777		0.608448		0
2.778		0.608207		0
2.779		0.607967		0
2.78		0.607726		0
2.781		0.607485		0
2.782		0.607245		0
2.783		0.607005		0
2.784		0.606765		0
2.785		0.606525		0
2.786		0.606286		0
2.787		0.606046		0
2.788		0.605807		0
2.789		0.605568		0
2.79		0.605329		0
2.791		0.60509		0
2.792		0.604852		0
2.793		0.604613		0
2.794		0.604375		0
2.795		0.604137		0
2.796		0.603899		0
2.797		0.603662		0
2.798		0.603424		0
2.799		0.603187		0
2.8		0.60295		0
2.801		0.602713		0
2.802		0.602476		0
2.803		0.602239		0
2.804		0.602003		0
2.805		0.601767		0
2.806		0.601531		0
2.807		0.601295		0
2.808		0.601059		0
2.809		0.600824		0
2.81		0.600588		0
2.811		0.600353		0
2.812		0.600118		0
2.813		0.599883		0
2.814		0.599648		0
2.815		0.599414		0
2.816		0.59918		0
2.817		0.598945		0
2.818		0.598711		0
2.819		0.598478		0
2.82		0.598244		0
2.821		0.59801		0
2.822		0.597777		0
2.823		0.597544		0
2.824		0.597311		0
2.825		0.597078		0
2.826		0.596846		0
2.827		0.596613		0
2.828		0.596381		0
2.829		0.596149		0
2.83		0.595917		0
2.831		0.595685		0
2.832		0.595454		0
2.833		0.595222		0
2.834		0.594991		0
2.835		0.59476		0
2.836		0.594529		0
2.837		0.594298		0
2.838		0.594068		0
2.839		0.593837		0
2.84		0.593607		0
2.841		0.593377		0
2.842		0.593147		0
2.843		0.592917		0
2.844		0.592688		0
2.845		0.592458		0
2.846		0.592229		0
2.847		0.592		0
2.848		0.591771		0
2.849		0.591542		0
2.85		0.591314		0
2.851		0.591085		0
2.852		0.590857		0
2.853		0.590629		0
2.854		0.590401		0
2.855		0.590173		0
2.856		0.589946		0
2.857		0.589719		0
2.858		0.589491		0
2.859		0.589264		0
2.86		0.589037		0
2.861		0.588811		0
2.862		0.588584		0
2.863		0.588358		0
2.864		0.588131		0
2.865		0.587905		0
2.866		0.587679		0
2.867		0.587454		0
2.868		0.587228		0
2.869		0.587003		0
2.87		0.586777		0
2.871		0.586552		0
2.872		0.586327		0
2.873		0.586103		0
2.874		0.585878		0
2.875		0.585653		0
2.876		0.585429		0
2.877		0.585205		0
2.878		0.584981		0
2.879		0.584757		0
2.88		0.584534		0
2.881		0.58431		0
2.882		0.584087		0
2.883		0.583864		0
2.884		0.583641		0
2.885		0.583418		0
2.886		0.583195		0
2.887		0.582973		0
2.888		0.58275		0
2.889		0.582528		0
2.89		0.582306		0
2.891		0.582084		0
2.892		0.581863		0
2.893		0.581641		0
2.894		0.58142		0
2.895		0.581198		0
2.896		0.580977		0
2.897		0.580756		0
2.898		0.580536		0
2.899		0.580315		0
2.9		0.580095		0
2.901		0.579874		0
2.902		0.579654		0
2.903		0.579434		0
2.904		0.579215		0
2.905		0.578995		0
2.906		0.578775		0
2.907		0.578556		0
2.908		0.578337		0
2.909		0.578118		0
2.91		0.577899		0
2.911		0.57768		0
2.912		0.577462		0
2.913		0.577243		0
2.914		0.577025		0
2.915		0.576807		0
2.916		0.576589		0
2.917		0.576371		0
2.918		0.576154		0
2.919		0.575936		0
2.92		0.575719		0
2.921		0.575502		0
2.922		0.575285		0
2.923		0.575068		0
2.924		0.574851		0
2.925		0.574635		0
2.926		0.574418		0
2.927		0.574202		0
2.928		0.573986		0
2.929		0.57377		0
2.93		0.573554		0
2.931		0.573339		0
2.932		0.573123		0
2.933		0.572908		0
2.934		0.572693		0
2.935		0.572478		0
2.936		0.572263		0
2.937		0.572048		0
2.938		0.571834		0
2.939		0.571619		0
2.94		0.571405		0
2.941		0.571191		0
2.942		0.570977		0
2.943		0.570763		0
2.944		0.57055		0
2.945		0.570336		0
2.946		0.570123		0
2.947		0.56991		0
2.948		0.569697		0
2.949		0.569484		0
2.95		0.569271		0
2.951		0.569059		0
2.952		0.568846		0
2.953		0.568634		0
2.954		0.568422		0
2.955		0.56821		0
2.956		0.567998		0
2.957		0.567786		0
2.958		0.567575		0
2.959		0.567363		0
2.96		0.567152		0
2.961		0.566941		0
2.962		0.56673		0
2.963		0.566519		0
2.964		0.566309		0
2.965		0.566098		0
2.966		0.565888		0
2.967		0.565678		0
2.968		0.565468		0
2.969		0.565258		0
2.97		0.565048		0
2.971		0.564838		0
2.972		0.564629		0
2.973		0.56442		0
2.974		0.56421		0
2.975		0.564001		0
2.976		0.563792		0
2.977		0.563584		0
2.978		0.563375		0
2.979		0.563167		0
2.98		0.562958		0
2.981		0.56275		0
2.982		0.562542		0
2.983		0.562334		0
2.984		0.562127		0
2.985		0.561919		0
2.986		0.561712		0
2.987		0.561505		0
2.988		0.561297		0
2.989		0.56109		0
2.99		0.560884		0
2.991		0.560677		0
2.992		0.56047		0
2.993		0.560264		0
2.994		0.560058		0
2.995		0.559852		0
2.996		0.559646		0
2.997		0.55944		0
2.998		0.559234		0
2.999		0.559029		0
3		0.558823		0
