0.001		9.69032e-71		0
0.002		1.4672e-34		0
0.003		1.41511e-22		0
0.004		1.27658e-16		0
0.005		4.54211e-13		0
0.006		1.02367e-10		0
0.007		4.79106e-09		0
0.008		8.42161e-08		0
0.009		7.72202e-07		0
0.01		4.49665e-06		0
0.011		1.88428e-05		0
0.012		6.17467e-05		0
0.013		0.00016759		0
0.014		0.000392489		0
0.015		0.000817267		0
0.016		0.00154734		0
0.017		0.00270965		0
0.018		0.00444729		0
0.019		0.0069129		0
0.02		0.0102616		0
0.021		0.0146442		0
0.022		0.0202018		0
0.023		0.0270605		0
0.024		0.0353286		0
0.025		0.045094		0
0.026		0.0564233		0
0.027		0.0693611		0
0.028		0.0839311		0
0.029		0.100137		0
0.03		0.117964		0
0.031		0.137379		0
0.032		0.158338		0
0.033		0.180779		0
0.034		0.204633		0
0.035		0.229821		0
0.036		0.256257		0
0.037		0.28385		0
0.038		0.312505		0
0.039		0.342124		0
0.04		0.372611		0
0.041		0.403867		0
0.042		0.435795		0
0.043		0.468301		0
0.044		0.501294		0
0.045		0.534683		0
0.046		0.568384		0
0.047		0.602316		0
0.048		0.636402		0
0.049		0.670568		0
0.05		0.704748		0
0.051		0.738877		0
0.052		0.772896		0
0.053		0.806751		0
0.054		0.840392		0
0.055		0.873772		0
0.056		0.90685		0
0.057		0.939587		0
0.058		0.97195		0
0.059		1.00391		0
0.06		1.03543		0
0.061		1.0665		0
0.062		1.0971		0
0.063		1.1272		0
0.064		1.15678		0
0.065		1.18585		0
0.066		1.21438		0
0.067		1.24237		0
0.068		1.26981		0
0.069		1.2967		0
0.07		1.32303		0
0.071		1.3488		0
0.072		1.37401		0
0.073		1.39867		0
0.074		1.42277		0
0.075		1.44632		0
0.076		1.46932		0
0.077		1.49178		0
0.078		1.51371		0
0.079		1.5351		0
0.08		1.55597		0
0.081		1.57632		0
0.082		1.59617		0
0.083		1.61552		0
0.084		1.63438		0
0.085		1.65275		0
0.086		1.67065		0
0.087		1.68809		0
0.088		1.70508		0
0.089		1.72162		0
0.09		1.73773		0
0.091		1.75341		0
0.092		1.76868		0
0.093		1.78354		0
0.094		1.79801		0
0.095		1.81209		0
0.096		1.8258		0
0.097		1.83914		0
0.098		1.85212		0
0.099		1.86476		0
0.1		1.87706		0
0.101		1.88902		0
0.102		1.90067		0
0.103		1.91201		0
0.104		1.92304		0
0.105		1.93378		0
0.106		1.94423		0
0.107		1.9544		0
0.108		1.96431		0
0.109		1.97395		0
0.11		1.98334		0
0.111		1.99248		0
0.112		2.00138		0
0.113		2.01005		0
0.114		2.0185		0
0.115		2.02672		0
0.116		2.03474		0
0.117		2.04255		0
0.118		2.05016		0
0.119		2.05757		0
0.12		2.0648		0
0.121		2.07185		0
0.122		2.07872		0
0.123		2.08542		0
0.124		2.09196		0
0.125		2.09834		0
0.126		2.10456		0
0.127		2.11063		0
0.128		2.11656		0
0.129		2.12235		0
0.13		2.128		0
0.131		2.13352		0
0.132		2.13891		0
0.133		2.14418		0
0.134		2.14933		0
0.135		2.15436		0
0.136		2.15928		0
0.137		2.16409		0
0.138		2.16879		0
0.139		2.1734		0
0.14		2.1779		0
0.141		2.18231		0
0.142		2.18662		0
0.143		2.19085		0
0.144		2.19498		0
0.145		2.19904		0
0.146		2.203		0
0.147		2.20689		0
0.148		2.21071		0
0.149		2.21444		0
0.15		2.2181		0
0.151		2.2217		0
0.152		2.22522		0
0.153		2.22868		0
0.154		2.23207		0
0.155		2.23539		0
0.156		2.23866		0
0.157		2.24186		0
0.158		2.24501		0
0.159		2.2481		0
0.16		2.25113		0
0.161		2.25411		0
0.162		2.25704		0
0.163		2.25991		0
0.164		2.26274		0
0.165		2.26551		0
0.166		2.26824		0
0.167		2.27092		0
0.168		2.27355		0
0.169		2.27614		0
0.17		2.27868		0
0.171		2.28118		0
0.172		2.28364		0
0.173		2.28605		0
0.174		2.28843		0
0.175		2.29076		0
0.176		2.29306		0
0.177		2.29531		0
0.178		2.29753		0
0.179		2.29971		0
0.18		2.30185		0
0.181		2.30395		0
0.182		2.30602		0
0.183		2.30805		0
0.184		2.31005		0
0.185		2.31201		0
0.186		2.31394		0
0.187		2.31583		0
0.188		2.31769		0
0.189		2.31951		0
0.19		2.32131		0
0.191		2.32307		0
0.192		2.32479		0
0.193		2.32649		0
0.194		2.32815		0
0.195		2.32978		0
0.196		2.33137		0
0.197		2.33294		0
0.198		2.33447		0
0.199		2.33598		0
0.2		2.33745		0
0.201		2.33889		0
0.202		2.3403		0
0.203		2.34168		0
0.204		2.34303		0
0.205		2.34435		0
0.206		2.34564		0
0.207		2.3469		0
0.208		2.34813		0
0.209		2.34933		0
0.21		2.3505		0
0.211		2.35164		0
0.212		2.35275		0
0.213		2.35383		0
0.214		2.35488		0
0.215		2.35591		0
0.216		2.3569		0
0.217		2.35786		0
0.218		2.3588		0
0.219		2.3597		0
0.22		2.36058		0
0.221		2.36143		0
0.222		2.36225		0
0.223		2.36304		0
0.224		2.3638		0
0.225		2.36454		0
0.226		2.36524		0
0.227		2.36592		0
0.228		2.36657		0
0.229		2.36719		0
0.23		2.36778		0
0.231		2.36835		0
0.232		2.36888		0
0.233		2.36939		0
0.234		2.36987		0
0.235		2.37033		0
0.236		2.37075		0
0.237		2.37115		0
0.238		2.37152		0
0.239		2.37187		0
0.24		2.37218		0
0.241		2.37247		0
0.242		2.37273		0
0.243		2.37297		0
0.244		2.37318		0
0.245		2.37336		0
0.246		2.37351		0
0.247		2.37364		0
0.248		2.37375		0
0.249		2.37382		0
0.25		2.37387		0
0.251		2.3739		0
0.252		2.37389		0
0.253		2.37387		0
0.254		2.37381		0
0.255		2.37373		0
0.256		2.37363		0
0.257		2.3735		0
0.258		2.37335		0
0.259		2.37317		0
0.26		2.37296		0
0.261		2.37274		0
0.262		2.37248		0
0.263		2.3722		0
0.264		2.3719		0
0.265		2.37158		0
0.266		2.37123		0
0.267		2.37085		0
0.268		2.37046		0
0.269		2.37004		0
0.27		2.36959		0
0.271		2.36913		0
0.272		2.36864		0
0.273		2.36813		0
0.274		2.36759		0
0.275		2.36703		0
0.276		2.36645		0
0.277		2.36585		0
0.278		2.36523		0
0.279		2.36458		0
0.28		2.36392		0
0.281		2.36323		0
0.282		2.36252		0
0.283		2.36179		0
0.284		2.36104		0
0.285		2.36026		0
0.286		2.35947		0
0.287		2.35866		0
0.288		2.35783		0
0.289		2.35697		0
0.29		2.3561		0
0.291		2.35521		0
0.292		2.3543		0
0.293		2.35337		0
0.294		2.35242		0
0.295		2.35145		0
0.296		2.35046		0
0.297		2.34945		0
0.298		2.34843		0
0.299		2.34739		0
0.3		2.34633		0
0.301		2.34525		0
0.302		2.34415		0
0.303		2.34304		0
0.304		2.34191		0
0.305		2.34076		0
0.306		2.3396		0
0.307		2.33842		0
0.308		2.33722		0
0.309		2.33601		0
0.31		2.33478		0
0.311		2.33353		0
0.312		2.33227		0
0.313		2.33099		0
0.314		2.3297		0
0.315		2.32839		0
0.316		2.32707		0
0.317		2.32573		0
0.318		2.32438		0
0.319		2.32301		0
0.32		2.32163		0
0.321		2.32024		0
0.322		2.31883		0
0.323		2.31741		0
0.324		2.31597		0
0.325		2.31452		0
0.326		2.31306		0
0.327		2.31158		0
0.328		2.31009		0
0.329		2.30859		0
0.33		2.30707		0
0.331		2.30555		0
0.332		2.30401		0
0.333		2.30246		0
0.334		2.30089		0
0.335		2.29932		0
0.336		2.29773		0
0.337		2.29613		0
0.338		2.29452		0
0.339		2.2929		0
0.34		2.29127		0
0.341		2.28963		0
0.342		2.28798		0
0.343		2.28631		0
0.344		2.28464		0
0.345		2.28295		0
0.346		2.28126		0
0.347		2.27955		0
0.348		2.27784		0
0.349		2.27612		0
0.35		2.27438		0
0.351		2.27264		0
0.352		2.27089		0
0.353		2.26913		0
0.354		2.26736		0
0.355		2.26558		0
0.356		2.26379		0
0.357		2.262		0
0.358		2.2602		0
0.359		2.25838		0
0.36		2.25656		0
0.361		2.25474		0
0.362		2.2529		0
0.363		2.25106		0
0.364		2.24921		0
0.365		2.24735		0
0.366		2.24548		0
0.367		2.24361		0
0.368		2.24173		0
0.369		2.23984		0
0.37		2.23795		0
0.371		2.23605		0
0.372		2.23414		0
0.373		2.23223		0
0.374		2.23031		0
0.375		2.22838		0
0.376		2.22645		0
0.377		2.22451		0
0.378		2.22257		0
0.379		2.22062		0
0.38		2.21867		0
0.381		2.2167		0
0.382		2.21474		0
0.383		2.21277		0
0.384		2.21079		0
0.385		2.20881		0
0.386		2.20682		0
0.387		2.20483		0
0.388		2.20284		0
0.389		2.20083		0
0.39		2.19883		0
0.391		2.19682		0
0.392		2.19481		0
0.393		2.19279		0
0.394		2.19076		0
0.395		2.18874		0
0.396		2.18671		0
0.397		2.18467		0
0.398		2.18263		0
0.399		2.18059		0
0.4		2.17855		0
0.401		2.1765		0
0.402		2.17444		0
0.403		2.17239		0
0.404		2.17033		0
0.405		2.16827		0
0.406		2.1662		0
0.407		2.16413		0
0.408		2.16206		0
0.409		2.15998		0
0.41		2.15791		0
0.411		2.15583		0
0.412		2.15374		0
0.413		2.15166		0
0.414		2.14957		0
0.415		2.14748		0
0.416		2.14539		0
0.417		2.1433		0
0.418		2.1412		0
0.419		2.1391		0
0.42		2.137		0
0.421		2.1349		0
0.422		2.13279		0
0.423		2.13068		0
0.424		2.12858		0
0.425		2.12647		0
0.426		2.12435		0
0.427		2.12224		0
0.428		2.12013		0
0.429		2.11801		0
0.43		2.11589		0
0.431		2.11377		0
0.432		2.11165		0
0.433		2.10953		0
0.434		2.10741		0
0.435		2.10529		0
0.436		2.10316		0
0.437		2.10104		0
0.438		2.09891		0
0.439		2.09678		0
0.44		2.09466		0
0.441		2.09253		0
0.442		2.0904		0
0.443		2.08827		0
0.444		2.08614		0
0.445		2.08401		0
0.446		2.08188		0
0.447		2.07975		0
0.448		2.07761		0
0.449		2.07548		0
0.45		2.07335		0
0.451		2.07122		0
0.452		2.06908		0
0.453		2.06695		0
0.454		2.06482		0
0.455		2.06268		0
0.456		2.06055		0
0.457		2.05842		0
0.458		2.05629		0
0.459		2.05415		0
0.46		2.05202		0
0.461		2.04989		0
0.462		2.04776		0
0.463		2.04562		0
0.464		2.04349		0
0.465		2.04136		0
0.466		2.03923		0
0.467		2.0371		0
0.468		2.03497		0
0.469		2.03284		0
0.47		2.03072		0
0.471		2.02859		0
0.472		2.02646		0
0.473		2.02433		0
0.474		2.02221		0
0.475		2.02008		0
0.476		2.01796		0
0.477		2.01584		0
0.478		2.01372		0
0.479		2.01159		0
0.48		2.00947		0
0.481		2.00735		0
0.482		2.00524		0
0.483		2.00312		0
0.484		2.001		0
0.485		1.99889		0
0.486		1.99677		0
0.487		1.99466		0
0.488		1.99255		0
0.489		1.99044		0
0.49		1.98833		0
0.491		1.98622		0
0.492		1.98412		0
0.493		1.98201		0
0.494		1.97991		0
0.495		1.9778		0
0.496		1.9757		0
0.497		1.9736		0
0.498		1.97151		0
0.499		1.96941		0
0.5		1.96731		0
0.501		1.96522		0
0.502		1.96313		0
0.503		1.96104		0
0.504		1.95895		0
0.505		1.95686		0
0.506		1.95478		0
0.507		1.95269		0
0.508		1.95061		0
0.509		1.94853		0
0.51		1.94645		0
0.511		1.94437		0
0.512		1.9423		0
0.513		1.94022		0
0.514		1.93815		0
0.515		1.93608		0
0.516		1.93401		0
0.517		1.93195		0
0.518		1.92988		0
0.519		1.92782		0
0.52		1.92576		0
0.521		1.9237		0
0.522		1.92165		0
0.523		1.91959		0
0.524		1.91754		0
0.525		1.91549		0
0.526		1.91344		0
0.527		1.91139		0
0.528		1.90935		0
0.529		1.90731		0
0.53		1.90527		0
0.531		1.90323		0
0.532		1.90119		0
0.533		1.89916		0
0.534		1.89713		0
0.535		1.8951		0
0.536		1.89307		0
0.537		1.89104		0
0.538		1.88902		0
0.539		1.887		0
0.54		1.88498		0
0.541		1.88296		0
0.542		1.88095		0
0.543		1.87894		0
0.544		1.87693		0
0.545		1.87492		0
0.546		1.87291		0
0.547		1.87091		0
0.548		1.86891		0
0.549		1.86691		0
0.55		1.86492		0
0.551		1.86292		0
0.552		1.86093		0
0.553		1.85894		0
0.554		1.85696		0
0.555		1.85497		0
0.556		1.85299		0
0.557		1.85101		0
0.558		1.84903		0
0.559		1.84706		0
0.56		1.84509		0
0.561		1.84312		0
0.562		1.84115		0
0.563		1.83919		0
0.564		1.83722		0
0.565		1.83526		0
0.566		1.83331		0
0.567		1.83135		0
0.568		1.8294		0
0.569		1.82745		0
0.57		1.8255		0
0.571		1.82356		0
0.572		1.82161		0
0.573		1.81967		0
0.574		1.81774		0
0.575		1.8158		0
0.576		1.81387		0
0.577		1.81194		0
0.578		1.81001		0
0.579		1.80809		0
0.58		1.80617		0
0.581		1.80425		0
0.582		1.80233		0
0.583		1.80042		0
0.584		1.7985		0
0.585		1.79659		0
0.586		1.79469		0
0.587		1.79278		0
0.588		1.79088		0
0.589		1.78898		0
0.59		1.78709		0
0.591		1.78519		0
0.592		1.7833		0
0.593		1.78141		0
0.594		1.77953		0
0.595		1.77765		0
0.596		1.77576		0
0.597		1.77389		0
0.598		1.77201		0
0.599		1.77014		0
0.6		1.76827		0
0.601		1.7664		0
0.602		1.76454		0
0.603		1.76268		0
0.604		1.76082		0
0.605		1.75896		0
0.606		1.75711		0
0.607		1.75525		0
0.608		1.75341		0
0.609		1.75156		0
0.61		1.74972		0
0.611		1.74787		0
0.612		1.74604		0
0.613		1.7442		0
0.614		1.74237		0
0.615		1.74054		0
0.616		1.73871		0
0.617		1.73689		0
0.618		1.73506		0
0.619		1.73325		0
0.62		1.73143		0
0.621		1.72961		0
0.622		1.7278		0
0.623		1.72599		0
0.624		1.72419		0
0.625		1.72239		0
0.626		1.72059		0
0.627		1.71879		0
0.628		1.71699		0
0.629		1.7152		0
0.63		1.71341		0
0.631		1.71162		0
0.632		1.70984		0
0.633		1.70806		0
0.634		1.70628		0
0.635		1.7045		0
0.636		1.70273		0
0.637		1.70096		0
0.638		1.69919		0
0.639		1.69742		0
0.64		1.69566		0
0.641		1.6939		0
0.642		1.69214		0
0.643		1.69039		0
0.644		1.68863		0
0.645		1.68689		0
0.646		1.68514		0
0.647		1.68339		0
0.648		1.68165		0
0.649		1.67991		0
0.65		1.67818		0
0.651		1.67644		0
0.652		1.67471		0
0.653		1.67299		0
0.654		1.67126		0
0.655		1.66954		0
0.656		1.66782		0
0.657		1.6661		0
0.658		1.66439		0
0.659		1.66267		0
0.66		1.66096		0
0.661		1.65926		0
0.662		1.65755		0
0.663		1.65585		0
0.664		1.65415		0
0.665		1.65246		0
0.666		1.65076		0
0.667		1.64907		0
0.668		1.64739		0
0.669		1.6457		0
0.67		1.64402		0
0.671		1.64234		0
0.672		1.64066		0
0.673		1.63898		0
0.674		1.63731		0
0.675		1.63564		0
0.676		1.63398		0
0.677		1.63231		0
0.678		1.63065		0
0.679		1.62899		0
0.68		1.62733		0
0.681		1.62568		0
0.682		1.62403		0
0.683		1.62238		0
0.684		1.62074		0
0.685		1.61909		0
0.686		1.61745		0
0.687		1.61581		0
0.688		1.61418		0
0.689		1.61254		0
0.69		1.61091		0
0.691		1.60929		0
0.692		1.60766		0
0.693		1.60604		0
0.694		1.60442		0
0.695		1.6028		0
0.696		1.60119		0
0.697		1.59958		0
0.698		1.59797		0
0.699		1.59636		0
0.7		1.59476		0
0.701		1.59315		0
0.702		1.59155		0
0.703		1.58996		0
0.704		1.58836		0
0.705		1.58677		0
0.706		1.58518		0
0.707		1.5836		0
0.708		1.58201		0
0.709		1.58043		0
0.71		1.57885		0
0.711		1.57728		0
0.712		1.5757		0
0.713		1.57413		0
0.714		1.57256		0
0.715		1.571		0
0.716		1.56943		0
0.717		1.56787		0
0.718		1.56632		0
0.719		1.56476		0
0.72		1.56321		0
0.721		1.56166		0
0.722		1.56011		0
0.723		1.55856		0
0.724		1.55702		0
0.725		1.55548		0
0.726		1.55394		0
0.727		1.5524		0
0.728		1.55087		0
0.729		1.54934		0
0.73		1.54781		0
0.731		1.54628		0
0.732		1.54476		0
0.733		1.54324		0
0.734		1.54172		0
0.735		1.54021		0
0.736		1.53869		0
0.737		1.53718		0
0.738		1.53567		0
0.739		1.53417		0
0.74		1.53266		0
0.741		1.53116		0
0.742		1.52966		0
0.743		1.52817		0
0.744		1.52667		0
0.745		1.52518		0
0.746		1.52369		0
0.747		1.5222		0
0.748		1.52072		0
0.749		1.51924		0
0.75		1.51776		0
0.751		1.51628		0
0.752		1.51481		0
0.753		1.51334		0
0.754		1.51187		0
0.755		1.5104		0
0.756		1.50893		0
0.757		1.50747		0
0.758		1.50601		0
0.759		1.50455		0
0.76		1.5031		0
0.761		1.50164		0
0.762		1.50019		0
0.763		1.49874		0
0.764		1.4973		0
0.765		1.49585		0
0.766		1.49441		0
0.767		1.49297		0
0.768		1.49154		0
0.769		1.4901		0
0.77		1.48867		0
0.771		1.48724		0
0.772		1.48581		0
0.773		1.48439		0
0.774		1.48297		0
0.775		1.48155		0
0.776		1.48013		0
0.777		1.47871		0
0.778		1.4773		0
0.779		1.47589		0
0.78		1.47448		0
0.781		1.47307		0
0.782		1.47167		0
0.783		1.47027		0
0.784		1.46887		0
0.785		1.46747		0
0.786		1.46607		0
0.787		1.46468		0
0.788		1.46329		0
0.789		1.4619		0
0.79		1.46052		0
0.791		1.45913		0
0.792		1.45775		0
0.793		1.45637		0
0.794		1.455		0
0.795		1.45362		0
0.796		1.45225		0
0.797		1.45088		0
0.798		1.44951		0
0.799		1.44814		0
0.8		1.44678		0
0.801		1.44542		0
0.802		1.44406		0
0.803		1.4427		0
0.804		1.44135		0
0.805		1.44		0
0.806		1.43864		0
0.807		1.4373		0
0.808		1.43595		0
0.809		1.43461		0
0.81		1.43327		0
0.811		1.43193		0
0.812		1.43059		0
0.813		1.42925		0
0.814		1.42792		0
0.815		1.42659		0
0.816		1.42526		0
0.817		1.42393		0
0.818		1.42261		0
0.819		1.42129		0
0.82		1.41997		0
0.821		1.41865		0
0.822		1.41733		0
0.823		1.41602		0
0.824		1.41471		0
0.825		1.4134		0
0.826		1.41209		0
0.827		1.41079		0
0.828		1.40949		0
0.829		1.40818		0
0.83		1.40689		0
0.831		1.40559		0
0.832		1.40429		0
0.833		1.403		0
0.834		1.40171		0
0.835		1.40042		0
0.836		1.39914		0
0.837		1.39785		0
0.838		1.39657		0
0.839		1.39529		0
0.84		1.39401		0
0.841		1.39274		0
0.842		1.39146		0
0.843		1.39019		0
0.844		1.38892		0
0.845		1.38765		0
0.846		1.38639		0
0.847		1.38512		0
0.848		1.38386		0
0.849		1.3826		0
0.85		1.38135		0
0.851		1.38009		0
0.852		1.37884		0
0.853		1.37759		0
0.854		1.37634		0
0.855		1.37509		0
0.856		1.37384		0
0.857		1.3726		0
0.858		1.37136		0
0.859		1.37012		0
0.86		1.36888		0
0.861		1.36765		0
0.862		1.36641		0
0.863		1.36518		0
0.864		1.36395		0
0.865		1.36272		0
0.866		1.3615		0
0.867		1.36027		0
0.868		1.35905		0
0.869		1.35783		0
0.87		1.35662		0
0.871		1.3554		0
0.872		1.35419		0
0.873		1.35297		0
0.874		1.35176		0
0.875		1.35056		0
0.876		1.34935		0
0.877		1.34815		0
0.878		1.34694		0
0.879		1.34574		0
0.88		1.34454		0
0.881		1.34335		0
0.882		1.34215		0
0.883		1.34096		0
0.884		1.33977		0
0.885		1.33858		0
0.886		1.33739		0
0.887		1.33621		0
0.888		1.33503		0
0.889		1.33384		0
0.89		1.33266		0
0.891		1.33149		0
0.892		1.33031		0
0.893		1.32914		0
0.894		1.32797		0
0.895		1.3268		0
0.896		1.32563		0
0.897		1.32446		0
0.898		1.3233		0
0.899		1.32213		0
0.9		1.32097		0
0.901		1.31981		0
0.902		1.31866		0
0.903		1.3175		0
0.904		1.31635		0
0.905		1.31519		0
0.906		1.31404		0
0.907		1.3129		0
0.908		1.31175		0
0.909		1.31061		0
0.91		1.30946		0
0.911		1.30832		0
0.912		1.30718		0
0.913		1.30605		0
0.914		1.30491		0
0.915		1.30378		0
0.916		1.30264		0
0.917		1.30151		0
0.918		1.30039		0
0.919		1.29926		0
0.92		1.29813		0
0.921		1.29701		0
0.922		1.29589		0
0.923		1.29477		0
0.924		1.29365		0
0.925		1.29254		0
0.926		1.29142		0
0.927		1.29031		0
0.928		1.2892		0
0.929		1.28809		0
0.93		1.28698		0
0.931		1.28588		0
0.932		1.28477		0
0.933		1.28367		0
0.934		1.28257		0
0.935		1.28147		0
0.936		1.28037		0
0.937		1.27928		0
0.938		1.27819		0
0.939		1.27709		0
0.94		1.276		0
0.941		1.27491		0
0.942		1.27383		0
0.943		1.27274		0
0.944		1.27166		0
0.945		1.27058		0
0.946		1.2695		0
0.947		1.26842		0
0.948		1.26734		0
0.949		1.26627		0
0.95		1.26519		0
0.951		1.26412		0
0.952		1.26305		0
0.953		1.26198		0
0.954		1.26092		0
0.955		1.25985		0
0.956		1.25879		0
0.957		1.25773		0
0.958		1.25667		0
0.959		1.25561		0
0.96		1.25455		0
0.961		1.2535		0
0.962		1.25244		0
0.963		1.25139		0
0.964		1.25034		0
0.965		1.24929		0
0.966		1.24824		0
0.967		1.2472		0
0.968		1.24615		0
0.969		1.24511		0
0.97		1.24407		0
0.971		1.24303		0
0.972		1.24199		0
0.973		1.24096		0
0.974		1.23992		0
0.975		1.23889		0
0.976		1.23786		0
0.977		1.23683		0
0.978		1.2358		0
0.979		1.23478		0
0.98		1.23375		0
0.981		1.23273		0
0.982		1.23171		0
0.983		1.23069		0
0.984		1.22967		0
0.985		1.22865		0
0.986		1.22763		0
0.987		1.22662		0
0.988		1.22561		0
0.989		1.2246		0
0.99		1.22359		0
0.991		1.22258		0
0.992		1.22157		0
0.993		1.22057		0
0.994		1.21957		0
0.995		1.21856		0
0.996		1.21756		0
0.997		1.21657		0
0.998		1.21557		0
0.999		1.21457		0
1		1.21358		0
1.001		1.21259		0
1.002		1.21159		0
1.003		1.21061		0
1.004		1.20962		0
1.005		1.20863		0
1.006		1.20765		0
1.007		1.20666		0
1.008		1.20568		0
1.009		1.2047		0
1.01		1.20372		0
1.011		1.20274		0
1.012		1.20177		0
1.013		1.20079		0
1.014		1.19982		0
1.015		1.19885		0
1.016		1.19787		0
1.017		1.19691		0
1.018		1.19594		0
1.019		1.19497		0
1.02		1.19401		0
1.021		1.19304		0
1.022		1.19208		0
1.023		1.19112		0
1.024		1.19016		0
1.025		1.18921		0
1.026		1.18825		0
1.027		1.1873		0
1.028		1.18634		0
1.029		1.18539		0
1.03		1.18444		0
1.031		1.18349		0
1.032		1.18254		0
1.033		1.1816		0
1.034		1.18065		0
1.035		1.17971		0
1.036		1.17877		0
1.037		1.17783		0
1.038		1.17689		0
1.039		1.17595		0
1.04		1.17502		0
1.041		1.17408		0
1.042		1.17315		0
1.043		1.17222		0
1.044		1.17128		0
1.045		1.17036		0
1.046		1.16943		0
1.047		1.1685		0
1.048		1.16758		0
1.049		1.16665		0
1.05		1.16573		0
1.051		1.16481		0
1.052		1.16389		0
1.053		1.16297		0
1.054		1.16205		0
1.055		1.16114		0
1.056		1.16022		0
1.057		1.15931		0
1.058		1.1584		0
1.059		1.15749		0
1.06		1.15658		0
1.061		1.15567		0
1.062		1.15477		0
1.063		1.15386		0
1.064		1.15296		0
1.065		1.15205		0
1.066		1.15115		0
1.067		1.15025		0
1.068		1.14936		0
1.069		1.14846		0
1.07		1.14756		0
1.071		1.14667		0
1.072		1.14577		0
1.073		1.14488		0
1.074		1.14399		0
1.075		1.1431		0
1.076		1.14222		0
1.077		1.14133		0
1.078		1.14044		0
1.079		1.13956		0
1.08		1.13868		0
1.081		1.1378		0
1.082		1.13692		0
1.083		1.13604		0
1.084		1.13516		0
1.085		1.13428		0
1.086		1.13341		0
1.087		1.13253		0
1.088		1.13166		0
1.089		1.13079		0
1.09		1.12992		0
1.091		1.12905		0
1.092		1.12818		0
1.093		1.12732		0
1.094		1.12645		0
1.095		1.12559		0
1.096		1.12473		0
1.097		1.12386		0
1.098		1.123		0
1.099		1.12215		0
1.1		1.12129		0
1.101		1.12043		0
1.102		1.11958		0
1.103		1.11872		0
1.104		1.11787		0
1.105		1.11702		0
1.106		1.11617		0
1.107		1.11532		0
1.108		1.11447		0
1.109		1.11363		0
1.11		1.11278		0
1.111		1.11194		0
1.112		1.11109		0
1.113		1.11025		0
1.114		1.10941		0
1.115		1.10857		0
1.116		1.10773		0
1.117		1.1069		0
1.118		1.10606		0
1.119		1.10523		0
1.12		1.10439		0
1.121		1.10356		0
1.122		1.10273		0
1.123		1.1019		0
1.124		1.10107		0
1.125		1.10024		0
1.126		1.09942		0
1.127		1.09859		0
1.128		1.09777		0
1.129		1.09695		0
1.13		1.09612		0
1.131		1.0953		0
1.132		1.09448		0
1.133		1.09367		0
1.134		1.09285		0
1.135		1.09203		0
1.136		1.09122		0
1.137		1.0904		0
1.138		1.08959		0
1.139		1.08878		0
1.14		1.08797		0
1.141		1.08716		0
1.142		1.08635		0
1.143		1.08555		0
1.144		1.08474		0
1.145		1.08394		0
1.146		1.08313		0
1.147		1.08233		0
1.148		1.08153		0
1.149		1.08073		0
1.15		1.07993		0
1.151		1.07914		0
1.152		1.07834		0
1.153		1.07754		0
1.154		1.07675		0
1.155		1.07596		0
1.156		1.07516		0
1.157		1.07437		0
1.158		1.07358		0
1.159		1.07279		0
1.16		1.07201		0
1.161		1.07122		0
1.162		1.07043		0
1.163		1.06965		0
1.164		1.06887		0
1.165		1.06808		0
1.166		1.0673		0
1.167		1.06652		0
1.168		1.06574		0
1.169		1.06497		0
1.17		1.06419		0
1.171		1.06341		0
1.172		1.06264		0
1.173		1.06187		0
1.174		1.06109		0
1.175		1.06032		0
1.176		1.05955		0
1.177		1.05878		0
1.178		1.05801		0
1.179		1.05725		0
1.18		1.05648		0
1.181		1.05572		0
1.182		1.05495		0
1.183		1.05419		0
1.184		1.05343		0
1.185		1.05267		0
1.186		1.05191		0
1.187		1.05115		0
1.188		1.05039		0
1.189		1.04963		0
1.19		1.04888		0
1.191		1.04812		0
1.192		1.04737		0
1.193		1.04662		0
1.194		1.04586		0
1.195		1.04511		0
1.196		1.04436		0
1.197		1.04362		0
1.198		1.04287		0
1.199		1.04212		0
1.2		1.04138		0
1.201		1.04063		0
1.202		1.03989		0
1.203		1.03915		0
1.204		1.0384		0
1.205		1.03766		0
1.206		1.03693		0
1.207		1.03619		0
1.208		1.03545		0
1.209		1.03471		0
1.21		1.03398		0
1.211		1.03324		0
1.212		1.03251		0
1.213		1.03178		0
1.214		1.03105		0
1.215		1.03032		0
1.216		1.02959		0
1.217		1.02886		0
1.218		1.02813		0
1.219		1.0274		0
1.22		1.02668		0
1.221		1.02595		0
1.222		1.02523		0
1.223		1.02451		0
1.224		1.02379		0
1.225		1.02307		0
1.226		1.02235		0
1.227		1.02163		0
1.228		1.02091		0
1.229		1.02019		0
1.23		1.01948		0
1.231		1.01876		0
1.232		1.01805		0
1.233		1.01734		0
1.234		1.01662		0
1.235		1.01591		0
1.236		1.0152		0
1.237		1.01449		0
1.238		1.01379		0
1.239		1.01308		0
1.24		1.01237		0
1.241		1.01167		0
1.242		1.01096		0
1.243		1.01026		0
1.244		1.00956		0
1.245		1.00886		0
1.246		1.00815		0
1.247		1.00745		0
1.248		1.00676		0
1.249		1.00606		0
1.25		1.00536		0
1.251		1.00467		0
1.252		1.00397		0
1.253		1.00328		0
1.254		1.00258		0
1.255		1.00189		0
1.256		1.0012		0
1.257		1.00051		0
1.258		0.999819		0
1.259		0.99913		0
1.26		0.998442		0
1.261		0.997756		0
1.262		0.99707		0
1.263		0.996385		0
1.264		0.9957		0
1.265		0.995017		0
1.266		0.994335		0
1.267		0.993653		0
1.268		0.992973		0
1.269		0.992293		0
1.27		0.991614		0
1.271		0.990936		0
1.272		0.990259		0
1.273		0.989583		0
1.274		0.988908		0
1.275		0.988234		0
1.276		0.98756		0
1.277		0.986888		0
1.278		0.986216		0
1.279		0.985545		0
1.28		0.984875		0
1.281		0.984206		0
1.282		0.983538		0
1.283		0.982871		0
1.284		0.982204		0
1.285		0.981539		0
1.286		0.980874		0
1.287		0.98021		0
1.288		0.979547		0
1.289		0.978885		0
1.29		0.978224		0
1.291		0.977563		0
1.292		0.976904		0
1.293		0.976245		0
1.294		0.975587		0
1.295		0.97493		0
1.296		0.974274		0
1.297		0.973619		0
1.298		0.972964		0
1.299		0.972311		0
1.3		0.971658		0
1.301		0.971006		0
1.302		0.970355		0
1.303		0.969705		0
1.304		0.969055		0
1.305		0.968407		0
1.306		0.967759		0
1.307		0.967112		0
1.308		0.966466		0
1.309		0.965821		0
1.31		0.965176		0
1.311		0.964533		0
1.312		0.96389		0
1.313		0.963248		0
1.314		0.962607		0
1.315		0.961967		0
1.316		0.961327		0
1.317		0.960688		0
1.318		0.960051		0
1.319		0.959414		0
1.32		0.958777		0
1.321		0.958142		0
1.322		0.957507		0
1.323		0.956874		0
1.324		0.956241		0
1.325		0.955608		0
1.326		0.954977		0
1.327		0.954346		0
1.328		0.953717		0
1.329		0.953088		0
1.33		0.95246		0
1.331		0.951832		0
1.332		0.951206		0
1.333		0.95058		0
1.334		0.949955		0
1.335		0.949331		0
1.336		0.948707		0
1.337		0.948085		0
1.338		0.947463		0
1.339		0.946842		0
1.34		0.946222		0
1.341		0.945602		0
1.342		0.944983		0
1.343		0.944365		0
1.344		0.943748		0
1.345		0.943132		0
1.346		0.942516		0
1.347		0.941902		0
1.348		0.941288		0
1.349		0.940674		0
1.35		0.940062		0
1.351		0.93945		0
1.352		0.938839		0
1.353		0.938229		0
1.354		0.93762		0
1.355		0.937011		0
1.356		0.936403		0
1.357		0.935796		0
1.358		0.935189		0
1.359		0.934584		0
1.36		0.933979		0
1.361		0.933375		0
1.362		0.932772		0
1.363		0.932169		0
1.364		0.931567		0
1.365		0.930966		0
1.366		0.930366		0
1.367		0.929766		0
1.368		0.929167		0
1.369		0.928569		0
1.37		0.927972		0
1.371		0.927375		0
1.372		0.926779		0
1.373		0.926184		0
1.374		0.92559		0
1.375		0.924996		0
1.376		0.924403		0
1.377		0.923811		0
1.378		0.923219		0
1.379		0.922629		0
1.38		0.922039		0
1.381		0.921449		0
1.382		0.920861		0
1.383		0.920273		0
1.384		0.919686		0
1.385		0.9191		0
1.386		0.918514		0
1.387		0.917929		0
1.388		0.917345		0
1.389		0.916761		0
1.39		0.916179		0
1.391		0.915596		0
1.392		0.915015		0
1.393		0.914435		0
1.394		0.913855		0
1.395		0.913275		0
1.396		0.912697		0
1.397		0.912119		0
1.398		0.911542		0
1.399		0.910966		0
1.4		0.91039		0
1.401		0.909815		0
1.402		0.909241		0
1.403		0.908667		0
1.404		0.908094		0
1.405		0.907522		0
1.406		0.906951		0
1.407		0.90638		0
1.408		0.90581		0
1.409		0.905241		0
1.41		0.904672		0
1.411		0.904104		0
1.412		0.903537		0
1.413		0.90297		0
1.414		0.902404		0
1.415		0.901839		0
1.416		0.901274		0
1.417		0.90071		0
1.418		0.900147		0
1.419		0.899585		0
1.42		0.899023		0
1.421		0.898462		0
1.422		0.897901		0
1.423		0.897341		0
1.424		0.896782		0
1.425		0.896224		0
1.426		0.895666		0
1.427		0.895109		0
1.428		0.894553		0
1.429		0.893997		0
1.43		0.893442		0
1.431		0.892887		0
1.432		0.892334		0
1.433		0.891781		0
1.434		0.891228		0
1.435		0.890676		0
1.436		0.890125		0
1.437		0.889575		0
1.438		0.889025		0
1.439		0.888476		0
1.44		0.887927		0
1.441		0.88738		0
1.442		0.886833		0
1.443		0.886286		0
1.444		0.88574		0
1.445		0.885195		0
1.446		0.88465		0
1.447		0.884107		0
1.448		0.883563		0
1.449		0.883021		0
1.45		0.882479		0
1.451		0.881938		0
1.452		0.881397		0
1.453		0.880857		0
1.454		0.880317		0
1.455		0.879779		0
1.456		0.879241		0
1.457		0.878703		0
1.458		0.878166		0
1.459		0.87763		0
1.46		0.877095		0
1.461		0.87656		0
1.462		0.876026		0
1.463		0.875492		0
1.464		0.874959		0
1.465		0.874426		0
1.466		0.873895		0
1.467		0.873364		0
1.468		0.872833		0
1.469		0.872303		0
1.47		0.871774		0
1.471		0.871245		0
1.472		0.870717		0
1.473		0.87019		0
1.474		0.869663		0
1.475		0.869137		0
1.476		0.868612		0
1.477		0.868087		0
1.478		0.867562		0
1.479		0.867039		0
1.48		0.866516		0
1.481		0.865993		0
1.482		0.865471		0
1.483		0.86495		0
1.484		0.864429		0
1.485		0.863909		0
1.486		0.86339		0
1.487		0.862871		0
1.488		0.862353		0
1.489		0.861836		0
1.49		0.861319		0
1.491		0.860802		0
1.492		0.860286		0
1.493		0.859771		0
1.494		0.859257		0
1.495		0.858743		0
1.496		0.858229		0
1.497		0.857717		0
1.498		0.857204		0
1.499		0.856693		0
1.5		0.856182		0
1.501		0.855671		0
1.502		0.855162		0
1.503		0.854652		0
1.504		0.854144		0
1.505		0.853636		0
1.506		0.853128		0
1.507		0.852621		0
1.508		0.852115		0
1.509		0.851609		0
1.51		0.851104		0
1.511		0.8506		0
1.512		0.850096		0
1.513		0.849592		0
1.514		0.84909		0
1.515		0.848587		0
1.516		0.848086		0
1.517		0.847585		0
1.518		0.847084		0
1.519		0.846584		0
1.52		0.846085		0
1.521		0.845586		0
1.522		0.845088		0
1.523		0.84459		0
1.524		0.844093		0
1.525		0.843597		0
1.526		0.843101		0
1.527		0.842606		0
1.528		0.842111		0
1.529		0.841617		0
1.53		0.841123		0
1.531		0.84063		0
1.532		0.840137		0
1.533		0.839645		0
1.534		0.839154		0
1.535		0.838663		0
1.536		0.838173		0
1.537		0.837683		0
1.538		0.837194		0
1.539		0.836705		0
1.54		0.836217		0
1.541		0.83573		0
1.542		0.835243		0
1.543		0.834757		0
1.544		0.834271		0
1.545		0.833786		0
1.546		0.833301		0
1.547		0.832817		0
1.548		0.832333		0
1.549		0.83185		0
1.55		0.831367		0
1.551		0.830885		0
1.552		0.830404		0
1.553		0.829923		0
1.554		0.829443		0
1.555		0.828963		0
1.556		0.828483		0
1.557		0.828005		0
1.558		0.827527		0
1.559		0.827049		0
1.56		0.826572		0
1.561		0.826095		0
1.562		0.825619		0
1.563		0.825144		0
1.564		0.824669		0
1.565		0.824194		0
1.566		0.82372		0
1.567		0.823247		0
1.568		0.822774		0
1.569		0.822302		0
1.57		0.82183		0
1.571		0.821359		0
1.572		0.820888		0
1.573		0.820418		0
1.574		0.819948		0
1.575		0.819479		0
1.576		0.81901		0
1.577		0.818542		0
1.578		0.818074		0
1.579		0.817607		0
1.58		0.817141		0
1.581		0.816675		0
1.582		0.816209		0
1.583		0.815744		0
1.584		0.81528		0
1.585		0.814816		0
1.586		0.814352		0
1.587		0.813889		0
1.588		0.813427		0
1.589		0.812965		0
1.59		0.812503		0
1.591		0.812043		0
1.592		0.811582		0
1.593		0.811122		0
1.594		0.810663		0
1.595		0.810204		0
1.596		0.809746		0
1.597		0.809288		0
1.598		0.80883		0
1.599		0.808374		0
1.6		0.807917		0
1.601		0.807461		0
1.602		0.807006		0
1.603		0.806551		0
1.604		0.806097		0
1.605		0.805643		0
1.606		0.80519		0
1.607		0.804737		0
1.608		0.804285		0
1.609		0.803833		0
1.61		0.803381		0
1.611		0.802931		0
1.612		0.80248		0
1.613		0.80203		0
1.614		0.801581		0
1.615		0.801132		0
1.616		0.800684		0
1.617		0.800236		0
1.618		0.799789		0
1.619		0.799342		0
1.62		0.798895		0
1.621		0.798449		0
1.622		0.798004		0
1.623		0.797559		0
1.624		0.797114		0
1.625		0.79667		0
1.626		0.796227		0
1.627		0.795784		0
1.628		0.795341		0
1.629		0.794899		0
1.63		0.794458		0
1.631		0.794016		0
1.632		0.793576		0
1.633		0.793136		0
1.634		0.792696		0
1.635		0.792257		0
1.636		0.791818		0
1.637		0.79138		0
1.638		0.790942		0
1.639		0.790505		0
1.64		0.790068		0
1.641		0.789631		0
1.642		0.789196		0
1.643		0.78876		0
1.644		0.788325		0
1.645		0.787891		0
1.646		0.787457		0
1.647		0.787023		0
1.648		0.78659		0
1.649		0.786158		0
1.65		0.785725		0
1.651		0.785294		0
1.652		0.784862		0
1.653		0.784432		0
1.654		0.784001		0
1.655		0.783572		0
1.656		0.783142		0
1.657		0.782713		0
1.658		0.782285		0
1.659		0.781857		0
1.66		0.781429		0
1.661		0.781002		0
1.662		0.780576		0
1.663		0.780149		0
1.664		0.779724		0
1.665		0.779298		0
1.666		0.778874		0
1.667		0.778449		0
1.668		0.778025		0
1.669		0.777602		0
1.67		0.777179		0
1.671		0.776756		0
1.672		0.776334		0
1.673		0.775913		0
1.674		0.775492		0
1.675		0.775071		0
1.676		0.77465		0
1.677		0.774231		0
1.678		0.773811		0
1.679		0.773392		0
1.68		0.772974		0
1.681		0.772556		0
1.682		0.772138		0
1.683		0.771721		0
1.684		0.771304		0
1.685		0.770888		0
1.686		0.770472		0
1.687		0.770056		0
1.688		0.769641		0
1.689		0.769227		0
1.69		0.768813		0
1.691		0.768399		0
1.692		0.767986		0
1.693		0.767573		0
1.694		0.767161		0
1.695		0.766749		0
1.696		0.766337		0
1.697		0.765926		0
1.698		0.765515		0
1.699		0.765105		0
1.7		0.764695		0
1.701		0.764286		0
1.702		0.763877		0
1.703		0.763469		0
1.704		0.763061		0
1.705		0.762653		0
1.706		0.762246		0
1.707		0.761839		0
1.708		0.761433		0
1.709		0.761027		0
1.71		0.760621		0
1.711		0.760216		0
1.712		0.759811		0
1.713		0.759407		0
1.714		0.759003		0
1.715		0.7586		0
1.716		0.758197		0
1.717		0.757794		0
1.718		0.757392		0
1.719		0.75699		0
1.72		0.756589		0
1.721		0.756188		0
1.722		0.755788		0
1.723		0.755388		0
1.724		0.754988		0
1.725		0.754589		0
1.726		0.75419		0
1.727		0.753792		0
1.728		0.753394		0
1.729		0.752996		0
1.73		0.752599		0
1.731		0.752202		0
1.732		0.751806		0
1.733		0.75141		0
1.734		0.751014		0
1.735		0.750619		0
1.736		0.750224		0
1.737		0.74983		0
1.738		0.749436		0
1.739		0.749043		0
1.74		0.74865		0
1.741		0.748257		0
1.742		0.747865		0
1.743		0.747473		0
1.744		0.747081		0
1.745		0.74669		0
1.746		0.746299		0
1.747		0.745909		0
1.748		0.745519		0
1.749		0.74513		0
1.75		0.744741		0
1.751		0.744352		0
1.752		0.743964		0
1.753		0.743576		0
1.754		0.743188		0
1.755		0.742801		0
1.756		0.742415		0
1.757		0.742028		0
1.758		0.741642		0
1.759		0.741257		0
1.76		0.740872		0
1.761		0.740487		0
1.762		0.740103		0
1.763		0.739719		0
1.764		0.739335		0
1.765		0.738952		0
1.766		0.738569		0
1.767		0.738187		0
1.768		0.737805		0
1.769		0.737423		0
1.77		0.737042		0
1.771		0.736661		0
1.772		0.736281		0
1.773		0.735901		0
1.774		0.735521		0
1.775		0.735142		0
1.776		0.734763		0
1.777		0.734384		0
1.778		0.734006		0
1.779		0.733628		0
1.78		0.733251		0
1.781		0.732874		0
1.782		0.732497		0
1.783		0.732121		0
1.784		0.731745		0
1.785		0.73137		0
1.786		0.730995		0
1.787		0.73062		0
1.788		0.730246		0
1.789		0.729872		0
1.79		0.729498		0
1.791		0.729125		0
1.792		0.728752		0
1.793		0.72838		0
1.794		0.728007		0
1.795		0.727636		0
1.796		0.727264		0
1.797		0.726893		0
1.798		0.726523		0
1.799		0.726153		0
1.8		0.725783		0
1.801		0.725413		0
1.802		0.725044		0
1.803		0.724675		0
1.804		0.724307		0
1.805		0.723939		0
1.806		0.723571		0
1.807		0.723204		0
1.808		0.722837		0
1.809		0.72247		0
1.81		0.722104		0
1.811		0.721738		0
1.812		0.721373		0
1.813		0.721008		0
1.814		0.720643		0
1.815		0.720279		0
1.816		0.719915		0
1.817		0.719551		0
1.818		0.719188		0
1.819		0.718825		0
1.82		0.718462		0
1.821		0.7181		0
1.822		0.717738		0
1.823		0.717377		0
1.824		0.717016		0
1.825		0.716655		0
1.826		0.716294		0
1.827		0.715934		0
1.828		0.715575		0
1.829		0.715215		0
1.83		0.714856		0
1.831		0.714498		0
1.832		0.714139		0
1.833		0.713781		0
1.834		0.713424		0
1.835		0.713067		0
1.836		0.71271		0
1.837		0.712353		0
1.838		0.711997		0
1.839		0.711641		0
1.84		0.711286		0
1.841		0.710931		0
1.842		0.710576		0
1.843		0.710221		0
1.844		0.709867		0
1.845		0.709513		0
1.846		0.70916		0
1.847		0.708807		0
1.848		0.708454		0
1.849		0.708102		0
1.85		0.70775		0
1.851		0.707398		0
1.852		0.707047		0
1.853		0.706696		0
1.854		0.706345		0
1.855		0.705995		0
1.856		0.705645		0
1.857		0.705295		0
1.858		0.704946		0
1.859		0.704597		0
1.86		0.704249		0
1.861		0.7039		0
1.862		0.703552		0
1.863		0.703205		0
1.864		0.702858		0
1.865		0.702511		0
1.866		0.702164		0
1.867		0.701818		0
1.868		0.701472		0
1.869		0.701126		0
1.87		0.700781		0
1.871		0.700436		0
1.872		0.700092		0
1.873		0.699748		0
1.874		0.699404		0
1.875		0.69906		0
1.876		0.698717		0
1.877		0.698374		0
1.878		0.698031		0
1.879		0.697689		0
1.88		0.697347		0
1.881		0.697006		0
1.882		0.696664		0
1.883		0.696323		0
1.884		0.695983		0
1.885		0.695643		0
1.886		0.695303		0
1.887		0.694963		0
1.888		0.694624		0
1.889		0.694285		0
1.89		0.693946		0
1.891		0.693608		0
1.892		0.69327		0
1.893		0.692932		0
1.894		0.692595		0
1.895		0.692258		0
1.896		0.691921		0
1.897		0.691585		0
1.898		0.691249		0
1.899		0.690913		0
1.9		0.690578		0
1.901		0.690243		0
1.902		0.689908		0
1.903		0.689573		0
1.904		0.689239		0
1.905		0.688905		0
1.906		0.688572		0
1.907		0.688239		0
1.908		0.687906		0
1.909		0.687573		0
1.91		0.687241		0
1.911		0.686909		0
1.912		0.686578		0
1.913		0.686246		0
1.914		0.685915		0
1.915		0.685585		0
1.916		0.685254		0
1.917		0.684924		0
1.918		0.684595		0
1.919		0.684265		0
1.92		0.683936		0
1.921		0.683608		0
1.922		0.683279		0
1.923		0.682951		0
1.924		0.682623		0
1.925		0.682296		0
1.926		0.681968		0
1.927		0.681641		0
1.928		0.681315		0
1.929		0.680989		0
1.93		0.680663		0
1.931		0.680337		0
1.932		0.680011		0
1.933		0.679686		0
1.934		0.679362		0
1.935		0.679037		0
1.936		0.678713		0
1.937		0.678389		0
1.938		0.678066		0
1.939		0.677742		0
1.94		0.67742		0
1.941		0.677097		0
1.942		0.676775		0
1.943		0.676453		0
1.944		0.676131		0
1.945		0.675809		0
1.946		0.675488		0
1.947		0.675167		0
1.948		0.674847		0
1.949		0.674527		0
1.95		0.674207		0
1.951		0.673887		0
1.952		0.673568		0
1.953		0.673249		0
1.954		0.67293		0
1.955		0.672612		0
1.956		0.672294		0
1.957		0.671976		0
1.958		0.671658		0
1.959		0.671341		0
1.96		0.671024		0
1.961		0.670707		0
1.962		0.670391		0
1.963		0.670075		0
1.964		0.669759		0
1.965		0.669444		0
1.966		0.669128		0
1.967		0.668814		0
1.968		0.668499		0
1.969		0.668185		0
1.97		0.667871		0
1.971		0.667557		0
1.972		0.667243		0
1.973		0.66693		0
1.974		0.666617		0
1.975		0.666305		0
1.976		0.665993		0
1.977		0.665681		0
1.978		0.665369		0
1.979		0.665057		0
1.98		0.664746		0
1.981		0.664436		0
1.982		0.664125		0
1.983		0.663815		0
1.984		0.663505		0
1.985		0.663195		0
1.986		0.662886		0
1.987		0.662576		0
1.988		0.662268		0
1.989		0.661959		0
1.99		0.661651		0
1.991		0.661343		0
1.992		0.661035		0
1.993		0.660728		0
1.994		0.66042		0
1.995		0.660114		0
1.996		0.659807		0
1.997		0.659501		0
1.998		0.659195		0
1.999		0.658889		0
2		0.658583		0
2.001		0.658278		0
2.002		0.657973		0
2.003		0.657669		0
2.004		0.657364		0
2.005		0.65706		0
2.006		0.656757		0
2.007		0.656453		0
2.008		0.65615		0
2.009		0.655847		0
2.01		0.655544		0
2.011		0.655242		0
2.012		0.65494		0
2.013		0.654638		0
2.014		0.654336		0
2.015		0.654035		0
2.016		0.653734		0
2.017		0.653433		0
2.018		0.653132		0
2.019		0.652832		0
2.02		0.652532		0
2.021		0.652233		0
2.022		0.651933		0
2.023		0.651634		0
2.024		0.651335		0
2.025		0.651037		0
2.026		0.650738		0
2.027		0.65044		0
2.028		0.650142		0
2.029		0.649845		0
2.03		0.649548		0
2.031		0.649251		0
2.032		0.648954		0
2.033		0.648657		0
2.034		0.648361		0
2.035		0.648065		0
2.036		0.64777		0
2.037		0.647474		0
2.038		0.647179		0
2.039		0.646884		0
2.04		0.64659		0
2.041		0.646295		0
2.042		0.646001		0
2.043		0.645708		0
2.044		0.645414		0
2.045		0.645121		0
2.046		0.644828		0
2.047		0.644535		0
2.048		0.644243		0
2.049		0.64395		0
2.05		0.643658		0
2.051		0.643367		0
2.052		0.643075		0
2.053		0.642784		0
2.054		0.642493		0
2.055		0.642203		0
2.056		0.641912		0
2.057		0.641622		0
2.058		0.641332		0
2.059		0.641043		0
2.06		0.640753		0
2.061		0.640464		0
2.062		0.640175		0
2.063		0.639887		0
2.064		0.639598		0
2.065		0.63931		0
2.066		0.639022		0
2.067		0.638735		0
2.068		0.638448		0
2.069		0.63816		0
2.07		0.637874		0
2.071		0.637587		0
2.072		0.637301		0
2.073		0.637015		0
2.074		0.636729		0
2.075		0.636444		0
2.076		0.636158		0
2.077		0.635873		0
2.078		0.635588		0
2.079		0.635304		0
2.08		0.63502		0
2.081		0.634736		0
2.082		0.634452		0
2.083		0.634168		0
2.084		0.633885		0
2.085		0.633602		0
2.086		0.633319		0
2.087		0.633037		0
2.088		0.632754		0
2.089		0.632472		0
2.09		0.632191		0
2.091		0.631909		0
2.092		0.631628		0
2.093		0.631347		0
2.094		0.631066		0
2.095		0.630786		0
2.096		0.630505		0
2.097		0.630225		0
2.098		0.629945		0
2.099		0.629666		0
2.1		0.629387		0
2.101		0.629107		0
2.102		0.628829		0
2.103		0.62855		0
2.104		0.628272		0
2.105		0.627994		0
2.106		0.627716		0
2.107		0.627438		0
2.108		0.627161		0
2.109		0.626884		0
2.11		0.626607		0
2.111		0.62633		0
2.112		0.626054		0
2.113		0.625778		0
2.114		0.625502		0
2.115		0.625226		0
2.116		0.624951		0
2.117		0.624675		0
2.118		0.6244		0
2.119		0.624126		0
2.12		0.623851		0
2.121		0.623577		0
2.122		0.623303		0
2.123		0.623029		0
2.124		0.622756		0
2.125		0.622482		0
2.126		0.622209		0
2.127		0.621937		0
2.128		0.621664		0
2.129		0.621392		0
2.13		0.62112		0
2.131		0.620848		0
2.132		0.620576		0
2.133		0.620305		0
2.134		0.620033		0
2.135		0.619763		0
2.136		0.619492		0
2.137		0.619221		0
2.138		0.618951		0
2.139		0.618681		0
2.14		0.618411		0
2.141		0.618142		0
2.142		0.617873		0
2.143		0.617603		0
2.144		0.617335		0
2.145		0.617066		0
2.146		0.616798		0
2.147		0.61653		0
2.148		0.616262		0
2.149		0.615994		0
2.15		0.615726		0
2.151		0.615459		0
2.152		0.615192		0
2.153		0.614925		0
2.154		0.614659		0
2.155		0.614393		0
2.156		0.614127		0
2.157		0.613861		0
2.158		0.613595		0
2.159		0.61333		0
2.16		0.613064		0
2.161		0.6128		0
2.162		0.612535		0
2.163		0.61227		0
2.164		0.612006		0
2.165		0.611742		0
2.166		0.611478		0
2.167		0.611215		0
2.168		0.610951		0
2.169		0.610688		0
2.17		0.610425		0
2.171		0.610162		0
2.172		0.6099		0
2.173		0.609638		0
2.174		0.609376		0
2.175		0.609114		0
2.176		0.608852		0
2.177		0.608591		0
2.178		0.60833		0
2.179		0.608069		0
2.18		0.607808		0
2.181		0.607548		0
2.182		0.607287		0
2.183		0.607027		0
2.184		0.606768		0
2.185		0.606508		0
2.186		0.606249		0
2.187		0.605989		0
2.188		0.60573		0
2.189		0.605472		0
2.19		0.605213		0
2.191		0.604955		0
2.192		0.604697		0
2.193		0.604439		0
2.194		0.604181		0
2.195		0.603924		0
2.196		0.603667		0
2.197		0.60341		0
2.198		0.603153		0
2.199		0.602897		0
2.2		0.60264		0
2.201		0.602384		0
2.202		0.602128		0
2.203		0.601872		0
2.204		0.601617		0
2.205		0.601362		0
2.206		0.601107		0
2.207		0.600852		0
2.208		0.600597		0
2.209		0.600343		0
2.21		0.600089		0
2.211		0.599835		0
2.212		0.599581		0
2.213		0.599327		0
2.214		0.599074		0
2.215		0.598821		0
2.216		0.598568		0
2.217		0.598315		0
2.218		0.598063		0
2.219		0.59781		0
2.22		0.597558		0
2.221		0.597307		0
2.222		0.597055		0
2.223		0.596803		0
2.224		0.596552		0
2.225		0.596301		0
2.226		0.59605		0
2.227		0.5958		0
2.228		0.595549		0
2.229		0.595299		0
2.23		0.595049		0
2.231		0.594799		0
2.232		0.59455		0
2.233		0.5943		0
2.234		0.594051		0
2.235		0.593802		0
2.236		0.593554		0
2.237		0.593305		0
2.238		0.593057		0
2.239		0.592809		0
2.24		0.592561		0
2.241		0.592313		0
2.242		0.592066		0
2.243		0.591818		0
2.244		0.591571		0
2.245		0.591324		0
2.246		0.591078		0
2.247		0.590831		0
2.248		0.590585		0
2.249		0.590339		0
2.25		0.590093		0
2.251		0.589847		0
2.252		0.589602		0
2.253		0.589356		0
2.254		0.589111		0
2.255		0.588866		0
2.256		0.588622		0
2.257		0.588377		0
2.258		0.588133		0
2.259		0.587889		0
2.26		0.587645		0
2.261		0.587401		0
2.262		0.587158		0
2.263		0.586915		0
2.264		0.586672		0
2.265		0.586429		0
2.266		0.586186		0
2.267		0.585944		0
2.268		0.585701		0
2.269		0.585459		0
2.27		0.585217		0
2.271		0.584976		0
2.272		0.584734		0
2.273		0.584493		0
2.274		0.584252		0
2.275		0.584011		0
2.276		0.58377		0
2.277		0.58353		0
2.278		0.583289		0
2.279		0.583049		0
2.28		0.582809		0
2.281		0.58257		0
2.282		0.58233		0
2.283		0.582091		0
2.284		0.581852		0
2.285		0.581613		0
2.286		0.581374		0
2.287		0.581136		0
2.288		0.580897		0
2.289		0.580659		0
2.29		0.580421		0
2.291		0.580183		0
2.292		0.579946		0
2.293		0.579708		0
2.294		0.579471		0
2.295		0.579234		0
2.296		0.578997		0
2.297		0.578761		0
2.298		0.578524		0
2.299		0.578288		0
2.3		0.578052		0
2.301		0.577816		0
2.302		0.57758		0
2.303		0.577345		0
2.304		0.57711		0
2.305		0.576875		0
2.306		0.57664		0
2.307		0.576405		0
2.308		0.57617		0
2.309		0.575936		0
2.31		0.575702		0
2.311		0.575468		0
2.312		0.575234		0
2.313		0.575001		0
2.314		0.574767		0
2.315		0.574534		0
2.316		0.574301		0
2.317		0.574068		0
2.318		0.573835		0
2.319		0.573603		0
2.32		0.573371		0
2.321		0.573139		0
2.322		0.572907		0
2.323		0.572675		0
2.324		0.572444		0
2.325		0.572212		0
2.326		0.571981		0
2.327		0.57175		0
2.328		0.571519		0
2.329		0.571289		0
2.33		0.571058		0
2.331		0.570828		0
2.332		0.570598		0
2.333		0.570368		0
2.334		0.570138		0
2.335		0.569909		0
2.336		0.56968		0
2.337		0.56945		0
2.338		0.569221		0
2.339		0.568993		0
2.34		0.568764		0
2.341		0.568536		0
2.342		0.568307		0
2.343		0.568079		0
2.344		0.567851		0
2.345		0.567624		0
2.346		0.567396		0
2.347		0.567169		0
2.348		0.566942		0
2.349		0.566715		0
2.35		0.566488		0
2.351		0.566261		0
2.352		0.566035		0
2.353		0.565809		0
2.354		0.565583		0
2.355		0.565357		0
2.356		0.565131		0
2.357		0.564906		0
2.358		0.56468		0
2.359		0.564455		0
2.36		0.56423		0
2.361		0.564005		0
2.362		0.563781		0
2.363		0.563556		0
2.364		0.563332		0
2.365		0.563108		0
2.366		0.562884		0
2.367		0.56266		0
2.368		0.562436		0
2.369		0.562213		0
2.37		0.56199		0
2.371		0.561767		0
2.372		0.561544		0
2.373		0.561321		0
2.374		0.561099		0
2.375		0.560876		0
2.376		0.560654		0
2.377		0.560432		0
2.378		0.56021		0
2.379		0.559989		0
2.38		0.559767		0
2.381		0.559546		0
2.382		0.559325		0
2.383		0.559104		0
2.384		0.558883		0
2.385		0.558662		0
2.386		0.558442		0
2.387		0.558222		0
2.388		0.558001		0
2.389		0.557782		0
2.39		0.557562		0
2.391		0.557342		0
2.392		0.557123		0
2.393		0.556903		0
2.394		0.556684		0
2.395		0.556466		0
2.396		0.556247		0
2.397		0.556028		0
2.398		0.55581		0
2.399		0.555592		0
2.4		0.555374		0
2.401		0.555156		0
2.402		0.554938		0
2.403		0.55472		0
2.404		0.554503		0
2.405		0.554286		0
2.406		0.554069		0
2.407		0.553852		0
2.408		0.553635		0
2.409		0.553419		0
2.41		0.553202		0
2.411		0.552986		0
2.412		0.55277		0
2.413		0.552554		0
2.414		0.552339		0
2.415		0.552123		0
2.416		0.551908		0
2.417		0.551692		0
2.418		0.551477		0
2.419		0.551263		0
2.42		0.551048		0
2.421		0.550833		0
2.422		0.550619		0
2.423		0.550405		0
2.424		0.550191		0
2.425		0.549977		0
2.426		0.549763		0
2.427		0.54955		0
2.428		0.549336		0
2.429		0.549123		0
2.43		0.54891		0
2.431		0.548697		0
2.432		0.548484		0
2.433		0.548272		0
2.434		0.548059		0
2.435		0.547847		0
2.436		0.547635		0
2.437		0.547423		0
2.438		0.547211		0
2.439		0.547		0
2.44		0.546788		0
2.441		0.546577		0
2.442		0.546366		0
2.443		0.546155		0
2.444		0.545944		0
2.445		0.545734		0
2.446		0.545523		0
2.447		0.545313		0
2.448		0.545103		0
2.449		0.544893		0
2.45		0.544683		0
2.451		0.544473		0
2.452		0.544264		0
2.453		0.544055		0
2.454		0.543845		0
2.455		0.543636		0
2.456		0.543428		0
2.457		0.543219		0
2.458		0.54301		0
2.459		0.542802		0
2.46		0.542594		0
2.461		0.542386		0
2.462		0.542178		0
2.463		0.54197		0
2.464		0.541762		0
2.465		0.541555		0
2.466		0.541348		0
2.467		0.541141		0
2.468		0.540934		0
2.469		0.540727		0
2.47		0.54052		0
2.471		0.540314		0
2.472		0.540107		0
2.473		0.539901		0
2.474		0.539695		0
2.475		0.539489		0
2.476		0.539284		0
2.477		0.539078		0
2.478		0.538873		0
2.479		0.538667		0
2.48		0.538462		0
2.481		0.538257		0
2.482		0.538053		0
2.483		0.537848		0
2.484		0.537644		0
2.485		0.537439		0
2.486		0.537235		0
2.487		0.537031		0
2.488		0.536827		0
2.489		0.536624		0
2.49		0.53642		0
2.491		0.536217		0
2.492		0.536013		0
2.493		0.53581		0
2.494		0.535607		0
2.495		0.535405		0
2.496		0.535202		0
2.497		0.534999		0
2.498		0.534797		0
2.499		0.534595		0
2.5		0.534393		0
2.501		0.534191		0
2.502		0.533989		0
2.503		0.533788		0
2.504		0.533586		0
2.505		0.533385		0
2.506		0.533184		0
2.507		0.532983		0
2.508		0.532782		0
2.509		0.532581		0
2.51		0.532381		0
2.511		0.532181		0
2.512		0.53198		0
2.513		0.53178		0
2.514		0.53158		0
2.515		0.531381		0
2.516		0.531181		0
2.517		0.530982		0
2.518		0.530782		0
2.519		0.530583		0
2.52		0.530384		0
2.521		0.530185		0
2.522		0.529986		0
2.523		0.529788		0
2.524		0.529589		0
2.525		0.529391		0
2.526		0.529193		0
2.527		0.528995		0
2.528		0.528797		0
2.529		0.528599		0
2.53		0.528402		0
2.531		0.528204		0
2.532		0.528007		0
2.533		0.52781		0
2.534		0.527613		0
2.535		0.527416		0
2.536		0.52722		0
2.537		0.527023		0
2.538		0.526827		0
2.539		0.52663		0
2.54		0.526434		0
2.541		0.526238		0
2.542		0.526043		0
2.543		0.525847		0
2.544		0.525651		0
2.545		0.525456		0
2.546		0.525261		0
2.547		0.525066		0
2.548		0.524871		0
2.549		0.524676		0
2.55		0.524481		0
2.551		0.524287		0
2.552		0.524092		0
2.553		0.523898		0
2.554		0.523704		0
2.555		0.52351		0
2.556		0.523316		0
2.557		0.523123		0
2.558		0.522929		0
2.559		0.522736		0
2.56		0.522543		0
2.561		0.522349		0
2.562		0.522157		0
2.563		0.521964		0
2.564		0.521771		0
2.565		0.521579		0
2.566		0.521386		0
2.567		0.521194		0
2.568		0.521002		0
2.569		0.52081		0
2.57		0.520618		0
2.571		0.520426		0
2.572		0.520235		0
2.573		0.520043		0
2.574		0.519852		0
2.575		0.519661		0
2.576		0.51947		0
2.577		0.519279		0
2.578		0.519088		0
2.579		0.518898		0
2.58		0.518708		0
2.581		0.518517		0
2.582		0.518327		0
2.583		0.518137		0
2.584		0.517947		0
2.585		0.517757		0
2.586		0.517568		0
2.587		0.517378		0
2.588		0.517189		0
2.589		0.517		0
2.59		0.516811		0
2.591		0.516622		0
2.592		0.516433		0
2.593		0.516245		0
2.594		0.516056		0
2.595		0.515868		0
2.596		0.515679		0
2.597		0.515491		0
2.598		0.515303		0
2.599		0.515116		0
2.6		0.514928		0
2.601		0.51474		0
2.602		0.514553		0
2.603		0.514366		0
2.604		0.514179		0
2.605		0.513992		0
2.606		0.513805		0
2.607		0.513618		0
2.608		0.513431		0
2.609		0.513245		0
2.61		0.513058		0
2.611		0.512872		0
2.612		0.512686		0
2.613		0.5125		0
2.614		0.512315		0
2.615		0.512129		0
2.616		0.511943		0
2.617		0.511758		0
2.618		0.511573		0
2.619		0.511388		0
2.62		0.511203		0
2.621		0.511018		0
2.622		0.510833		0
2.623		0.510648		0
2.624		0.510464		0
2.625		0.51028		0
2.626		0.510095		0
2.627		0.509911		0
2.628		0.509727		0
2.629		0.509544		0
2.63		0.50936		0
2.631		0.509176		0
2.632		0.508993		0
2.633		0.50881		0
2.634		0.508626		0
2.635		0.508443		0
2.636		0.508261		0
2.637		0.508078		0
2.638		0.507895		0
2.639		0.507713		0
2.64		0.50753		0
2.641		0.507348		0
2.642		0.507166		0
2.643		0.506984		0
2.644		0.506802		0
2.645		0.50662		0
2.646		0.506439		0
2.647		0.506257		0
2.648		0.506076		0
2.649		0.505895		0
2.65		0.505714		0
2.651		0.505533		0
2.652		0.505352		0
2.653		0.505171		0
2.654		0.504991		0
2.655		0.50481		0
2.656		0.50463		0
2.657		0.50445		0
2.658		0.50427		0
2.659		0.50409		0
2.66		0.50391		0
2.661		0.50373		0
2.662		0.503551		0
2.663		0.503371		0
2.664		0.503192		0
2.665		0.503013		0
2.666		0.502834		0
2.667		0.502655		0
2.668		0.502476		0
2.669		0.502298		0
2.67		0.502119		0
2.671		0.501941		0
2.672		0.501762		0
2.673		0.501584		0
2.674		0.501406		0
2.675		0.501228		0
2.676		0.501051		0
2.677		0.500873		0
2.678		0.500695		0
2.679		0.500518		0
2.68		0.500341		0
2.681		0.500164		0
2.682		0.499987		0
2.683		0.49981		0
2.684		0.499633		0
2.685		0.499456		0
2.686		0.49928		0
2.687		0.499103		0
2.688		0.498927		0
2.689		0.498751		0
2.69		0.498575		0
2.691		0.498399		0
2.692		0.498223		0
2.693		0.498048		0
2.694		0.497872		0
2.695		0.497697		0
2.696		0.497521		0
2.697		0.497346		0
2.698		0.497171		0
2.699		0.496996		0
2.7		0.496821		0
2.701		0.496647		0
2.702		0.496472		0
2.703		0.496298		0
2.704		0.496123		0
2.705		0.495949		0
2.706		0.495775		0
2.707		0.495601		0
2.708		0.495427		0
2.709		0.495254		0
2.71		0.49508		0
2.711		0.494906		0
2.712		0.494733		0
2.713		0.49456		0
2.714		0.494387		0
2.715		0.494214		0
2.716		0.494041		0
2.717		0.493868		0
2.718		0.493696		0
2.719		0.493523		0
2.72		0.493351		0
2.721		0.493178		0
2.722		0.493006		0
2.723		0.492834		0
2.724		0.492662		0
2.725		0.492491		0
2.726		0.492319		0
2.727		0.492147		0
2.728		0.491976		0
2.729		0.491805		0
2.73		0.491633		0
2.731		0.491462		0
2.732		0.491291		0
2.733		0.49112		0
2.734		0.49095		0
2.735		0.490779		0
2.736		0.490609		0
2.737		0.490438		0
2.738		0.490268		0
2.739		0.490098		0
2.74		0.489928		0
2.741		0.489758		0
2.742		0.489588		0
2.743		0.489419		0
2.744		0.489249		0
2.745		0.48908		0
2.746		0.48891		0
2.747		0.488741		0
2.748		0.488572		0
2.749		0.488403		0
2.75		0.488234		0
2.751		0.488065		0
2.752		0.487897		0
2.753		0.487728		0
2.754		0.48756		0
2.755		0.487392		0
2.756		0.487223		0
2.757		0.487055		0
2.758		0.486887		0
2.759		0.48672		0
2.76		0.486552		0
2.761		0.486384		0
2.762		0.486217		0
2.763		0.48605		0
2.764		0.485882		0
2.765		0.485715		0
2.766		0.485548		0
2.767		0.485381		0
2.768		0.485214		0
2.769		0.485048		0
2.77		0.484881		0
2.771		0.484715		0
2.772		0.484548		0
2.773		0.484382		0
2.774		0.484216		0
2.775		0.48405		0
2.776		0.483884		0
2.777		0.483718		0
2.778		0.483553		0
2.779		0.483387		0
2.78		0.483222		0
2.781		0.483057		0
2.782		0.482891		0
2.783		0.482726		0
2.784		0.482561		0
2.785		0.482396		0
2.786		0.482232		0
2.787		0.482067		0
2.788		0.481902		0
2.789		0.481738		0
2.79		0.481574		0
2.791		0.48141		0
2.792		0.481245		0
2.793		0.481082		0
2.794		0.480918		0
2.795		0.480754		0
2.796		0.48059		0
2.797		0.480427		0
2.798		0.480263		0
2.799		0.4801		0
2.8		0.479937		0
2.801		0.479774		0
2.802		0.479611		0
2.803		0.479448		0
2.804		0.479285		0
2.805		0.479122		0
2.806		0.47896		0
2.807		0.478797		0
2.808		0.478635		0
2.809		0.478473		0
2.81		0.478311		0
2.811		0.478149		0
2.812		0.477987		0
2.813		0.477825		0
2.814		0.477664		0
2.815		0.477502		0
2.816		0.477341		0
2.817		0.477179		0
2.818		0.477018		0
2.819		0.476857		0
2.82		0.476696		0
2.821		0.476535		0
2.822		0.476374		0
2.823		0.476213		0
2.824		0.476053		0
2.825		0.475892		0
2.826		0.475732		0
2.827		0.475572		0
2.828		0.475412		0
2.829		0.475252		0
2.83		0.475092		0
2.831		0.474932		0
2.832		0.474772		0
2.833		0.474612		0
2.834		0.474453		0
2.835		0.474293		0
2.836		0.474134		0
2.837		0.473975		0
2.838		0.473816		0
2.839		0.473657		0
2.84		0.473498		0
2.841		0.473339		0
2.842		0.473181		0
2.843		0.473022		0
2.844		0.472864		0
2.845		0.472705		0
2.846		0.472547		0
2.847		0.472389		0
2.848		0.472231		0
2.849		0.472073		0
2.85		0.471915		0
2.851		0.471757		0
2.852		0.4716		0
2.853		0.471442		0
2.854		0.471285		0
2.855		0.471128		0
2.856		0.47097		0
2.857		0.470813		0
2.858		0.470656		0
2.859		0.470499		0
2.86		0.470343		0
2.861		0.470186		0
2.862		0.470029		0
2.863		0.469873		0
2.864		0.469717		0
2.865		0.46956		0
2.866		0.469404		0
2.867		0.469248		0
2.868		0.469092		0
2.869		0.468936		0
2.87		0.468781		0
2.871		0.468625		0
2.872		0.468469		0
2.873		0.468314		0
2.874		0.468159		0
2.875		0.468003		0
2.876		0.467848		0
2.877		0.467693		0
2.878		0.467538		0
2.879		0.467383		0
2.88		0.467229		0
2.881		0.467074		0
2.882		0.46692		0
2.883		0.466765		0
2.884		0.466611		0
2.885		0.466457		0
2.886		0.466302		0
2.887		0.466148		0
2.888		0.465995		0
2.889		0.465841		0
2.89		0.465687		0
2.891		0.465533		0
2.892		0.46538		0
2.893		0.465227		0
2.894		0.465073		0
2.895		0.46492		0
2.896		0.464767		0
2.897		0.464614		0
2.898		0.464461		0
2.899		0.464308		0
2.9		0.464156		0
2.901		0.464003		0
2.902		0.46385		0
2.903		0.463698		0
2.904		0.463546		0
2.905		0.463393		0
2.906		0.463241		0
2.907		0.463089		0
2.908		0.462937		0
2.909		0.462786		0
2.91		0.462634		0
2.911		0.462482		0
2.912		0.462331		0
2.913		0.462179		0
2.914		0.462028		0
2.915		0.461877		0
2.916		0.461726		0
2.917		0.461575		0
2.918		0.461424		0
2.919		0.461273		0
2.92		0.461122		0
2.921		0.460972		0
2.922		0.460821		0
2.923		0.460671		0
2.924		0.46052		0
2.925		0.46037		0
2.926		0.46022		0
2.927		0.46007		0
2.928		0.45992		0
2.929		0.45977		0
2.93		0.45962		0
2.931		0.459471		0
2.932		0.459321		0
2.933		0.459172		0
2.934		0.459022		0
2.935		0.458873		0
2.936		0.458724		0
2.937		0.458575		0
2.938		0.458426		0
2.939		0.458277		0
2.94		0.458128		0
2.941		0.457979		0
2.942		0.457831		0
2.943		0.457682		0
2.944		0.457534		0
2.945		0.457386		0
2.946		0.457237		0
2.947		0.457089		0
2.948		0.456941		0
2.949		0.456793		0
2.95		0.456646		0
2.951		0.456498		0
2.952		0.45635		0
2.953		0.456203		0
2.954		0.456055		0
2.955		0.455908		0
2.956		0.455761		0
2.957		0.455613		0
2.958		0.455466		0
2.959		0.455319		0
2.96		0.455172		0
2.961		0.455026		0
2.962		0.454879		0
2.963		0.454732		0
2.964		0.454586		0
2.965		0.454439		0
2.966		0.454293		0
2.967		0.454147		0
2.968		0.454001		0
2.969		0.453855		0
2.97		0.453709		0
2.971		0.453563		0
2.972		0.453417		0
2.973		0.453271		0
2.974		0.453126		0
2.975		0.45298		0
2.976		0.452835		0
2.977		0.45269		0
2.978		0.452545		0
2.979		0.452399		0
2.98		0.452254		0
2.981		0.452109		0
2.982		0.451965		0
2.983		0.45182		0
2.984		0.451675		0
2.985		0.451531		0
2.986		0.451386		0
2.987		0.451242		0
2.988		0.451098		0
2.989		0.450953		0
2.99		0.450809		0
2.991		0.450665		0
2.992		0.450521		0
2.993		0.450378		0
2.994		0.450234		0
2.995		0.45009		0
2.996		0.449947		0
2.997		0.449803		0
2.998		0.44966		0
2.999		0.449517		0
3		0.449373		0
