0.001		100		0
0.002		50		0
0.003		33.3333		0
0.004		25		0
0.005		20		0
0.006		16.6667		0
0.007		14.2857		0
0.008		12.5		0
0.009		11.1111		0
0.01		10.0001		0
0.011		9.09135		0
0.012		8.33446		0
0.013		7.6948		0
0.014		7.14774		0
0.015		6.67537		0
0.016		6.26438		0
0.017		5.90466		0
0.018		5.5884		0
0.019		5.30944		0
0.02		5.06284		0
0.021		4.84455		0
0.022		4.6512		0
0.023		4.47996		0
0.024		4.32836		0
0.025		4.19428		0
0.026		4.07584		0
0.027		3.97138		0
0.028		3.87942		0
0.029		3.7986		0
0.03		3.72773		0
0.031		3.66571		0
0.032		3.61155		0
0.033		3.56435		0
0.034		3.52329		0
0.035		3.48765		0
0.036		3.45676		0
0.037		3.43001		0
0.038		3.40686		0
0.039		3.38684		0
0.04		3.36951		0
0.041		3.35448		0
0.042		3.3414		0
0.043		3.32997		0
0.044		3.31993		0
0.045		3.31102		0
0.046		3.30304		0
0.047		3.29581		0
0.048		3.28917		0
0.049		3.28299		0
0.05		3.27713		0
0.051		3.27151		0
0.052		3.26603		0
0.053		3.26062		0
0.054		3.25523		0
0.055		3.24979		0
0.056		3.24428		0
0.057		3.23865		0
0.058		3.23288		0
0.059		3.22696		0
0.06		3.22086		0
0.061		3.21458		0
0.062		3.20811		0
0.063		3.20145		0
0.064		3.1946		0
0.065		3.18756		0
0.066		3.18034		0
0.067		3.17295		0
0.068		3.16539		0
0.069		3.15768		0
0.07		3.14982		0
0.071		3.14182		0
0.072		3.1337		0
0.073		3.12546		0
0.074		3.11712		0
0.075		3.1087		0
0.076		3.10019		0
0.077		3.09162		0
0.078		3.083		0
0.079		3.07433		0
0.08		3.06564		0
0.081		3.05692		0
0.082		3.04819		0
0.083		3.03946		0
0.084		3.03074		0
0.085		3.02204		0
0.086		3.01336		0
0.087		3.00472		0
0.088		2.99613		0
0.089		2.98758		0
0.09		2.9791		0
0.091		2.97067		0
0.092		2.96232		0
0.093		2.95405		0
0.094		2.94586		0
0.095		2.93776		0
0.096		2.92975		0
0.097		2.92183		0
0.098		2.91402		0
0.099		2.90631		0
0.1		2.8987		0
0.101		2.89121		0
0.102		2.88383		0
0.103		2.87657		0
0.104		2.86942		0
0.105		2.86239		0
0.106		2.85549		0
0.107		2.8487		0
0.108		2.84204		0
0.109		2.8355		0
0.11		2.82909		0
0.111		2.8228		0
0.112		2.81663		0
0.113		2.81059		0
0.114		2.80467		0
0.115		2.79888		0
0.116		2.79321		0
0.117		2.78767		0
0.118		2.78224		0
0.119		2.77694		0
0.12		2.77176		0
0.121		2.76669		0
0.122		2.76174		0
0.123		2.75691		0
0.124		2.7522		0
0.125		2.74759		0
0.126		2.7431		0
0.127		2.73872		0
0.128		2.73444		0
0.129		2.73027		0
0.13		2.72621		0
0.131		2.72224		0
0.132		2.71838		0
0.133		2.71462		0
0.134		2.71095		0
0.135		2.70737		0
0.136		2.70389		0
0.137		2.70049		0
0.138		2.69719		0
0.139		2.69397		0
0.14		2.69083		0
0.141		2.68777		0
0.142		2.68479		0
0.143		2.68189		0
0.144		2.67906		0
0.145		2.67631		0
0.146		2.67362		0
0.147		2.67101		0
0.148		2.66846		0
0.149		2.66597		0
0.15		2.66355		0
0.151		2.66118		0
0.152		2.65887		0
0.153		2.65662		0
0.154		2.65442		0
0.155		2.65228		0
0.156		2.65018		0
0.157		2.64813		0
0.158		2.64613		0
0.159		2.64417		0
0.16		2.64225		0
0.161		2.64038		0
0.162		2.63854		0
0.163		2.63674		0
0.164		2.63498		0
0.165		2.63324		0
0.166		2.63155		0
0.167		2.62988		0
0.168		2.62824		0
0.169		2.62663		0
0.17		2.62505		0
0.171		2.62349		0
0.172		2.62195		0
0.173		2.62044		0
0.174		2.61894		0
0.175		2.61747		0
0.176		2.61602		0
0.177		2.61458		0
0.178		2.61315		0
0.179		2.61175		0
0.18		2.61035		0
0.181		2.60897		0
0.182		2.6076		0
0.183		2.60624		0
0.184		2.60489		0
0.185		2.60355		0
0.186		2.60222		0
0.187		2.60089		0
0.188		2.59957		0
0.189		2.59825		0
0.19		2.59694		0
0.191		2.59563		0
0.192		2.59432		0
0.193		2.59302		0
0.194		2.59172		0
0.195		2.59042		0
0.196		2.58912		0
0.197		2.58781		0
0.198		2.58651		0
0.199		2.58521		0
0.2		2.5839		0
0.201		2.58259		0
0.202		2.58128		0
0.203		2.57996		0
0.204		2.57864		0
0.205		2.57731		0
0.206		2.57598		0
0.207		2.57465		0
0.208		2.5733		0
0.209		2.57196		0
0.21		2.5706		0
0.211		2.56924		0
0.212		2.56787		0
0.213		2.5665		0
0.214		2.56512		0
0.215		2.56372		0
0.216		2.56233		0
0.217		2.56092		0
0.218		2.5595		0
0.219		2.55808		0
0.22		2.55664		0
0.221		2.5552		0
0.222		2.55375		0
0.223		2.55229		0
0.224		2.55081		0
0.225		2.54933		0
0.226		2.54784		0
0.227		2.54634		0
0.228		2.54483		0
0.229		2.54331		0
0.23		2.54178		0
0.231		2.54024		0
0.232		2.53868		0
0.233		2.53712		0
0.234		2.53555		0
0.235		2.53397		0
0.236		2.53237		0
0.237		2.53077		0
0.238		2.52915		0
0.239		2.52753		0
0.24		2.52589		0
0.241		2.52424		0
0.242		2.52259		0
0.243		2.52092		0
0.244		2.51924		0
0.245		2.51755		0
0.246		2.51585		0
0.247		2.51414		0
0.248		2.51242		0
0.249		2.51069		0
0.25		2.50895		0
0.251		2.5072		0
0.252		2.50543		0
0.253		2.50366		0
0.254		2.50188		0
0.255		2.50009		0
0.256		2.49828		0
0.257		2.49647		0
0.258		2.49465		0
0.259		2.49282		0
0.26		2.49097		0
0.261		2.48912		0
0.262		2.48726		0
0.263		2.48539		0
0.264		2.48351		0
0.265		2.48162		0
0.266		2.47972		0
0.267		2.47781		0
0.268		2.4759		0
0.269		2.47397		0
0.27		2.47203		0
0.271		2.47009		0
0.272		2.46814		0
0.273		2.46617		0
0.274		2.4642		0
0.275		2.46223		0
0.276		2.46024		0
0.277		2.45824		0
0.278		2.45624		0
0.279		2.45423		0
0.28		2.45221		0
0.281		2.45018		0
0.282		2.44815		0
0.283		2.4461		0
0.284		2.44405		0
0.285		2.442		0
0.286		2.43993		0
0.287		2.43786		0
0.288		2.43578		0
0.289		2.43369		0
0.29		2.4316		0
0.291		2.4295		0
0.292		2.42739		0
0.293		2.42528		0
0.294		2.42316		0
0.295		2.42103		0
0.296		2.4189		0
0.297		2.41676		0
0.298		2.41461		0
0.299		2.41246		0
0.3		2.4103		0
0.301		2.40814		0
0.302		2.40597		0
0.303		2.40379		0
0.304		2.40161		0
0.305		2.39942		0
0.306		2.39723		0
0.307		2.39503		0
0.308		2.39283		0
0.309		2.39062		0
0.31		2.38841		0
0.311		2.38619		0
0.312		2.38397		0
0.313		2.38174		0
0.314		2.37951		0
0.315		2.37728		0
0.316		2.37503		0
0.317		2.37279		0
0.318		2.37054		0
0.319		2.36829		0
0.32		2.36603		0
0.321		2.36377		0
0.322		2.3615		0
0.323		2.35923		0
0.324		2.35696		0
0.325		2.35468		0
0.326		2.3524		0
0.327		2.35011		0
0.328		2.34783		0
0.329		2.34553		0
0.33		2.34324		0
0.331		2.34094		0
0.332		2.33864		0
0.333		2.33634		0
0.334		2.33403		0
0.335		2.33172		0
0.336		2.32941		0
0.337		2.32709		0
0.338		2.32477		0
0.339		2.32245		0
0.34		2.32013		0
0.341		2.31781		0
0.342		2.31548		0
0.343		2.31315		0
0.344		2.31081		0
0.345		2.30848		0
0.346		2.30614		0
0.347		2.3038		0
0.348		2.30146		0
0.349		2.29912		0
0.35		2.29678		0
0.351		2.29443		0
0.352		2.29208		0
0.353		2.28973		0
0.354		2.28738		0
0.355		2.28503		0
0.356		2.28268		0
0.357		2.28032		0
0.358		2.27796		0
0.359		2.27561		0
0.36		2.27325		0
0.361		2.27089		0
0.362		2.26853		0
0.363		2.26616		0
0.364		2.2638		0
0.365		2.26144		0
0.366		2.25907		0
0.367		2.2567		0
0.368		2.25434		0
0.369		2.25197		0
0.37		2.2496		0
0.371		2.24723		0
0.372		2.24487		0
0.373		2.2425		0
0.374		2.24013		0
0.375		2.23776		0
0.376		2.23539		0
0.377		2.23302		0
0.378		2.23064		0
0.379		2.22827		0
0.38		2.2259		0
0.381		2.22353		0
0.382		2.22116		0
0.383		2.21879		0
0.384		2.21642		0
0.385		2.21405		0
0.386		2.21168		0
0.387		2.20931		0
0.388		2.20693		0
0.389		2.20456		0
0.39		2.2022		0
0.391		2.19983		0
0.392		2.19746		0
0.393		2.19509		0
0.394		2.19272		0
0.395		2.19035		0
0.396		2.18799		0
0.397		2.18562		0
0.398		2.18325		0
0.399		2.18089		0
0.4		2.17853		0
0.401		2.17616		0
0.402		2.1738		0
0.403		2.17144		0
0.404		2.16908		0
0.405		2.16672		0
0.406		2.16436		0
0.407		2.162		0
0.408		2.15964		0
0.409		2.15729		0
0.41		2.15493		0
0.411		2.15258		0
0.412		2.15023		0
0.413		2.14788		0
0.414		2.14553		0
0.415		2.14318		0
0.416		2.14083		0
0.417		2.13848		0
0.418		2.13614		0
0.419		2.13379		0
0.42		2.13145		0
0.421		2.12911		0
0.422		2.12677		0
0.423		2.12443		0
0.424		2.1221		0
0.425		2.11976		0
0.426		2.11743		0
0.427		2.1151		0
0.428		2.11277		0
0.429		2.11044		0
0.43		2.10811		0
0.431		2.10579		0
0.432		2.10347		0
0.433		2.10114		0
0.434		2.09882		0
0.435		2.09651		0
0.436		2.09419		0
0.437		2.09188		0
0.438		2.08956		0
0.439		2.08725		0
0.44		2.08494		0
0.441		2.08264		0
0.442		2.08033		0
0.443		2.07803		0
0.444		2.07573		0
0.445		2.07343		0
0.446		2.07113		0
0.447		2.06884		0
0.448		2.06655		0
0.449		2.06426		0
0.45		2.06197		0
0.451		2.05968		0
0.452		2.0574		0
0.453		2.05512		0
0.454		2.05284		0
0.455		2.05056		0
0.456		2.04828		0
0.457		2.04601		0
0.458		2.04374		0
0.459		2.04147		0
0.46		2.0392		0
0.461		2.03694		0
0.462		2.03468		0
0.463		2.03242		0
0.464		2.03016		0
0.465		2.02791		0
0.466		2.02566		0
0.467		2.02341		0
0.468		2.02116		0
0.469		2.01891		0
0.47		2.01667		0
0.471		2.01443		0
0.472		2.01219		0
0.473		2.00996		0
0.474		2.00772		0
0.475		2.00549		0
0.476		2.00327		0
0.477		2.00104		0
0.478		1.99882		0
0.479		1.9966		0
0.48		1.99438		0
0.481		1.99217		0
0.482		1.98995		0
0.483		1.98774		0
0.484		1.98554		0
0.485		1.98333		0
0.486		1.98113		0
0.487		1.97893		0
0.488		1.97673		0
0.489		1.97454		0
0.49		1.97235		0
0.491		1.97016		0
0.492		1.96797		0
0.493		1.96579		0
0.494		1.96361		0
0.495		1.96143		0
0.496		1.95926		0
0.497		1.95709		0
0.498		1.95492		0
0.499		1.95275		0
0.5		1.95058		0
0.501		1.94842		0
0.502		1.94626		0
0.503		1.94411		0
0.504		1.94196		0
0.505		1.9398		0
0.506		1.93766		0
0.507		1.93551		0
0.508		1.93337		0
0.509		1.93123		0
0.51		1.9291		0
0.511		1.92696		0
0.512		1.92483		0
0.513		1.9227		0
0.514		1.92058		0
0.515		1.91846		0
0.516		1.91634		0
0.517		1.91422		0
0.518		1.91211		0
0.519		1.91		0
0.52		1.90789		0
0.521		1.90578		0
0.522		1.90368		0
0.523		1.90158		0
0.524		1.89949		0
0.525		1.89739		0
0.526		1.8953		0
0.527		1.89322		0
0.528		1.89113		0
0.529		1.88905		0
0.53		1.88697		0
0.531		1.8849		0
0.532		1.88282		0
0.533		1.88075		0
0.534		1.87869		0
0.535		1.87662		0
0.536		1.87456		0
0.537		1.8725		0
0.538		1.87045		0
0.539		1.8684		0
0.54		1.86635		0
0.541		1.8643		0
0.542		1.86226		0
0.543		1.86022		0
0.544		1.85818		0
0.545		1.85615		0
0.546		1.85412		0
0.547		1.85209		0
0.548		1.85006		0
0.549		1.84804		0
0.55		1.84602		0
0.551		1.844		0
0.552		1.84199		0
0.553		1.83998		0
0.554		1.83797		0
0.555		1.83597		0
0.556		1.83397		0
0.557		1.83197		0
0.558		1.82997		0
0.559		1.82798		0
0.56		1.82599		0
0.561		1.824		0
0.562		1.82202		0
0.563		1.82004		0
0.564		1.81806		0
0.565		1.81609		0
0.566		1.81412		0
0.567		1.81215		0
0.568		1.81018		0
0.569		1.80822		0
0.57		1.80626		0
0.571		1.8043		0
0.572		1.80235		0
0.573		1.8004		0
0.574		1.79845		0
0.575		1.79651		0
0.576		1.79456		0
0.577		1.79263		0
0.578		1.79069		0
0.579		1.78876		0
0.58		1.78683		0
0.581		1.7849		0
0.582		1.78298		0
0.583		1.78106		0
0.584		1.77914		0
0.585		1.77722		0
0.586		1.77531		0
0.587		1.7734		0
0.588		1.7715		0
0.589		1.7696		0
0.59		1.7677		0
0.591		1.7658		0
0.592		1.7639		0
0.593		1.76201		0
0.594		1.76013		0
0.595		1.75824		0
0.596		1.75636		0
0.597		1.75448		0
0.598		1.7526		0
0.599		1.75073		0
0.6		1.74886		0
0.601		1.74699		0
0.602		1.74513		0
0.603		1.74327		0
0.604		1.74141		0
0.605		1.73956		0
0.606		1.7377		0
0.607		1.73585		0
0.608		1.73401		0
0.609		1.73217		0
0.61		1.73032		0
0.611		1.72849		0
0.612		1.72665		0
0.613		1.72482		0
0.614		1.72299		0
0.615		1.72117		0
0.616		1.71934		0
0.617		1.71752		0
0.618		1.71571		0
0.619		1.71389		0
0.62		1.71208		0
0.621		1.71027		0
0.622		1.70847		0
0.623		1.70667		0
0.624		1.70487		0
0.625		1.70307		0
0.626		1.70128		0
0.627		1.69949		0
0.628		1.6977		0
0.629		1.69592		0
0.63		1.69413		0
0.631		1.69235		0
0.632		1.69058		0
0.633		1.68881		0
0.634		1.68703		0
0.635		1.68527		0
0.636		1.6835		0
0.637		1.68174		0
0.638		1.67998		0
0.639		1.67823		0
0.64		1.67647		0
0.641		1.67472		0
0.642		1.67298		0
0.643		1.67123		0
0.644		1.66949		0
0.645		1.66775		0
0.646		1.66602		0
0.647		1.66428		0
0.648		1.66255		0
0.649		1.66083		0
0.65		1.6591		0
0.651		1.65738		0
0.652		1.65566		0
0.653		1.65394		0
0.654		1.65223		0
0.655		1.65052		0
0.656		1.64881		0
0.657		1.64711		0
0.658		1.64541		0
0.659		1.64371		0
0.66		1.64201		0
0.661		1.64032		0
0.662		1.63863		0
0.663		1.63694		0
0.664		1.63525		0
0.665		1.63357		0
0.666		1.63189		0
0.667		1.63022		0
0.668		1.62854		0
0.669		1.62687		0
0.67		1.6252		0
0.671		1.62354		0
0.672		1.62187		0
0.673		1.62021		0
0.674		1.61856		0
0.675		1.6169		0
0.676		1.61525		0
0.677		1.6136		0
0.678		1.61195		0
0.679		1.61031		0
0.68		1.60867		0
0.681		1.60703		0
0.682		1.6054		0
0.683		1.60376		0
0.684		1.60213		0
0.685		1.6005		0
0.686		1.59888		0
0.687		1.59726		0
0.688		1.59564		0
0.689		1.59402		0
0.69		1.59241		0
0.691		1.5908		0
0.692		1.58919		0
0.693		1.58758		0
0.694		1.58598		0
0.695		1.58438		0
0.696		1.58278		0
0.697		1.58119		0
0.698		1.57959		0
0.699		1.578		0
0.7		1.57642		0
0.701		1.57483		0
0.702		1.57325		0
0.703		1.57167		0
0.704		1.57009		0
0.705		1.56852		0
0.706		1.56695		0
0.707		1.56538		0
0.708		1.56381		0
0.709		1.56225		0
0.71		1.56069		0
0.711		1.55913		0
0.712		1.55757		0
0.713		1.55602		0
0.714		1.55447		0
0.715		1.55292		0
0.716		1.55138		0
0.717		1.54983		0
0.718		1.54829		0
0.719		1.54675		0
0.72		1.54522		0
0.721		1.54369		0
0.722		1.54216		0
0.723		1.54063		0
0.724		1.5391		0
0.725		1.53758		0
0.726		1.53606		0
0.727		1.53454		0
0.728		1.53303		0
0.729		1.53152		0
0.73		1.53001		0
0.731		1.5285		0
0.732		1.52699		0
0.733		1.52549		0
0.734		1.52399		0
0.735		1.5225		0
0.736		1.521		0
0.737		1.51951		0
0.738		1.51802		0
0.739		1.51653		0
0.74		1.51505		0
0.741		1.51356		0
0.742		1.51208		0
0.743		1.51061		0
0.744		1.50913		0
0.745		1.50766		0
0.746		1.50619		0
0.747		1.50472		0
0.748		1.50326		0
0.749		1.50179		0
0.75		1.50033		0
0.751		1.49887		0
0.752		1.49742		0
0.753		1.49597		0
0.754		1.49452		0
0.755		1.49307		0
0.756		1.49162		0
0.757		1.49018		0
0.758		1.48874		0
0.759		1.4873		0
0.76		1.48586		0
0.761		1.48443		0
0.762		1.483		0
0.763		1.48157		0
0.764		1.48014		0
0.765		1.47872		0
0.766		1.47729		0
0.767		1.47587		0
0.768		1.47446		0
0.769		1.47304		0
0.77		1.47163		0
0.771		1.47022		0
0.772		1.46881		0
0.773		1.46741		0
0.774		1.466		0
0.775		1.4646		0
0.776		1.4632		0
0.777		1.46181		0
0.778		1.46041		0
0.779		1.45902		0
0.78		1.45763		0
0.781		1.45624		0
0.782		1.45486		0
0.783		1.45348		0
0.784		1.4521		0
0.785		1.45072		0
0.786		1.44934		0
0.787		1.44797		0
0.788		1.4466		0
0.789		1.44523		0
0.79		1.44386		0
0.791		1.4425		0
0.792		1.44114		0
0.793		1.43978		0
0.794		1.43842		0
0.795		1.43706		0
0.796		1.43571		0
0.797		1.43436		0
0.798		1.43301		0
0.799		1.43166		0
0.8		1.43032		0
0.801		1.42898		0
0.802		1.42764		0
0.803		1.4263		0
0.804		1.42496		0
0.805		1.42363		0
0.806		1.4223		0
0.807		1.42097		0
0.808		1.41964		0
0.809		1.41832		0
0.81		1.417		0
0.811		1.41568		0
0.812		1.41436		0
0.813		1.41304		0
0.814		1.41173		0
0.815		1.41042		0
0.816		1.40911		0
0.817		1.4078		0
0.818		1.4065		0
0.819		1.40519		0
0.82		1.40389		0
0.821		1.40259		0
0.822		1.4013		0
0.823		1.4		0
0.824		1.39871		0
0.825		1.39742		0
0.826		1.39613		0
0.827		1.39485		0
0.828		1.39356		0
0.829		1.39228		0
0.83		1.391		0
0.831		1.38972		0
0.832		1.38845		0
0.833		1.38717		0
0.834		1.3859		0
0.835		1.38463		0
0.836		1.38336		0
0.837		1.3821		0
0.838		1.38084		0
0.839		1.37958		0
0.84		1.37832		0
0.841		1.37706		0
0.842		1.3758		0
0.843		1.37455		0
0.844		1.3733		0
0.845		1.37205		0
0.846		1.3708		0
0.847		1.36956		0
0.848		1.36832		0
0.849		1.36708		0
0.85		1.36584		0
0.851		1.3646		0
0.852		1.36337		0
0.853		1.36213		0
0.854		1.3609		0
0.855		1.35967		0
0.856		1.35845		0
0.857		1.35722		0
0.858		1.356		0
0.859		1.35478		0
0.86		1.35356		0
0.861		1.35234		0
0.862		1.35113		0
0.863		1.34991		0
0.864		1.3487		0
0.865		1.34749		0
0.866		1.34629		0
0.867		1.34508		0
0.868		1.34388		0
0.869		1.34268		0
0.87		1.34148		0
0.871		1.34028		0
0.872		1.33908		0
0.873		1.33789		0
0.874		1.3367		0
0.875		1.33551		0
0.876		1.33432		0
0.877		1.33313		0
0.878		1.33195		0
0.879		1.33077		0
0.88		1.32959		0
0.881		1.32841		0
0.882		1.32723		0
0.883		1.32606		0
0.884		1.32489		0
0.885		1.32371		0
0.886		1.32255		0
0.887		1.32138		0
0.888		1.32021		0
0.889		1.31905		0
0.89		1.31789		0
0.891		1.31673		0
0.892		1.31557		0
0.893		1.31441		0
0.894		1.31326		0
0.895		1.31211		0
0.896		1.31096		0
0.897		1.30981		0
0.898		1.30866		0
0.899		1.30752		0
0.9		1.30637		0
0.901		1.30523		0
0.902		1.30409		0
0.903		1.30295		0
0.904		1.30182		0
0.905		1.30068		0
0.906		1.29955		0
0.907		1.29842		0
0.908		1.29729		0
0.909		1.29616		0
0.91		1.29504		0
0.911		1.29392		0
0.912		1.29279		0
0.913		1.29167		0
0.914		1.29056		0
0.915		1.28944		0
0.916		1.28832		0
0.917		1.28721		0
0.918		1.2861		0
0.919		1.28499		0
0.92		1.28388		0
0.921		1.28278		0
0.922		1.28167		0
0.923		1.28057		0
0.924		1.27947		0
0.925		1.27837		0
0.926		1.27727		0
0.927		1.27618		0
0.928		1.27508		0
0.929		1.27399		0
0.93		1.2729		0
0.931		1.27181		0
0.932		1.27073		0
0.933		1.26964		0
0.934		1.26856		0
0.935		1.26747		0
0.936		1.26639		0
0.937		1.26532		0
0.938		1.26424		0
0.939		1.26316		0
0.94		1.26209		0
0.941		1.26102		0
0.942		1.25995		0
0.943		1.25888		0
0.944		1.25781		0
0.945		1.25675		0
0.946		1.25568		0
0.947		1.25462		0
0.948		1.25356		0
0.949		1.2525		0
0.95		1.25145		0
0.951		1.25039		0
0.952		1.24934		0
0.953		1.24828		0
0.954		1.24723		0
0.955		1.24619		0
0.956		1.24514		0
0.957		1.24409		0
0.958		1.24305		0
0.959		1.24201		0
0.96		1.24097		0
0.961		1.23993		0
0.962		1.23889		0
0.963		1.23785		0
0.964		1.23682		0
0.965		1.23579		0
0.966		1.23475		0
0.967		1.23372		0
0.968		1.2327		0
0.969		1.23167		0
0.97		1.23065		0
0.971		1.22962		0
0.972		1.2286		0
0.973		1.22758		0
0.974		1.22656		0
0.975		1.22554		0
0.976		1.22453		0
0.977		1.22352		0
0.978		1.2225		0
0.979		1.22149		0
0.98		1.22048		0
0.981		1.21948		0
0.982		1.21847		0
0.983		1.21746		0
0.984		1.21646		0
0.985		1.21546		0
0.986		1.21446		0
0.987		1.21346		0
0.988		1.21246		0
0.989		1.21147		0
0.99		1.21047		0
0.991		1.20948		0
0.992		1.20849		0
0.993		1.2075		0
0.994		1.20651		0
0.995		1.20553		0
0.996		1.20454		0
0.997		1.20356		0
0.998		1.20258		0
0.999		1.2016		0
1		1.20062		0
1.001		1.19964		0
1.002		1.19866		0
1.003		1.19769		0
1.004		1.19672		0
1.005		1.19574		0
1.006		1.19477		0
1.007		1.19381		0
1.008		1.19284		0
1.009		1.19187		0
1.01		1.19091		0
1.011		1.18995		0
1.012		1.18898		0
1.013		1.18802		0
1.014		1.18707		0
1.015		1.18611		0
1.016		1.18515		0
1.017		1.1842		0
1.018		1.18325		0
1.019		1.18229		0
1.02		1.18134		0
1.021		1.1804		0
1.022		1.17945		0
1.023		1.1785		0
1.024		1.17756		0
1.025		1.17662		0
1.026		1.17567		0
1.027		1.17473		0
1.028		1.1738		0
1.029		1.17286		0
1.03		1.17192		0
1.031		1.17099		0
1.032		1.17005		0
1.033		1.16912		0
1.034		1.16819		0
1.035		1.16726		0
1.036		1.16634		0
1.037		1.16541		0
1.038		1.16448		0
1.039		1.16356		0
1.04		1.16264		0
1.041		1.16172		0
1.042		1.1608		0
1.043		1.15988		0
1.044		1.15896		0
1.045		1.15805		0
1.046		1.15714		0
1.047		1.15622		0
1.048		1.15531		0
1.049		1.1544		0
1.05		1.15349		0
1.051		1.15259		0
1.052		1.15168		0
1.053		1.15078		0
1.054		1.14987		0
1.055		1.14897		0
1.056		1.14807		0
1.057		1.14717		0
1.058		1.14627		0
1.059		1.14538		0
1.06		1.14448		0
1.061		1.14359		0
1.062		1.14269		0
1.063		1.1418		0
1.064		1.14091		0
1.065		1.14002		0
1.066		1.13914		0
1.067		1.13825		0
1.068		1.13737		0
1.069		1.13648		0
1.07		1.1356		0
1.071		1.13472		0
1.072		1.13384		0
1.073		1.13296		0
1.074		1.13208		0
1.075		1.13121		0
1.076		1.13033		0
1.077		1.12946		0
1.078		1.12859		0
1.079		1.12772		0
1.08		1.12685		0
1.081		1.12598		0
1.082		1.12511		0
1.083		1.12425		0
1.084		1.12338		0
1.085		1.12252		0
1.086		1.12166		0
1.087		1.12079		0
1.088		1.11994		0
1.089		1.11908		0
1.09		1.11822		0
1.091		1.11736		0
1.092		1.11651		0
1.093		1.11566		0
1.094		1.1148		0
1.095		1.11395		0
1.096		1.1131		0
1.097		1.11225		0
1.098		1.11141		0
1.099		1.11056		0
1.1		1.10972		0
1.101		1.10887		0
1.102		1.10803		0
1.103		1.10719		0
1.104		1.10635		0
1.105		1.10551		0
1.106		1.10467		0
1.107		1.10384		0
1.108		1.103		0
1.109		1.10217		0
1.11		1.10133		0
1.111		1.1005		0
1.112		1.09967		0
1.113		1.09884		0
1.114		1.09802		0
1.115		1.09719		0
1.116		1.09636		0
1.117		1.09554		0
1.118		1.09471		0
1.119		1.09389		0
1.12		1.09307		0
1.121		1.09225		0
1.122		1.09143		0
1.123		1.09062		0
1.124		1.0898		0
1.125		1.08898		0
1.126		1.08817		0
1.127		1.08736		0
1.128		1.08654		0
1.129		1.08573		0
1.13		1.08492		0
1.131		1.08412		0
1.132		1.08331		0
1.133		1.0825		0
1.134		1.0817		0
1.135		1.08089		0
1.136		1.08009		0
1.137		1.07929		0
1.138		1.07849		0
1.139		1.07769		0
1.14		1.07689		0
1.141		1.07609		0
1.142		1.0753		0
1.143		1.0745		0
1.144		1.07371		0
1.145		1.07292		0
1.146		1.07213		0
1.147		1.07134		0
1.148		1.07055		0
1.149		1.06976		0
1.15		1.06897		0
1.151		1.06819		0
1.152		1.0674		0
1.153		1.06662		0
1.154		1.06583		0
1.155		1.06505		0
1.156		1.06427		0
1.157		1.06349		0
1.158		1.06271		0
1.159		1.06194		0
1.16		1.06116		0
1.161		1.06038		0
1.162		1.05961		0
1.163		1.05884		0
1.164		1.05807		0
1.165		1.0573		0
1.166		1.05653		0
1.167		1.05576		0
1.168		1.05499		0
1.169		1.05422		0
1.17		1.05346		0
1.171		1.05269		0
1.172		1.05193		0
1.173		1.05117		0
1.174		1.05041		0
1.175		1.04965		0
1.176		1.04889		0
1.177		1.04813		0
1.178		1.04737		0
1.179		1.04661		0
1.18		1.04586		0
1.181		1.04511		0
1.182		1.04435		0
1.183		1.0436		0
1.184		1.04285		0
1.185		1.0421		0
1.186		1.04135		0
1.187		1.0406		0
1.188		1.03986		0
1.189		1.03911		0
1.19		1.03837		0
1.191		1.03762		0
1.192		1.03688		0
1.193		1.03614		0
1.194		1.0354		0
1.195		1.03466		0
1.196		1.03392		0
1.197		1.03318		0
1.198		1.03244		0
1.199		1.03171		0
1.2		1.03097		0
1.201		1.03024		0
1.202		1.02951		0
1.203		1.02877		0
1.204		1.02804		0
1.205		1.02731		0
1.206		1.02659		0
1.207		1.02586		0
1.208		1.02513		0
1.209		1.02441		0
1.21		1.02368		0
1.211		1.02296		0
1.212		1.02223		0
1.213		1.02151		0
1.214		1.02079		0
1.215		1.02007		0
1.216		1.01935		0
1.217		1.01863		0
1.218		1.01792		0
1.219		1.0172		0
1.22		1.01649		0
1.221		1.01577		0
1.222		1.01506		0
1.223		1.01435		0
1.224		1.01363		0
1.225		1.01292		0
1.226		1.01221		0
1.227		1.01151		0
1.228		1.0108		0
1.229		1.01009		0
1.23		1.00939		0
1.231		1.00868		0
1.232		1.00798		0
1.233		1.00728		0
1.234		1.00657		0
1.235		1.00587		0
1.236		1.00517		0
1.237		1.00447		0
1.238		1.00378		0
1.239		1.00308		0
1.24		1.00238		0
1.241		1.00169		0
1.242		1.00099		0
1.243		1.0003		0
1.244		0.999606		0
1.245		0.998915		0
1.246		0.998224		0
1.247		0.997534		0
1.248		0.996845		0
1.249		0.996157		0
1.25		0.99547		0
1.251		0.994784		0
1.252		0.994099		0
1.253		0.993414		0
1.254		0.992731		0
1.255		0.992048		0
1.256		0.991366		0
1.257		0.990686		0
1.258		0.990006		0
1.259		0.989327		0
1.26		0.988649		0
1.261		0.987971		0
1.262		0.987295		0
1.263		0.98662		0
1.264		0.985945		0
1.265		0.985272		0
1.266		0.984599		0
1.267		0.983927		0
1.268		0.983256		0
1.269		0.982586		0
1.27		0.981916		0
1.271		0.981248		0
1.272		0.98058		0
1.273		0.979914		0
1.274		0.979248		0
1.275		0.978583		0
1.276		0.977919		0
1.277		0.977256		0
1.278		0.976593		0
1.279		0.975932		0
1.28		0.975271		0
1.281		0.974612		0
1.282		0.973953		0
1.283		0.973295		0
1.284		0.972638		0
1.285		0.971981		0
1.286		0.971326		0
1.287		0.970671		0
1.288		0.970017		0
1.289		0.969364		0
1.29		0.968712		0
1.291		0.968061		0
1.292		0.967411		0
1.293		0.966761		0
1.294		0.966112		0
1.295		0.965464		0
1.296		0.964817		0
1.297		0.964171		0
1.298		0.963526		0
1.299		0.962881		0
1.3		0.962237		0
1.301		0.961594		0
1.302		0.960952		0
1.303		0.960311		0
1.304		0.959671		0
1.305		0.959031		0
1.306		0.958392		0
1.307		0.957754		0
1.308		0.957117		0
1.309		0.956481		0
1.31		0.955845		0
1.311		0.95521		0
1.312		0.954577		0
1.313		0.953943		0
1.314		0.953311		0
1.315		0.95268		0
1.316		0.952049		0
1.317		0.951419		0
1.318		0.95079		0
1.319		0.950162		0
1.32		0.949534		0
1.321		0.948908		0
1.322		0.948282		0
1.323		0.947657		0
1.324		0.947032		0
1.325		0.946409		0
1.326		0.945786		0
1.327		0.945164		0
1.328		0.944543		0
1.329		0.943923		0
1.33		0.943303		0
1.331		0.942684		0
1.332		0.942066		0
1.333		0.941449		0
1.334		0.940832		0
1.335		0.940217		0
1.336		0.939602		0
1.337		0.938988		0
1.338		0.938374		0
1.339		0.937762		0
1.34		0.93715		0
1.341		0.936539		0
1.342		0.935929		0
1.343		0.935319		0
1.344		0.934711		0
1.345		0.934103		0
1.346		0.933495		0
1.347		0.932889		0
1.348		0.932283		0
1.349		0.931678		0
1.35		0.931074		0
1.351		0.930471		0
1.352		0.929868		0
1.353		0.929266		0
1.354		0.928665		0
1.355		0.928064		0
1.356		0.927465		0
1.357		0.926866		0
1.358		0.926268		0
1.359		0.92567		0
1.36		0.925074		0
1.361		0.924478		0
1.362		0.923882		0
1.363		0.923288		0
1.364		0.922694		0
1.365		0.922101		0
1.366		0.921509		0
1.367		0.920918		0
1.368		0.920327		0
1.369		0.919737		0
1.37		0.919147		0
1.371		0.918559		0
1.372		0.917971		0
1.373		0.917384		0
1.374		0.916797		0
1.375		0.916212		0
1.376		0.915627		0
1.377		0.915042		0
1.378		0.914459		0
1.379		0.913876		0
1.38		0.913294		0
1.381		0.912713		0
1.382		0.912132		0
1.383		0.911552		0
1.384		0.910973		0
1.385		0.910394		0
1.386		0.909817		0
1.387		0.909239		0
1.388		0.908663		0
1.389		0.908087		0
1.39		0.907512		0
1.391		0.906938		0
1.392		0.906365		0
1.393		0.905792		0
1.394		0.905219		0
1.395		0.904648		0
1.396		0.904077		0
1.397		0.903507		0
1.398		0.902938		0
1.399		0.902369		0
1.4		0.901801		0
1.401		0.901234		0
1.402		0.900667		0
1.403		0.900101		0
1.404		0.899536		0
1.405		0.898971		0
1.406		0.898408		0
1.407		0.897844		0
1.408		0.897282		0
1.409		0.89672		0
1.41		0.896159		0
1.411		0.895598		0
1.412		0.895039		0
1.413		0.89448		0
1.414		0.893921		0
1.415		0.893363		0
1.416		0.892806		0
1.417		0.89225		0
1.418		0.891694		0
1.419		0.891139		0
1.42		0.890585		0
1.421		0.890031		0
1.422		0.889478		0
1.423		0.888925		0
1.424		0.888374		0
1.425		0.887823		0
1.426		0.887272		0
1.427		0.886722		0
1.428		0.886173		0
1.429		0.885625		0
1.43		0.885077		0
1.431		0.88453		0
1.432		0.883984		0
1.433		0.883438		0
1.434		0.882893		0
1.435		0.882348		0
1.436		0.881804		0
1.437		0.881261		0
1.438		0.880719		0
1.439		0.880177		0
1.44		0.879635		0
1.441		0.879095		0
1.442		0.878555		0
1.443		0.878015		0
1.444		0.877477		0
1.445		0.876939		0
1.446		0.876401		0
1.447		0.875865		0
1.448		0.875328		0
1.449		0.874793		0
1.45		0.874258		0
1.451		0.873724		0
1.452		0.87319		0
1.453		0.872657		0
1.454		0.872125		0
1.455		0.871593		0
1.456		0.871062		0
1.457		0.870532		0
1.458		0.870002		0
1.459		0.869473		0
1.46		0.868944		0
1.461		0.868416		0
1.462		0.867889		0
1.463		0.867362		0
1.464		0.866836		0
1.465		0.866311		0
1.466		0.865786		0
1.467		0.865262		0
1.468		0.864738		0
1.469		0.864215		0
1.47		0.863693		0
1.471		0.863171		0
1.472		0.86265		0
1.473		0.862129		0
1.474		0.861609		0
1.475		0.86109		0
1.476		0.860571		0
1.477		0.860053		0
1.478		0.859536		0
1.479		0.859019		0
1.48		0.858502		0
1.481		0.857987		0
1.482		0.857472		0
1.483		0.856957		0
1.484		0.856443		0
1.485		0.85593		0
1.486		0.855417		0
1.487		0.854905		0
1.488		0.854394		0
1.489		0.853883		0
1.49		0.853372		0
1.491		0.852863		0
1.492		0.852353		0
1.493		0.851845		0
1.494		0.851337		0
1.495		0.85083		0
1.496		0.850323		0
1.497		0.849817		0
1.498		0.849311		0
1.499		0.848806		0
1.5		0.848302		0
1.501		0.847798		0
1.502		0.847294		0
1.503		0.846792		0
1.504		0.84629		0
1.505		0.845788		0
1.506		0.845287		0
1.507		0.844787		0
1.508		0.844287		0
1.509		0.843788		0
1.51		0.843289		0
1.511		0.842791		0
1.512		0.842293		0
1.513		0.841797		0
1.514		0.8413		0
1.515		0.840804		0
1.516		0.840309		0
1.517		0.839814		0
1.518		0.83932		0
1.519		0.838827		0
1.52		0.838334		0
1.521		0.837841		0
1.522		0.83735		0
1.523		0.836858		0
1.524		0.836368		0
1.525		0.835877		0
1.526		0.835388		0
1.527		0.834899		0
1.528		0.83441		0
1.529		0.833922		0
1.53		0.833435		0
1.531		0.832948		0
1.532		0.832462		0
1.533		0.831976		0
1.534		0.831491		0
1.535		0.831007		0
1.536		0.830522		0
1.537		0.830039		0
1.538		0.829556		0
1.539		0.829074		0
1.54		0.828592		0
1.541		0.82811		0
1.542		0.82763		0
1.543		0.827149		0
1.544		0.82667		0
1.545		0.82619		0
1.546		0.825712		0
1.547		0.825234		0
1.548		0.824756		0
1.549		0.824279		0
1.55		0.823803		0
1.551		0.823327		0
1.552		0.822851		0
1.553		0.822377		0
1.554		0.821902		0
1.555		0.821429		0
1.556		0.820955		0
1.557		0.820483		0
1.558		0.82001		0
1.559		0.819539		0
1.56		0.819068		0
1.561		0.818597		0
1.562		0.818127		0
1.563		0.817657		0
1.564		0.817188		0
1.565		0.81672		0
1.566		0.816252		0
1.567		0.815784		0
1.568		0.815317		0
1.569		0.814851		0
1.57		0.814385		0
1.571		0.81392		0
1.572		0.813455		0
1.573		0.812991		0
1.574		0.812527		0
1.575		0.812063		0
1.576		0.811601		0
1.577		0.811138		0
1.578		0.810677		0
1.579		0.810215		0
1.58		0.809755		0
1.581		0.809294		0
1.582		0.808835		0
1.583		0.808375		0
1.584		0.807917		0
1.585		0.807459		0
1.586		0.807001		0
1.587		0.806544		0
1.588		0.806087		0
1.589		0.805631		0
1.59		0.805175		0
1.591		0.80472		0
1.592		0.804265		0
1.593		0.803811		0
1.594		0.803357		0
1.595		0.802904		0
1.596		0.802452		0
1.597		0.802		0
1.598		0.801548		0
1.599		0.801097		0
1.6		0.800646		0
1.601		0.800196		0
1.602		0.799746		0
1.603		0.799297		0
1.604		0.798848		0
1.605		0.7984		0
1.606		0.797952		0
1.607		0.797505		0
1.608		0.797058		0
1.609		0.796612		0
1.61		0.796166		0
1.611		0.795721		0
1.612		0.795276		0
1.613		0.794832		0
1.614		0.794388		0
1.615		0.793945		0
1.616		0.793502		0
1.617		0.79306		0
1.618		0.792618		0
1.619		0.792176		0
1.62		0.791735		0
1.621		0.791295		0
1.622		0.790855		0
1.623		0.790415		0
1.624		0.789976		0
1.625		0.789538		0
1.626		0.7891		0
1.627		0.788662		0
1.628		0.788225		0
1.629		0.787788		0
1.63		0.787352		0
1.631		0.786916		0
1.632		0.786481		0
1.633		0.786047		0
1.634		0.785612		0
1.635		0.785178		0
1.636		0.784745		0
1.637		0.784312		0
1.638		0.78388		0
1.639		0.783448		0
1.64		0.783016		0
1.641		0.782585		0
1.642		0.782155		0
1.643		0.781725		0
1.644		0.781295		0
1.645		0.780866		0
1.646		0.780437		0
1.647		0.780009		0
1.648		0.779581		0
1.649		0.779154		0
1.65		0.778727		0
1.651		0.7783		0
1.652		0.777874		0
1.653		0.777449		0
1.654		0.777024		0
1.655		0.776599		0
1.656		0.776175		0
1.657		0.775751		0
1.658		0.775328		0
1.659		0.774905		0
1.66		0.774483		0
1.661		0.774061		0
1.662		0.77364		0
1.663		0.773219		0
1.664		0.772798		0
1.665		0.772378		0
1.666		0.771958		0
1.667		0.771539		0
1.668		0.77112		0
1.669		0.770702		0
1.67		0.770284		0
1.671		0.769867		0
1.672		0.76945		0
1.673		0.769033		0
1.674		0.768617		0
1.675		0.768202		0
1.676		0.767786		0
1.677		0.767372		0
1.678		0.766957		0
1.679		0.766543		0
1.68		0.76613		0
1.681		0.765717		0
1.682		0.765304		0
1.683		0.764892		0
1.684		0.76448		0
1.685		0.764069		0
1.686		0.763658		0
1.687		0.763248		0
1.688		0.762838		0
1.689		0.762428		0
1.69		0.762019		0
1.691		0.76161		0
1.692		0.761202		0
1.693		0.760794		0
1.694		0.760387		0
1.695		0.75998		0
1.696		0.759573		0
1.697		0.759167		0
1.698		0.758761		0
1.699		0.758356		0
1.7		0.757951		0
1.701		0.757547		0
1.702		0.757143		0
1.703		0.756739		0
1.704		0.756336		0
1.705		0.755933		0
1.706		0.755531		0
1.707		0.755129		0
1.708		0.754727		0
1.709		0.754326		0
1.71		0.753926		0
1.711		0.753525		0
1.712		0.753126		0
1.713		0.752726		0
1.714		0.752327		0
1.715		0.751929		0
1.716		0.75153		0
1.717		0.751133		0
1.718		0.750735		0
1.719		0.750338		0
1.72		0.749942		0
1.721		0.749546		0
1.722		0.74915		0
1.723		0.748755		0
1.724		0.74836		0
1.725		0.747965		0
1.726		0.747571		0
1.727		0.747178		0
1.728		0.746784		0
1.729		0.746391		0
1.73		0.745999		0
1.731		0.745607		0
1.732		0.745215		0
1.733		0.744824		0
1.734		0.744433		0
1.735		0.744043		0
1.736		0.743653		0
1.737		0.743263		0
1.738		0.742874		0
1.739		0.742485		0
1.74		0.742097		0
1.741		0.741709		0
1.742		0.741321		0
1.743		0.740934		0
1.744		0.740547		0
1.745		0.74016		0
1.746		0.739774		0
1.747		0.739389		0
1.748		0.739003		0
1.749		0.738618		0
1.75		0.738234		0
1.751		0.73785		0
1.752		0.737466		0
1.753		0.737083		0
1.754		0.7367		0
1.755		0.736317		0
1.756		0.735935		0
1.757		0.735554		0
1.758		0.735172		0
1.759		0.734791		0
1.76		0.734411		0
1.761		0.73403		0
1.762		0.733651		0
1.763		0.733271		0
1.764		0.732892		0
1.765		0.732514		0
1.766		0.732135		0
1.767		0.731757		0
1.768		0.73138		0
1.769		0.731003		0
1.77		0.730626		0
1.771		0.73025		0
1.772		0.729874		0
1.773		0.729498		0
1.774		0.729123		0
1.775		0.728748		0
1.776		0.728374		0
1.777		0.727999		0
1.778		0.727626		0
1.779		0.727252		0
1.78		0.726879		0
1.781		0.726507		0
1.782		0.726135		0
1.783		0.725763		0
1.784		0.725391		0
1.785		0.72502		0
1.786		0.724649		0
1.787		0.724279		0
1.788		0.723909		0
1.789		0.72354		0
1.79		0.72317		0
1.791		0.722801		0
1.792		0.722433		0
1.793		0.722065		0
1.794		0.721697		0
1.795		0.72133		0
1.796		0.720963		0
1.797		0.720596		0
1.798		0.72023		0
1.799		0.719864		0
1.8		0.719498		0
1.801		0.719133		0
1.802		0.718768		0
1.803		0.718404		0
1.804		0.71804		0
1.805		0.717676		0
1.806		0.717312		0
1.807		0.716949		0
1.808		0.716587		0
1.809		0.716224		0
1.81		0.715863		0
1.811		0.715501		0
1.812		0.71514		0
1.813		0.714779		0
1.814		0.714418		0
1.815		0.714058		0
1.816		0.713698		0
1.817		0.713339		0
1.818		0.71298		0
1.819		0.712621		0
1.82		0.712263		0
1.821		0.711905		0
1.822		0.711547		0
1.823		0.71119		0
1.824		0.710833		0
1.825		0.710476		0
1.826		0.71012		0
1.827		0.709764		0
1.828		0.709408		0
1.829		0.709053		0
1.83		0.708698		0
1.831		0.708344		0
1.832		0.70799		0
1.833		0.707636		0
1.834		0.707282		0
1.835		0.706929		0
1.836		0.706577		0
1.837		0.706224		0
1.838		0.705872		0
1.839		0.70552		0
1.84		0.705169		0
1.841		0.704818		0
1.842		0.704467		0
1.843		0.704117		0
1.844		0.703767		0
1.845		0.703417		0
1.846		0.703068		0
1.847		0.702719		0
1.848		0.70237		0
1.849		0.702022		0
1.85		0.701674		0
1.851		0.701326		0
1.852		0.700979		0
1.853		0.700632		0
1.854		0.700285		0
1.855		0.699939		0
1.856		0.699593		0
1.857		0.699247		0
1.858		0.698902		0
1.859		0.698557		0
1.86		0.698213		0
1.861		0.697868		0
1.862		0.697524		0
1.863		0.697181		0
1.864		0.696837		0
1.865		0.696494		0
1.866		0.696152		0
1.867		0.69581		0
1.868		0.695468		0
1.869		0.695126		0
1.87		0.694785		0
1.871		0.694444		0
1.872		0.694103		0
1.873		0.693763		0
1.874		0.693423		0
1.875		0.693083		0
1.876		0.692744		0
1.877		0.692405		0
1.878		0.692066		0
1.879		0.691728		0
1.88		0.69139		0
1.881		0.691052		0
1.882		0.690715		0
1.883		0.690378		0
1.884		0.690041		0
1.885		0.689705		0
1.886		0.689369		0
1.887		0.689033		0
1.888		0.688697		0
1.889		0.688362		0
1.89		0.688027		0
1.891		0.687693		0
1.892		0.687359		0
1.893		0.687025		0
1.894		0.686691		0
1.895		0.686358		0
1.896		0.686025		0
1.897		0.685693		0
1.898		0.685361		0
1.899		0.685029		0
1.9		0.684697		0
1.901		0.684366		0
1.902		0.684035		0
1.903		0.683704		0
1.904		0.683374		0
1.905		0.683044		0
1.906		0.682714		0
1.907		0.682385		0
1.908		0.682055		0
1.909		0.681727		0
1.91		0.681398		0
1.911		0.68107		0
1.912		0.680742		0
1.913		0.680415		0
1.914		0.680087		0
1.915		0.679761		0
1.916		0.679434		0
1.917		0.679108		0
1.918		0.678782		0
1.919		0.678456		0
1.92		0.678131		0
1.921		0.677805		0
1.922		0.677481		0
1.923		0.677156		0
1.924		0.676832		0
1.925		0.676508		0
1.926		0.676185		0
1.927		0.675861		0
1.928		0.675539		0
1.929		0.675216		0
1.93		0.674894		0
1.931		0.674572		0
1.932		0.67425		0
1.933		0.673928		0
1.934		0.673607		0
1.935		0.673286		0
1.936		0.672966		0
1.937		0.672646		0
1.938		0.672326		0
1.939		0.672006		0
1.94		0.671687		0
1.941		0.671368		0
1.942		0.671049		0
1.943		0.670731		0
1.944		0.670413		0
1.945		0.670095		0
1.946		0.669777		0
1.947		0.66946		0
1.948		0.669143		0
1.949		0.668826		0
1.95		0.66851		0
1.951		0.668194		0
1.952		0.667878		0
1.953		0.667563		0
1.954		0.667248		0
1.955		0.666933		0
1.956		0.666618		0
1.957		0.666304		0
1.958		0.66599		0
1.959		0.665676		0
1.96		0.665363		0
1.961		0.66505		0
1.962		0.664737		0
1.963		0.664424		0
1.964		0.664112		0
1.965		0.6638		0
1.966		0.663488		0
1.967		0.663177		0
1.968		0.662866		0
1.969		0.662555		0
1.97		0.662244		0
1.971		0.661934		0
1.972		0.661624		0
1.973		0.661315		0
1.974		0.661005		0
1.975		0.660696		0
1.976		0.660387		0
1.977		0.660079		0
1.978		0.65977		0
1.979		0.659462		0
1.98		0.659155		0
1.981		0.658847		0
1.982		0.65854		0
1.983		0.658233		0
1.984		0.657927		0
1.985		0.657621		0
1.986		0.657315		0
1.987		0.657009		0
1.988		0.656703		0
1.989		0.656398		0
1.99		0.656093		0
1.991		0.655789		0
1.992		0.655484		0
1.993		0.65518		0
1.994		0.654877		0
1.995		0.654573		0
1.996		0.65427		0
1.997		0.653967		0
1.998		0.653664		0
1.999		0.653362		0
2		0.65306		0
2.001		0.652758		0
2.002		0.652457		0
2.003		0.652155		0
2.004		0.651854		0
2.005		0.651554		0
2.006		0.651253		0
2.007		0.650953		0
2.008		0.650653		0
2.009		0.650353		0
2.01		0.650054		0
2.011		0.649755		0
2.012		0.649456		0
2.013		0.649158		0
2.014		0.648859		0
2.015		0.648561		0
2.016		0.648263		0
2.017		0.647966		0
2.018		0.647669		0
2.019		0.647372		0
2.02		0.647075		0
2.021		0.646779		0
2.022		0.646483		0
2.023		0.646187		0
2.024		0.645891		0
2.025		0.645596		0
2.026		0.645301		0
2.027		0.645006		0
2.028		0.644711		0
2.029		0.644417		0
2.03		0.644123		0
2.031		0.643829		0
2.032		0.643536		0
2.033		0.643243		0
2.034		0.64295		0
2.035		0.642657		0
2.036		0.642365		0
2.037		0.642073		0
2.038		0.641781		0
2.039		0.641489		0
2.04		0.641198		0
2.041		0.640907		0
2.042		0.640616		0
2.043		0.640325		0
2.044		0.640035		0
2.045		0.639745		0
2.046		0.639455		0
2.047		0.639165		0
2.048		0.638876		0
2.049		0.638587		0
2.05		0.638298		0
2.051		0.63801		0
2.052		0.637721		0
2.053		0.637433		0
2.054		0.637146		0
2.055		0.636858		0
2.056		0.636571		0
2.057		0.636284		0
2.058		0.635997		0
2.059		0.635711		0
2.06		0.635425		0
2.061		0.635139		0
2.062		0.634853		0
2.063		0.634567		0
2.064		0.634282		0
2.065		0.633997		0
2.066		0.633713		0
2.067		0.633428		0
2.068		0.633144		0
2.069		0.63286		0
2.07		0.632576		0
2.071		0.632293		0
2.072		0.63201		0
2.073		0.631727		0
2.074		0.631444		0
2.075		0.631162		0
2.076		0.630879		0
2.077		0.630597		0
2.078		0.630316		0
2.079		0.630034		0
2.08		0.629753		0
2.081		0.629472		0
2.082		0.629191		0
2.083		0.628911		0
2.084		0.628631		0
2.085		0.628351		0
2.086		0.628071		0
2.087		0.627792		0
2.088		0.627512		0
2.089		0.627233		0
2.09		0.626955		0
2.091		0.626676		0
2.092		0.626398		0
2.093		0.62612		0
2.094		0.625842		0
2.095		0.625565		0
2.096		0.625287		0
2.097		0.62501		0
2.098		0.624734		0
2.099		0.624457		0
2.1		0.624181		0
2.101		0.623905		0
2.102		0.623629		0
2.103		0.623353		0
2.104		0.623078		0
2.105		0.622803		0
2.106		0.622528		0
2.107		0.622253		0
2.108		0.621979		0
2.109		0.621705		0
2.11		0.621431		0
2.111		0.621157		0
2.112		0.620884		0
2.113		0.62061		0
2.114		0.620338		0
2.115		0.620065		0
2.116		0.619792		0
2.117		0.61952		0
2.118		0.619248		0
2.119		0.618976		0
2.12		0.618705		0
2.121		0.618433		0
2.122		0.618162		0
2.123		0.617892		0
2.124		0.617621		0
2.125		0.617351		0
2.126		0.61708		0
2.127		0.616811		0
2.128		0.616541		0
2.129		0.616271		0
2.13		0.616002		0
2.131		0.615733		0
2.132		0.615465		0
2.133		0.615196		0
2.134		0.614928		0
2.135		0.61466		0
2.136		0.614392		0
2.137		0.614124		0
2.138		0.613857		0
2.139		0.61359		0
2.14		0.613323		0
2.141		0.613056		0
2.142		0.61279		0
2.143		0.612524		0
2.144		0.612258		0
2.145		0.611992		0
2.146		0.611726		0
2.147		0.611461		0
2.148		0.611196		0
2.149		0.610931		0
2.15		0.610667		0
2.151		0.610402		0
2.152		0.610138		0
2.153		0.609874		0
2.154		0.60961		0
2.155		0.609347		0
2.156		0.609084		0
2.157		0.608821		0
2.158		0.608558		0
2.159		0.608295		0
2.16		0.608033		0
2.161		0.607771		0
2.162		0.607509		0
2.163		0.607247		0
2.164		0.606986		0
2.165		0.606724		0
2.166		0.606463		0
2.167		0.606202		0
2.168		0.605942		0
2.169		0.605681		0
2.17		0.605421		0
2.171		0.605161		0
2.172		0.604902		0
2.173		0.604642		0
2.174		0.604383		0
2.175		0.604124		0
2.176		0.603865		0
2.177		0.603607		0
2.178		0.603348		0
2.179		0.60309		0
2.18		0.602832		0
2.181		0.602574		0
2.182		0.602317		0
2.183		0.602059		0
2.184		0.601802		0
2.185		0.601546		0
2.186		0.601289		0
2.187		0.601032		0
2.188		0.600776		0
2.189		0.60052		0
2.19		0.600264		0
2.191		0.600009		0
2.192		0.599754		0
2.193		0.599498		0
2.194		0.599244		0
2.195		0.598989		0
2.196		0.598734		0
2.197		0.59848		0
2.198		0.598226		0
2.199		0.597972		0
2.2		0.597718		0
2.201		0.597465		0
2.202		0.597212		0
2.203		0.596959		0
2.204		0.596706		0
2.205		0.596453		0
2.206		0.596201		0
2.207		0.595949		0
2.208		0.595697		0
2.209		0.595445		0
2.21		0.595194		0
2.211		0.594942		0
2.212		0.594691		0
2.213		0.59444		0
2.214		0.59419		0
2.215		0.593939		0
2.216		0.593689		0
2.217		0.593439		0
2.218		0.593189		0
2.219		0.592939		0
2.22		0.59269		0
2.221		0.592441		0
2.222		0.592192		0
2.223		0.591943		0
2.224		0.591694		0
2.225		0.591446		0
2.226		0.591198		0
2.227		0.59095		0
2.228		0.590702		0
2.229		0.590454		0
2.23		0.590207		0
2.231		0.58996		0
2.232		0.589713		0
2.233		0.589466		0
2.234		0.589219		0
2.235		0.588973		0
2.236		0.588727		0
2.237		0.588481		0
2.238		0.588235		0
2.239		0.58799		0
2.24		0.587744		0
2.241		0.587499		0
2.242		0.587254		0
2.243		0.58701		0
2.244		0.586765		0
2.245		0.586521		0
2.246		0.586277		0
2.247		0.586033		0
2.248		0.585789		0
2.249		0.585545		0
2.25		0.585302		0
2.251		0.585059		0
2.252		0.584816		0
2.253		0.584573		0
2.254		0.584331		0
2.255		0.584088		0
2.256		0.583846		0
2.257		0.583604		0
2.258		0.583363		0
2.259		0.583121		0
2.26		0.58288		0
2.261		0.582639		0
2.262		0.582398		0
2.263		0.582157		0
2.264		0.581916		0
2.265		0.581676		0
2.266		0.581436		0
2.267		0.581196		0
2.268		0.580956		0
2.269		0.580717		0
2.27		0.580477		0
2.271		0.580238		0
2.272		0.579999		0
2.273		0.57976		0
2.274		0.579522		0
2.275		0.579283		0
2.276		0.579045		0
2.277		0.578807		0
2.278		0.578569		0
2.279		0.578332		0
2.28		0.578094		0
2.281		0.577857		0
2.282		0.57762		0
2.283		0.577383		0
2.284		0.577146		0
2.285		0.57691		0
2.286		0.576674		0
2.287		0.576438		0
2.288		0.576202		0
2.289		0.575966		0
2.29		0.57573		0
2.291		0.575495		0
2.292		0.57526		0
2.293		0.575025		0
2.294		0.57479		0
2.295		0.574556		0
2.296		0.574321		0
2.297		0.574087		0
2.298		0.573853		0
2.299		0.573619		0
2.3		0.573386		0
2.301		0.573152		0
2.302		0.572919		0
2.303		0.572686		0
2.304		0.572453		0
2.305		0.572221		0
2.306		0.571988		0
2.307		0.571756		0
2.308		0.571524		0
2.309		0.571292		0
2.31		0.57106		0
2.311		0.570828		0
2.312		0.570597		0
2.313		0.570366		0
2.314		0.570135		0
2.315		0.569904		0
2.316		0.569673		0
2.317		0.569443		0
2.318		0.569213		0
2.319		0.568983		0
2.32		0.568753		0
2.321		0.568523		0
2.322		0.568293		0
2.323		0.568064		0
2.324		0.567835		0
2.325		0.567606		0
2.326		0.567377		0
2.327		0.567148		0
2.328		0.56692		0
2.329		0.566692		0
2.33		0.566464		0
2.331		0.566236		0
2.332		0.566008		0
2.333		0.565781		0
2.334		0.565553		0
2.335		0.565326		0
2.336		0.565099		0
2.337		0.564872		0
2.338		0.564646		0
2.339		0.564419		0
2.34		0.564193		0
2.341		0.563967		0
2.342		0.563741		0
2.343		0.563515		0
2.344		0.56329		0
2.345		0.563064		0
2.346		0.562839		0
2.347		0.562614		0
2.348		0.562389		0
2.349		0.562165		0
2.35		0.56194		0
2.351		0.561716		0
2.352		0.561492		0
2.353		0.561268		0
2.354		0.561044		0
2.355		0.56082		0
2.356		0.560597		0
2.357		0.560374		0
2.358		0.560151		0
2.359		0.559928		0
2.36		0.559705		0
2.361		0.559483		0
2.362		0.55926		0
2.363		0.559038		0
2.364		0.558816		0
2.365		0.558594		0
2.366		0.558373		0
2.367		0.558151		0
2.368		0.55793		0
2.369		0.557709		0
2.37		0.557488		0
2.371		0.557267		0
2.372		0.557046		0
2.373		0.556826		0
2.374		0.556605		0
2.375		0.556385		0
2.376		0.556165		0
2.377		0.555946		0
2.378		0.555726		0
2.379		0.555507		0
2.38		0.555287		0
2.381		0.555068		0
2.382		0.554849		0
2.383		0.554631		0
2.384		0.554412		0
2.385		0.554194		0
2.386		0.553976		0
2.387		0.553758		0
2.388		0.55354		0
2.389		0.553322		0
2.39		0.553104		0
2.391		0.552887		0
2.392		0.55267		0
2.393		0.552453		0
2.394		0.552236		0
2.395		0.552019		0
2.396		0.551803		0
2.397		0.551586		0
2.398		0.55137		0
2.399		0.551154		0
2.4		0.550938		0
2.401		0.550723		0
2.402		0.550507		0
2.403		0.550292		0
2.404		0.550077		0
2.405		0.549862		0
2.406		0.549647		0
2.407		0.549432		0
2.408		0.549217		0
2.409		0.549003		0
2.41		0.548789		0
2.411		0.548575		0
2.412		0.548361		0
2.413		0.548147		0
2.414		0.547934		0
2.415		0.54772		0
2.416		0.547507		0
2.417		0.547294		0
2.418		0.547081		0
2.419		0.546869		0
2.42		0.546656		0
2.421		0.546444		0
2.422		0.546231		0
2.423		0.546019		0
2.424		0.545808		0
2.425		0.545596		0
2.426		0.545384		0
2.427		0.545173		0
2.428		0.544962		0
2.429		0.544751		0
2.43		0.54454		0
2.431		0.544329		0
2.432		0.544118		0
2.433		0.543908		0
2.434		0.543698		0
2.435		0.543487		0
2.436		0.543278		0
2.437		0.543068		0
2.438		0.542858		0
2.439		0.542649		0
2.44		0.542439		0
2.441		0.54223		0
2.442		0.542021		0
2.443		0.541812		0
2.444		0.541604		0
2.445		0.541395		0
2.446		0.541187		0
2.447		0.540979		0
2.448		0.540771		0
2.449		0.540563		0
2.45		0.540355		0
2.451		0.540147		0
2.452		0.53994		0
2.453		0.539733		0
2.454		0.539526		0
2.455		0.539319		0
2.456		0.539112		0
2.457		0.538905		0
2.458		0.538699		0
2.459		0.538493		0
2.46		0.538287		0
2.461		0.538081		0
2.462		0.537875		0
2.463		0.537669		0
2.464		0.537464		0
2.465		0.537258		0
2.466		0.537053		0
2.467		0.536848		0
2.468		0.536643		0
2.469		0.536438		0
2.47		0.536234		0
2.471		0.536029		0
2.472		0.535825		0
2.473		0.535621		0
2.474		0.535417		0
2.475		0.535213		0
2.476		0.535009		0
2.477		0.534806		0
2.478		0.534603		0
2.479		0.534399		0
2.48		0.534196		0
2.481		0.533993		0
2.482		0.533791		0
2.483		0.533588		0
2.484		0.533386		0
2.485		0.533183		0
2.486		0.532981		0
2.487		0.532779		0
2.488		0.532577		0
2.489		0.532376		0
2.49		0.532174		0
2.491		0.531973		0
2.492		0.531772		0
2.493		0.531571		0
2.494		0.53137		0
2.495		0.531169		0
2.496		0.530968		0
2.497		0.530768		0
2.498		0.530567		0
2.499		0.530367		0
2.5		0.530167		0
2.501		0.529967		0
2.502		0.529768		0
2.503		0.529568		0
2.504		0.529369		0
2.505		0.529169		0
2.506		0.52897		0
2.507		0.528771		0
2.508		0.528572		0
2.509		0.528374		0
2.51		0.528175		0
2.511		0.527977		0
2.512		0.527779		0
2.513		0.52758		0
2.514		0.527382		0
2.515		0.527185		0
2.516		0.526987		0
2.517		0.52679		0
2.518		0.526592		0
2.519		0.526395		0
2.52		0.526198		0
2.521		0.526001		0
2.522		0.525804		0
2.523		0.525608		0
2.524		0.525411		0
2.525		0.525215		0
2.526		0.525019		0
2.527		0.524823		0
2.528		0.524627		0
2.529		0.524431		0
2.53		0.524235		0
2.531		0.52404		0
2.532		0.523844		0
2.533		0.523649		0
2.534		0.523454		0
2.535		0.523259		0
2.536		0.523065		0
2.537		0.52287		0
2.538		0.522676		0
2.539		0.522481		0
2.54		0.522287		0
2.541		0.522093		0
2.542		0.521899		0
2.543		0.521705		0
2.544		0.521512		0
2.545		0.521318		0
2.546		0.521125		0
2.547		0.520932		0
2.548		0.520739		0
2.549		0.520546		0
2.55		0.520353		0
2.551		0.520161		0
2.552		0.519968		0
2.553		0.519776		0
2.554		0.519584		0
2.555		0.519392		0
2.556		0.5192		0
2.557		0.519008		0
2.558		0.518816		0
2.559		0.518625		0
2.56		0.518434		0
2.561		0.518242		0
2.562		0.518051		0
2.563		0.51786		0
2.564		0.51767		0
2.565		0.517479		0
2.566		0.517288		0
2.567		0.517098		0
2.568		0.516908		0
2.569		0.516718		0
2.57		0.516528		0
2.571		0.516338		0
2.572		0.516148		0
2.573		0.515959		0
2.574		0.515769		0
2.575		0.51558		0
2.576		0.515391		0
2.577		0.515202		0
2.578		0.515013		0
2.579		0.514825		0
2.58		0.514636		0
2.581		0.514448		0
2.582		0.514259		0
2.583		0.514071		0
2.584		0.513883		0
2.585		0.513695		0
2.586		0.513507		0
2.587		0.51332		0
2.588		0.513132		0
2.589		0.512945		0
2.59		0.512758		0
2.591		0.512571		0
2.592		0.512384		0
2.593		0.512197		0
2.594		0.51201		0
2.595		0.511824		0
2.596		0.511637		0
2.597		0.511451		0
2.598		0.511265		0
2.599		0.511079		0
2.6		0.510893		0
2.601		0.510707		0
2.602		0.510522		0
2.603		0.510336		0
2.604		0.510151		0
2.605		0.509966		0
2.606		0.509781		0
2.607		0.509596		0
2.608		0.509411		0
2.609		0.509226		0
2.61		0.509042		0
2.611		0.508858		0
2.612		0.508673		0
2.613		0.508489		0
2.614		0.508305		0
2.615		0.508121		0
2.616		0.507938		0
2.617		0.507754		0
2.618		0.507571		0
2.619		0.507387		0
2.62		0.507204		0
2.621		0.507021		0
2.622		0.506838		0
2.623		0.506655		0
2.624		0.506473		0
2.625		0.50629		0
2.626		0.506108		0
2.627		0.505925		0
2.628		0.505743		0
2.629		0.505561		0
2.63		0.505379		0
2.631		0.505197		0
2.632		0.505016		0
2.633		0.504834		0
2.634		0.504653		0
2.635		0.504472		0
2.636		0.504291		0
2.637		0.50411		0
2.638		0.503929		0
2.639		0.503748		0
2.64		0.503567		0
2.641		0.503387		0
2.642		0.503207		0
2.643		0.503026		0
2.644		0.502846		0
2.645		0.502666		0
2.646		0.502486		0
2.647		0.502307		0
2.648		0.502127		0
2.649		0.501948		0
2.65		0.501768		0
2.651		0.501589		0
2.652		0.50141		0
2.653		0.501231		0
2.654		0.501052		0
2.655		0.500874		0
2.656		0.500695		0
2.657		0.500517		0
2.658		0.500338		0
2.659		0.50016		0
2.66		0.499982		0
2.661		0.499804		0
2.662		0.499626		0
2.663		0.499449		0
2.664		0.499271		0
2.665		0.499094		0
2.666		0.498916		0
2.667		0.498739		0
2.668		0.498562		0
2.669		0.498385		0
2.67		0.498208		0
2.671		0.498032		0
2.672		0.497855		0
2.673		0.497679		0
2.674		0.497502		0
2.675		0.497326		0
2.676		0.49715		0
2.677		0.496974		0
2.678		0.496798		0
2.679		0.496623		0
2.68		0.496447		0
2.681		0.496272		0
2.682		0.496096		0
2.683		0.495921		0
2.684		0.495746		0
2.685		0.495571		0
2.686		0.495396		0
2.687		0.495222		0
2.688		0.495047		0
2.689		0.494872		0
2.69		0.494698		0
2.691		0.494524		0
2.692		0.49435		0
2.693		0.494176		0
2.694		0.494002		0
2.695		0.493828		0
2.696		0.493655		0
2.697		0.493481		0
2.698		0.493308		0
2.699		0.493134		0
2.7		0.492961		0
2.701		0.492788		0
2.702		0.492615		0
2.703		0.492443		0
2.704		0.49227		0
2.705		0.492098		0
2.706		0.491925		0
2.707		0.491753		0
2.708		0.491581		0
2.709		0.491409		0
2.71		0.491237		0
2.711		0.491065		0
2.712		0.490893		0
2.713		0.490722		0
2.714		0.49055		0
2.715		0.490379		0
2.716		0.490208		0
2.717		0.490036		0
2.718		0.489865		0
2.719		0.489695		0
2.72		0.489524		0
2.721		0.489353		0
2.722		0.489183		0
2.723		0.489012		0
2.724		0.488842		0
2.725		0.488672		0
2.726		0.488502		0
2.727		0.488332		0
2.728		0.488162		0
2.729		0.487993		0
2.73		0.487823		0
2.731		0.487654		0
2.732		0.487484		0
2.733		0.487315		0
2.734		0.487146		0
2.735		0.486977		0
2.736		0.486808		0
2.737		0.486639		0
2.738		0.486471		0
2.739		0.486302		0
2.74		0.486134		0
2.741		0.485965		0
2.742		0.485797		0
2.743		0.485629		0
2.744		0.485461		0
2.745		0.485293		0
2.746		0.485126		0
2.747		0.484958		0
2.748		0.484791		0
2.749		0.484623		0
2.75		0.484456		0
2.751		0.484289		0
2.752		0.484122		0
2.753		0.483955		0
2.754		0.483788		0
2.755		0.483622		0
2.756		0.483455		0
2.757		0.483288		0
2.758		0.483122		0
2.759		0.482956		0
2.76		0.48279		0
2.761		0.482624		0
2.762		0.482458		0
2.763		0.482292		0
2.764		0.482127		0
2.765		0.481961		0
2.766		0.481796		0
2.767		0.48163		0
2.768		0.481465		0
2.769		0.4813		0
2.77		0.481135		0
2.771		0.48097		0
2.772		0.480805		0
2.773		0.480641		0
2.774		0.480476		0
2.775		0.480312		0
2.776		0.480147		0
2.777		0.479983		0
2.778		0.479819		0
2.779		0.479655		0
2.78		0.479491		0
2.781		0.479328		0
2.782		0.479164		0
2.783		0.479		0
2.784		0.478837		0
2.785		0.478674		0
2.786		0.47851		0
2.787		0.478347		0
2.788		0.478184		0
2.789		0.478022		0
2.79		0.477859		0
2.791		0.477696		0
2.792		0.477534		0
2.793		0.477371		0
2.794		0.477209		0
2.795		0.477047		0
2.796		0.476885		0
2.797		0.476723		0
2.798		0.476561		0
2.799		0.476399		0
2.8		0.476237		0
2.801		0.476076		0
2.802		0.475914		0
2.803		0.475753		0
2.804		0.475592		0
2.805		0.475431		0
2.806		0.47527		0
2.807		0.475109		0
2.808		0.474948		0
2.809		0.474787		0
2.81		0.474627		0
2.811		0.474466		0
2.812		0.474306		0
2.813		0.474146		0
2.814		0.473985		0
2.815		0.473825		0
2.816		0.473665		0
2.817		0.473506		0
2.818		0.473346		0
2.819		0.473186		0
2.82		0.473027		0
2.821		0.472867		0
2.822		0.472708		0
2.823		0.472549		0
2.824		0.47239		0
2.825		0.472231		0
2.826		0.472072		0
2.827		0.471913		0
2.828		0.471755		0
2.829		0.471596		0
2.83		0.471438		0
2.831		0.471279		0
2.832		0.471121		0
2.833		0.470963		0
2.834		0.470805		0
2.835		0.470647		0
2.836		0.470489		0
2.837		0.470332		0
2.838		0.470174		0
2.839		0.470016		0
2.84		0.469859		0
2.841		0.469702		0
2.842		0.469545		0
2.843		0.469388		0
2.844		0.469231		0
2.845		0.469074		0
2.846		0.468917		0
2.847		0.46876		0
2.848		0.468604		0
2.849		0.468447		0
2.85		0.468291		0
2.851		0.468135		0
2.852		0.467979		0
2.853		0.467822		0
2.854		0.467667		0
2.855		0.467511		0
2.856		0.467355		0
2.857		0.467199		0
2.858		0.467044		0
2.859		0.466888		0
2.86		0.466733		0
2.861		0.466578		0
2.862		0.466423		0
2.863		0.466268		0
2.864		0.466113		0
2.865		0.465958		0
2.866		0.465803		0
2.867		0.465649		0
2.868		0.465494		0
2.869		0.46534		0
2.87		0.465186		0
2.871		0.465031		0
2.872		0.464877		0
2.873		0.464723		0
2.874		0.46457		0
2.875		0.464416		0
2.876		0.464262		0
2.877		0.464108		0
2.878		0.463955		0
2.879		0.463802		0
2.88		0.463648		0
2.881		0.463495		0
2.882		0.463342		0
2.883		0.463189		0
2.884		0.463036		0
2.885		0.462883		0
2.886		0.462731		0
2.887		0.462578		0
2.888		0.462426		0
2.889		0.462273		0
2.89		0.462121		0
2.891		0.461969		0
2.892		0.461817		0
2.893		0.461665		0
2.894		0.461513		0
2.895		0.461361		0
2.896		0.461209		0
2.897		0.461058		0
2.898		0.460906		0
2.899		0.460755		0
2.9		0.460604		0
2.901		0.460453		0
2.902		0.460301		0
2.903		0.46015		0
2.904		0.46		0
2.905		0.459849		0
2.906		0.459698		0
2.907		0.459548		0
2.908		0.459397		0
2.909		0.459247		0
2.91		0.459096		0
2.911		0.458946		0
2.912		0.458796		0
2.913		0.458646		0
2.914		0.458496		0
2.915		0.458346		0
2.916		0.458197		0
2.917		0.458047		0
2.918		0.457897		0
2.919		0.457748		0
2.92		0.457599		0
2.921		0.457449		0
2.922		0.4573		0
2.923		0.457151		0
2.924		0.457002		0
2.925		0.456853		0
2.926		0.456705		0
2.927		0.456556		0
2.928		0.456407		0
2.929		0.456259		0
2.93		0.456111		0
2.931		0.455962		0
2.932		0.455814		0
2.933		0.455666		0
2.934		0.455518		0
2.935		0.45537		0
2.936		0.455222		0
2.937		0.455075		0
2.938		0.454927		0
2.939		0.45478		0
2.94		0.454632		0
2.941		0.454485		0
2.942		0.454338		0
2.943		0.454191		0
2.944		0.454044		0
2.945		0.453897		0
2.946		0.45375		0
2.947		0.453603		0
2.948		0.453456		0
2.949		0.45331		0
2.95		0.453163		0
2.951		0.453017		0
2.952		0.452871		0
2.953		0.452725		0
2.954		0.452578		0
2.955		0.452432		0
2.956		0.452287		0
2.957		0.452141		0
2.958		0.451995		0
2.959		0.451849		0
2.96		0.451704		0
2.961		0.451558		0
2.962		0.451413		0
2.963		0.451268		0
2.964		0.451123		0
2.965		0.450978		0
2.966		0.450833		0
2.967		0.450688		0
2.968		0.450543		0
2.969		0.450398		0
2.97		0.450254		0
2.971		0.450109		0
2.972		0.449965		0
2.973		0.44982		0
2.974		0.449676		0
2.975		0.449532		0
2.976		0.449388		0
2.977		0.449244		0
2.978		0.4491		0
2.979		0.448956		0
2.98		0.448813		0
2.981		0.448669		0
2.982		0.448526		0
2.983		0.448382		0
2.984		0.448239		0
2.985		0.448096		0
2.986		0.447953		0
2.987		0.447809		0
2.988		0.447667		0
2.989		0.447524		0
2.99		0.447381		0
2.991		0.447238		0
2.992		0.447096		0
2.993		0.446953		0
2.994		0.446811		0
2.995		0.446668		0
2.996		0.446526		0
2.997		0.446384		0
2.998		0.446242		0
2.999		0.4461		0
3		0.445958		0
