0.001		124.983		0
0.002		192.223		0
0.003		214.018		0
0.004		219.138		0
0.005		215.688		0
0.006		207.912		0
0.007		198.248		0
0.008		188.048		0
0.009		178.017		0
0.01		168.492		0
0.011		159.61		0
0.012		151.405		0
0.013		143.86		0
0.014		136.932		0
0.015		130.571		0
0.016		124.723		0
0.017		119.338		0
0.018		114.368		0
0.019		109.772		0
0.02		105.511		0
0.021		101.552		0
0.022		97.8639		0
0.023		94.4214		0
0.024		91.201		0
0.025		88.182		0
0.026		85.3463		0
0.027		82.6777		0
0.028		80.1619		0
0.029		77.786		0
0.03		75.5386		0
0.031		73.4096		0
0.032		71.3899		0
0.033		69.471		0
0.034		67.6458		0
0.035		65.9073		0
0.036		64.2497		0
0.037		62.6673		0
0.038		61.1552		0
0.039		59.7087		0
0.04		58.3238		0
0.041		56.9965		0
0.042		55.7234		0
0.043		54.5013		0
0.044		53.3272		0
0.045		52.1983		0
0.046		51.1122		0
0.047		50.0664		0
0.048		49.0589		0
0.049		48.0875		0
0.05		47.1505		0
0.051		46.246		0
0.052		45.3725		0
0.053		44.5284		0
0.054		43.7123		0
0.055		42.9229		0
0.056		42.1588		0
0.057		41.4191		0
0.058		40.7025		0
0.059		40.008		0
0.06		39.3346		0
0.061		38.6815		0
0.062		38.0477		0
0.063		37.4324		0
0.064		36.8349		0
0.065		36.2545		0
0.066		35.6904		0
0.067		35.142		0
0.068		34.6087		0
0.069		34.0898		0
0.07		33.5849		0
0.071		33.0933		0
0.072		32.6147		0
0.073		32.1484		0
0.074		31.6941		0
0.075		31.2513		0
0.076		30.8197		0
0.077		30.3987		0
0.078		29.9881		0
0.079		29.5874		0
0.08		29.1963		0
0.081		28.8146		0
0.082		28.4418		0
0.083		28.0777		0
0.084		27.7221		0
0.085		27.3745		0
0.086		27.0348		0
0.087		26.7027		0
0.088		26.378		0
0.089		26.0604		0
0.09		25.7497		0
0.091		25.4457		0
0.092		25.1482		0
0.093		24.857		0
0.094		24.5719		0
0.095		24.2927		0
0.096		24.0193		0
0.097		23.7514		0
0.098		23.489		0
0.099		23.2318		0
0.1		22.9797		0
0.101		22.7326		0
0.102		22.4904		0
0.103		22.2528		0
0.104		22.0198		0
0.105		21.7912		0
0.106		21.567		0
0.107		21.347		0
0.108		21.131		0
0.109		20.919		0
0.11		20.711		0
0.111		20.5066		0
0.112		20.306		0
0.113		20.109		0
0.114		19.9154		0
0.115		19.7252		0
0.116		19.5384		0
0.117		19.3548		0
0.118		19.1744		0
0.119		18.997		0
0.12		18.8227		0
0.121		18.6513		0
0.122		18.4827		0
0.123		18.3169		0
0.124		18.1539		0
0.125		17.9935		0
0.126		17.8357		0
0.127		17.6805		0
0.128		17.5278		0
0.129		17.3774		0
0.13		17.2295		0
0.131		17.0838		0
0.132		16.9405		0
0.133		16.7993		0
0.134		16.6603		0
0.135		16.5234		0
0.136		16.3886		0
0.137		16.2559		0
0.138		16.1251		0
0.139		15.9962		0
0.14		15.8693		0
0.141		15.7442		0
0.142		15.6209		0
0.143		15.4994		0
0.144		15.3797		0
0.145		15.2616		0
0.146		15.1453		0
0.147		15.0306		0
0.148		14.9174		0
0.149		14.8059		0
0.15		14.6959		0
0.151		14.5874		0
0.152		14.4804		0
0.153		14.3749		0
0.154		14.2708		0
0.155		14.1681		0
0.156		14.0667		0
0.157		13.9667		0
0.158		13.868		0
0.159		13.7707		0
0.16		13.6745		0
0.161		13.5797		0
0.162		13.486		0
0.163		13.3936		0
0.164		13.3023		0
0.165		13.2122		0
0.166		13.1232		0
0.167		13.0354		0
0.168		12.9486		0
0.169		12.8629		0
0.17		12.7783		0
0.171		12.6947		0
0.172		12.6121		0
0.173		12.5305		0
0.174		12.4499		0
0.175		12.3703		0
0.176		12.2917		0
0.177		12.2139		0
0.178		12.1371		0
0.179		12.0612		0
0.18		11.9861		0
0.181		11.912		0
0.182		11.8387		0
0.183		11.7662		0
0.184		11.6946		0
0.185		11.6238		0
0.186		11.5538		0
0.187		11.4846		0
0.188		11.4161		0
0.189		11.3484		0
0.19		11.2815		0
0.191		11.2153		0
0.192		11.1499		0
0.193		11.0851		0
0.194		11.0211		0
0.195		10.9577		0
0.196		10.8951		0
0.197		10.8331		0
0.198		10.7718		0
0.199		10.7111		0
0.2		10.6511		0
0.201		10.5917		0
0.202		10.5329		0
0.203		10.4747		0
0.204		10.4172		0
0.205		10.3602		0
0.206		10.3038		0
0.207		10.2481		0
0.208		10.1928		0
0.209		10.1382		0
0.21		10.084		0
0.211		10.0305		0
0.212		9.97744		0
0.213		9.92494		0
0.214		9.87296		0
0.215		9.82149		0
0.216		9.77053		0
0.217		9.72007		0
0.218		9.6701		0
0.219		9.62062		0
0.22		9.57161		0
0.221		9.52308		0
0.222		9.47502		0
0.223		9.42741		0
0.224		9.38025		0
0.225		9.33355		0
0.226		9.28728		0
0.227		9.24145		0
0.228		9.19604		0
0.229		9.15106		0
0.23		9.1065		0
0.231		9.06235		0
0.232		9.0186		0
0.233		8.97526		0
0.234		8.93231		0
0.235		8.88975		0
0.236		8.84758		0
0.237		8.80579		0
0.238		8.76437		0
0.239		8.72332		0
0.24		8.68264		0
0.241		8.64232		0
0.242		8.60236		0
0.243		8.56274		0
0.244		8.52348		0
0.245		8.48456		0
0.246		8.44598		0
0.247		8.40773		0
0.248		8.36981		0
0.249		8.33222		0
0.25		8.29495		0
0.251		8.258		0
0.252		8.22136		0
0.253		8.18503		0
0.254		8.14901		0
0.255		8.1133		0
0.256		8.07788		0
0.257		8.04276		0
0.258		8.00793		0
0.259		7.97339		0
0.26		7.93913		0
0.261		7.90516		0
0.262		7.87146		0
0.263		7.83804		0
0.264		7.80489		0
0.265		7.77201		0
0.266		7.7394		0
0.267		7.70705		0
0.268		7.67495		0
0.269		7.64312		0
0.27		7.61154		0
0.271		7.5802		0
0.272		7.54912		0
0.273		7.51828		0
0.274		7.48768		0
0.275		7.45733		0
0.276		7.42721		0
0.277		7.39732		0
0.278		7.36766		0
0.279		7.33824		0
0.28		7.30904		0
0.281		7.28006		0
0.282		7.2513		0
0.283		7.22277		0
0.284		7.19445		0
0.285		7.16634		0
0.286		7.13845		0
0.287		7.11076		0
0.288		7.08328		0
0.289		7.05601		0
0.29		7.02894		0
0.291		7.00207		0
0.292		6.9754		0
0.293		6.94893		0
0.294		6.92265		0
0.295		6.89656		0
0.296		6.87066		0
0.297		6.84495		0
0.298		6.81943		0
0.299		6.79409		0
0.3		6.76893		0
0.301		6.74395		0
0.302		6.71915		0
0.303		6.69453		0
0.304		6.67008		0
0.305		6.64581		0
0.306		6.62171		0
0.307		6.59777		0
0.308		6.57401		0
0.309		6.55041		0
0.31		6.52697		0
0.311		6.5037		0
0.312		6.48059		0
0.313		6.45764		0
0.314		6.43484		0
0.315		6.4122		0
0.316		6.38972		0
0.317		6.36739		0
0.318		6.34521		0
0.319		6.32319		0
0.32		6.30131		0
0.321		6.27958		0
0.322		6.25799		0
0.323		6.23655		0
0.324		6.21525		0
0.325		6.19409		0
0.326		6.17308		0
0.327		6.1522		0
0.328		6.13146		0
0.329		6.11086		0
0.33		6.09039		0
0.331		6.07006		0
0.332		6.04985		0
0.333		6.02978		0
0.334		6.00984		0
0.335		5.99003		0
0.336		5.97034		0
0.337		5.95078		0
0.338		5.93135		0
0.339		5.91204		0
0.34		5.89285		0
0.341		5.87379		0
0.342		5.85484		0
0.343		5.83602		0
0.344		5.81731		0
0.345		5.79872		0
0.346		5.78025		0
0.347		5.76189		0
0.348		5.74365		0
0.349		5.72552		0
0.35		5.7075		0
0.351		5.68959		0
0.352		5.67179		0
0.353		5.6541		0
0.354		5.63652		0
0.355		5.61905		0
0.356		5.60168		0
0.357		5.58442		0
0.358		5.56726		0
0.359		5.5502		0
0.36		5.53325		0
0.361		5.5164		0
0.362		5.49965		0
0.363		5.483		0
0.364		5.46645		0
0.365		5.45		0
0.366		5.43364		0
0.367		5.41738		0
0.368		5.40122		0
0.369		5.38515		0
0.37		5.36917		0
0.371		5.35329		0
0.372		5.3375		0
0.373		5.3218		0
0.374		5.30619		0
0.375		5.29067		0
0.376		5.27524		0
0.377		5.2599		0
0.378		5.24465		0
0.379		5.22949		0
0.38		5.21441		0
0.381		5.19941		0
0.382		5.1845		0
0.383		5.16968		0
0.384		5.15494		0
0.385		5.14028		0
0.386		5.1257		0
0.387		5.1112		0
0.388		5.09679		0
0.389		5.08245		0
0.39		5.0682		0
0.391		5.05402		0
0.392		5.03992		0
0.393		5.0259		0
0.394		5.01196		0
0.395		4.99809		0
0.396		4.9843		0
0.397		4.97058		0
0.398		4.95694		0
0.399		4.94337		0
0.4		4.92987		0
0.401		4.91645		0
0.402		4.9031		0
0.403		4.88982		0
0.404		4.87661		0
0.405		4.86347		0
0.406		4.8504		0
0.407		4.8374		0
0.408		4.82447		0
0.409		4.81161		0
0.41		4.79881		0
0.411		4.78609		0
0.412		4.77342		0
0.413		4.76083		0
0.414		4.7483		0
0.415		4.73583		0
0.416		4.72343		0
0.417		4.7111		0
0.418		4.69883		0
0.419		4.68662		0
0.42		4.67447		0
0.421		4.66239		0
0.422		4.65036		0
0.423		4.6384		0
0.424		4.6265		0
0.425		4.61466		0
0.426		4.60288		0
0.427		4.59116		0
0.428		4.5795		0
0.429		4.56789		0
0.43		4.55635		0
0.431		4.54486		0
0.432		4.53343		0
0.433		4.52206		0
0.434		4.51074		0
0.435		4.49948		0
0.436		4.48827		0
0.437		4.47712		0
0.438		4.46602		0
0.439		4.45498		0
0.44		4.44399		0
0.441		4.43306		0
0.442		4.42218		0
0.443		4.41135		0
0.444		4.40057		0
0.445		4.38985		0
0.446		4.37918		0
0.447		4.36856		0
0.448		4.35799		0
0.449		4.34747		0
0.45		4.337		0
0.451		4.32658		0
0.452		4.31621		0
0.453		4.30589		0
0.454		4.29562		0
0.455		4.28539		0
0.456		4.27522		0
0.457		4.26509		0
0.458		4.25501		0
0.459		4.24497		0
0.46		4.23499		0
0.461		4.22505		0
0.462		4.21515		0
0.463		4.20531		0
0.464		4.1955		0
0.465		4.18575		0
0.466		4.17603		0
0.467		4.16637		0
0.468		4.15674		0
0.469		4.14716		0
0.47		4.13763		0
0.471		4.12813		0
0.472		4.11868		0
0.473		4.10928		0
0.474		4.09991		0
0.475		4.09059		0
0.476		4.08131		0
0.477		4.07207		0
0.478		4.06287		0
0.479		4.05372		0
0.48		4.0446		0
0.481		4.03553		0
0.482		4.02649		0
0.483		4.0175		0
0.484		4.00854		0
0.485		3.99962		0
0.486		3.99075		0
0.487		3.98191		0
0.488		3.97311		0
0.489		3.96435		0
0.49		3.95563		0
0.491		3.94694		0
0.492		3.9383		0
0.493		3.92969		0
0.494		3.92112		0
0.495		3.91258		0
0.496		3.90408		0
0.497		3.89562		0
0.498		3.8872		0
0.499		3.87881		0
0.5		3.87045		0
0.501		3.86213		0
0.502		3.85385		0
0.503		3.8456		0
0.504		3.83739		0
0.505		3.82921		0
0.506		3.82107		0
0.507		3.81296		0
0.508		3.80488		0
0.509		3.79684		0
0.51		3.78883		0
0.511		3.78086		0
0.512		3.77291		0
0.513		3.765		0
0.514		3.75713		0
0.515		3.74928		0
0.516		3.74147		0
0.517		3.73369		0
0.518		3.72595		0
0.519		3.71823		0
0.52		3.71055		0
0.521		3.70289		0
0.522		3.69527		0
0.523		3.68768		0
0.524		3.68012		0
0.525		3.67259		0
0.526		3.66509		0
0.527		3.65762		0
0.528		3.65019		0
0.529		3.64278		0
0.53		3.6354		0
0.531		3.62805		0
0.532		3.62073		0
0.533		3.61344		0
0.534		3.60617		0
0.535		3.59894		0
0.536		3.59174		0
0.537		3.58456		0
0.538		3.57741		0
0.539		3.57029		0
0.54		3.5632		0
0.541		3.55614		0
0.542		3.5491		0
0.543		3.54209		0
0.544		3.53511		0
0.545		3.52815		0
0.546		3.52122		0
0.547		3.51432		0
0.548		3.50745		0
0.549		3.5006		0
0.55		3.49378		0
0.551		3.48698		0
0.552		3.48022		0
0.553		3.47347		0
0.554		3.46675		0
0.555		3.46006		0
0.556		3.45339		0
0.557		3.44675		0
0.558		3.44014		0
0.559		3.43355		0
0.56		3.42698		0
0.561		3.42044		0
0.562		3.41392		0
0.563		3.40743		0
0.564		3.40096		0
0.565		3.39452		0
0.566		3.3881		0
0.567		3.3817		0
0.568		3.37533		0
0.569		3.36898		0
0.57		3.36265		0
0.571		3.35635		0
0.572		3.35007		0
0.573		3.34382		0
0.574		3.33758		0
0.575		3.33137		0
0.576		3.32519		0
0.577		3.31902		0
0.578		3.31288		0
0.579		3.30676		0
0.58		3.30066		0
0.581		3.29459		0
0.582		3.28853		0
0.583		3.2825		0
0.584		3.27649		0
0.585		3.2705		0
0.586		3.26453		0
0.587		3.25859		0
0.588		3.25267		0
0.589		3.24676		0
0.59		3.24088		0
0.591		3.23502		0
0.592		3.22918		0
0.593		3.22336		0
0.594		3.21756		0
0.595		3.21178		0
0.596		3.20602		0
0.597		3.20029		0
0.598		3.19457		0
0.599		3.18887		0
0.6		3.18319		0
0.601		3.17753		0
0.602		3.1719		0
0.603		3.16628		0
0.604		3.16068		0
0.605		3.1551		0
0.606		3.14954		0
0.607		3.144		0
0.608		3.13847		0
0.609		3.13297		0
0.61		3.12749		0
0.611		3.12202		0
0.612		3.11658		0
0.613		3.11115		0
0.614		3.10574		0
0.615		3.10035		0
0.616		3.09497		0
0.617		3.08962		0
0.618		3.08428		0
0.619		3.07896		0
0.62		3.07366		0
0.621		3.06838		0
0.622		3.06312		0
0.623		3.05787		0
0.624		3.05264		0
0.625		3.04743		0
0.626		3.04223		0
0.627		3.03706		0
0.628		3.0319		0
0.629		3.02675		0
0.63		3.02163		0
0.631		3.01652		0
0.632		3.01143		0
0.633		3.00635		0
0.634		3.00129		0
0.635		2.99625		0
0.636		2.99123		0
0.637		2.98622		0
0.638		2.98123		0
0.639		2.97625		0
0.64		2.97129		0
0.641		2.96635		0
0.642		2.96142		0
0.643		2.95651		0
0.644		2.95161		0
0.645		2.94673		0
0.646		2.94187		0
0.647		2.93702		0
0.648		2.93219		0
0.649		2.92737		0
0.65		2.92257		0
0.651		2.91778		0
0.652		2.91301		0
0.653		2.90825		0
0.654		2.90351		0
0.655		2.89879		0
0.656		2.89407		0
0.657		2.88938		0
0.658		2.8847		0
0.659		2.88003		0
0.66		2.87538		0
0.661		2.87074		0
0.662		2.86612		0
0.663		2.86151		0
0.664		2.85692		0
0.665		2.85234		0
0.666		2.84778		0
0.667		2.84323		0
0.668		2.83869		0
0.669		2.83417		0
0.67		2.82966		0
0.671		2.82516		0
0.672		2.82068		0
0.673		2.81622		0
0.674		2.81176		0
0.675		2.80733		0
0.676		2.8029		0
0.677		2.79849		0
0.678		2.79409		0
0.679		2.78971		0
0.68		2.78533		0
0.681		2.78098		0
0.682		2.77663		0
0.683		2.7723		0
0.684		2.76798		0
0.685		2.76368		0
0.686		2.75938		0
0.687		2.7551		0
0.688		2.75084		0
0.689		2.74658		0
0.69		2.74234		0
0.691		2.73811		0
0.692		2.7339		0
0.693		2.7297		0
0.694		2.72551		0
0.695		2.72133		0
0.696		2.71716		0
0.697		2.71301		0
0.698		2.70887		0
0.699		2.70474		0
0.7		2.70062		0
0.701		2.69652		0
0.702		2.69243		0
0.703		2.68835		0
0.704		2.68428		0
0.705		2.68022		0
0.706		2.67618		0
0.707		2.67215		0
0.708		2.66813		0
0.709		2.66412		0
0.71		2.66012		0
0.711		2.65613		0
0.712		2.65216		0
0.713		2.6482		0
0.714		2.64425		0
0.715		2.64031		0
0.716		2.63638		0
0.717		2.63246		0
0.718		2.62856		0
0.719		2.62466		0
0.72		2.62078		0
0.721		2.61691		0
0.722		2.61305		0
0.723		2.6092		0
0.724		2.60536		0
0.725		2.60153		0
0.726		2.59771		0
0.727		2.59391		0
0.728		2.59011		0
0.729		2.58633		0
0.73		2.58255		0
0.731		2.57879		0
0.732		2.57504		0
0.733		2.57129		0
0.734		2.56756		0
0.735		2.56384		0
0.736		2.56013		0
0.737		2.55643		0
0.738		2.55274		0
0.739		2.54906		0
0.74		2.54539		0
0.741		2.54173		0
0.742		2.53808		0
0.743		2.53444		0
0.744		2.53081		0
0.745		2.52719		0
0.746		2.52359		0
0.747		2.51999		0
0.748		2.5164		0
0.749		2.51282		0
0.75		2.50925		0
0.751		2.50569		0
0.752		2.50214		0
0.753		2.4986		0
0.754		2.49507		0
0.755		2.49155		0
0.756		2.48804		0
0.757		2.48454		0
0.758		2.48104		0
0.759		2.47756		0
0.76		2.47409		0
0.761		2.47062		0
0.762		2.46717		0
0.763		2.46372		0
0.764		2.46029		0
0.765		2.45686		0
0.766		2.45344		0
0.767		2.45004		0
0.768		2.44664		0
0.769		2.44325		0
0.77		2.43987		0
0.771		2.43649		0
0.772		2.43313		0
0.773		2.42978		0
0.774		2.42643		0
0.775		2.42309		0
0.776		2.41977		0
0.777		2.41645		0
0.778		2.41314		0
0.779		2.40984		0
0.78		2.40654		0
0.781		2.40326		0
0.782		2.39999		0
0.783		2.39672		0
0.784		2.39346		0
0.785		2.39021		0
0.786		2.38697		0
0.787		2.38374		0
0.788		2.38051		0
0.789		2.3773		0
0.79		2.37409		0
0.791		2.37089		0
0.792		2.3677		0
0.793		2.36452		0
0.794		2.36134		0
0.795		2.35818		0
0.796		2.35502		0
0.797		2.35187		0
0.798		2.34873		0
0.799		2.34559		0
0.8		2.34247		0
0.801		2.33935		0
0.802		2.33624		0
0.803		2.33314		0
0.804		2.33004		0
0.805		2.32696		0
0.806		2.32388		0
0.807		2.32081		0
0.808		2.31775		0
0.809		2.31469		0
0.81		2.31164		0
0.811		2.3086		0
0.812		2.30557		0
0.813		2.30255		0
0.814		2.29953		0
0.815		2.29652		0
0.816		2.29352		0
0.817		2.29053		0
0.818		2.28754		0
0.819		2.28456		0
0.82		2.28159		0
0.821		2.27863		0
0.822		2.27567		0
0.823		2.27272		0
0.824		2.26978		0
0.825		2.26684		0
0.826		2.26392		0
0.827		2.261		0
0.828		2.25808		0
0.829		2.25518		0
0.83		2.25228		0
0.831		2.24939		0
0.832		2.2465		0
0.833		2.24363		0
0.834		2.24076		0
0.835		2.23789		0
0.836		2.23504		0
0.837		2.23219		0
0.838		2.22935		0
0.839		2.22651		0
0.84		2.22368		0
0.841		2.22086		0
0.842		2.21805		0
0.843		2.21524		0
0.844		2.21244		0
0.845		2.20964		0
0.846		2.20685		0
0.847		2.20407		0
0.848		2.2013		0
0.849		2.19853		0
0.85		2.19577		0
0.851		2.19302		0
0.852		2.19027		0
0.853		2.18753		0
0.854		2.18479		0
0.855		2.18207		0
0.856		2.17935		0
0.857		2.17663		0
0.858		2.17392		0
0.859		2.17122		0
0.86		2.16852		0
0.861		2.16584		0
0.862		2.16315		0
0.863		2.16048		0
0.864		2.15781		0
0.865		2.15514		0
0.866		2.15248		0
0.867		2.14983		0
0.868		2.14719		0
0.869		2.14455		0
0.87		2.14192		0
0.871		2.13929		0
0.872		2.13667		0
0.873		2.13406		0
0.874		2.13145		0
0.875		2.12885		0
0.876		2.12625		0
0.877		2.12366		0
0.878		2.12108		0
0.879		2.1185		0
0.88		2.11593		0
0.881		2.11336		0
0.882		2.1108		0
0.883		2.10825		0
0.884		2.1057		0
0.885		2.10316		0
0.886		2.10062		0
0.887		2.09809		0
0.888		2.09556		0
0.889		2.09304		0
0.89		2.09053		0
0.891		2.08802		0
0.892		2.08552		0
0.893		2.08303		0
0.894		2.08053		0
0.895		2.07805		0
0.896		2.07557		0
0.897		2.0731		0
0.898		2.07063		0
0.899		2.06817		0
0.9		2.06571		0
0.901		2.06326		0
0.902		2.06081		0
0.903		2.05837		0
0.904		2.05594		0
0.905		2.05351		0
0.906		2.05109		0
0.907		2.04867		0
0.908		2.04626		0
0.909		2.04385		0
0.91		2.04145		0
0.911		2.03905		0
0.912		2.03666		0
0.913		2.03427		0
0.914		2.03189		0
0.915		2.02952		0
0.916		2.02715		0
0.917		2.02478		0
0.918		2.02242		0
0.919		2.02007		0
0.92		2.01772		0
0.921		2.01538		0
0.922		2.01304		0
0.923		2.0107		0
0.924		2.00838		0
0.925		2.00605		0
0.926		2.00373		0
0.927		2.00142		0
0.928		1.99911		0
0.929		1.99681		0
0.93		1.99451		0
0.931		1.99222		0
0.932		1.98993		0
0.933		1.98765		0
0.934		1.98537		0
0.935		1.9831		0
0.936		1.98083		0
0.937		1.97857		0
0.938		1.97631		0
0.939		1.97406		0
0.94		1.97181		0
0.941		1.96956		0
0.942		1.96732		0
0.943		1.96509		0
0.944		1.96286		0
0.945		1.96064		0
0.946		1.95842		0
0.947		1.9562		0
0.948		1.95399		0
0.949		1.95179		0
0.95		1.94959		0
0.951		1.94739		0
0.952		1.9452		0
0.953		1.94301		0
0.954		1.94083		0
0.955		1.93866		0
0.956		1.93648		0
0.957		1.93432		0
0.958		1.93215		0
0.959		1.92999		0
0.96		1.92784		0
0.961		1.92569		0
0.962		1.92355		0
0.963		1.9214		0
0.964		1.91927		0
0.965		1.91714		0
0.966		1.91501		0
0.967		1.91289		0
0.968		1.91077		0
0.969		1.90866		0
0.97		1.90655		0
0.971		1.90444		0
0.972		1.90234		0
0.973		1.90025		0
0.974		1.89815		0
0.975		1.89607		0
0.976		1.89398		0
0.977		1.89191		0
0.978		1.88983		0
0.979		1.88776		0
0.98		1.8857		0
0.981		1.88364		0
0.982		1.88158		0
0.983		1.87953		0
0.984		1.87748		0
0.985		1.87543		0
0.986		1.87339		0
0.987		1.87136		0
0.988		1.86932		0
0.989		1.8673		0
0.99		1.86527		0
0.991		1.86325		0
0.992		1.86124		0
0.993		1.85923		0
0.994		1.85722		0
0.995		1.85522		0
0.996		1.85322		0
0.997		1.85123		0
0.998		1.84924		0
0.999		1.84725		0
1		1.84527		0
1.001		1.84329		0
1.002		1.84131		0
1.003		1.83934		0
1.004		1.83738		0
1.005		1.83541		0
1.006		1.83346		0
1.007		1.8315		0
1.008		1.82955		0
1.009		1.8276		0
1.01		1.82566		0
1.011		1.82372		0
1.012		1.82179		0
1.013		1.81986		0
1.014		1.81793		0
1.015		1.81601		0
1.016		1.81409		0
1.017		1.81217		0
1.018		1.81026		0
1.019		1.80835		0
1.02		1.80645		0
1.021		1.80455		0
1.022		1.80265		0
1.023		1.80076		0
1.024		1.79887		0
1.025		1.79698		0
1.026		1.7951		0
1.027		1.79322		0
1.028		1.79135		0
1.029		1.78948		0
1.03		1.78761		0
1.031		1.78575		0
1.032		1.78389		0
1.033		1.78203		0
1.034		1.78018		0
1.035		1.77833		0
1.036		1.77649		0
1.037		1.77465		0
1.038		1.77281		0
1.039		1.77097		0
1.04		1.76914		0
1.041		1.76732		0
1.042		1.76549		0
1.043		1.76367		0
1.044		1.76186		0
1.045		1.76004		0
1.046		1.75823		0
1.047		1.75643		0
1.048		1.75463		0
1.049		1.75283		0
1.05		1.75103		0
1.051		1.74924		0
1.052		1.74745		0
1.053		1.74567		0
1.054		1.74389		0
1.055		1.74211		0
1.056		1.74033		0
1.057		1.73856		0
1.058		1.73679		0
1.059		1.73503		0
1.06		1.73327		0
1.061		1.73151		0
1.062		1.72976		0
1.063		1.72801		0
1.064		1.72626		0
1.065		1.72451		0
1.066		1.72277		0
1.067		1.72104		0
1.068		1.7193		0
1.069		1.71757		0
1.07		1.71584		0
1.071		1.71412		0
1.072		1.7124		0
1.073		1.71068		0
1.074		1.70896		0
1.075		1.70725		0
1.076		1.70554		0
1.077		1.70384		0
1.078		1.70214		0
1.079		1.70044		0
1.08		1.69874		0
1.081		1.69705		0
1.082		1.69536		0
1.083		1.69368		0
1.084		1.69199		0
1.085		1.69031		0
1.086		1.68864		0
1.087		1.68696		0
1.088		1.68529		0
1.089		1.68363		0
1.09		1.68196		0
1.091		1.6803		0
1.092		1.67864		0
1.093		1.67699		0
1.094		1.67534		0
1.095		1.67369		0
1.096		1.67204		0
1.097		1.6704		0
1.098		1.66876		0
1.099		1.66713		0
1.1		1.66549		0
1.101		1.66386		0
1.102		1.66223		0
1.103		1.66061		0
1.104		1.65899		0
1.105		1.65737		0
1.106		1.65575		0
1.107		1.65414		0
1.108		1.65253		0
1.109		1.65093		0
1.11		1.64932		0
1.111		1.64772		0
1.112		1.64612		0
1.113		1.64453		0
1.114		1.64294		0
1.115		1.64135		0
1.116		1.63976		0
1.117		1.63818		0
1.118		1.6366		0
1.119		1.63502		0
1.12		1.63345		0
1.121		1.63187		0
1.122		1.63031		0
1.123		1.62874		0
1.124		1.62718		0
1.125		1.62562		0
1.126		1.62406		0
1.127		1.6225		0
1.128		1.62095		0
1.129		1.6194		0
1.13		1.61786		0
1.131		1.61631		0
1.132		1.61477		0
1.133		1.61323		0
1.134		1.6117		0
1.135		1.61016		0
1.136		1.60863		0
1.137		1.60711		0
1.138		1.60558		0
1.139		1.60406		0
1.14		1.60254		0
1.141		1.60103		0
1.142		1.59951		0
1.143		1.598		0
1.144		1.59649		0
1.145		1.59499		0
1.146		1.59348		0
1.147		1.59198		0
1.148		1.59049		0
1.149		1.58899		0
1.15		1.5875		0
1.151		1.58601		0
1.152		1.58452		0
1.153		1.58304		0
1.154		1.58156		0
1.155		1.58008		0
1.156		1.5786		0
1.157		1.57713		0
1.158		1.57566		0
1.159		1.57419		0
1.16		1.57272		0
1.161		1.57126		0
1.162		1.5698		0
1.163		1.56834		0
1.164		1.56688		0
1.165		1.56543		0
1.166		1.56398		0
1.167		1.56253		0
1.168		1.56108		0
1.169		1.55964		0
1.17		1.5582		0
1.171		1.55676		0
1.172		1.55532		0
1.173		1.55389		0
1.174		1.55246		0
1.175		1.55103		0
1.176		1.5496		0
1.177		1.54818		0
1.178		1.54676		0
1.179		1.54534		0
1.18		1.54392		0
1.181		1.54251		0
1.182		1.5411		0
1.183		1.53969		0
1.184		1.53828		0
1.185		1.53688		0
1.186		1.53548		0
1.187		1.53408		0
1.188		1.53268		0
1.189		1.53129		0
1.19		1.5299		0
1.191		1.52851		0
1.192		1.52712		0
1.193		1.52573		0
1.194		1.52435		0
1.195		1.52297		0
1.196		1.52159		0
1.197		1.52022		0
1.198		1.51884		0
1.199		1.51747		0
1.2		1.5161		0
1.201		1.51474		0
1.202		1.51337		0
1.203		1.51201		0
1.204		1.51065		0
1.205		1.5093		0
1.206		1.50794		0
1.207		1.50659		0
1.208		1.50524		0
1.209		1.50389		0
1.21		1.50255		0
1.211		1.5012		0
1.212		1.49986		0
1.213		1.49852		0
1.214		1.49719		0
1.215		1.49585		0
1.216		1.49452		0
1.217		1.49319		0
1.218		1.49186		0
1.219		1.49054		0
1.22		1.48921		0
1.221		1.48789		0
1.222		1.48657		0
1.223		1.48525		0
1.224		1.48394		0
1.225		1.48263		0
1.226		1.48132		0
1.227		1.48001		0
1.228		1.4787		0
1.229		1.4774		0
1.23		1.4761		0
1.231		1.4748		0
1.232		1.4735		0
1.233		1.47221		0
1.234		1.47091		0
1.235		1.46962		0
1.236		1.46833		0
1.237		1.46705		0
1.238		1.46576		0
1.239		1.46448		0
1.24		1.4632		0
1.241		1.46192		0
1.242		1.46065		0
1.243		1.45937		0
1.244		1.4581		0
1.245		1.45683		0
1.246		1.45556		0
1.247		1.4543		0
1.248		1.45303		0
1.249		1.45177		0
1.25		1.45051		0
1.251		1.44926		0
1.252		1.448		0
1.253		1.44675		0
1.254		1.4455		0
1.255		1.44425		0
1.256		1.443		0
1.257		1.44175		0
1.258		1.44051		0
1.259		1.43927		0
1.26		1.43803		0
1.261		1.43679		0
1.262		1.43556		0
1.263		1.43432		0
1.264		1.43309		0
1.265		1.43186		0
1.266		1.43064		0
1.267		1.42941		0
1.268		1.42819		0
1.269		1.42697		0
1.27		1.42575		0
1.271		1.42453		0
1.272		1.42331		0
1.273		1.4221		0
1.274		1.42089		0
1.275		1.41968		0
1.276		1.41847		0
1.277		1.41726		0
1.278		1.41606		0
1.279		1.41486		0
1.28		1.41366		0
1.281		1.41246		0
1.282		1.41126		0
1.283		1.41007		0
1.284		1.40888		0
1.285		1.40769		0
1.286		1.4065		0
1.287		1.40531		0
1.288		1.40413		0
1.289		1.40294		0
1.29		1.40176		0
1.291		1.40058		0
1.292		1.39941		0
1.293		1.39823		0
1.294		1.39706		0
1.295		1.39588		0
1.296		1.39471		0
1.297		1.39355		0
1.298		1.39238		0
1.299		1.39121		0
1.3		1.39005		0
1.301		1.38889		0
1.302		1.38773		0
1.303		1.38657		0
1.304		1.38542		0
1.305		1.38427		0
1.306		1.38311		0
1.307		1.38196		0
1.308		1.38081		0
1.309		1.37967		0
1.31		1.37852		0
1.311		1.37738		0
1.312		1.37624		0
1.313		1.3751		0
1.314		1.37396		0
1.315		1.37283		0
1.316		1.37169		0
1.317		1.37056		0
1.318		1.36943		0
1.319		1.3683		0
1.32		1.36717		0
1.321		1.36605		0
1.322		1.36492		0
1.323		1.3638		0
1.324		1.36268		0
1.325		1.36156		0
1.326		1.36045		0
1.327		1.35933		0
1.328		1.35822		0
1.329		1.35711		0
1.33		1.356		0
1.331		1.35489		0
1.332		1.35378		0
1.333		1.35268		0
1.334		1.35157		0
1.335		1.35047		0
1.336		1.34937		0
1.337		1.34827		0
1.338		1.34718		0
1.339		1.34608		0
1.34		1.34499		0
1.341		1.3439		0
1.342		1.34281		0
1.343		1.34172		0
1.344		1.34063		0
1.345		1.33955		0
1.346		1.33847		0
1.347		1.33739		0
1.348		1.33631		0
1.349		1.33523		0
1.35		1.33415		0
1.351		1.33308		0
1.352		1.332		0
1.353		1.33093		0
1.354		1.32986		0
1.355		1.32879		0
1.356		1.32773		0
1.357		1.32666		0
1.358		1.3256		0
1.359		1.32453		0
1.36		1.32347		0
1.361		1.32241		0
1.362		1.32136		0
1.363		1.3203		0
1.364		1.31925		0
1.365		1.31819		0
1.366		1.31714		0
1.367		1.31609		0
1.368		1.31505		0
1.369		1.314		0
1.37		1.31296		0
1.371		1.31191		0
1.372		1.31087		0
1.373		1.30983		0
1.374		1.30879		0
1.375		1.30775		0
1.376		1.30672		0
1.377		1.30569		0
1.378		1.30465		0
1.379		1.30362		0
1.38		1.30259		0
1.381		1.30156		0
1.382		1.30054		0
1.383		1.29951		0
1.384		1.29849		0
1.385		1.29747		0
1.386		1.29645		0
1.387		1.29543		0
1.388		1.29441		0
1.389		1.2934		0
1.39		1.29238		0
1.391		1.29137		0
1.392		1.29036		0
1.393		1.28935		0
1.394		1.28834		0
1.395		1.28733		0
1.396		1.28633		0
1.397		1.28532		0
1.398		1.28432		0
1.399		1.28332		0
1.4		1.28232		0
1.401		1.28132		0
1.402		1.28033		0
1.403		1.27933		0
1.404		1.27834		0
1.405		1.27735		0
1.406		1.27635		0
1.407		1.27537		0
1.408		1.27438		0
1.409		1.27339		0
1.41		1.27241		0
1.411		1.27142		0
1.412		1.27044		0
1.413		1.26946		0
1.414		1.26848		0
1.415		1.2675		0
1.416		1.26653		0
1.417		1.26555		0
1.418		1.26458		0
1.419		1.2636		0
1.42		1.26263		0
1.421		1.26166		0
1.422		1.2607		0
1.423		1.25973		0
1.424		1.25876		0
1.425		1.2578		0
1.426		1.25684		0
1.427		1.25588		0
1.428		1.25492		0
1.429		1.25396		0
1.43		1.253		0
1.431		1.25204		0
1.432		1.25109		0
1.433		1.25014		0
1.434		1.24919		0
1.435		1.24824		0
1.436		1.24729		0
1.437		1.24634		0
1.438		1.24539		0
1.439		1.24445		0
1.44		1.2435		0
1.441		1.24256		0
1.442		1.24162		0
1.443		1.24068		0
1.444		1.23974		0
1.445		1.23881		0
1.446		1.23787		0
1.447		1.23694		0
1.448		1.236		0
1.449		1.23507		0
1.45		1.23414		0
1.451		1.23321		0
1.452		1.23229		0
1.453		1.23136		0
1.454		1.23043		0
1.455		1.22951		0
1.456		1.22859		0
1.457		1.22767		0
1.458		1.22675		0
1.459		1.22583		0
1.46		1.22491		0
1.461		1.224		0
1.462		1.22308		0
1.463		1.22217		0
1.464		1.22125		0
1.465		1.22034		0
1.466		1.21943		0
1.467		1.21853		0
1.468		1.21762		0
1.469		1.21671		0
1.47		1.21581		0
1.471		1.21491		0
1.472		1.214		0
1.473		1.2131		0
1.474		1.2122		0
1.475		1.21131		0
1.476		1.21041		0
1.477		1.20951		0
1.478		1.20862		0
1.479		1.20772		0
1.48		1.20683		0
1.481		1.20594		0
1.482		1.20505		0
1.483		1.20416		0
1.484		1.20328		0
1.485		1.20239		0
1.486		1.20151		0
1.487		1.20062		0
1.488		1.19974		0
1.489		1.19886		0
1.49		1.19798		0
1.491		1.1971		0
1.492		1.19622		0
1.493		1.19535		0
1.494		1.19447		0
1.495		1.1936		0
1.496		1.19273		0
1.497		1.19185		0
1.498		1.19098		0
1.499		1.19012		0
1.5		1.18925		0
1.501		1.18838		0
1.502		1.18752		0
1.503		1.18665		0
1.504		1.18579		0
1.505		1.18493		0
1.506		1.18407		0
1.507		1.18321		0
1.508		1.18235		0
1.509		1.18149		0
1.51		1.18063		0
1.511		1.17978		0
1.512		1.17893		0
1.513		1.17807		0
1.514		1.17722		0
1.515		1.17637		0
1.516		1.17552		0
1.517		1.17467		0
1.518		1.17383		0
1.519		1.17298		0
1.52		1.17214		0
1.521		1.17129		0
1.522		1.17045		0
1.523		1.16961		0
1.524		1.16877		0
1.525		1.16793		0
1.526		1.16709		0
1.527		1.16626		0
1.528		1.16542		0
1.529		1.16459		0
1.53		1.16375		0
1.531		1.16292		0
1.532		1.16209		0
1.533		1.16126		0
1.534		1.16043		0
1.535		1.15961		0
1.536		1.15878		0
1.537		1.15795		0
1.538		1.15713		0
1.539		1.15631		0
1.54		1.15548		0
1.541		1.15466		0
1.542		1.15384		0
1.543		1.15302		0
1.544		1.15221		0
1.545		1.15139		0
1.546		1.15057		0
1.547		1.14976		0
1.548		1.14895		0
1.549		1.14813		0
1.55		1.14732		0
1.551		1.14651		0
1.552		1.1457		0
1.553		1.14489		0
1.554		1.14409		0
1.555		1.14328		0
1.556		1.14248		0
1.557		1.14167		0
1.558		1.14087		0
1.559		1.14007		0
1.56		1.13927		0
1.561		1.13847		0
1.562		1.13767		0
1.563		1.13687		0
1.564		1.13608		0
1.565		1.13528		0
1.566		1.13449		0
1.567		1.13369		0
1.568		1.1329		0
1.569		1.13211		0
1.57		1.13132		0
1.571		1.13053		0
1.572		1.12974		0
1.573		1.12895		0
1.574		1.12817		0
1.575		1.12738		0
1.576		1.1266		0
1.577		1.12582		0
1.578		1.12503		0
1.579		1.12425		0
1.58		1.12347		0
1.581		1.12269		0
1.582		1.12192		0
1.583		1.12114		0
1.584		1.12036		0
1.585		1.11959		0
1.586		1.11882		0
1.587		1.11804		0
1.588		1.11727		0
1.589		1.1165		0
1.59		1.11573		0
1.591		1.11496		0
1.592		1.11419		0
1.593		1.11343		0
1.594		1.11266		0
1.595		1.1119		0
1.596		1.11113		0
1.597		1.11037		0
1.598		1.10961		0
1.599		1.10885		0
1.6		1.10809		0
1.601		1.10733		0
1.602		1.10657		0
1.603		1.10581		0
1.604		1.10505		0
1.605		1.1043		0
1.606		1.10355		0
1.607		1.10279		0
1.608		1.10204		0
1.609		1.10129		0
1.61		1.10054		0
1.611		1.09979		0
1.612		1.09904		0
1.613		1.09829		0
1.614		1.09755		0
1.615		1.0968		0
1.616		1.09606		0
1.617		1.09531		0
1.618		1.09457		0
1.619		1.09383		0
1.62		1.09309		0
1.621		1.09235		0
1.622		1.09161		0
1.623		1.09087		0
1.624		1.09013		0
1.625		1.0894		0
1.626		1.08866		0
1.627		1.08793		0
1.628		1.0872		0
1.629		1.08646		0
1.63		1.08573		0
1.631		1.085		0
1.632		1.08427		0
1.633		1.08354		0
1.634		1.08281		0
1.635		1.08209		0
1.636		1.08136		0
1.637		1.08064		0
1.638		1.07991		0
1.639		1.07919		0
1.64		1.07847		0
1.641		1.07775		0
1.642		1.07703		0
1.643		1.07631		0
1.644		1.07559		0
1.645		1.07487		0
1.646		1.07415		0
1.647		1.07344		0
1.648		1.07272		0
1.649		1.07201		0
1.65		1.07129		0
1.651		1.07058		0
1.652		1.06987		0
1.653		1.06916		0
1.654		1.06845		0
1.655		1.06774		0
1.656		1.06703		0
1.657		1.06633		0
1.658		1.06562		0
1.659		1.06491		0
1.66		1.06421		0
1.661		1.06351		0
1.662		1.0628		0
1.663		1.0621		0
1.664		1.0614		0
1.665		1.0607		0
1.666		1.06		0
1.667		1.0593		0
1.668		1.05861		0
1.669		1.05791		0
1.67		1.05721		0
1.671		1.05652		0
1.672		1.05582		0
1.673		1.05513		0
1.674		1.05444		0
1.675		1.05375		0
1.676		1.05306		0
1.677		1.05237		0
1.678		1.05168		0
1.679		1.05099		0
1.68		1.0503		0
1.681		1.04962		0
1.682		1.04893		0
1.683		1.04825		0
1.684		1.04756		0
1.685		1.04688		0
1.686		1.0462		0
1.687		1.04551		0
1.688		1.04483		0
1.689		1.04415		0
1.69		1.04348		0
1.691		1.0428		0
1.692		1.04212		0
1.693		1.04144		0
1.694		1.04077		0
1.695		1.04009		0
1.696		1.03942		0
1.697		1.03875		0
1.698		1.03807		0
1.699		1.0374		0
1.7		1.03673		0
1.701		1.03606		0
1.702		1.03539		0
1.703		1.03472		0
1.704		1.03406		0
1.705		1.03339		0
1.706		1.03273		0
1.707		1.03206		0
1.708		1.0314		0
1.709		1.03073		0
1.71		1.03007		0
1.711		1.02941		0
1.712		1.02875		0
1.713		1.02809		0
1.714		1.02743		0
1.715		1.02677		0
1.716		1.02611		0
1.717		1.02545		0
1.718		1.0248		0
1.719		1.02414		0
1.72		1.02349		0
1.721		1.02283		0
1.722		1.02218		0
1.723		1.02153		0
1.724		1.02088		0
1.725		1.02023		0
1.726		1.01958		0
1.727		1.01893		0
1.728		1.01828		0
1.729		1.01763		0
1.73		1.01698		0
1.731		1.01634		0
1.732		1.01569		0
1.733		1.01505		0
1.734		1.0144		0
1.735		1.01376		0
1.736		1.01312		0
1.737		1.01248		0
1.738		1.01184		0
1.739		1.0112		0
1.74		1.01056		0
1.741		1.00992		0
1.742		1.00928		0
1.743		1.00865		0
1.744		1.00801		0
1.745		1.00737		0
1.746		1.00674		0
1.747		1.00611		0
1.748		1.00547		0
1.749		1.00484		0
1.75		1.00421		0
1.751		1.00358		0
1.752		1.00295		0
1.753		1.00232		0
1.754		1.00169		0
1.755		1.00106		0
1.756		1.00043		0
1.757		0.999807		0
1.758		0.999182		0
1.759		0.998557		0
1.76		0.997933		0
1.761		0.997309		0
1.762		0.996686		0
1.763		0.996064		0
1.764		0.995443		0
1.765		0.994822		0
1.766		0.994202		0
1.767		0.993583		0
1.768		0.992965		0
1.769		0.992347		0
1.77		0.99173		0
1.771		0.991114		0
1.772		0.990499		0
1.773		0.989884		0
1.774		0.98927		0
1.775		0.988656		0
1.776		0.988044		0
1.777		0.987432		0
1.778		0.986821		0
1.779		0.98621		0
1.78		0.9856		0
1.781		0.984991		0
1.782		0.984383		0
1.783		0.983775		0
1.784		0.983168		0
1.785		0.982562		0
1.786		0.981956		0
1.787		0.981352		0
1.788		0.980747		0
1.789		0.980144		0
1.79		0.979541		0
1.791		0.978939		0
1.792		0.978338		0
1.793		0.977737		0
1.794		0.977137		0
1.795		0.976538		0
1.796		0.975939		0
1.797		0.975341		0
1.798		0.974744		0
1.799		0.974148		0
1.8		0.973552		0
1.801		0.972957		0
1.802		0.972362		0
1.803		0.971769		0
1.804		0.971175		0
1.805		0.970583		0
1.806		0.969991		0
1.807		0.9694		0
1.808		0.96881		0
1.809		0.96822		0
1.81		0.967631		0
1.811		0.967043		0
1.812		0.966455		0
1.813		0.965868		0
1.814		0.965282		0
1.815		0.964696		0
1.816		0.964111		0
1.817		0.963527		0
1.818		0.962943		0
1.819		0.96236		0
1.82		0.961778		0
1.821		0.961196		0
1.822		0.960615		0
1.823		0.960035		0
1.824		0.959455		0
1.825		0.958876		0
1.826		0.958298		0
1.827		0.95772		0
1.828		0.957143		0
1.829		0.956567		0
1.83		0.955991		0
1.831		0.955416		0
1.832		0.954841		0
1.833		0.954268		0
1.834		0.953695		0
1.835		0.953122		0
1.836		0.95255		0
1.837		0.951979		0
1.838		0.951408		0
1.839		0.950839		0
1.84		0.950269		0
1.841		0.949701		0
1.842		0.949133		0
1.843		0.948565		0
1.844		0.947999		0
1.845		0.947433		0
1.846		0.946867		0
1.847		0.946302		0
1.848		0.945738		0
1.849		0.945175		0
1.85		0.944612		0
1.851		0.94405		0
1.852		0.943488		0
1.853		0.942927		0
1.854		0.942367		0
1.855		0.941807		0
1.856		0.941248		0
1.857		0.940689		0
1.858		0.940131		0
1.859		0.939574		0
1.86		0.939017		0
1.861		0.938461		0
1.862		0.937906		0
1.863		0.937351		0
1.864		0.936797		0
1.865		0.936244		0
1.866		0.935691		0
1.867		0.935138		0
1.868		0.934587		0
1.869		0.934036		0
1.87		0.933485		0
1.871		0.932935		0
1.872		0.932386		0
1.873		0.931838		0
1.874		0.93129		0
1.875		0.930742		0
1.876		0.930195		0
1.877		0.929649		0
1.878		0.929104		0
1.879		0.928559		0
1.88		0.928014		0
1.881		0.92747		0
1.882		0.926927		0
1.883		0.926385		0
1.884		0.925843		0
1.885		0.925301		0
1.886		0.92476		0
1.887		0.92422		0
1.888		0.923681		0
1.889		0.923142		0
1.89		0.922603		0
1.891		0.922065		0
1.892		0.921528		0
1.893		0.920992		0
1.894		0.920456		0
1.895		0.91992		0
1.896		0.919385		0
1.897		0.918851		0
1.898		0.918317		0
1.899		0.917784		0
1.9		0.917252		0
1.901		0.91672		0
1.902		0.916188		0
1.903		0.915657		0
1.904		0.915127		0
1.905		0.914598		0
1.906		0.914069		0
1.907		0.91354		0
1.908		0.913012		0
1.909		0.912485		0
1.91		0.911958		0
1.911		0.911432		0
1.912		0.910906		0
1.913		0.910381		0
1.914		0.909857		0
1.915		0.909333		0
1.916		0.90881		0
1.917		0.908287		0
1.918		0.907765		0
1.919		0.907243		0
1.92		0.906722		0
1.921		0.906202		0
1.922		0.905682		0
1.923		0.905162		0
1.924		0.904643		0
1.925		0.904125		0
1.926		0.903608		0
1.927		0.90309		0
1.928		0.902574		0
1.929		0.902058		0
1.93		0.901542		0
1.931		0.901028		0
1.932		0.900513		0
1.933		0.899999		0
1.934		0.899486		0
1.935		0.898973		0
1.936		0.898461		0
1.937		0.89795		0
1.938		0.897439		0
1.939		0.896928		0
1.94		0.896418		0
1.941		0.895909		0
1.942		0.8954		0
1.943		0.894892		0
1.944		0.894384		0
1.945		0.893877		0
1.946		0.89337		0
1.947		0.892864		0
1.948		0.892359		0
1.949		0.891854		0
1.95		0.891349		0
1.951		0.890845		0
1.952		0.890342		0
1.953		0.889839		0
1.954		0.889336		0
1.955		0.888835		0
1.956		0.888333		0
1.957		0.887833		0
1.958		0.887332		0
1.959		0.886833		0
1.96		0.886334		0
1.961		0.885835		0
1.962		0.885337		0
1.963		0.884839		0
1.964		0.884342		0
1.965		0.883846		0
1.966		0.88335		0
1.967		0.882854		0
1.968		0.882359		0
1.969		0.881865		0
1.97		0.881371		0
1.971		0.880878		0
1.972		0.880385		0
1.973		0.879893		0
1.974		0.879401		0
1.975		0.87891		0
1.976		0.878419		0
1.977		0.877929		0
1.978		0.877439		0
1.979		0.87695		0
1.98		0.876461		0
1.981		0.875973		0
1.982		0.875485		0
1.983		0.874998		0
1.984		0.874511		0
1.985		0.874025		0
1.986		0.87354		0
1.987		0.873055		0
1.988		0.87257		0
1.989		0.872086		0
1.99		0.871602		0
1.991		0.871119		0
1.992		0.870637		0
1.993		0.870155		0
1.994		0.869673		0
1.995		0.869192		0
1.996		0.868711		0
1.997		0.868231		0
1.998		0.867752		0
1.999		0.867273		0
2		0.866794		0
2.001		0.866316		0
2.002		0.865839		0
2.003		0.865362		0
2.004		0.864885		0
2.005		0.864409		0
2.006		0.863933		0
2.007		0.863458		0
2.008		0.862984		0
2.009		0.86251		0
2.01		0.862036		0
2.011		0.861563		0
2.012		0.86109		0
2.013		0.860618		0
2.014		0.860147		0
2.015		0.859675		0
2.016		0.859205		0
2.017		0.858735		0
2.018		0.858265		0
2.019		0.857796		0
2.02		0.857327		0
2.021		0.856859		0
2.022		0.856391		0
2.023		0.855924		0
2.024		0.855457		0
2.025		0.854991		0
2.026		0.854525		0
2.027		0.85406		0
2.028		0.853595		0
2.029		0.85313		0
2.03		0.852666		0
2.031		0.852203		0
2.032		0.85174		0
2.033		0.851278		0
2.034		0.850816		0
2.035		0.850354		0
2.036		0.849893		0
2.037		0.849432		0
2.038		0.848972		0
2.039		0.848513		0
2.04		0.848054		0
2.041		0.847595		0
2.042		0.847137		0
2.043		0.846679		0
2.044		0.846222		0
2.045		0.845765		0
2.046		0.845308		0
2.047		0.844853		0
2.048		0.844397		0
2.049		0.843942		0
2.05		0.843488		0
2.051		0.843034		0
2.052		0.84258		0
2.053		0.842127		0
2.054		0.841674		0
2.055		0.841222		0
2.056		0.84077		0
2.057		0.840319		0
2.058		0.839868		0
2.059		0.839418		0
2.06		0.838968		0
2.061		0.838519		0
2.062		0.83807		0
2.063		0.837621		0
2.064		0.837173		0
2.065		0.836725		0
2.066		0.836278		0
2.067		0.835832		0
2.068		0.835385		0
2.069		0.834939		0
2.07		0.834494		0
2.071		0.834049		0
2.072		0.833605		0
2.073		0.833161		0
2.074		0.832717		0
2.075		0.832274		0
2.076		0.831831		0
2.077		0.831389		0
2.078		0.830947		0
2.079		0.830506		0
2.08		0.830065		0
2.081		0.829625		0
2.082		0.829185		0
2.083		0.828745		0
2.084		0.828306		0
2.085		0.827867		0
2.086		0.827429		0
2.087		0.826991		0
2.088		0.826554		0
2.089		0.826117		0
2.09		0.82568		0
2.091		0.825244		0
2.092		0.824809		0
2.093		0.824374		0
2.094		0.823939		0
2.095		0.823504		0
2.096		0.823071		0
2.097		0.822637		0
2.098		0.822204		0
2.099		0.821772		0
2.1		0.821339		0
2.101		0.820908		0
2.102		0.820476		0
2.103		0.820046		0
2.104		0.819615		0
2.105		0.819185		0
2.106		0.818755		0
2.107		0.818326		0
2.108		0.817898		0
2.109		0.817469		0
2.11		0.817041		0
2.111		0.816614		0
2.112		0.816187		0
2.113		0.81576		0
2.114		0.815334		0
2.115		0.814908		0
2.116		0.814483		0
2.117		0.814058		0
2.118		0.813634		0
2.119		0.81321		0
2.12		0.812786		0
2.121		0.812363		0
2.122		0.81194		0
2.123		0.811517		0
2.124		0.811095		0
2.125		0.810674		0
2.126		0.810253		0
2.127		0.809832		0
2.128		0.809412		0
2.129		0.808992		0
2.13		0.808572		0
2.131		0.808153		0
2.132		0.807734		0
2.133		0.807316		0
2.134		0.806898		0
2.135		0.806481		0
2.136		0.806064		0
2.137		0.805647		0
2.138		0.805231		0
2.139		0.804815		0
2.14		0.8044		0
2.141		0.803985		0
2.142		0.80357		0
2.143		0.803156		0
2.144		0.802742		0
2.145		0.802329		0
2.146		0.801916		0
2.147		0.801503		0
2.148		0.801091		0
2.149		0.800679		0
2.15		0.800268		0
2.151		0.799857		0
2.152		0.799446		0
2.153		0.799036		0
2.154		0.798626		0
2.155		0.798217		0
2.156		0.797808		0
2.157		0.797399		0
2.158		0.796991		0
2.159		0.796583		0
2.16		0.796176		0
2.161		0.795769		0
2.162		0.795362		0
2.163		0.794956		0
2.164		0.79455		0
2.165		0.794145		0
2.166		0.79374		0
2.167		0.793335		0
2.168		0.792931		0
2.169		0.792527		0
2.17		0.792124		0
2.171		0.791721		0
2.172		0.791318		0
2.173		0.790916		0
2.174		0.790514		0
2.175		0.790112		0
2.176		0.789711		0
2.177		0.78931		0
2.178		0.78891		0
2.179		0.78851		0
2.18		0.788111		0
2.181		0.787711		0
2.182		0.787312		0
2.183		0.786914		0
2.184		0.786516		0
2.185		0.786118		0
2.186		0.785721		0
2.187		0.785324		0
2.188		0.784928		0
2.189		0.784531		0
2.19		0.784136		0
2.191		0.78374		0
2.192		0.783345		0
2.193		0.782951		0
2.194		0.782556		0
2.195		0.782162		0
2.196		0.781769		0
2.197		0.781376		0
2.198		0.780983		0
2.199		0.780591		0
2.2		0.780199		0
2.201		0.779807		0
2.202		0.779416		0
2.203		0.779025		0
2.204		0.778634		0
2.205		0.778244		0
2.206		0.777854		0
2.207		0.777465		0
2.208		0.777076		0
2.209		0.776687		0
2.21		0.776299		0
2.211		0.775911		0
2.212		0.775524		0
2.213		0.775136		0
2.214		0.77475		0
2.215		0.774363		0
2.216		0.773977		0
2.217		0.773591		0
2.218		0.773206		0
2.219		0.772821		0
2.22		0.772436		0
2.221		0.772052		0
2.222		0.771668		0
2.223		0.771285		0
2.224		0.770901		0
2.225		0.770519		0
2.226		0.770136		0
2.227		0.769754		0
2.228		0.769372		0
2.229		0.768991		0
2.23		0.76861		0
2.231		0.768229		0
2.232		0.767849		0
2.233		0.767469		0
2.234		0.767089		0
2.235		0.76671		0
2.236		0.766331		0
2.237		0.765953		0
2.238		0.765575		0
2.239		0.765197		0
2.24		0.764819		0
2.241		0.764442		0
2.242		0.764065		0
2.243		0.763689		0
2.244		0.763313		0
2.245		0.762937		0
2.246		0.762562		0
2.247		0.762187		0
2.248		0.761812		0
2.249		0.761438		0
2.25		0.761064		0
2.251		0.760691		0
2.252		0.760317		0
2.253		0.759944		0
2.254		0.759572		0
2.255		0.7592		0
2.256		0.758828		0
2.257		0.758456		0
2.258		0.758085		0
2.259		0.757714		0
2.26		0.757344		0
2.261		0.756974		0
2.262		0.756604		0
2.263		0.756234		0
2.264		0.755865		0
2.265		0.755497		0
2.266		0.755128		0
2.267		0.75476		0
2.268		0.754392		0
2.269		0.754025		0
2.27		0.753658		0
2.271		0.753291		0
2.272		0.752925		0
2.273		0.752559		0
2.274		0.752193		0
2.275		0.751828		0
2.276		0.751463		0
2.277		0.751098		0
2.278		0.750734		0
2.279		0.75037		0
2.28		0.750006		0
2.281		0.749643		0
2.282		0.74928		0
2.283		0.748917		0
2.284		0.748555		0
2.285		0.748193		0
2.286		0.747831		0
2.287		0.74747		0
2.288		0.747109		0
2.289		0.746748		0
2.29		0.746388		0
2.291		0.746028		0
2.292		0.745668		0
2.293		0.745309		0
2.294		0.74495		0
2.295		0.744591		0
2.296		0.744233		0
2.297		0.743875		0
2.298		0.743517		0
2.299		0.743159		0
2.3		0.742802		0
2.301		0.742446		0
2.302		0.742089		0
2.303		0.741733		0
2.304		0.741377		0
2.305		0.741022		0
2.306		0.740667		0
2.307		0.740312		0
2.308		0.739958		0
2.309		0.739604		0
2.31		0.73925		0
2.311		0.738896		0
2.312		0.738543		0
2.313		0.73819		0
2.314		0.737838		0
2.315		0.737486		0
2.316		0.737134		0
2.317		0.736782		0
2.318		0.736431		0
2.319		0.73608		0
2.32		0.735729		0
2.321		0.735379		0
2.322		0.735029		0
2.323		0.734679		0
2.324		0.73433		0
2.325		0.733981		0
2.326		0.733632		0
2.327		0.733284		0
2.328		0.732936		0
2.329		0.732588		0
2.33		0.732241		0
2.331		0.731894		0
2.332		0.731547		0
2.333		0.7312		0
2.334		0.730854		0
2.335		0.730508		0
2.336		0.730163		0
2.337		0.729817		0
2.338		0.729472		0
2.339		0.729128		0
2.34		0.728783		0
2.341		0.728439		0
2.342		0.728096		0
2.343		0.727752		0
2.344		0.727409		0
2.345		0.727066		0
2.346		0.726724		0
2.347		0.726382		0
2.348		0.72604		0
2.349		0.725698		0
2.35		0.725357		0
2.351		0.725016		0
2.352		0.724675		0
2.353		0.724335		0
2.354		0.723995		0
2.355		0.723655		0
2.356		0.723316		0
2.357		0.722977		0
2.358		0.722638		0
2.359		0.722299		0
2.36		0.721961		0
2.361		0.721623		0
2.362		0.721286		0
2.363		0.720948		0
2.364		0.720611		0
2.365		0.720275		0
2.366		0.719938		0
2.367		0.719602		0
2.368		0.719266		0
2.369		0.718931		0
2.37		0.718596		0
2.371		0.718261		0
2.372		0.717926		0
2.373		0.717592		0
2.374		0.717258		0
2.375		0.716924		0
2.376		0.716591		0
2.377		0.716257		0
2.378		0.715925		0
2.379		0.715592		0
2.38		0.71526		0
2.381		0.714928		0
2.382		0.714596		0
2.383		0.714265		0
2.384		0.713934		0
2.385		0.713603		0
2.386		0.713272		0
2.387		0.712942		0
2.388		0.712612		0
2.389		0.712283		0
2.39		0.711953		0
2.391		0.711624		0
2.392		0.711296		0
2.393		0.710967		0
2.394		0.710639		0
2.395		0.710311		0
2.396		0.709983		0
2.397		0.709656		0
2.398		0.709329		0
2.399		0.709002		0
2.4		0.708676		0
2.401		0.70835		0
2.402		0.708024		0
2.403		0.707698		0
2.404		0.707373		0
2.405		0.707048		0
2.406		0.706723		0
2.407		0.706399		0
2.408		0.706075		0
2.409		0.705751		0
2.41		0.705427		0
2.411		0.705104		0
2.412		0.704781		0
2.413		0.704458		0
2.414		0.704136		0
2.415		0.703813		0
2.416		0.703491		0
2.417		0.70317		0
2.418		0.702848		0
2.419		0.702527		0
2.42		0.702207		0
2.421		0.701886		0
2.422		0.701566		0
2.423		0.701246		0
2.424		0.700926		0
2.425		0.700607		0
2.426		0.700288		0
2.427		0.699969		0
2.428		0.69965		0
2.429		0.699332		0
2.43		0.699014		0
2.431		0.698696		0
2.432		0.698379		0
2.433		0.698062		0
2.434		0.697745		0
2.435		0.697428		0
2.436		0.697112		0
2.437		0.696796		0
2.438		0.69648		0
2.439		0.696164		0
2.44		0.695849		0
2.441		0.695534		0
2.442		0.695219		0
2.443		0.694905		0
2.444		0.694591		0
2.445		0.694277		0
2.446		0.693963		0
2.447		0.69365		0
2.448		0.693337		0
2.449		0.693024		0
2.45		0.692711		0
2.451		0.692399		0
2.452		0.692087		0
2.453		0.691775		0
2.454		0.691464		0
2.455		0.691153		0
2.456		0.690842		0
2.457		0.690531		0
2.458		0.690221		0
2.459		0.689911		0
2.46		0.689601		0
2.461		0.689291		0
2.462		0.688982		0
2.463		0.688673		0
2.464		0.688364		0
2.465		0.688055		0
2.466		0.687747		0
2.467		0.687439		0
2.468		0.687131		0
2.469		0.686824		0
2.47		0.686516		0
2.471		0.686209		0
2.472		0.685903		0
2.473		0.685596		0
2.474		0.68529		0
2.475		0.684984		0
2.476		0.684678		0
2.477		0.684373		0
2.478		0.684068		0
2.479		0.683763		0
2.48		0.683458		0
2.481		0.683154		0
2.482		0.68285		0
2.483		0.682546		0
2.484		0.682242		0
2.485		0.681939		0
2.486		0.681636		0
2.487		0.681333		0
2.488		0.681031		0
2.489		0.680728		0
2.49		0.680426		0
2.491		0.680125		0
2.492		0.679823		0
2.493		0.679522		0
2.494		0.679221		0
2.495		0.67892		0
2.496		0.678619		0
2.497		0.678319		0
2.498		0.678019		0
2.499		0.677719		0
2.5		0.67742		0
2.501		0.677121		0
2.502		0.676822		0
2.503		0.676523		0
2.504		0.676224		0
2.505		0.675926		0
2.506		0.675628		0
2.507		0.67533		0
2.508		0.675033		0
2.509		0.674736		0
2.51		0.674439		0
2.511		0.674142		0
2.512		0.673845		0
2.513		0.673549		0
2.514		0.673253		0
2.515		0.672957		0
2.516		0.672662		0
2.517		0.672367		0
2.518		0.672072		0
2.519		0.671777		0
2.52		0.671482		0
2.521		0.671188		0
2.522		0.670894		0
2.523		0.6706		0
2.524		0.670307		0
2.525		0.670014		0
2.526		0.669721		0
2.527		0.669428		0
2.528		0.669135		0
2.529		0.668843		0
2.53		0.668551		0
2.531		0.668259		0
2.532		0.667968		0
2.533		0.667676		0
2.534		0.667385		0
2.535		0.667094		0
2.536		0.666804		0
2.537		0.666513		0
2.538		0.666223		0
2.539		0.665933		0
2.54		0.665644		0
2.541		0.665354		0
2.542		0.665065		0
2.543		0.664776		0
2.544		0.664488		0
2.545		0.664199		0
2.546		0.663911		0
2.547		0.663623		0
2.548		0.663335		0
2.549		0.663048		0
2.55		0.662761		0
2.551		0.662474		0
2.552		0.662187		0
2.553		0.6619		0
2.554		0.661614		0
2.555		0.661328		0
2.556		0.661042		0
2.557		0.660757		0
2.558		0.660471		0
2.559		0.660186		0
2.56		0.659901		0
2.561		0.659617		0
2.562		0.659332		0
2.563		0.659048		0
2.564		0.658764		0
2.565		0.658481		0
2.566		0.658197		0
2.567		0.657914		0
2.568		0.657631		0
2.569		0.657348		0
2.57		0.657066		0
2.571		0.656783		0
2.572		0.656501		0
2.573		0.656219		0
2.574		0.655938		0
2.575		0.655656		0
2.576		0.655375		0
2.577		0.655094		0
2.578		0.654814		0
2.579		0.654533		0
2.58		0.654253		0
2.581		0.653973		0
2.582		0.653693		0
2.583		0.653414		0
2.584		0.653135		0
2.585		0.652855		0
2.586		0.652577		0
2.587		0.652298		0
2.588		0.65202		0
2.589		0.651741		0
2.59		0.651464		0
2.591		0.651186		0
2.592		0.650908		0
2.593		0.650631		0
2.594		0.650354		0
2.595		0.650077		0
2.596		0.649801		0
2.597		0.649524		0
2.598		0.649248		0
2.599		0.648972		0
2.6		0.648697		0
2.601		0.648421		0
2.602		0.648146		0
2.603		0.647871		0
2.604		0.647596		0
2.605		0.647322		0
2.606		0.647047		0
2.607		0.646773		0
2.608		0.646499		0
2.609		0.646226		0
2.61		0.645952		0
2.611		0.645679		0
2.612		0.645406		0
2.613		0.645133		0
2.614		0.644861		0
2.615		0.644588		0
2.616		0.644316		0
2.617		0.644044		0
2.618		0.643773		0
2.619		0.643501		0
2.62		0.64323		0
2.621		0.642959		0
2.622		0.642688		0
2.623		0.642417		0
2.624		0.642147		0
2.625		0.641877		0
2.626		0.641607		0
2.627		0.641337		0
2.628		0.641068		0
2.629		0.640798		0
2.63		0.640529		0
2.631		0.640261		0
2.632		0.639992		0
2.633		0.639723		0
2.634		0.639455		0
2.635		0.639187		0
2.636		0.63892		0
2.637		0.638652		0
2.638		0.638385		0
2.639		0.638118		0
2.64		0.637851		0
2.641		0.637584		0
2.642		0.637317		0
2.643		0.637051		0
2.644		0.636785		0
2.645		0.636519		0
2.646		0.636254		0
2.647		0.635988		0
2.648		0.635723		0
2.649		0.635458		0
2.65		0.635193		0
2.651		0.634929		0
2.652		0.634664		0
2.653		0.6344		0
2.654		0.634136		0
2.655		0.633872		0
2.656		0.633609		0
2.657		0.633346		0
2.658		0.633083		0
2.659		0.63282		0
2.66		0.632557		0
2.661		0.632294		0
2.662		0.632032		0
2.663		0.63177		0
2.664		0.631508		0
2.665		0.631247		0
2.666		0.630985		0
2.667		0.630724		0
2.668		0.630463		0
2.669		0.630202		0
2.67		0.629942		0
2.671		0.629681		0
2.672		0.629421		0
2.673		0.629161		0
2.674		0.628901		0
2.675		0.628642		0
2.676		0.628382		0
2.677		0.628123		0
2.678		0.627864		0
2.679		0.627605		0
2.68		0.627347		0
2.681		0.627089		0
2.682		0.62683		0
2.683		0.626572		0
2.684		0.626315		0
2.685		0.626057		0
2.686		0.6258		0
2.687		0.625543		0
2.688		0.625286		0
2.689		0.625029		0
2.69		0.624773		0
2.691		0.624516		0
2.692		0.62426		0
2.693		0.624004		0
2.694		0.623749		0
2.695		0.623493		0
2.696		0.623238		0
2.697		0.622983		0
2.698		0.622728		0
2.699		0.622473		0
2.7		0.622219		0
2.701		0.621964		0
2.702		0.62171		0
2.703		0.621456		0
2.704		0.621202		0
2.705		0.620949		0
2.706		0.620696		0
2.707		0.620443		0
2.708		0.62019		0
2.709		0.619937		0
2.71		0.619684		0
2.711		0.619432		0
2.712		0.61918		0
2.713		0.618928		0
2.714		0.618676		0
2.715		0.618425		0
2.716		0.618173		0
2.717		0.617922		0
2.718		0.617671		0
2.719		0.617421		0
2.72		0.61717		0
2.721		0.61692		0
2.722		0.616669		0
2.723		0.616419		0
2.724		0.61617		0
2.725		0.61592		0
2.726		0.615671		0
2.727		0.615422		0
2.728		0.615173		0
2.729		0.614924		0
2.73		0.614675		0
2.731		0.614427		0
2.732		0.614178		0
2.733		0.61393		0
2.734		0.613683		0
2.735		0.613435		0
2.736		0.613187		0
2.737		0.61294		0
2.738		0.612693		0
2.739		0.612446		0
2.74		0.612199		0
2.741		0.611953		0
2.742		0.611707		0
2.743		0.611461		0
2.744		0.611215		0
2.745		0.610969		0
2.746		0.610723		0
2.747		0.610478		0
2.748		0.610233		0
2.749		0.609988		0
2.75		0.609743		0
2.751		0.609498		0
2.752		0.609254		0
2.753		0.60901		0
2.754		0.608766		0
2.755		0.608522		0
2.756		0.608278		0
2.757		0.608035		0
2.758		0.607791		0
2.759		0.607548		0
2.76		0.607305		0
2.761		0.607063		0
2.762		0.60682		0
2.763		0.606578		0
2.764		0.606335		0
2.765		0.606093		0
2.766		0.605852		0
2.767		0.60561		0
2.768		0.605369		0
2.769		0.605127		0
2.77		0.604886		0
2.771		0.604645		0
2.772		0.604405		0
2.773		0.604164		0
2.774		0.603924		0
2.775		0.603684		0
2.776		0.603444		0
2.777		0.603204		0
2.778		0.602964		0
2.779		0.602725		0
2.78		0.602486		0
2.781		0.602247		0
2.782		0.602008		0
2.783		0.601769		0
2.784		0.601531		0
2.785		0.601292		0
2.786		0.601054		0
2.787		0.600816		0
2.788		0.600578		0
2.789		0.600341		0
2.79		0.600103		0
2.791		0.599866		0
2.792		0.599629		0
2.793		0.599392		0
2.794		0.599156		0
2.795		0.598919		0
2.796		0.598683		0
2.797		0.598447		0
2.798		0.598211		0
2.799		0.597975		0
2.8		0.597739		0
2.801		0.597504		0
2.802		0.597268		0
2.803		0.597033		0
2.804		0.596798		0
2.805		0.596564		0
2.806		0.596329		0
2.807		0.596095		0
2.808		0.595861		0
2.809		0.595627		0
2.81		0.595393		0
2.811		0.595159		0
2.812		0.594925		0
2.813		0.594692		0
2.814		0.594459		0
2.815		0.594226		0
2.816		0.593993		0
2.817		0.593761		0
2.818		0.593528		0
2.819		0.593296		0
2.82		0.593064		0
2.821		0.592832		0
2.822		0.5926		0
2.823		0.592369		0
2.824		0.592137		0
2.825		0.591906		0
2.826		0.591675		0
2.827		0.591444		0
2.828		0.591213		0
2.829		0.590983		0
2.83		0.590753		0
2.831		0.590522		0
2.832		0.590292		0
2.833		0.590062		0
2.834		0.589833		0
2.835		0.589603		0
2.836		0.589374		0
2.837		0.589145		0
2.838		0.588916		0
2.839		0.588687		0
2.84		0.588458		0
2.841		0.58823		0
2.842		0.588002		0
2.843		0.587774		0
2.844		0.587546		0
2.845		0.587318		0
2.846		0.58709		0
2.847		0.586863		0
2.848		0.586635		0
2.849		0.586408		0
2.85		0.586181		0
2.851		0.585955		0
2.852		0.585728		0
2.853		0.585502		0
2.854		0.585275		0
2.855		0.585049		0
2.856		0.584823		0
2.857		0.584598		0
2.858		0.584372		0
2.859		0.584147		0
2.86		0.583921		0
2.861		0.583696		0
2.862		0.583471		0
2.863		0.583247		0
2.864		0.583022		0
2.865		0.582798		0
2.866		0.582573		0
2.867		0.582349		0
2.868		0.582125		0
2.869		0.581901		0
2.87		0.581678		0
2.871		0.581454		0
2.872		0.581231		0
2.873		0.581008		0
2.874		0.580785		0
2.875		0.580562		0
2.876		0.58034		0
2.877		0.580117		0
2.878		0.579895		0
2.879		0.579673		0
2.88		0.579451		0
2.881		0.579229		0
2.882		0.579008		0
2.883		0.578786		0
2.884		0.578565		0
2.885		0.578344		0
2.886		0.578123		0
2.887		0.577902		0
2.888		0.577681		0
2.889		0.577461		0
2.89		0.57724		0
2.891		0.57702		0
2.892		0.5768		0
2.893		0.57658		0
2.894		0.576361		0
2.895		0.576141		0
2.896		0.575922		0
2.897		0.575703		0
2.898		0.575484		0
2.899		0.575265		0
2.9		0.575046		0
2.901		0.574828		0
2.902		0.574609		0
2.903		0.574391		0
2.904		0.574173		0
2.905		0.573955		0
2.906		0.573737		0
2.907		0.57352		0
2.908		0.573302		0
2.909		0.573085		0
2.91		0.572868		0
2.911		0.572651		0
2.912		0.572434		0
2.913		0.572217		0
2.914		0.572001		0
2.915		0.571785		0
2.916		0.571568		0
2.917		0.571352		0
2.918		0.571137		0
2.919		0.570921		0
2.92		0.570705		0
2.921		0.57049		0
2.922		0.570275		0
2.923		0.57006		0
2.924		0.569845		0
2.925		0.56963		0
2.926		0.569415		0
2.927		0.569201		0
2.928		0.568987		0
2.929		0.568772		0
2.93		0.568558		0
2.931		0.568345		0
2.932		0.568131		0
2.933		0.567917		0
2.934		0.567704		0
2.935		0.567491		0
2.936		0.567278		0
2.937		0.567065		0
2.938		0.566852		0
2.939		0.56664		0
2.94		0.566427		0
2.941		0.566215		0
2.942		0.566003		0
2.943		0.565791		0
2.944		0.565579		0
2.945		0.565367		0
2.946		0.565156		0
2.947		0.564944		0
2.948		0.564733		0
2.949		0.564522		0
2.95		0.564311		0
2.951		0.5641		0
2.952		0.56389		0
2.953		0.563679		0
2.954		0.563469		0
2.955		0.563259		0
2.956		0.563049		0
2.957		0.562839		0
2.958		0.562629		0
2.959		0.56242		0
2.96		0.56221		0
2.961		0.562001		0
2.962		0.561792		0
2.963		0.561583		0
2.964		0.561374		0
2.965		0.561166		0
2.966		0.560957		0
2.967		0.560749		0
2.968		0.560541		0
2.969		0.560332		0
2.97		0.560125		0
2.971		0.559917		0
2.972		0.559709		0
2.973		0.559502		0
2.974		0.559294		0
2.975		0.559087		0
2.976		0.55888		0
2.977		0.558673		0
2.978		0.558467		0
2.979		0.55826		0
2.98		0.558054		0
2.981		0.557847		0
2.982		0.557641		0
2.983		0.557435		0
2.984		0.557229		0
2.985		0.557024		0
2.986		0.556818		0
2.987		0.556613		0
2.988		0.556408		0
2.989		0.556202		0
2.99		0.555997		0
2.991		0.555793		0
2.992		0.555588		0
2.993		0.555383		0
2.994		0.555179		0
2.995		0.554975		0
2.996		0.554771		0
2.997		0.554567		0
2.998		0.554363		0
2.999		0.554159		0
3		0.553956		0
