0.001		166.667		0
0.002		83.3333		0
0.003		55.5556		0
0.004		41.6667		0
0.005		33.3333		0
0.006		27.7778		0
0.007		23.8095		0
0.008		20.8333		0
0.009		18.5185		0
0.01		16.6667		0
0.011		15.1515		0
0.012		13.8889		0
0.013		12.8205		0
0.014		11.9048		0
0.015		11.1113		0
0.016		10.417		0
0.017		9.80465		0
0.018		9.26061		0
0.019		8.77426		0
0.02		8.33713		0
0.021		7.94241		0
0.022		7.58454		0
0.023		7.25898		0
0.024		6.96196		0
0.025		6.69034		0
0.026		6.44146		0
0.027		6.21309		0
0.028		6.00328		0
0.029		5.81038		0
0.03		5.63294		0
0.031		5.46967		0
0.032		5.31944		0
0.033		5.18125		0
0.034		5.05418		0
0.035		4.93741		0
0.036		4.83018		0
0.037		4.7318		0
0.038		4.64164		0
0.039		4.5591		0
0.04		4.48364		0
0.041		4.41474		0
0.042		4.35193		0
0.043		4.29475		0
0.044		4.24279		0
0.045		4.19565		0
0.046		4.15296		0
0.047		4.11438		0
0.048		4.07956		0
0.049		4.04822		0
0.05		4.02006		0
0.051		3.9948		0
0.052		3.97221		0
0.053		3.95203		0
0.054		3.93405		0
0.055		3.91807		0
0.056		3.90388		0
0.057		3.89131		0
0.058		3.8802		0
0.059		3.87038		0
0.06		3.86172		0
0.061		3.85409		0
0.062		3.84735		0
0.063		3.84141		0
0.064		3.83615		0
0.065		3.83148		0
0.066		3.82731		0
0.067		3.82358		0
0.068		3.82019		0
0.069		3.81709		0
0.07		3.81422		0
0.071		3.81153		0
0.072		3.80896		0
0.073		3.80648		0
0.074		3.80404		0
0.075		3.80161		0
0.076		3.79916		0
0.077		3.79666		0
0.078		3.7941		0
0.079		3.79144		0
0.08		3.78867		0
0.081		3.78578		0
0.082		3.78275		0
0.083		3.77958		0
0.084		3.77625		0
0.085		3.77276		0
0.086		3.76909		0
0.087		3.76526		0
0.088		3.76125		0
0.089		3.75707		0
0.09		3.75271		0
0.091		3.74817		0
0.092		3.74346		0
0.093		3.73858		0
0.094		3.73353		0
0.095		3.72831		0
0.096		3.72293		0
0.097		3.71739		0
0.098		3.7117		0
0.099		3.70585		0
0.1		3.69987		0
0.101		3.69375		0
0.102		3.68749		0
0.103		3.68111		0
0.104		3.6746		0
0.105		3.66798		0
0.106		3.66125		0
0.107		3.65441		0
0.108		3.64748		0
0.109		3.64046		0
0.11		3.63334		0
0.111		3.62615		0
0.112		3.61888		0
0.113		3.61154		0
0.114		3.60414		0
0.115		3.59668		0
0.116		3.58916		0
0.117		3.58159		0
0.118		3.57398		0
0.119		3.56633		0
0.12		3.55865		0
0.121		3.55093		0
0.122		3.54319		0
0.123		3.53543		0
0.124		3.52765		0
0.125		3.51985		0
0.126		3.51205		0
0.127		3.50424		0
0.128		3.49642		0
0.129		3.48861		0
0.13		3.4808		0
0.131		3.473		0
0.132		3.46521		0
0.133		3.45743		0
0.134		3.44967		0
0.135		3.44193		0
0.136		3.4342		0
0.137		3.4265		0
0.138		3.41883		0
0.139		3.41118		0
0.14		3.40356		0
0.141		3.39598		0
0.142		3.38842		0
0.143		3.38091		0
0.144		3.37343		0
0.145		3.36598		0
0.146		3.35858		0
0.147		3.35122		0
0.148		3.3439		0
0.149		3.33663		0
0.15		3.3294		0
0.151		3.32221		0
0.152		3.31507		0
0.153		3.30798		0
0.154		3.30094		0
0.155		3.29395		0
0.156		3.287		0
0.157		3.28011		0
0.158		3.27327		0
0.159		3.26648		0
0.16		3.25974		0
0.161		3.25305		0
0.162		3.24642		0
0.163		3.23984		0
0.164		3.23331		0
0.165		3.22684		0
0.166		3.22042		0
0.167		3.21405		0
0.168		3.20773		0
0.169		3.20147		0
0.17		3.19527		0
0.171		3.18911		0
0.172		3.18302		0
0.173		3.17697		0
0.174		3.17098		0
0.175		3.16504		0
0.176		3.15915		0
0.177		3.15332		0
0.178		3.14754		0
0.179		3.14181		0
0.18		3.13613		0
0.181		3.1305		0
0.182		3.12493		0
0.183		3.11941		0
0.184		3.11393		0
0.185		3.10851		0
0.186		3.10314		0
0.187		3.09781		0
0.188		3.09254		0
0.189		3.08731		0
0.19		3.08213		0
0.191		3.077		0
0.192		3.07192		0
0.193		3.06688		0
0.194		3.06189		0
0.195		3.05694		0
0.196		3.05204		0
0.197		3.04718		0
0.198		3.04237		0
0.199		3.0376		0
0.2		3.03287		0
0.201		3.02819		0
0.202		3.02355		0
0.203		3.01894		0
0.204		3.01438		0
0.205		3.00986		0
0.206		3.00538		0
0.207		3.00094		0
0.208		2.99653		0
0.209		2.99217		0
0.21		2.98784		0
0.211		2.98355		0
0.212		2.97929		0
0.213		2.97507		0
0.214		2.97088		0
0.215		2.96673		0
0.216		2.96261		0
0.217		2.95853		0
0.218		2.95448		0
0.219		2.95046		0
0.22		2.94647		0
0.221		2.94251		0
0.222		2.93858		0
0.223		2.93469		0
0.224		2.93082		0
0.225		2.92698		0
0.226		2.92317		0
0.227		2.91939		0
0.228		2.91564		0
0.229		2.91191		0
0.23		2.90821		0
0.231		2.90453		0
0.232		2.90088		0
0.233		2.89725		0
0.234		2.89365		0
0.235		2.89007		0
0.236		2.88652		0
0.237		2.88298		0
0.238		2.87947		0
0.239		2.87599		0
0.24		2.87252		0
0.241		2.86907		0
0.242		2.86565		0
0.243		2.86224		0
0.244		2.85886		0
0.245		2.85549		0
0.246		2.85214		0
0.247		2.84881		0
0.248		2.8455		0
0.249		2.84221		0
0.25		2.83893		0
0.251		2.83567		0
0.252		2.83242		0
0.253		2.8292		0
0.254		2.82598		0
0.255		2.82278		0
0.256		2.8196		0
0.257		2.81643		0
0.258		2.81328		0
0.259		2.81013		0
0.26		2.80701		0
0.261		2.80389		0
0.262		2.80079		0
0.263		2.7977		0
0.264		2.79462		0
0.265		2.79155		0
0.266		2.7885		0
0.267		2.78545		0
0.268		2.78242		0
0.269		2.7794		0
0.27		2.77638		0
0.271		2.77338		0
0.272		2.77038		0
0.273		2.7674		0
0.274		2.76443		0
0.275		2.76146		0
0.276		2.7585		0
0.277		2.75555		0
0.278		2.75261		0
0.279		2.74967		0
0.28		2.74675		0
0.281		2.74383		0
0.282		2.74092		0
0.283		2.73801		0
0.284		2.73511		0
0.285		2.73222		0
0.286		2.72933		0
0.287		2.72645		0
0.288		2.72358		0
0.289		2.72071		0
0.29		2.71785		0
0.291		2.71499		0
0.292		2.71214		0
0.293		2.70929		0
0.294		2.70645		0
0.295		2.70361		0
0.296		2.70077		0
0.297		2.69794		0
0.298		2.69512		0
0.299		2.6923		0
0.3		2.68948		0
0.301		2.68666		0
0.302		2.68385		0
0.303		2.68104		0
0.304		2.67824		0
0.305		2.67544		0
0.306		2.67264		0
0.307		2.66985		0
0.308		2.66705		0
0.309		2.66426		0
0.31		2.66148		0
0.311		2.65869		0
0.312		2.65591		0
0.313		2.65313		0
0.314		2.65035		0
0.315		2.64758		0
0.316		2.6448		0
0.317		2.64203		0
0.318		2.63926		0
0.319		2.63649		0
0.32		2.63373		0
0.321		2.63096		0
0.322		2.6282		0
0.323		2.62543		0
0.324		2.62267		0
0.325		2.61991		0
0.326		2.61716		0
0.327		2.6144		0
0.328		2.61164		0
0.329		2.60889		0
0.33		2.60613		0
0.331		2.60338		0
0.332		2.60063		0
0.333		2.59788		0
0.334		2.59513		0
0.335		2.59238		0
0.336		2.58963		0
0.337		2.58688		0
0.338		2.58413		0
0.339		2.58139		0
0.34		2.57864		0
0.341		2.57589		0
0.342		2.57315		0
0.343		2.5704		0
0.344		2.56766		0
0.345		2.56492		0
0.346		2.56217		0
0.347		2.55943		0
0.348		2.55669		0
0.349		2.55395		0
0.35		2.55121		0
0.351		2.54846		0
0.352		2.54572		0
0.353		2.54298		0
0.354		2.54024		0
0.355		2.5375		0
0.356		2.53476		0
0.357		2.53202		0
0.358		2.52929		0
0.359		2.52655		0
0.36		2.52381		0
0.361		2.52107		0
0.362		2.51833		0
0.363		2.5156		0
0.364		2.51286		0
0.365		2.51012		0
0.366		2.50739		0
0.367		2.50465		0
0.368		2.50191		0
0.369		2.49918		0
0.37		2.49644		0
0.371		2.49371		0
0.372		2.49097		0
0.373		2.48824		0
0.374		2.48551		0
0.375		2.48277		0
0.376		2.48004		0
0.377		2.47731		0
0.378		2.47458		0
0.379		2.47184		0
0.38		2.46911		0
0.381		2.46638		0
0.382		2.46365		0
0.383		2.46092		0
0.384		2.45819		0
0.385		2.45546		0
0.386		2.45274		0
0.387		2.45001		0
0.388		2.44728		0
0.389		2.44455		0
0.39		2.44183		0
0.391		2.4391		0
0.392		2.43638		0
0.393		2.43365		0
0.394		2.43093		0
0.395		2.42821		0
0.396		2.42549		0
0.397		2.42276		0
0.398		2.42004		0
0.399		2.41732		0
0.4		2.41461		0
0.401		2.41189		0
0.402		2.40917		0
0.403		2.40645		0
0.404		2.40374		0
0.405		2.40103		0
0.406		2.39831		0
0.407		2.3956		0
0.408		2.39289		0
0.409		2.39018		0
0.41		2.38747		0
0.411		2.38476		0
0.412		2.38205		0
0.413		2.37935		0
0.414		2.37664		0
0.415		2.37394		0
0.416		2.37124		0
0.417		2.36853		0
0.418		2.36583		0
0.419		2.36314		0
0.42		2.36044		0
0.421		2.35774		0
0.422		2.35505		0
0.423		2.35235		0
0.424		2.34966		0
0.425		2.34697		0
0.426		2.34428		0
0.427		2.34159		0
0.428		2.33891		0
0.429		2.33622		0
0.43		2.33354		0
0.431		2.33086		0
0.432		2.32818		0
0.433		2.3255		0
0.434		2.32282		0
0.435		2.32015		0
0.436		2.31747		0
0.437		2.3148		0
0.438		2.31213		0
0.439		2.30946		0
0.44		2.3068		0
0.441		2.30413		0
0.442		2.30147		0
0.443		2.29881		0
0.444		2.29615		0
0.445		2.29349		0
0.446		2.29084		0
0.447		2.28818		0
0.448		2.28553		0
0.449		2.28288		0
0.45		2.28023		0
0.451		2.27759		0
0.452		2.27494		0
0.453		2.2723		0
0.454		2.26966		0
0.455		2.26703		0
0.456		2.26439		0
0.457		2.26176		0
0.458		2.25913		0
0.459		2.2565		0
0.46		2.25387		0
0.461		2.25125		0
0.462		2.24863		0
0.463		2.24601		0
0.464		2.24339		0
0.465		2.24078		0
0.466		2.23816		0
0.467		2.23555		0
0.468		2.23295		0
0.469		2.23034		0
0.47		2.22774		0
0.471		2.22514		0
0.472		2.22254		0
0.473		2.21995		0
0.474		2.21735		0
0.475		2.21476		0
0.476		2.21217		0
0.477		2.20959		0
0.478		2.20701		0
0.479		2.20443		0
0.48		2.20185		0
0.481		2.19927		0
0.482		2.1967		0
0.483		2.19413		0
0.484		2.19157		0
0.485		2.189		0
0.486		2.18644		0
0.487		2.18388		0
0.488		2.18133		0
0.489		2.17877		0
0.49		2.17622		0
0.491		2.17367		0
0.492		2.17113		0
0.493		2.16859		0
0.494		2.16605		0
0.495		2.16351		0
0.496		2.16098		0
0.497		2.15845		0
0.498		2.15592		0
0.499		2.1534		0
0.5		2.15087		0
0.501		2.14835		0
0.502		2.14584		0
0.503		2.14333		0
0.504		2.14082		0
0.505		2.13831		0
0.506		2.13581		0
0.507		2.1333		0
0.508		2.13081		0
0.509		2.12831		0
0.51		2.12582		0
0.511		2.12333		0
0.512		2.12085		0
0.513		2.11836		0
0.514		2.11588		0
0.515		2.11341		0
0.516		2.11093		0
0.517		2.10846		0
0.518		2.106		0
0.519		2.10353		0
0.52		2.10107		0
0.521		2.09862		0
0.522		2.09616		0
0.523		2.09371		0
0.524		2.09126		0
0.525		2.08882		0
0.526		2.08638		0
0.527		2.08394		0
0.528		2.0815		0
0.529		2.07907		0
0.53		2.07664		0
0.531		2.07422		0
0.532		2.0718		0
0.533		2.06938		0
0.534		2.06696		0
0.535		2.06455		0
0.536		2.06214		0
0.537		2.05974		0
0.538		2.05733		0
0.539		2.05494		0
0.54		2.05254		0
0.541		2.05015		0
0.542		2.04776		0
0.543		2.04538		0
0.544		2.04299		0
0.545		2.04061		0
0.546		2.03824		0
0.547		2.03587		0
0.548		2.0335		0
0.549		2.03113		0
0.55		2.02877		0
0.551		2.02642		0
0.552		2.02406		0
0.553		2.02171		0
0.554		2.01936		0
0.555		2.01702		0
0.556		2.01468		0
0.557		2.01234		0
0.558		2.01		0
0.559		2.00767		0
0.56		2.00535		0
0.561		2.00302		0
0.562		2.0007		0
0.563		1.99839		0
0.564		1.99607		0
0.565		1.99376		0
0.566		1.99146		0
0.567		1.98915		0
0.568		1.98685		0
0.569		1.98456		0
0.57		1.98227		0
0.571		1.97998		0
0.572		1.97769		0
0.573		1.97541		0
0.574		1.97313		0
0.575		1.97086		0
0.576		1.96859		0
0.577		1.96632		0
0.578		1.96405		0
0.579		1.96179		0
0.58		1.95953		0
0.581		1.95728		0
0.582		1.95503		0
0.583		1.95278		0
0.584		1.95054		0
0.585		1.9483		0
0.586		1.94606		0
0.587		1.94383		0
0.588		1.9416		0
0.589		1.93938		0
0.59		1.93716		0
0.591		1.93494		0
0.592		1.93272		0
0.593		1.93051		0
0.594		1.9283		0
0.595		1.9261		0
0.596		1.9239		0
0.597		1.9217		0
0.598		1.91951		0
0.599		1.91732		0
0.6		1.91513		0
0.601		1.91295		0
0.602		1.91077		0
0.603		1.90859		0
0.604		1.90642		0
0.605		1.90425		0
0.606		1.90208		0
0.607		1.89992		0
0.608		1.89776		0
0.609		1.89561		0
0.61		1.89346		0
0.611		1.89131		0
0.612		1.88917		0
0.613		1.88702		0
0.614		1.88489		0
0.615		1.88275		0
0.616		1.88062		0
0.617		1.8785		0
0.618		1.87637		0
0.619		1.87426		0
0.62		1.87214		0
0.621		1.87003		0
0.622		1.86792		0
0.623		1.86581		0
0.624		1.86371		0
0.625		1.86161		0
0.626		1.85952		0
0.627		1.85743		0
0.628		1.85534		0
0.629		1.85325		0
0.63		1.85117		0
0.631		1.8491		0
0.632		1.84702		0
0.633		1.84495		0
0.634		1.84288		0
0.635		1.84082		0
0.636		1.83876		0
0.637		1.83671		0
0.638		1.83465		0
0.639		1.8326		0
0.64		1.83056		0
0.641		1.82851		0
0.642		1.82648		0
0.643		1.82444		0
0.644		1.82241		0
0.645		1.82038		0
0.646		1.81835		0
0.647		1.81633		0
0.648		1.81432		0
0.649		1.8123		0
0.65		1.81029		0
0.651		1.80828		0
0.652		1.80628		0
0.653		1.80428		0
0.654		1.80228		0
0.655		1.80029		0
0.656		1.79829		0
0.657		1.79631		0
0.658		1.79432		0
0.659		1.79234		0
0.66		1.79037		0
0.661		1.78839		0
0.662		1.78642		0
0.663		1.78446		0
0.664		1.78249		0
0.665		1.78053		0
0.666		1.77858		0
0.667		1.77662		0
0.668		1.77468		0
0.669		1.77273		0
0.67		1.77079		0
0.671		1.76885		0
0.672		1.76691		0
0.673		1.76498		0
0.674		1.76305		0
0.675		1.76112		0
0.676		1.7592		0
0.677		1.75728		0
0.678		1.75536		0
0.679		1.75345		0
0.68		1.75154		0
0.681		1.74964		0
0.682		1.74773		0
0.683		1.74584		0
0.684		1.74394		0
0.685		1.74205		0
0.686		1.74016		0
0.687		1.73827		0
0.688		1.73639		0
0.689		1.73451		0
0.69		1.73263		0
0.691		1.73076		0
0.692		1.72889		0
0.693		1.72703		0
0.694		1.72516		0
0.695		1.7233		0
0.696		1.72145		0
0.697		1.71959		0
0.698		1.71774		0
0.699		1.7159		0
0.7		1.71405		0
0.701		1.71221		0
0.702		1.71038		0
0.703		1.70854		0
0.704		1.70671		0
0.705		1.70489		0
0.706		1.70306		0
0.707		1.70124		0
0.708		1.69942		0
0.709		1.69761		0
0.71		1.6958		0
0.711		1.69399		0
0.712		1.69219		0
0.713		1.69039		0
0.714		1.68859		0
0.715		1.68679		0
0.716		1.685		0
0.717		1.68321		0
0.718		1.68143		0
0.719		1.67964		0
0.72		1.67786		0
0.721		1.67609		0
0.722		1.67431		0
0.723		1.67254		0
0.724		1.67078		0
0.725		1.66901		0
0.726		1.66725		0
0.727		1.6655		0
0.728		1.66374		0
0.729		1.66199		0
0.73		1.66024		0
0.731		1.6585		0
0.732		1.65676		0
0.733		1.65502		0
0.734		1.65328		0
0.735		1.65155		0
0.736		1.64982		0
0.737		1.64809		0
0.738		1.64637		0
0.739		1.64465		0
0.74		1.64293		0
0.741		1.64122		0
0.742		1.63951		0
0.743		1.6378		0
0.744		1.63609		0
0.745		1.63439		0
0.746		1.63269		0
0.747		1.631		0
0.748		1.6293		0
0.749		1.62761		0
0.75		1.62593		0
0.751		1.62424		0
0.752		1.62256		0
0.753		1.62088		0
0.754		1.61921		0
0.755		1.61753		0
0.756		1.61586		0
0.757		1.6142		0
0.758		1.61254		0
0.759		1.61087		0
0.76		1.60922		0
0.761		1.60756		0
0.762		1.60591		0
0.763		1.60426		0
0.764		1.60262		0
0.765		1.60097		0
0.766		1.59933		0
0.767		1.5977		0
0.768		1.59606		0
0.769		1.59443		0
0.77		1.5928		0
0.771		1.59118		0
0.772		1.58955		0
0.773		1.58793		0
0.774		1.58632		0
0.775		1.5847		0
0.776		1.58309		0
0.777		1.58148		0
0.778		1.57988		0
0.779		1.57828		0
0.78		1.57668		0
0.781		1.57508		0
0.782		1.57349		0
0.783		1.57189		0
0.784		1.57031		0
0.785		1.56872		0
0.786		1.56714		0
0.787		1.56556		0
0.788		1.56398		0
0.789		1.5624		0
0.79		1.56083		0
0.791		1.55926		0
0.792		1.5577		0
0.793		1.55613		0
0.794		1.55457		0
0.795		1.55301		0
0.796		1.55146		0
0.797		1.54991		0
0.798		1.54836		0
0.799		1.54681		0
0.8		1.54527		0
0.801		1.54372		0
0.802		1.54219		0
0.803		1.54065		0
0.804		1.53912		0
0.805		1.53758		0
0.806		1.53606		0
0.807		1.53453		0
0.808		1.53301		0
0.809		1.53149		0
0.81		1.52997		0
0.811		1.52846		0
0.812		1.52694		0
0.813		1.52543		0
0.814		1.52393		0
0.815		1.52242		0
0.816		1.52092		0
0.817		1.51942		0
0.818		1.51793		0
0.819		1.51643		0
0.82		1.51494		0
0.821		1.51345		0
0.822		1.51197		0
0.823		1.51048		0
0.824		1.509		0
0.825		1.50753		0
0.826		1.50605		0
0.827		1.50458		0
0.828		1.50311		0
0.829		1.50164		0
0.83		1.50017		0
0.831		1.49871		0
0.832		1.49725		0
0.833		1.49579		0
0.834		1.49434		0
0.835		1.49289		0
0.836		1.49144		0
0.837		1.48999		0
0.838		1.48854		0
0.839		1.4871		0
0.84		1.48566		0
0.841		1.48422		0
0.842		1.48279		0
0.843		1.48136		0
0.844		1.47993		0
0.845		1.4785		0
0.846		1.47708		0
0.847		1.47565		0
0.848		1.47423		0
0.849		1.47282		0
0.85		1.4714		0
0.851		1.46999		0
0.852		1.46858		0
0.853		1.46717		0
0.854		1.46576		0
0.855		1.46436		0
0.856		1.46296		0
0.857		1.46156		0
0.858		1.46017		0
0.859		1.45877		0
0.86		1.45738		0
0.861		1.45599		0
0.862		1.45461		0
0.863		1.45323		0
0.864		1.45184		0
0.865		1.45047		0
0.866		1.44909		0
0.867		1.44771		0
0.868		1.44634		0
0.869		1.44497		0
0.87		1.44361		0
0.871		1.44224		0
0.872		1.44088		0
0.873		1.43952		0
0.874		1.43816		0
0.875		1.43681		0
0.876		1.43545		0
0.877		1.4341		0
0.878		1.43275		0
0.879		1.43141		0
0.88		1.43006		0
0.881		1.42872		0
0.882		1.42738		0
0.883		1.42605		0
0.884		1.42471		0
0.885		1.42338		0
0.886		1.42205		0
0.887		1.42072		0
0.888		1.4194		0
0.889		1.41807		0
0.89		1.41675		0
0.891		1.41543		0
0.892		1.41412		0
0.893		1.4128		0
0.894		1.41149		0
0.895		1.41018		0
0.896		1.40887		0
0.897		1.40757		0
0.898		1.40627		0
0.899		1.40496		0
0.9		1.40367		0
0.901		1.40237		0
0.902		1.40107		0
0.903		1.39978		0
0.904		1.39849		0
0.905		1.3972		0
0.906		1.39592		0
0.907		1.39464		0
0.908		1.39335		0
0.909		1.39208		0
0.91		1.3908		0
0.911		1.38952		0
0.912		1.38825		0
0.913		1.38698		0
0.914		1.38571		0
0.915		1.38445		0
0.916		1.38318		0
0.917		1.38192		0
0.918		1.38066		0
0.919		1.3794		0
0.92		1.37815		0
0.921		1.37689		0
0.922		1.37564		0
0.923		1.37439		0
0.924		1.37315		0
0.925		1.3719		0
0.926		1.37066		0
0.927		1.36942		0
0.928		1.36818		0
0.929		1.36694		0
0.93		1.36571		0
0.931		1.36447		0
0.932		1.36324		0
0.933		1.36202		0
0.934		1.36079		0
0.935		1.35957		0
0.936		1.35834		0
0.937		1.35712		0
0.938		1.3559		0
0.939		1.35469		0
0.94		1.35347		0
0.941		1.35226		0
0.942		1.35105		0
0.943		1.34984		0
0.944		1.34864		0
0.945		1.34743		0
0.946		1.34623		0
0.947		1.34503		0
0.948		1.34383		0
0.949		1.34264		0
0.95		1.34144		0
0.951		1.34025		0
0.952		1.33906		0
0.953		1.33787		0
0.954		1.33668		0
0.955		1.3355		0
0.956		1.33432		0
0.957		1.33314		0
0.958		1.33196		0
0.959		1.33078		0
0.96		1.32961		0
0.961		1.32843		0
0.962		1.32726		0
0.963		1.3261		0
0.964		1.32493		0
0.965		1.32376		0
0.966		1.3226		0
0.967		1.32144		0
0.968		1.32028		0
0.969		1.31912		0
0.97		1.31797		0
0.971		1.31681		0
0.972		1.31566		0
0.973		1.31451		0
0.974		1.31336		0
0.975		1.31222		0
0.976		1.31107		0
0.977		1.30993		0
0.978		1.30879		0
0.979		1.30765		0
0.98		1.30651		0
0.981		1.30538		0
0.982		1.30425		0
0.983		1.30312		0
0.984		1.30199		0
0.985		1.30086		0
0.986		1.29973		0
0.987		1.29861		0
0.988		1.29749		0
0.989		1.29637		0
0.99		1.29525		0
0.991		1.29413		0
0.992		1.29302		0
0.993		1.2919		0
0.994		1.29079		0
0.995		1.28968		0
0.996		1.28858		0
0.997		1.28747		0
0.998		1.28637		0
0.999		1.28526		0
1		1.28416		0
1.001		1.28306		0
1.002		1.28197		0
1.003		1.28087		0
1.004		1.27978		0
1.005		1.27869		0
1.006		1.2776		0
1.007		1.27651		0
1.008		1.27542		0
1.009		1.27434		0
1.01		1.27325		0
1.011		1.27217		0
1.012		1.27109		0
1.013		1.27002		0
1.014		1.26894		0
1.015		1.26787		0
1.016		1.26679		0
1.017		1.26572		0
1.018		1.26465		0
1.019		1.26359		0
1.02		1.26252		0
1.021		1.26146		0
1.022		1.26039		0
1.023		1.25933		0
1.024		1.25827		0
1.025		1.25722		0
1.026		1.25616		0
1.027		1.25511		0
1.028		1.25405		0
1.029		1.253		0
1.03		1.25195		0
1.031		1.25091		0
1.032		1.24986		0
1.033		1.24882		0
1.034		1.24777		0
1.035		1.24673		0
1.036		1.24569		0
1.037		1.24466		0
1.038		1.24362		0
1.039		1.24259		0
1.04		1.24155		0
1.041		1.24052		0
1.042		1.23949		0
1.043		1.23847		0
1.044		1.23744		0
1.045		1.23642		0
1.046		1.23539		0
1.047		1.23437		0
1.048		1.23335		0
1.049		1.23233		0
1.05		1.23132		0
1.051		1.2303		0
1.052		1.22929		0
1.053		1.22828		0
1.054		1.22727		0
1.055		1.22626		0
1.056		1.22525		0
1.057		1.22425		0
1.058		1.22324		0
1.059		1.22224		0
1.06		1.22124		0
1.061		1.22024		0
1.062		1.21924		0
1.063		1.21825		0
1.064		1.21725		0
1.065		1.21626		0
1.066		1.21527		0
1.067		1.21428		0
1.068		1.21329		0
1.069		1.2123		0
1.07		1.21132		0
1.071		1.21034		0
1.072		1.20935		0
1.073		1.20837		0
1.074		1.20739		0
1.075		1.20642		0
1.076		1.20544		0
1.077		1.20446		0
1.078		1.20349		0
1.079		1.20252		0
1.08		1.20155		0
1.081		1.20058		0
1.082		1.19961		0
1.083		1.19865		0
1.084		1.19768		0
1.085		1.19672		0
1.086		1.19576		0
1.087		1.1948		0
1.088		1.19384		0
1.089		1.19288		0
1.09		1.19193		0
1.091		1.19098		0
1.092		1.19002		0
1.093		1.18907		0
1.094		1.18812		0
1.095		1.18717		0
1.096		1.18623		0
1.097		1.18528		0
1.098		1.18434		0
1.099		1.1834		0
1.1		1.18245		0
1.101		1.18152		0
1.102		1.18058		0
1.103		1.17964		0
1.104		1.17871		0
1.105		1.17777		0
1.106		1.17684		0
1.107		1.17591		0
1.108		1.17498		0
1.109		1.17405		0
1.11		1.17312		0
1.111		1.1722		0
1.112		1.17127		0
1.113		1.17035		0
1.114		1.16943		0
1.115		1.16851		0
1.116		1.16759		0
1.117		1.16668		0
1.118		1.16576		0
1.119		1.16485		0
1.12		1.16393		0
1.121		1.16302		0
1.122		1.16211		0
1.123		1.1612		0
1.124		1.16029		0
1.125		1.15939		0
1.126		1.15848		0
1.127		1.15758		0
1.128		1.15668		0
1.129		1.15578		0
1.13		1.15488		0
1.131		1.15398		0
1.132		1.15308		0
1.133		1.15219		0
1.134		1.15129		0
1.135		1.1504		0
1.136		1.14951		0
1.137		1.14862		0
1.138		1.14773		0
1.139		1.14684		0
1.14		1.14596		0
1.141		1.14507		0
1.142		1.14419		0
1.143		1.14331		0
1.144		1.14243		0
1.145		1.14155		0
1.146		1.14067		0
1.147		1.13979		0
1.148		1.13892		0
1.149		1.13804		0
1.15		1.13717		0
1.151		1.1363		0
1.152		1.13543		0
1.153		1.13456		0
1.154		1.13369		0
1.155		1.13282		0
1.156		1.13196		0
1.157		1.13109		0
1.158		1.13023		0
1.159		1.12937		0
1.16		1.12851		0
1.161		1.12765		0
1.162		1.12679		0
1.163		1.12594		0
1.164		1.12508		0
1.165		1.12423		0
1.166		1.12337		0
1.167		1.12252		0
1.168		1.12167		0
1.169		1.12082		0
1.17		1.11998		0
1.171		1.11913		0
1.172		1.11828		0
1.173		1.11744		0
1.174		1.1166		0
1.175		1.11576		0
1.176		1.11492		0
1.177		1.11408		0
1.178		1.11324		0
1.179		1.1124		0
1.18		1.11157		0
1.181		1.11073		0
1.182		1.1099		0
1.183		1.10907		0
1.184		1.10824		0
1.185		1.10741		0
1.186		1.10658		0
1.187		1.10575		0
1.188		1.10492		0
1.189		1.1041		0
1.19		1.10328		0
1.191		1.10245		0
1.192		1.10163		0
1.193		1.10081		0
1.194		1.09999		0
1.195		1.09918		0
1.196		1.09836		0
1.197		1.09754		0
1.198		1.09673		0
1.199		1.09592		0
1.2		1.09511		0
1.201		1.0943		0
1.202		1.09349		0
1.203		1.09268		0
1.204		1.09187		0
1.205		1.09106		0
1.206		1.09026		0
1.207		1.08946		0
1.208		1.08865		0
1.209		1.08785		0
1.21		1.08705		0
1.211		1.08625		0
1.212		1.08545		0
1.213		1.08466		0
1.214		1.08386		0
1.215		1.08307		0
1.216		1.08227		0
1.217		1.08148		0
1.218		1.08069		0
1.219		1.0799		0
1.22		1.07911		0
1.221		1.07832		0
1.222		1.07754		0
1.223		1.07675		0
1.224		1.07597		0
1.225		1.07518		0
1.226		1.0744		0
1.227		1.07362		0
1.228		1.07284		0
1.229		1.07206		0
1.23		1.07128		0
1.231		1.0705		0
1.232		1.06973		0
1.233		1.06895		0
1.234		1.06818		0
1.235		1.06741		0
1.236		1.06664		0
1.237		1.06587		0
1.238		1.0651		0
1.239		1.06433		0
1.24		1.06356		0
1.241		1.0628		0
1.242		1.06203		0
1.243		1.06127		0
1.244		1.0605		0
1.245		1.05974		0
1.246		1.05898		0
1.247		1.05822		0
1.248		1.05746		0
1.249		1.05671		0
1.25		1.05595		0
1.251		1.05519		0
1.252		1.05444		0
1.253		1.05369		0
1.254		1.05293		0
1.255		1.05218		0
1.256		1.05143		0
1.257		1.05068		0
1.258		1.04994		0
1.259		1.04919		0
1.26		1.04844		0
1.261		1.0477		0
1.262		1.04695		0
1.263		1.04621		0
1.264		1.04547		0
1.265		1.04473		0
1.266		1.04399		0
1.267		1.04325		0
1.268		1.04251		0
1.269		1.04177		0
1.27		1.04104		0
1.271		1.0403		0
1.272		1.03957		0
1.273		1.03884		0
1.274		1.0381		0
1.275		1.03737		0
1.276		1.03664		0
1.277		1.03591		0
1.278		1.03519		0
1.279		1.03446		0
1.28		1.03373		0
1.281		1.03301		0
1.282		1.03229		0
1.283		1.03156		0
1.284		1.03084		0
1.285		1.03012		0
1.286		1.0294		0
1.287		1.02868		0
1.288		1.02796		0
1.289		1.02725		0
1.29		1.02653		0
1.291		1.02581		0
1.292		1.0251		0
1.293		1.02439		0
1.294		1.02367		0
1.295		1.02296		0
1.296		1.02225		0
1.297		1.02154		0
1.298		1.02084		0
1.299		1.02013		0
1.3		1.01942		0
1.301		1.01872		0
1.302		1.01801		0
1.303		1.01731		0
1.304		1.01661		0
1.305		1.0159		0
1.306		1.0152		0
1.307		1.0145		0
1.308		1.0138		0
1.309		1.01311		0
1.31		1.01241		0
1.311		1.01171		0
1.312		1.01102		0
1.313		1.01032		0
1.314		1.00963		0
1.315		1.00894		0
1.316		1.00825		0
1.317		1.00756		0
1.318		1.00687		0
1.319		1.00618		0
1.32		1.00549		0
1.321		1.0048		0
1.322		1.00412		0
1.323		1.00343		0
1.324		1.00275		0
1.325		1.00207		0
1.326		1.00138		0
1.327		1.0007		0
1.328		1.00002		0
1.329		0.999343		0
1.33		0.998664		0
1.331		0.997986		0
1.332		0.997309		0
1.333		0.996633		0
1.334		0.995958		0
1.335		0.995284		0
1.336		0.994611		0
1.337		0.993938		0
1.338		0.993267		0
1.339		0.992596		0
1.34		0.991927		0
1.341		0.991258		0
1.342		0.99059		0
1.343		0.989923		0
1.344		0.989257		0
1.345		0.988591		0
1.346		0.987927		0
1.347		0.987263		0
1.348		0.9866		0
1.349		0.985939		0
1.35		0.985278		0
1.351		0.984617		0
1.352		0.983958		0
1.353		0.9833		0
1.354		0.982642		0
1.355		0.981986		0
1.356		0.98133		0
1.357		0.980675		0
1.358		0.980021		0
1.359		0.979367		0
1.36		0.978715		0
1.361		0.978063		0
1.362		0.977413		0
1.363		0.976763		0
1.364		0.976114		0
1.365		0.975466		0
1.366		0.974818		0
1.367		0.974172		0
1.368		0.973526		0
1.369		0.972881		0
1.37		0.972237		0
1.371		0.971594		0
1.372		0.970952		0
1.373		0.97031		0
1.374		0.96967		0
1.375		0.96903		0
1.376		0.968391		0
1.377		0.967753		0
1.378		0.967115		0
1.379		0.966479		0
1.38		0.965843		0
1.381		0.965208		0
1.382		0.964574		0
1.383		0.963941		0
1.384		0.963308		0
1.385		0.962677		0
1.386		0.962046		0
1.387		0.961416		0
1.388		0.960786		0
1.389		0.960158		0
1.39		0.95953		0
1.391		0.958904		0
1.392		0.958278		0
1.393		0.957652		0
1.394		0.957028		0
1.395		0.956404		0
1.396		0.955781		0
1.397		0.955159		0
1.398		0.954538		0
1.399		0.953918		0
1.4		0.953298		0
1.401		0.952679		0
1.402		0.952061		0
1.403		0.951444		0
1.404		0.950827		0
1.405		0.950212		0
1.406		0.949597		0
1.407		0.948982		0
1.408		0.948369		0
1.409		0.947756		0
1.41		0.947145		0
1.411		0.946533		0
1.412		0.945923		0
1.413		0.945314		0
1.414		0.944705		0
1.415		0.944097		0
1.416		0.94349		0
1.417		0.942883		0
1.418		0.942277		0
1.419		0.941673		0
1.42		0.941068		0
1.421		0.940465		0
1.422		0.939862		0
1.423		0.93926		0
1.424		0.938659		0
1.425		0.938059		0
1.426		0.937459		0
1.427		0.93686		0
1.428		0.936262		0
1.429		0.935665		0
1.43		0.935068		0
1.431		0.934472		0
1.432		0.933877		0
1.433		0.933283		0
1.434		0.932689		0
1.435		0.932096		0
1.436		0.931504		0
1.437		0.930912		0
1.438		0.930322		0
1.439		0.929732		0
1.44		0.929143		0
1.441		0.928554		0
1.442		0.927966		0
1.443		0.927379		0
1.444		0.926793		0
1.445		0.926207		0
1.446		0.925622		0
1.447		0.925038		0
1.448		0.924455		0
1.449		0.923872		0
1.45		0.92329		0
1.451		0.922709		0
1.452		0.922128		0
1.453		0.921548		0
1.454		0.920969		0
1.455		0.920391		0
1.456		0.919813		0
1.457		0.919236		0
1.458		0.91866		0
1.459		0.918084		0
1.46		0.91751		0
1.461		0.916935		0
1.462		0.916362		0
1.463		0.915789		0
1.464		0.915217		0
1.465		0.914646		0
1.466		0.914075		0
1.467		0.913505		0
1.468		0.912936		0
1.469		0.912368		0
1.47		0.9118		0
1.471		0.911233		0
1.472		0.910666		0
1.473		0.9101		0
1.474		0.909535		0
1.475		0.908971		0
1.476		0.908407		0
1.477		0.907844		0
1.478		0.907282		0
1.479		0.90672		0
1.48		0.906159		0
1.481		0.905599		0
1.482		0.905039		0
1.483		0.90448		0
1.484		0.903922		0
1.485		0.903365		0
1.486		0.902808		0
1.487		0.902252		0
1.488		0.901696		0
1.489		0.901141		0
1.49		0.900587		0
1.491		0.900033		0
1.492		0.899481		0
1.493		0.898928		0
1.494		0.898377		0
1.495		0.897826		0
1.496		0.897276		0
1.497		0.896726		0
1.498		0.896177		0
1.499		0.895629		0
1.5		0.895082		0
1.501		0.894535		0
1.502		0.893989		0
1.503		0.893443		0
1.504		0.892898		0
1.505		0.892354		0
1.506		0.89181		0
1.507		0.891267		0
1.508		0.890725		0
1.509		0.890183		0
1.51		0.889642		0
1.511		0.889102		0
1.512		0.888562		0
1.513		0.888023		0
1.514		0.887484		0
1.515		0.886947		0
1.516		0.886409		0
1.517		0.885873		0
1.518		0.885337		0
1.519		0.884802		0
1.52		0.884267		0
1.521		0.883733		0
1.522		0.8832		0
1.523		0.882667		0
1.524		0.882135		0
1.525		0.881604		0
1.526		0.881073		0
1.527		0.880543		0
1.528		0.880013		0
1.529		0.879484		0
1.53		0.878956		0
1.531		0.878428		0
1.532		0.877901		0
1.533		0.877375		0
1.534		0.876849		0
1.535		0.876324		0
1.536		0.875799		0
1.537		0.875275		0
1.538		0.874752		0
1.539		0.874229		0
1.54		0.873707		0
1.541		0.873185		0
1.542		0.872665		0
1.543		0.872144		0
1.544		0.871625		0
1.545		0.871106		0
1.546		0.870587		0
1.547		0.870069		0
1.548		0.869552		0
1.549		0.869035		0
1.55		0.868519		0
1.551		0.868004		0
1.552		0.867489		0
1.553		0.866975		0
1.554		0.866461		0
1.555		0.865948		0
1.556		0.865436		0
1.557		0.864924		0
1.558		0.864413		0
1.559		0.863902		0
1.56		0.863392		0
1.561		0.862883		0
1.562		0.862374		0
1.563		0.861866		0
1.564		0.861358		0
1.565		0.860851		0
1.566		0.860344		0
1.567		0.859838		0
1.568		0.859333		0
1.569		0.858828		0
1.57		0.858324		0
1.571		0.857821		0
1.572		0.857318		0
1.573		0.856815		0
1.574		0.856313		0
1.575		0.855812		0
1.576		0.855312		0
1.577		0.854811		0
1.578		0.854312		0
1.579		0.853813		0
1.58		0.853315		0
1.581		0.852817		0
1.582		0.85232		0
1.583		0.851823		0
1.584		0.851327		0
1.585		0.850831		0
1.586		0.850336		0
1.587		0.849842		0
1.588		0.849348		0
1.589		0.848855		0
1.59		0.848362		0
1.591		0.84787		0
1.592		0.847379		0
1.593		0.846888		0
1.594		0.846397		0
1.595		0.845907		0
1.596		0.845418		0
1.597		0.844929		0
1.598		0.844441		0
1.599		0.843953		0
1.6		0.843466		0
1.601		0.84298		0
1.602		0.842494		0
1.603		0.842008		0
1.604		0.841524		0
1.605		0.841039		0
1.606		0.840555		0
1.607		0.840072		0
1.608		0.83959		0
1.609		0.839107		0
1.61		0.838626		0
1.611		0.838145		0
1.612		0.837664		0
1.613		0.837184		0
1.614		0.836705		0
1.615		0.836226		0
1.616		0.835748		0
1.617		0.83527		0
1.618		0.834793		0
1.619		0.834316		0
1.62		0.83384		0
1.621		0.833364		0
1.622		0.832889		0
1.623		0.832415		0
1.624		0.831941		0
1.625		0.831467		0
1.626		0.830994		0
1.627		0.830522		0
1.628		0.83005		0
1.629		0.829578		0
1.63		0.829107		0
1.631		0.828637		0
1.632		0.828167		0
1.633		0.827698		0
1.634		0.827229		0
1.635		0.826761		0
1.636		0.826293		0
1.637		0.825826		0
1.638		0.82536		0
1.639		0.824893		0
1.64		0.824428		0
1.641		0.823963		0
1.642		0.823498		0
1.643		0.823034		0
1.644		0.822571		0
1.645		0.822107		0
1.646		0.821645		0
1.647		0.821183		0
1.648		0.820721		0
1.649		0.82026		0
1.65		0.8198		0
1.651		0.81934		0
1.652		0.818881		0
1.653		0.818422		0
1.654		0.817963		0
1.655		0.817505		0
1.656		0.817048		0
1.657		0.816591		0
1.658		0.816135		0
1.659		0.815679		0
1.66		0.815223		0
1.661		0.814768		0
1.662		0.814314		0
1.663		0.81386		0
1.664		0.813407		0
1.665		0.812954		0
1.666		0.812501		0
1.667		0.812049		0
1.668		0.811598		0
1.669		0.811147		0
1.67		0.810697		0
1.671		0.810247		0
1.672		0.809797		0
1.673		0.809348		0
1.674		0.8089		0
1.675		0.808452		0
1.676		0.808005		0
1.677		0.807558		0
1.678		0.807111		0
1.679		0.806665		0
1.68		0.80622		0
1.681		0.805775		0
1.682		0.80533		0
1.683		0.804886		0
1.684		0.804442		0
1.685		0.803999		0
1.686		0.803557		0
1.687		0.803115		0
1.688		0.802673		0
1.689		0.802232		0
1.69		0.801791		0
1.691		0.801351		0
1.692		0.800911		0
1.693		0.800472		0
1.694		0.800033		0
1.695		0.799595		0
1.696		0.799157		0
1.697		0.79872		0
1.698		0.798283		0
1.699		0.797846		0
1.7		0.79741		0
1.701		0.796975		0
1.702		0.79654		0
1.703		0.796105		0
1.704		0.795671		0
1.705		0.795238		0
1.706		0.794805		0
1.707		0.794372		0
1.708		0.79394		0
1.709		0.793508		0
1.71		0.793077		0
1.711		0.792646		0
1.712		0.792216		0
1.713		0.791786		0
1.714		0.791356		0
1.715		0.790927		0
1.716		0.790499		0
1.717		0.790071		0
1.718		0.789643		0
1.719		0.789216		0
1.72		0.788789		0
1.721		0.788363		0
1.722		0.787937		0
1.723		0.787512		0
1.724		0.787087		0
1.725		0.786663		0
1.726		0.786239		0
1.727		0.785815		0
1.728		0.785392		0
1.729		0.78497		0
1.73		0.784548		0
1.731		0.784126		0
1.732		0.783705		0
1.733		0.783284		0
1.734		0.782864		0
1.735		0.782444		0
1.736		0.782024		0
1.737		0.781605		0
1.738		0.781187		0
1.739		0.780769		0
1.74		0.780351		0
1.741		0.779934		0
1.742		0.779517		0
1.743		0.7791		0
1.744		0.778685		0
1.745		0.778269		0
1.746		0.777854		0
1.747		0.777439		0
1.748		0.777025		0
1.749		0.776612		0
1.75		0.776198		0
1.751		0.775785		0
1.752		0.775373		0
1.753		0.774961		0
1.754		0.774549		0
1.755		0.774138		0
1.756		0.773728		0
1.757		0.773317		0
1.758		0.772908		0
1.759		0.772498		0
1.76		0.772089		0
1.761		0.771681		0
1.762		0.771273		0
1.763		0.770865		0
1.764		0.770458		0
1.765		0.770051		0
1.766		0.769644		0
1.767		0.769238		0
1.768		0.768833		0
1.769		0.768428		0
1.77		0.768023		0
1.771		0.767619		0
1.772		0.767215		0
1.773		0.766811		0
1.774		0.766408		0
1.775		0.766006		0
1.776		0.765603		0
1.777		0.765202		0
1.778		0.7648		0
1.779		0.764399		0
1.78		0.763999		0
1.781		0.763599		0
1.782		0.763199		0
1.783		0.7628		0
1.784		0.762401		0
1.785		0.762002		0
1.786		0.761604		0
1.787		0.761207		0
1.788		0.76081		0
1.789		0.760413		0
1.79		0.760016		0
1.791		0.75962		0
1.792		0.759225		0
1.793		0.75883		0
1.794		0.758435		0
1.795		0.75804		0
1.796		0.757646		0
1.797		0.757253		0
1.798		0.75686		0
1.799		0.756467		0
1.8		0.756075		0
1.801		0.755683		0
1.802		0.755291		0
1.803		0.7549		0
1.804		0.754509		0
1.805		0.754119		0
1.806		0.753729		0
1.807		0.75334		0
1.808		0.75295		0
1.809		0.752562		0
1.81		0.752173		0
1.811		0.751785		0
1.812		0.751398		0
1.813		0.751011		0
1.814		0.750624		0
1.815		0.750238		0
1.816		0.749852		0
1.817		0.749466		0
1.818		0.749081		0
1.819		0.748696		0
1.82		0.748312		0
1.821		0.747928		0
1.822		0.747544		0
1.823		0.747161		0
1.824		0.746778		0
1.825		0.746396		0
1.826		0.746014		0
1.827		0.745632		0
1.828		0.745251		0
1.829		0.74487		0
1.83		0.744489		0
1.831		0.744109		0
1.832		0.743729		0
1.833		0.74335		0
1.834		0.742971		0
1.835		0.742592		0
1.836		0.742214		0
1.837		0.741836		0
1.838		0.741459		0
1.839		0.741082		0
1.84		0.740705		0
1.841		0.740329		0
1.842		0.739953		0
1.843		0.739577		0
1.844		0.739202		0
1.845		0.738827		0
1.846		0.738453		0
1.847		0.738079		0
1.848		0.737705		0
1.849		0.737332		0
1.85		0.736959		0
1.851		0.736587		0
1.852		0.736214		0
1.853		0.735843		0
1.854		0.735471		0
1.855		0.7351		0
1.856		0.734729		0
1.857		0.734359		0
1.858		0.733989		0
1.859		0.73362		0
1.86		0.73325		0
1.861		0.732881		0
1.862		0.732513		0
1.863		0.732145		0
1.864		0.731777		0
1.865		0.73141		0
1.866		0.731043		0
1.867		0.730676		0
1.868		0.73031		0
1.869		0.729944		0
1.87		0.729578		0
1.871		0.729213		0
1.872		0.728848		0
1.873		0.728484		0
1.874		0.72812		0
1.875		0.727756		0
1.876		0.727393		0
1.877		0.72703		0
1.878		0.726667		0
1.879		0.726305		0
1.88		0.725943		0
1.881		0.725581		0
1.882		0.72522		0
1.883		0.724859		0
1.884		0.724499		0
1.885		0.724138		0
1.886		0.723779		0
1.887		0.723419		0
1.888		0.72306		0
1.889		0.722701		0
1.89		0.722343		0
1.891		0.721985		0
1.892		0.721627		0
1.893		0.72127		0
1.894		0.720913		0
1.895		0.720556		0
1.896		0.7202		0
1.897		0.719844		0
1.898		0.719488		0
1.899		0.719133		0
1.9		0.718778		0
1.901		0.718424		0
1.902		0.71807		0
1.903		0.717716		0
1.904		0.717362		0
1.905		0.717009		0
1.906		0.716656		0
1.907		0.716304		0
1.908		0.715952		0
1.909		0.7156		0
1.91		0.715248		0
1.911		0.714897		0
1.912		0.714547		0
1.913		0.714196		0
1.914		0.713846		0
1.915		0.713496		0
1.916		0.713147		0
1.917		0.712798		0
1.918		0.712449		0
1.919		0.712101		0
1.92		0.711753		0
1.921		0.711405		0
1.922		0.711058		0
1.923		0.710711		0
1.924		0.710364		0
1.925		0.710018		0
1.926		0.709672		0
1.927		0.709326		0
1.928		0.708981		0
1.929		0.708636		0
1.93		0.708291		0
1.931		0.707947		0
1.932		0.707603		0
1.933		0.707259		0
1.934		0.706915		0
1.935		0.706572		0
1.936		0.70623		0
1.937		0.705887		0
1.938		0.705545		0
1.939		0.705204		0
1.94		0.704862		0
1.941		0.704521		0
1.942		0.70418		0
1.943		0.70384		0
1.944		0.7035		0
1.945		0.70316		0
1.946		0.702821		0
1.947		0.702482		0
1.948		0.702143		0
1.949		0.701805		0
1.95		0.701466		0
1.951		0.701129		0
1.952		0.700791		0
1.953		0.700454		0
1.954		0.700117		0
1.955		0.699781		0
1.956		0.699444		0
1.957		0.699109		0
1.958		0.698773		0
1.959		0.698438		0
1.96		0.698103		0
1.961		0.697768		0
1.962		0.697434		0
1.963		0.6971		0
1.964		0.696766		0
1.965		0.696433		0
1.966		0.6961		0
1.967		0.695767		0
1.968		0.695435		0
1.969		0.695103		0
1.97		0.694771		0
1.971		0.69444		0
1.972		0.694109		0
1.973		0.693778		0
1.974		0.693447		0
1.975		0.693117		0
1.976		0.692787		0
1.977		0.692458		0
1.978		0.692129		0
1.979		0.6918		0
1.98		0.691471		0
1.981		0.691143		0
1.982		0.690815		0
1.983		0.690487		0
1.984		0.69016		0
1.985		0.689832		0
1.986		0.689506		0
1.987		0.689179		0
1.988		0.688853		0
1.989		0.688527		0
1.99		0.688202		0
1.991		0.687876		0
1.992		0.687552		0
1.993		0.687227		0
1.994		0.686903		0
1.995		0.686579		0
1.996		0.686255		0
1.997		0.685931		0
1.998		0.685608		0
1.999		0.685286		0
2		0.684963		0
2.001		0.684641		0
2.002		0.684319		0
2.003		0.683997		0
2.004		0.683676		0
2.005		0.683355		0
2.006		0.683034		0
2.007		0.682714		0
2.008		0.682394		0
2.009		0.682074		0
2.01		0.681754		0
2.011		0.681435		0
2.012		0.681116		0
2.013		0.680798		0
2.014		0.680479		0
2.015		0.680161		0
2.016		0.679844		0
2.017		0.679526		0
2.018		0.679209		0
2.019		0.678892		0
2.02		0.678576		0
2.021		0.678259		0
2.022		0.677943		0
2.023		0.677628		0
2.024		0.677312		0
2.025		0.676997		0
2.026		0.676682		0
2.027		0.676368		0
2.028		0.676054		0
2.029		0.67574		0
2.03		0.675426		0
2.031		0.675113		0
2.032		0.6748		0
2.033		0.674487		0
2.034		0.674174		0
2.035		0.673862		0
2.036		0.67355		0
2.037		0.673239		0
2.038		0.672927		0
2.039		0.672616		0
2.04		0.672305		0
2.041		0.671995		0
2.042		0.671685		0
2.043		0.671375		0
2.044		0.671065		0
2.045		0.670756		0
2.046		0.670447		0
2.047		0.670138		0
2.048		0.66983		0
2.049		0.669521		0
2.05		0.669213		0
2.051		0.668906		0
2.052		0.668598		0
2.053		0.668291		0
2.054		0.667984		0
2.055		0.667678		0
2.056		0.667372		0
2.057		0.667066		0
2.058		0.66676		0
2.059		0.666455		0
2.06		0.666149		0
2.061		0.665845		0
2.062		0.66554		0
2.063		0.665236		0
2.064		0.664932		0
2.065		0.664628		0
2.066		0.664324		0
2.067		0.664021		0
2.068		0.663718		0
2.069		0.663416		0
2.07		0.663113		0
2.071		0.662811		0
2.072		0.662509		0
2.073		0.662208		0
2.074		0.661906		0
2.075		0.661605		0
2.076		0.661305		0
2.077		0.661004		0
2.078		0.660704		0
2.079		0.660404		0
2.08		0.660104		0
2.081		0.659805		0
2.082		0.659506		0
2.083		0.659207		0
2.084		0.658908		0
2.085		0.65861		0
2.086		0.658312		0
2.087		0.658014		0
2.088		0.657717		0
2.089		0.65742		0
2.09		0.657123		0
2.091		0.656826		0
2.092		0.656529		0
2.093		0.656233		0
2.094		0.655937		0
2.095		0.655642		0
2.096		0.655346		0
2.097		0.655051		0
2.098		0.654756		0
2.099		0.654462		0
2.1		0.654167		0
2.101		0.653873		0
2.102		0.65358		0
2.103		0.653286		0
2.104		0.652993		0
2.105		0.6527		0
2.106		0.652407		0
2.107		0.652115		0
2.108		0.651822		0
2.109		0.65153		0
2.11		0.651239		0
2.111		0.650947		0
2.112		0.650656		0
2.113		0.650365		0
2.114		0.650074		0
2.115		0.649784		0
2.116		0.649494		0
2.117		0.649204		0
2.118		0.648914		0
2.119		0.648625		0
2.12		0.648336		0
2.121		0.648047		0
2.122		0.647758		0
2.123		0.64747		0
2.124		0.647182		0
2.125		0.646894		0
2.126		0.646606		0
2.127		0.646319		0
2.128		0.646032		0
2.129		0.645745		0
2.13		0.645458		0
2.131		0.645172		0
2.132		0.644886		0
2.133		0.6446		0
2.134		0.644315		0
2.135		0.644029		0
2.136		0.643744		0
2.137		0.643459		0
2.138		0.643175		0
2.139		0.642891		0
2.14		0.642607		0
2.141		0.642323		0
2.142		0.642039		0
2.143		0.641756		0
2.144		0.641473		0
2.145		0.64119		0
2.146		0.640907		0
2.147		0.640625		0
2.148		0.640343		0
2.149		0.640061		0
2.15		0.639779		0
2.151		0.639498		0
2.152		0.639217		0
2.153		0.638936		0
2.154		0.638656		0
2.155		0.638375		0
2.156		0.638095		0
2.157		0.637815		0
2.158		0.637536		0
2.159		0.637256		0
2.16		0.636977		0
2.161		0.636698		0
2.162		0.63642		0
2.163		0.636141		0
2.164		0.635863		0
2.165		0.635585		0
2.166		0.635307		0
2.167		0.63503		0
2.168		0.634753		0
2.169		0.634476		0
2.17		0.634199		0
2.171		0.633923		0
2.172		0.633646		0
2.173		0.63337		0
2.174		0.633095		0
2.175		0.632819		0
2.176		0.632544		0
2.177		0.632269		0
2.178		0.631994		0
2.179		0.631719		0
2.18		0.631445		0
2.181		0.631171		0
2.182		0.630897		0
2.183		0.630623		0
2.184		0.63035		0
2.185		0.630077		0
2.186		0.629804		0
2.187		0.629531		0
2.188		0.629259		0
2.189		0.628987		0
2.19		0.628715		0
2.191		0.628443		0
2.192		0.628171		0
2.193		0.6279		0
2.194		0.627629		0
2.195		0.627358		0
2.196		0.627088		0
2.197		0.626817		0
2.198		0.626547		0
2.199		0.626277		0
2.2		0.626008		0
2.201		0.625738		0
2.202		0.625469		0
2.203		0.6252		0
2.204		0.624931		0
2.205		0.624663		0
2.206		0.624394		0
2.207		0.624126		0
2.208		0.623859		0
2.209		0.623591		0
2.21		0.623324		0
2.211		0.623057		0
2.212		0.62279		0
2.213		0.622523		0
2.214		0.622257		0
2.215		0.62199		0
2.216		0.621724		0
2.217		0.621459		0
2.218		0.621193		0
2.219		0.620928		0
2.22		0.620663		0
2.221		0.620398		0
2.222		0.620133		0
2.223		0.619869		0
2.224		0.619604		0
2.225		0.61934		0
2.226		0.619077		0
2.227		0.618813		0
2.228		0.61855		0
2.229		0.618287		0
2.23		0.618024		0
2.231		0.617761		0
2.232		0.617499		0
2.233		0.617237		0
2.234		0.616975		0
2.235		0.616713		0
2.236		0.616452		0
2.237		0.61619		0
2.238		0.615929		0
2.239		0.615668		0
2.24		0.615408		0
2.241		0.615147		0
2.242		0.614887		0
2.243		0.614627		0
2.244		0.614367		0
2.245		0.614108		0
2.246		0.613848		0
2.247		0.613589		0
2.248		0.61333		0
2.249		0.613072		0
2.25		0.612813		0
2.251		0.612555		0
2.252		0.612297		0
2.253		0.612039		0
2.254		0.611782		0
2.255		0.611524		0
2.256		0.611267		0
2.257		0.61101		0
2.258		0.610753		0
2.259		0.610497		0
2.26		0.610241		0
2.261		0.609984		0
2.262		0.609729		0
2.263		0.609473		0
2.264		0.609217		0
2.265		0.608962		0
2.266		0.608707		0
2.267		0.608452		0
2.268		0.608198		0
2.269		0.607943		0
2.27		0.607689		0
2.271		0.607435		0
2.272		0.607182		0
2.273		0.606928		0
2.274		0.606675		0
2.275		0.606422		0
2.276		0.606169		0
2.277		0.605916		0
2.278		0.605663		0
2.279		0.605411		0
2.28		0.605159		0
2.281		0.604907		0
2.282		0.604656		0
2.283		0.604404		0
2.284		0.604153		0
2.285		0.603902		0
2.286		0.603651		0
2.287		0.6034		0
2.288		0.60315		0
2.289		0.6029		0
2.29		0.60265		0
2.291		0.6024		0
2.292		0.60215		0
2.293		0.601901		0
2.294		0.601652		0
2.295		0.601403		0
2.296		0.601154		0
2.297		0.600906		0
2.298		0.600657		0
2.299		0.600409		0
2.3		0.600161		0
2.301		0.599913		0
2.302		0.599666		0
2.303		0.599419		0
2.304		0.599171		0
2.305		0.598925		0
2.306		0.598678		0
2.307		0.598431		0
2.308		0.598185		0
2.309		0.597939		0
2.31		0.597693		0
2.311		0.597447		0
2.312		0.597202		0
2.313		0.596956		0
2.314		0.596711		0
2.315		0.596466		0
2.316		0.596222		0
2.317		0.595977		0
2.318		0.595733		0
2.319		0.595489		0
2.32		0.595245		0
2.321		0.595001		0
2.322		0.594758		0
2.323		0.594514		0
2.324		0.594271		0
2.325		0.594028		0
2.326		0.593785		0
2.327		0.593543		0
2.328		0.593301		0
2.329		0.593058		0
2.33		0.592817		0
2.331		0.592575		0
2.332		0.592333		0
2.333		0.592092		0
2.334		0.591851		0
2.335		0.59161		0
2.336		0.591369		0
2.337		0.591128		0
2.338		0.590888		0
2.339		0.590648		0
2.34		0.590408		0
2.341		0.590168		0
2.342		0.589929		0
2.343		0.589689		0
2.344		0.58945		0
2.345		0.589211		0
2.346		0.588972		0
2.347		0.588733		0
2.348		0.588495		0
2.349		0.588257		0
2.35		0.588019		0
2.351		0.587781		0
2.352		0.587543		0
2.353		0.587306		0
2.354		0.587068		0
2.355		0.586831		0
2.356		0.586594		0
2.357		0.586358		0
2.358		0.586121		0
2.359		0.585885		0
2.36		0.585649		0
2.361		0.585413		0
2.362		0.585177		0
2.363		0.584941		0
2.364		0.584706		0
2.365		0.584471		0
2.366		0.584236		0
2.367		0.584001		0
2.368		0.583766		0
2.369		0.583532		0
2.37		0.583298		0
2.371		0.583064		0
2.372		0.58283		0
2.373		0.582596		0
2.374		0.582363		0
2.375		0.582129		0
2.376		0.581896		0
2.377		0.581663		0
2.378		0.58143		0
2.379		0.581198		0
2.38		0.580965		0
2.381		0.580733		0
2.382		0.580501		0
2.383		0.580269		0
2.384		0.580038		0
2.385		0.579806		0
2.386		0.579575		0
2.387		0.579344		0
2.388		0.579113		0
2.389		0.578882		0
2.39		0.578652		0
2.391		0.578421		0
2.392		0.578191		0
2.393		0.577961		0
2.394		0.577731		0
2.395		0.577502		0
2.396		0.577272		0
2.397		0.577043		0
2.398		0.576814		0
2.399		0.576585		0
2.4		0.576356		0
2.401		0.576127		0
2.402		0.575899		0
2.403		0.575671		0
2.404		0.575443		0
2.405		0.575215		0
2.406		0.574987		0
2.407		0.57476		0
2.408		0.574533		0
2.409		0.574305		0
2.41		0.574079		0
2.411		0.573852		0
2.412		0.573625		0
2.413		0.573399		0
2.414		0.573173		0
2.415		0.572947		0
2.416		0.572721		0
2.417		0.572495		0
2.418		0.572269		0
2.419		0.572044		0
2.42		0.571819		0
2.421		0.571594		0
2.422		0.571369		0
2.423		0.571145		0
2.424		0.57092		0
2.425		0.570696		0
2.426		0.570472		0
2.427		0.570248		0
2.428		0.570024		0
2.429		0.5698		0
2.43		0.569577		0
2.431		0.569354		0
2.432		0.569131		0
2.433		0.568908		0
2.434		0.568685		0
2.435		0.568463		0
2.436		0.56824		0
2.437		0.568018		0
2.438		0.567796		0
2.439		0.567574		0
2.44		0.567352		0
2.441		0.567131		0
2.442		0.56691		0
2.443		0.566689		0
2.444		0.566468		0
2.445		0.566247		0
2.446		0.566026		0
2.447		0.565806		0
2.448		0.565585		0
2.449		0.565365		0
2.45		0.565145		0
2.451		0.564925		0
2.452		0.564706		0
2.453		0.564486		0
2.454		0.564267		0
2.455		0.564048		0
2.456		0.563829		0
2.457		0.56361		0
2.458		0.563392		0
2.459		0.563173		0
2.46		0.562955		0
2.461		0.562737		0
2.462		0.562519		0
2.463		0.562301		0
2.464		0.562084		0
2.465		0.561866		0
2.466		0.561649		0
2.467		0.561432		0
2.468		0.561215		0
2.469		0.560998		0
2.47		0.560782		0
2.471		0.560565		0
2.472		0.560349		0
2.473		0.560133		0
2.474		0.559917		0
2.475		0.559701		0
2.476		0.559486		0
2.477		0.55927		0
2.478		0.559055		0
2.479		0.55884		0
2.48		0.558625		0
2.481		0.55841		0
2.482		0.558196		0
2.483		0.557981		0
2.484		0.557767		0
2.485		0.557553		0
2.486		0.557339		0
2.487		0.557125		0
2.488		0.556911		0
2.489		0.556698		0
2.49		0.556485		0
2.491		0.556272		0
2.492		0.556059		0
2.493		0.555846		0
2.494		0.555633		0
2.495		0.555421		0
2.496		0.555208		0
2.497		0.554996		0
2.498		0.554784		0
2.499		0.554572		0
2.5		0.554361		0
2.501		0.554149		0
2.502		0.553938		0
2.503		0.553727		0
2.504		0.553516		0
2.505		0.553305		0
2.506		0.553094		0
2.507		0.552884		0
2.508		0.552673		0
2.509		0.552463		0
2.51		0.552253		0
2.511		0.552043		0
2.512		0.551833		0
2.513		0.551624		0
2.514		0.551414		0
2.515		0.551205		0
2.516		0.550996		0
2.517		0.550787		0
2.518		0.550578		0
2.519		0.550369		0
2.52		0.550161		0
2.521		0.549953		0
2.522		0.549744		0
2.523		0.549536		0
2.524		0.549329		0
2.525		0.549121		0
2.526		0.548913		0
2.527		0.548706		0
2.528		0.548499		0
2.529		0.548292		0
2.53		0.548085		0
2.531		0.547878		0
2.532		0.547671		0
2.533		0.547465		0
2.534		0.547259		0
2.535		0.547052		0
2.536		0.546846		0
2.537		0.546641		0
2.538		0.546435		0
2.539		0.546229		0
2.54		0.546024		0
2.541		0.545819		0
2.542		0.545614		0
2.543		0.545409		0
2.544		0.545204		0
2.545		0.545		0
2.546		0.544795		0
2.547		0.544591		0
2.548		0.544387		0
2.549		0.544183		0
2.55		0.543979		0
2.551		0.543775		0
2.552		0.543572		0
2.553		0.543368		0
2.554		0.543165		0
2.555		0.542962		0
2.556		0.542759		0
2.557		0.542556		0
2.558		0.542354		0
2.559		0.542151		0
2.56		0.541949		0
2.561		0.541747		0
2.562		0.541545		0
2.563		0.541343		0
2.564		0.541141		0
2.565		0.540939		0
2.566		0.540738		0
2.567		0.540537		0
2.568		0.540336		0
2.569		0.540135		0
2.57		0.539934		0
2.571		0.539733		0
2.572		0.539533		0
2.573		0.539332		0
2.574		0.539132		0
2.575		0.538932		0
2.576		0.538732		0
2.577		0.538532		0
2.578		0.538333		0
2.579		0.538133		0
2.58		0.537934		0
2.581		0.537734		0
2.582		0.537535		0
2.583		0.537337		0
2.584		0.537138		0
2.585		0.536939		0
2.586		0.536741		0
2.587		0.536542		0
2.588		0.536344		0
2.589		0.536146		0
2.59		0.535948		0
2.591		0.535751		0
2.592		0.535553		0
2.593		0.535355		0
2.594		0.535158		0
2.595		0.534961		0
2.596		0.534764		0
2.597		0.534567		0
2.598		0.53437		0
2.599		0.534174		0
2.6		0.533977		0
2.601		0.533781		0
2.602		0.533585		0
2.603		0.533389		0
2.604		0.533193		0
2.605		0.532997		0
2.606		0.532802		0
2.607		0.532606		0
2.608		0.532411		0
2.609		0.532216		0
2.61		0.532021		0
2.611		0.531826		0
2.612		0.531631		0
2.613		0.531437		0
2.614		0.531242		0
2.615		0.531048		0
2.616		0.530854		0
2.617		0.53066		0
2.618		0.530466		0
2.619		0.530272		0
2.62		0.530079		0
2.621		0.529885		0
2.622		0.529692		0
2.623		0.529499		0
2.624		0.529306		0
2.625		0.529113		0
2.626		0.52892		0
2.627		0.528728		0
2.628		0.528535		0
2.629		0.528343		0
2.63		0.528151		0
2.631		0.527959		0
2.632		0.527767		0
2.633		0.527575		0
2.634		0.527383		0
2.635		0.527192		0
2.636		0.527		0
2.637		0.526809		0
2.638		0.526618		0
2.639		0.526427		0
2.64		0.526236		0
2.641		0.526046		0
2.642		0.525855		0
2.643		0.525665		0
2.644		0.525475		0
2.645		0.525285		0
2.646		0.525095		0
2.647		0.524905		0
2.648		0.524715		0
2.649		0.524526		0
2.65		0.524336		0
2.651		0.524147		0
2.652		0.523958		0
2.653		0.523769		0
2.654		0.52358		0
2.655		0.523391		0
2.656		0.523202		0
2.657		0.523014		0
2.658		0.522826		0
2.659		0.522637		0
2.66		0.522449		0
2.661		0.522261		0
2.662		0.522074		0
2.663		0.521886		0
2.664		0.521698		0
2.665		0.521511		0
2.666		0.521324		0
2.667		0.521137		0
2.668		0.52095		0
2.669		0.520763		0
2.67		0.520576		0
2.671		0.520389		0
2.672		0.520203		0
2.673		0.520017		0
2.674		0.519831		0
2.675		0.519644		0
2.676		0.519459		0
2.677		0.519273		0
2.678		0.519087		0
2.679		0.518902		0
2.68		0.518716		0
2.681		0.518531		0
2.682		0.518346		0
2.683		0.518161		0
2.684		0.517976		0
2.685		0.517791		0
2.686		0.517607		0
2.687		0.517422		0
2.688		0.517238		0
2.689		0.517054		0
2.69		0.516869		0
2.691		0.516686		0
2.692		0.516502		0
2.693		0.516318		0
2.694		0.516134		0
2.695		0.515951		0
2.696		0.515768		0
2.697		0.515585		0
2.698		0.515402		0
2.699		0.515219		0
2.7		0.515036		0
2.701		0.514853		0
2.702		0.514671		0
2.703		0.514488		0
2.704		0.514306		0
2.705		0.514124		0
2.706		0.513942		0
2.707		0.51376		0
2.708		0.513578		0
2.709		0.513397		0
2.71		0.513215		0
2.711		0.513034		0
2.712		0.512853		0
2.713		0.512671		0
2.714		0.51249		0
2.715		0.51231		0
2.716		0.512129		0
2.717		0.511948		0
2.718		0.511768		0
2.719		0.511587		0
2.72		0.511407		0
2.721		0.511227		0
2.722		0.511047		0
2.723		0.510867		0
2.724		0.510688		0
2.725		0.510508		0
2.726		0.510329		0
2.727		0.510149		0
2.728		0.50997		0
2.729		0.509791		0
2.73		0.509612		0
2.731		0.509433		0
2.732		0.509254		0
2.733		0.509076		0
2.734		0.508897		0
2.735		0.508719		0
2.736		0.508541		0
2.737		0.508363		0
2.738		0.508185		0
2.739		0.508007		0
2.74		0.507829		0
2.741		0.507652		0
2.742		0.507474		0
2.743		0.507297		0
2.744		0.50712		0
2.745		0.506942		0
2.746		0.506766		0
2.747		0.506589		0
2.748		0.506412		0
2.749		0.506235		0
2.75		0.506059		0
2.751		0.505883		0
2.752		0.505706		0
2.753		0.50553		0
2.754		0.505354		0
2.755		0.505178		0
2.756		0.505003		0
2.757		0.504827		0
2.758		0.504651		0
2.759		0.504476		0
2.76		0.504301		0
2.761		0.504126		0
2.762		0.503951		0
2.763		0.503776		0
2.764		0.503601		0
2.765		0.503426		0
2.766		0.503252		0
2.767		0.503077		0
2.768		0.502903		0
2.769		0.502729		0
2.77		0.502555		0
2.771		0.502381		0
2.772		0.502207		0
2.773		0.502033		0
2.774		0.50186		0
2.775		0.501686		0
2.776		0.501513		0
2.777		0.50134		0
2.778		0.501167		0
2.779		0.500994		0
2.78		0.500821		0
2.781		0.500648		0
2.782		0.500476		0
2.783		0.500303		0
2.784		0.500131		0
2.785		0.499958		0
2.786		0.499786		0
2.787		0.499614		0
2.788		0.499442		0
2.789		0.499271		0
2.79		0.499099		0
2.791		0.498927		0
2.792		0.498756		0
2.793		0.498585		0
2.794		0.498413		0
2.795		0.498242		0
2.796		0.498071		0
2.797		0.497901		0
2.798		0.49773		0
2.799		0.497559		0
2.8		0.497389		0
2.801		0.497218		0
2.802		0.497048		0
2.803		0.496878		0
2.804		0.496708		0
2.805		0.496538		0
2.806		0.496368		0
2.807		0.496199		0
2.808		0.496029		0
2.809		0.495859		0
2.81		0.49569		0
2.811		0.495521		0
2.812		0.495352		0
2.813		0.495183		0
2.814		0.495014		0
2.815		0.494845		0
2.816		0.494677		0
2.817		0.494508		0
2.818		0.49434		0
2.819		0.494171		0
2.82		0.494003		0
2.821		0.493835		0
2.822		0.493667		0
2.823		0.493499		0
2.824		0.493331		0
2.825		0.493164		0
2.826		0.492996		0
2.827		0.492829		0
2.828		0.492662		0
2.829		0.492495		0
2.83		0.492327		0
2.831		0.492161		0
2.832		0.491994		0
2.833		0.491827		0
2.834		0.49166		0
2.835		0.491494		0
2.836		0.491328		0
2.837		0.491161		0
2.838		0.490995		0
2.839		0.490829		0
2.84		0.490663		0
2.841		0.490497		0
2.842		0.490332		0
2.843		0.490166		0
2.844		0.490001		0
2.845		0.489835		0
2.846		0.48967		0
2.847		0.489505		0
2.848		0.48934		0
2.849		0.489175		0
2.85		0.48901		0
2.851		0.488845		0
2.852		0.488681		0
2.853		0.488516		0
2.854		0.488352		0
2.855		0.488188		0
2.856		0.488023		0
2.857		0.487859		0
2.858		0.487695		0
2.859		0.487532		0
2.86		0.487368		0
2.861		0.487204		0
2.862		0.487041		0
2.863		0.486877		0
2.864		0.486714		0
2.865		0.486551		0
2.866		0.486388		0
2.867		0.486225		0
2.868		0.486062		0
2.869		0.485899		0
2.87		0.485737		0
2.871		0.485574		0
2.872		0.485412		0
2.873		0.48525		0
2.874		0.485087		0
2.875		0.484925		0
2.876		0.484763		0
2.877		0.484602		0
2.878		0.48444		0
2.879		0.484278		0
2.88		0.484117		0
2.881		0.483955		0
2.882		0.483794		0
2.883		0.483633		0
2.884		0.483472		0
2.885		0.483311		0
2.886		0.48315		0
2.887		0.482989		0
2.888		0.482828		0
2.889		0.482668		0
2.89		0.482507		0
2.891		0.482347		0
2.892		0.482186		0
2.893		0.482026		0
2.894		0.481866		0
2.895		0.481706		0
2.896		0.481547		0
2.897		0.481387		0
2.898		0.481227		0
2.899		0.481068		0
2.9		0.480908		0
2.901		0.480749		0
2.902		0.48059		0
2.903		0.480431		0
2.904		0.480272		0
2.905		0.480113		0
2.906		0.479954		0
2.907		0.479795		0
2.908		0.479637		0
2.909		0.479478		0
2.91		0.47932		0
2.911		0.479162		0
2.912		0.479004		0
2.913		0.478845		0
2.914		0.478688		0
2.915		0.47853		0
2.916		0.478372		0
2.917		0.478214		0
2.918		0.478057		0
2.919		0.477899		0
2.92		0.477742		0
2.921		0.477585		0
2.922		0.477428		0
2.923		0.477271		0
2.924		0.477114		0
2.925		0.476957		0
2.926		0.4768		0
2.927		0.476644		0
2.928		0.476487		0
2.929		0.476331		0
2.93		0.476175		0
2.931		0.476018		0
2.932		0.475862		0
2.933		0.475706		0
2.934		0.47555		0
2.935		0.475395		0
2.936		0.475239		0
2.937		0.475083		0
2.938		0.474928		0
2.939		0.474772		0
2.94		0.474617		0
2.941		0.474462		0
2.942		0.474307		0
2.943		0.474152		0
2.944		0.473997		0
2.945		0.473842		0
2.946		0.473688		0
2.947		0.473533		0
2.948		0.473379		0
2.949		0.473224		0
2.95		0.47307		0
2.951		0.472916		0
2.952		0.472762		0
2.953		0.472608		0
2.954		0.472454		0
2.955		0.4723		0
2.956		0.472147		0
2.957		0.471993		0
2.958		0.47184		0
2.959		0.471686		0
2.96		0.471533		0
2.961		0.47138		0
2.962		0.471227		0
2.963		0.471074		0
2.964		0.470921		0
2.965		0.470768		0
2.966		0.470615		0
2.967		0.470463		0
2.968		0.47031		0
2.969		0.470158		0
2.97		0.470006		0
2.971		0.469854		0
2.972		0.469701		0
2.973		0.469549		0
2.974		0.469398		0
2.975		0.469246		0
2.976		0.469094		0
2.977		0.468943		0
2.978		0.468791		0
2.979		0.46864		0
2.98		0.468488		0
2.981		0.468337		0
2.982		0.468186		0
2.983		0.468035		0
2.984		0.467884		0
2.985		0.467733		0
2.986		0.467583		0
2.987		0.467432		0
2.988		0.467281		0
2.989		0.467131		0
2.99		0.466981		0
2.991		0.46683		0
2.992		0.46668		0
2.993		0.46653		0
2.994		0.46638		0
2.995		0.466231		0
2.996		0.466081		0
2.997		0.465931		0
2.998		0.465782		0
2.999		0.465632		0
3		0.465483		0
