0.001		467.347		0
0.002		389.045		0
0.003		343.439		0
0.004		306.766		0
0.005		276.017		0
0.006		250.152		0
0.007		228.3		0
0.008		209.708		0
0.009		193.759		0
0.01		179.961		0
0.011		167.927		0
0.012		157.351		0
0.013		147.99		0
0.014		139.65		0
0.015		132.173		0
0.016		125.435		0
0.017		119.33		0
0.018		113.774		0
0.019		108.695		0
0.02		104.034		0
0.021		99.7413		0
0.022		95.7739		0
0.023		92.096		0
0.024		88.6767		0
0.025		85.4895		0
0.026		82.5111		0
0.027		79.7216		0
0.028		77.1034		0
0.029		74.6412		0
0.03		72.3212		0
0.031		70.1316		0
0.032		68.0616		0
0.033		66.1017		0
0.034		64.2434		0
0.035		62.479		0
0.036		60.8017		0
0.037		59.2052		0
0.038		57.6839		0
0.039		56.2327		0
0.04		54.8469		0
0.041		53.5223		0
0.042		52.255		0
0.043		51.0414		0
0.044		49.8783		0
0.045		48.7627		0
0.046		47.6918		0
0.047		46.6631		0
0.048		45.6741		0
0.049		44.7227		0
0.05		43.8068		0
0.051		42.9247		0
0.052		42.0744		0
0.053		41.2544		0
0.054		40.4631		0
0.055		39.6991		0
0.056		38.9611		0
0.057		38.2478		0
0.058		37.5581		0
0.059		36.8908		0
0.06		36.2449		0
0.061		35.6195		0
0.062		35.0136		0
0.063		34.4263		0
0.064		33.8569		0
0.065		33.3046		0
0.066		32.7686		0
0.067		32.2483		0
0.068		31.743		0
0.069		31.2521		0
0.07		30.7751		0
0.071		30.3113		0
0.072		29.8602		0
0.073		29.4215		0
0.074		28.9945		0
0.075		28.5788		0
0.076		28.174		0
0.077		27.7798		0
0.078		27.3956		0
0.079		27.0212		0
0.08		26.6562		0
0.081		26.3002		0
0.082		25.953		0
0.083		25.6142		0
0.084		25.2836		0
0.085		24.9608		0
0.086		24.6456		0
0.087		24.3378		0
0.088		24.037		0
0.089		23.7432		0
0.09		23.4559		0
0.091		23.1751		0
0.092		22.9005		0
0.093		22.632		0
0.094		22.3693		0
0.095		22.1122		0
0.096		21.8606		0
0.097		21.6143		0
0.098		21.3732		0
0.099		21.1371		0
0.1		20.9058		0
0.101		20.6792		0
0.102		20.4572		0
0.103		20.2396		0
0.104		20.0264		0
0.105		19.8173		0
0.106		19.6123		0
0.107		19.4112		0
0.108		19.214		0
0.109		19.0205		0
0.11		18.8307		0
0.111		18.6444		0
0.112		18.4615		0
0.113		18.282		0
0.114		18.1058		0
0.115		17.9327		0
0.116		17.7627		0
0.117		17.5958		0
0.118		17.4317		0
0.119		17.2706		0
0.12		17.1122		0
0.121		16.9566		0
0.122		16.8036		0
0.123		16.6531		0
0.124		16.5053		0
0.125		16.3598		0
0.126		16.2168		0
0.127		16.0761		0
0.128		15.9377		0
0.129		15.8016		0
0.13		15.6676		0
0.131		15.5358		0
0.132		15.406		0
0.133		15.2783		0
0.134		15.1526		0
0.135		15.0288		0
0.136		14.907		0
0.137		14.7869		0
0.138		14.6687		0
0.139		14.5523		0
0.14		14.4376		0
0.141		14.3246		0
0.142		14.2133		0
0.143		14.1036		0
0.144		13.9955		0
0.145		13.889		0
0.146		13.784		0
0.147		13.6805		0
0.148		13.5784		0
0.149		13.4778		0
0.15		13.3786		0
0.151		13.2808		0
0.152		13.1843		0
0.153		13.0891		0
0.154		12.9953		0
0.155		12.9027		0
0.156		12.8113		0
0.157		12.7212		0
0.158		12.6323		0
0.159		12.5445		0
0.16		12.4579		0
0.161		12.3725		0
0.162		12.2881		0
0.163		12.2048		0
0.164		12.1226		0
0.165		12.0415		0
0.166		11.9613		0
0.167		11.8822		0
0.168		11.8041		0
0.169		11.7269		0
0.17		11.6507		0
0.171		11.5754		0
0.172		11.5011		0
0.173		11.4277		0
0.174		11.3551		0
0.175		11.2834		0
0.176		11.2126		0
0.177		11.1427		0
0.178		11.0735		0
0.179		11.0052		0
0.18		10.9377		0
0.181		10.8709		0
0.182		10.8049		0
0.183		10.7397		0
0.184		10.6753		0
0.185		10.6116		0
0.186		10.5486		0
0.187		10.4863		0
0.188		10.4247		0
0.189		10.3638		0
0.19		10.3036		0
0.191		10.244		0
0.192		10.1851		0
0.193		10.1269		0
0.194		10.0692		0
0.195		10.0122		0
0.196		9.95586		0
0.197		9.90009		0
0.198		9.84492		0
0.199		9.79033		0
0.2		9.73632		0
0.201		9.68288		0
0.202		9.63		0
0.203		9.57767		0
0.204		9.52589		0
0.205		9.47464		0
0.206		9.42392		0
0.207		9.37372		0
0.208		9.32403		0
0.209		9.27484		0
0.21		9.22616		0
0.211		9.17796		0
0.212		9.13025		0
0.213		9.08301		0
0.214		9.03624		0
0.215		8.98993		0
0.216		8.94408		0
0.217		8.89868		0
0.218		8.85372		0
0.219		8.8092		0
0.22		8.7651		0
0.221		8.72144		0
0.222		8.67819		0
0.223		8.63535		0
0.224		8.59292		0
0.225		8.5509		0
0.226		8.50926		0
0.227		8.46802		0
0.228		8.42717		0
0.229		8.38669		0
0.23		8.34659		0
0.231		8.30686		0
0.232		8.2675		0
0.233		8.22849		0
0.234		8.18984		0
0.235		8.15155		0
0.236		8.11359		0
0.237		8.07598		0
0.238		8.03871		0
0.239		8.00177		0
0.24		7.96516		0
0.241		7.92887		0
0.242		7.89291		0
0.243		7.85726		0
0.244		7.82192		0
0.245		7.78689		0
0.246		7.75217		0
0.247		7.71774		0
0.248		7.68361		0
0.249		7.64978		0
0.25		7.61623		0
0.251		7.58297		0
0.252		7.55		0
0.253		7.5173		0
0.254		7.48488		0
0.255		7.45273		0
0.256		7.42084		0
0.257		7.38923		0
0.258		7.35788		0
0.259		7.32678		0
0.26		7.29594		0
0.261		7.26536		0
0.262		7.23502		0
0.263		7.20494		0
0.264		7.17509		0
0.265		7.14549		0
0.266		7.11613		0
0.267		7.087		0
0.268		7.05811		0
0.269		7.02944		0
0.27		7.00101		0
0.271		6.9728		0
0.272		6.94481		0
0.273		6.91704		0
0.274		6.88949		0
0.275		6.86215		0
0.276		6.83503		0
0.277		6.80812		0
0.278		6.78141		0
0.279		6.75491		0
0.28		6.72861		0
0.281		6.70252		0
0.282		6.67662		0
0.283		6.65092		0
0.284		6.62541		0
0.285		6.6001		0
0.286		6.57497		0
0.287		6.55004		0
0.288		6.52529		0
0.289		6.50072		0
0.29		6.47634		0
0.291		6.45214		0
0.292		6.42811		0
0.293		6.40426		0
0.294		6.38059		0
0.295		6.35708		0
0.296		6.33375		0
0.297		6.31059		0
0.298		6.28759		0
0.299		6.26476		0
0.3		6.2421		0
0.301		6.21959		0
0.302		6.19725		0
0.303		6.17506		0
0.304		6.15303		0
0.305		6.13116		0
0.306		6.10944		0
0.307		6.08787		0
0.308		6.06645		0
0.309		6.04518		0
0.31		6.02406		0
0.311		6.00309		0
0.312		5.98226		0
0.313		5.96157		0
0.314		5.94102		0
0.315		5.92062		0
0.316		5.90035		0
0.317		5.88022		0
0.318		5.86023		0
0.319		5.84037		0
0.32		5.82065		0
0.321		5.80106		0
0.322		5.7816		0
0.323		5.76226		0
0.324		5.74306		0
0.325		5.72398		0
0.326		5.70503		0
0.327		5.68621		0
0.328		5.6675		0
0.329		5.64892		0
0.33		5.63047		0
0.331		5.61213		0
0.332		5.59391		0
0.333		5.5758		0
0.334		5.55782		0
0.335		5.53995		0
0.336		5.52219		0
0.337		5.50455		0
0.338		5.48701		0
0.339		5.46959		0
0.34		5.45229		0
0.341		5.43508		0
0.342		5.41799		0
0.343		5.40101		0
0.344		5.38413		0
0.345		5.36735		0
0.346		5.35068		0
0.347		5.33412		0
0.348		5.31765		0
0.349		5.30129		0
0.35		5.28503		0
0.351		5.26886		0
0.352		5.2528		0
0.353		5.23683		0
0.354		5.22096		0
0.355		5.20519		0
0.356		5.18951		0
0.357		5.17392		0
0.358		5.15843		0
0.359		5.14303		0
0.36		5.12773		0
0.361		5.11251		0
0.362		5.09739		0
0.363		5.08235		0
0.364		5.0674		0
0.365		5.05254		0
0.366		5.03777		0
0.367		5.02308		0
0.368		5.00848		0
0.369		4.99397		0
0.37		4.97954		0
0.371		4.96519		0
0.372		4.95092		0
0.373		4.93674		0
0.374		4.92264		0
0.375		4.90862		0
0.376		4.89467		0
0.377		4.88081		0
0.378		4.86703		0
0.379		4.85332		0
0.38		4.83969		0
0.381		4.82614		0
0.382		4.81267		0
0.383		4.79927		0
0.384		4.78594		0
0.385		4.77269		0
0.386		4.75951		0
0.387		4.7464		0
0.388		4.73337		0
0.389		4.72041		0
0.39		4.70752		0
0.391		4.6947		0
0.392		4.68195		0
0.393		4.66927		0
0.394		4.65665		0
0.395		4.64411		0
0.396		4.63164		0
0.397		4.61923		0
0.398		4.60688		0
0.399		4.59461		0
0.4		4.5824		0
0.401		4.57025		0
0.402		4.55817		0
0.403		4.54615		0
0.404		4.5342		0
0.405		4.52231		0
0.406		4.51048		0
0.407		4.49872		0
0.408		4.48701		0
0.409		4.47537		0
0.41		4.46379		0
0.411		4.45226		0
0.412		4.4408		0
0.413		4.4294		0
0.414		4.41805		0
0.415		4.40676		0
0.416		4.39553		0
0.417		4.38436		0
0.418		4.37325		0
0.419		4.36219		0
0.42		4.35119		0
0.421		4.34024		0
0.422		4.32935		0
0.423		4.31851		0
0.424		4.30773		0
0.425		4.297		0
0.426		4.28633		0
0.427		4.27571		0
0.428		4.26514		0
0.429		4.25462		0
0.43		4.24416		0
0.431		4.23374		0
0.432		4.22338		0
0.433		4.21307		0
0.434		4.20281		0
0.435		4.1926		0
0.436		4.18244		0
0.437		4.17233		0
0.438		4.16227		0
0.439		4.15226		0
0.44		4.14229		0
0.441		4.13237		0
0.442		4.1225		0
0.443		4.11268		0
0.444		4.10291		0
0.445		4.09318		0
0.446		4.08349		0
0.447		4.07386		0
0.448		4.06427		0
0.449		4.05472		0
0.45		4.04522		0
0.451		4.03576		0
0.452		4.02635		0
0.453		4.01698		0
0.454		4.00766		0
0.455		3.99838		0
0.456		3.98914		0
0.457		3.97994		0
0.458		3.97079		0
0.459		3.96168		0
0.46		3.95261		0
0.461		3.94359		0
0.462		3.9346		0
0.463		3.92565		0
0.464		3.91675		0
0.465		3.90789		0
0.466		3.89906		0
0.467		3.89028		0
0.468		3.88154		0
0.469		3.87283		0
0.47		3.86417		0
0.471		3.85554		0
0.472		3.84695		0
0.473		3.8384		0
0.474		3.82989		0
0.475		3.82141		0
0.476		3.81298		0
0.477		3.80458		0
0.478		3.79622		0
0.479		3.78789		0
0.48		3.7796		0
0.481		3.77135		0
0.482		3.76313		0
0.483		3.75495		0
0.484		3.74681		0
0.485		3.7387		0
0.486		3.73062		0
0.487		3.72258		0
0.488		3.71458		0
0.489		3.70661		0
0.49		3.69867		0
0.491		3.69077		0
0.492		3.6829		0
0.493		3.67506		0
0.494		3.66726		0
0.495		3.65949		0
0.496		3.65175		0
0.497		3.64405		0
0.498		3.63638		0
0.499		3.62874		0
0.5		3.62113		0
0.501		3.61356		0
0.502		3.60601		0
0.503		3.5985		0
0.504		3.59102		0
0.505		3.58357		0
0.506		3.57615		0
0.507		3.56877		0
0.508		3.56141		0
0.509		3.55408		0
0.51		3.54678		0
0.511		3.53952		0
0.512		3.53228		0
0.513		3.52507		0
0.514		3.51789		0
0.515		3.51074		0
0.516		3.50362		0
0.517		3.49653		0
0.518		3.48946		0
0.519		3.48243		0
0.52		3.47542		0
0.521		3.46844		0
0.522		3.46149		0
0.523		3.45457		0
0.524		3.44768		0
0.525		3.44081		0
0.526		3.43397		0
0.527		3.42715		0
0.528		3.42037		0
0.529		3.41361		0
0.53		3.40687		0
0.531		3.40017		0
0.532		3.39349		0
0.533		3.38683		0
0.534		3.3802		0
0.535		3.3736		0
0.536		3.36702		0
0.537		3.36047		0
0.538		3.35395		0
0.539		3.34745		0
0.54		3.34097		0
0.541		3.33452		0
0.542		3.32809		0
0.543		3.32169		0
0.544		3.31531		0
0.545		3.30896		0
0.546		3.30263		0
0.547		3.29633		0
0.548		3.29005		0
0.549		3.28379		0
0.55		3.27756		0
0.551		3.27135		0
0.552		3.26516		0
0.553		3.259		0
0.554		3.25286		0
0.555		3.24674		0
0.556		3.24065		0
0.557		3.23457		0
0.558		3.22853		0
0.559		3.2225		0
0.56		3.2165		0
0.561		3.21051		0
0.562		3.20455		0
0.563		3.19862		0
0.564		3.1927		0
0.565		3.1868		0
0.566		3.18093		0
0.567		3.17508		0
0.568		3.16925		0
0.569		3.16344		0
0.57		3.15765		0
0.571		3.15189		0
0.572		3.14614		0
0.573		3.14041		0
0.574		3.13471		0
0.575		3.12903		0
0.576		3.12336		0
0.577		3.11772		0
0.578		3.1121		0
0.579		3.10649		0
0.58		3.10091		0
0.581		3.09535		0
0.582		3.0898		0
0.583		3.08428		0
0.584		3.07877		0
0.585		3.07329		0
0.586		3.06782		0
0.587		3.06238		0
0.588		3.05695		0
0.589		3.05154		0
0.59		3.04615		0
0.591		3.04078		0
0.592		3.03543		0
0.593		3.03009		0
0.594		3.02478		0
0.595		3.01948		0
0.596		3.01421		0
0.597		3.00895		0
0.598		3.0037		0
0.599		2.99848		0
0.6		2.99327		0
0.601		2.98809		0
0.602		2.98292		0
0.603		2.97776		0
0.604		2.97263		0
0.605		2.96751		0
0.606		2.96241		0
0.607		2.95733		0
0.608		2.95226		0
0.609		2.94721		0
0.61		2.94218		0
0.611		2.93717		0
0.612		2.93217		0
0.613		2.92719		0
0.614		2.92222		0
0.615		2.91727		0
0.616		2.91234		0
0.617		2.90743		0
0.618		2.90253		0
0.619		2.89765		0
0.62		2.89278		0
0.621		2.88793		0
0.622		2.8831		0
0.623		2.87828		0
0.624		2.87348		0
0.625		2.86869		0
0.626		2.86392		0
0.627		2.85916		0
0.628		2.85442		0
0.629		2.8497		0
0.63		2.84499		0
0.631		2.8403		0
0.632		2.83562		0
0.633		2.83095		0
0.634		2.82631		0
0.635		2.82167		0
0.636		2.81705		0
0.637		2.81245		0
0.638		2.80786		0
0.639		2.80329		0
0.64		2.79873		0
0.641		2.79418		0
0.642		2.78965		0
0.643		2.78514		0
0.644		2.78063		0
0.645		2.77615		0
0.646		2.77167		0
0.647		2.76722		0
0.648		2.76277		0
0.649		2.75834		0
0.65		2.75392		0
0.651		2.74952		0
0.652		2.74513		0
0.653		2.74075		0
0.654		2.73639		0
0.655		2.73204		0
0.656		2.72771		0
0.657		2.72339		0
0.658		2.71908		0
0.659		2.71478		0
0.66		2.7105		0
0.661		2.70623		0
0.662		2.70198		0
0.663		2.69774		0
0.664		2.69351		0
0.665		2.68929		0
0.666		2.68509		0
0.667		2.6809		0
0.668		2.67672		0
0.669		2.67256		0
0.67		2.6684		0
0.671		2.66427		0
0.672		2.66014		0
0.673		2.65602		0
0.674		2.65192		0
0.675		2.64783		0
0.676		2.64376		0
0.677		2.63969		0
0.678		2.63564		0
0.679		2.6316		0
0.68		2.62757		0
0.681		2.62355		0
0.682		2.61955		0
0.683		2.61555		0
0.684		2.61157		0
0.685		2.60761		0
0.686		2.60365		0
0.687		2.5997		0
0.688		2.59577		0
0.689		2.59185		0
0.69		2.58794		0
0.691		2.58404		0
0.692		2.58015		0
0.693		2.57627		0
0.694		2.57241		0
0.695		2.56855		0
0.696		2.56471		0
0.697		2.56088		0
0.698		2.55706		0
0.699		2.55325		0
0.7		2.54945		0
0.701		2.54567		0
0.702		2.54189		0
0.703		2.53813		0
0.704		2.53437		0
0.705		2.53063		0
0.706		2.5269		0
0.707		2.52317		0
0.708		2.51946		0
0.709		2.51576		0
0.71		2.51207		0
0.711		2.50839		0
0.712		2.50472		0
0.713		2.50107		0
0.714		2.49742		0
0.715		2.49378		0
0.716		2.49015		0
0.717		2.48653		0
0.718		2.48293		0
0.719		2.47933		0
0.72		2.47574		0
0.721		2.47217		0
0.722		2.4686		0
0.723		2.46504		0
0.724		2.4615		0
0.725		2.45796		0
0.726		2.45443		0
0.727		2.45092		0
0.728		2.44741		0
0.729		2.44391		0
0.73		2.44042		0
0.731		2.43694		0
0.732		2.43348		0
0.733		2.43002		0
0.734		2.42657		0
0.735		2.42313		0
0.736		2.4197		0
0.737		2.41627		0
0.738		2.41286		0
0.739		2.40946		0
0.74		2.40607		0
0.741		2.40268		0
0.742		2.39931		0
0.743		2.39594		0
0.744		2.39259		0
0.745		2.38924		0
0.746		2.3859		0
0.747		2.38257		0
0.748		2.37925		0
0.749		2.37594		0
0.75		2.37264		0
0.751		2.36934		0
0.752		2.36606		0
0.753		2.36278		0
0.754		2.35952		0
0.755		2.35626		0
0.756		2.35301		0
0.757		2.34977		0
0.758		2.34654		0
0.759		2.34331		0
0.76		2.3401		0
0.761		2.33689		0
0.762		2.33369		0
0.763		2.3305		0
0.764		2.32732		0
0.765		2.32415		0
0.766		2.32098		0
0.767		2.31783		0
0.768		2.31468		0
0.769		2.31154		0
0.77		2.30841		0
0.771		2.30529		0
0.772		2.30217		0
0.773		2.29906		0
0.774		2.29597		0
0.775		2.29287		0
0.776		2.28979		0
0.777		2.28672		0
0.778		2.28365		0
0.779		2.28059		0
0.78		2.27754		0
0.781		2.2745		0
0.782		2.27146		0
0.783		2.26843		0
0.784		2.26541		0
0.785		2.2624		0
0.786		2.2594		0
0.787		2.2564		0
0.788		2.25341		0
0.789		2.25043		0
0.79		2.24746		0
0.791		2.24449		0
0.792		2.24153		0
0.793		2.23858		0
0.794		2.23564		0
0.795		2.2327		0
0.796		2.22978		0
0.797		2.22685		0
0.798		2.22394		0
0.799		2.22103		0
0.8		2.21813		0
0.801		2.21524		0
0.802		2.21236		0
0.803		2.20948		0
0.804		2.20661		0
0.805		2.20375		0
0.806		2.20089		0
0.807		2.19804		0
0.808		2.1952		0
0.809		2.19237		0
0.81		2.18954		0
0.811		2.18672		0
0.812		2.1839		0
0.813		2.1811		0
0.814		2.1783		0
0.815		2.1755		0
0.816		2.17272		0
0.817		2.16994		0
0.818		2.16717		0
0.819		2.1644		0
0.82		2.16164		0
0.821		2.15889		0
0.822		2.15615		0
0.823		2.15341		0
0.824		2.15068		0
0.825		2.14795		0
0.826		2.14523		0
0.827		2.14252		0
0.828		2.13981		0
0.829		2.13712		0
0.83		2.13442		0
0.831		2.13174		0
0.832		2.12906		0
0.833		2.12639		0
0.834		2.12372		0
0.835		2.12106		0
0.836		2.11841		0
0.837		2.11576		0
0.838		2.11312		0
0.839		2.11048		0
0.84		2.10786		0
0.841		2.10523		0
0.842		2.10262		0
0.843		2.10001		0
0.844		2.0974		0
0.845		2.09481		0
0.846		2.09222		0
0.847		2.08963		0
0.848		2.08705		0
0.849		2.08448		0
0.85		2.08191		0
0.851		2.07935		0
0.852		2.0768		0
0.853		2.07425		0
0.854		2.07171		0
0.855		2.06917		0
0.856		2.06664		0
0.857		2.06412		0
0.858		2.0616		0
0.859		2.05909		0
0.86		2.05658		0
0.861		2.05408		0
0.862		2.05158		0
0.863		2.04909		0
0.864		2.04661		0
0.865		2.04413		0
0.866		2.04166		0
0.867		2.03919		0
0.868		2.03673		0
0.869		2.03428		0
0.87		2.03183		0
0.871		2.02938		0
0.872		2.02694		0
0.873		2.02451		0
0.874		2.02208		0
0.875		2.01966		0
0.876		2.01725		0
0.877		2.01484		0
0.878		2.01243		0
0.879		2.01003		0
0.88		2.00764		0
0.881		2.00525		0
0.882		2.00287		0
0.883		2.00049		0
0.884		1.99812		0
0.885		1.99575		0
0.886		1.99339		0
0.887		1.99103		0
0.888		1.98868		0
0.889		1.98634		0
0.89		1.984		0
0.891		1.98166		0
0.892		1.97933		0
0.893		1.97701		0
0.894		1.97469		0
0.895		1.97237		0
0.896		1.97006		0
0.897		1.96776		0
0.898		1.96546		0
0.899		1.96317		0
0.9		1.96088		0
0.901		1.95859		0
0.902		1.95632		0
0.903		1.95404		0
0.904		1.95177		0
0.905		1.94951		0
0.906		1.94725		0
0.907		1.945		0
0.908		1.94275		0
0.909		1.94051		0
0.91		1.93827		0
0.911		1.93604		0
0.912		1.93381		0
0.913		1.93158		0
0.914		1.92937		0
0.915		1.92715		0
0.916		1.92494		0
0.917		1.92274		0
0.918		1.92054		0
0.919		1.91834		0
0.92		1.91615		0
0.921		1.91397		0
0.922		1.91179		0
0.923		1.90961		0
0.924		1.90744		0
0.925		1.90528		0
0.926		1.90311		0
0.927		1.90096		0
0.928		1.8988		0
0.929		1.89666		0
0.93		1.89451		0
0.931		1.89238		0
0.932		1.89024		0
0.933		1.88811		0
0.934		1.88599		0
0.935		1.88387		0
0.936		1.88175		0
0.937		1.87964		0
0.938		1.87753		0
0.939		1.87543		0
0.94		1.87333		0
0.941		1.87124		0
0.942		1.86915		0
0.943		1.86707		0
0.944		1.86499		0
0.945		1.86291		0
0.946		1.86084		0
0.947		1.85877		0
0.948		1.85671		0
0.949		1.85465		0
0.95		1.8526		0
0.951		1.85055		0
0.952		1.84851		0
0.953		1.84647		0
0.954		1.84443		0
0.955		1.8424		0
0.956		1.84037		0
0.957		1.83835		0
0.958		1.83633		0
0.959		1.83431		0
0.96		1.8323		0
0.961		1.83029		0
0.962		1.82829		0
0.963		1.82629		0
0.964		1.8243		0
0.965		1.82231		0
0.966		1.82032		0
0.967		1.81834		0
0.968		1.81636		0
0.969		1.81439		0
0.97		1.81242		0
0.971		1.81045		0
0.972		1.80849		0
0.973		1.80653		0
0.974		1.80458		0
0.975		1.80263		0
0.976		1.80068		0
0.977		1.79874		0
0.978		1.7968		0
0.979		1.79487		0
0.98		1.79294		0
0.981		1.79101		0
0.982		1.78909		0
0.983		1.78717		0
0.984		1.78526		0
0.985		1.78335		0
0.986		1.78144		0
0.987		1.77954		0
0.988		1.77764		0
0.989		1.77575		0
0.99		1.77386		0
0.991		1.77197		0
0.992		1.77009		0
0.993		1.76821		0
0.994		1.76633		0
0.995		1.76446		0
0.996		1.76259		0
0.997		1.76073		0
0.998		1.75887		0
0.999		1.75701		0
1		1.75516		0
1.001		1.75331		0
1.002		1.75146		0
1.003		1.74962		0
1.004		1.74778		0
1.005		1.74594		0
1.006		1.74411		0
1.007		1.74228		0
1.008		1.74046		0
1.009		1.73864		0
1.01		1.73682		0
1.011		1.73501		0
1.012		1.7332		0
1.013		1.73139		0
1.014		1.72959		0
1.015		1.72779		0
1.016		1.726		0
1.017		1.72421		0
1.018		1.72242		0
1.019		1.72063		0
1.02		1.71885		0
1.021		1.71707		0
1.022		1.7153		0
1.023		1.71353		0
1.024		1.71176		0
1.025		1.71		0
1.026		1.70824		0
1.027		1.70648		0
1.028		1.70473		0
1.029		1.70298		0
1.03		1.70123		0
1.031		1.69948		0
1.032		1.69774		0
1.033		1.69601		0
1.034		1.69427		0
1.035		1.69254		0
1.036		1.69082		0
1.037		1.68909		0
1.038		1.68737		0
1.039		1.68566		0
1.04		1.68394		0
1.041		1.68223		0
1.042		1.68053		0
1.043		1.67882		0
1.044		1.67712		0
1.045		1.67543		0
1.046		1.67373		0
1.047		1.67204		0
1.048		1.67035		0
1.049		1.66867		0
1.05		1.66699		0
1.051		1.66531		0
1.052		1.66364		0
1.053		1.66197		0
1.054		1.6603		0
1.055		1.65863		0
1.056		1.65697		0
1.057		1.65531		0
1.058		1.65366		0
1.059		1.652		0
1.06		1.65035		0
1.061		1.64871		0
1.062		1.64706		0
1.063		1.64542		0
1.064		1.64379		0
1.065		1.64215		0
1.066		1.64052		0
1.067		1.63889		0
1.068		1.63727		0
1.069		1.63565		0
1.07		1.63403		0
1.071		1.63241		0
1.072		1.6308		0
1.073		1.62919		0
1.074		1.62758		0
1.075		1.62598		0
1.076		1.62438		0
1.077		1.62278		0
1.078		1.62119		0
1.079		1.6196		0
1.08		1.61801		0
1.081		1.61642		0
1.082		1.61484		0
1.083		1.61326		0
1.084		1.61168		0
1.085		1.61011		0
1.086		1.60854		0
1.087		1.60697		0
1.088		1.6054		0
1.089		1.60384		0
1.09		1.60228		0
1.091		1.60072		0
1.092		1.59917		0
1.093		1.59762		0
1.094		1.59607		0
1.095		1.59452		0
1.096		1.59298		0
1.097		1.59144		0
1.098		1.5899		0
1.099		1.58837		0
1.1		1.58684		0
1.101		1.58531		0
1.102		1.58378		0
1.103		1.58226		0
1.104		1.58074		0
1.105		1.57922		0
1.106		1.57771		0
1.107		1.57619		0
1.108		1.57468		0
1.109		1.57318		0
1.11		1.57167		0
1.111		1.57017		0
1.112		1.56867		0
1.113		1.56718		0
1.114		1.56568		0
1.115		1.56419		0
1.116		1.56271		0
1.117		1.56122		0
1.118		1.55974		0
1.119		1.55826		0
1.12		1.55678		0
1.121		1.55531		0
1.122		1.55383		0
1.123		1.55237		0
1.124		1.5509		0
1.125		1.54943		0
1.126		1.54797		0
1.127		1.54651		0
1.128		1.54506		0
1.129		1.5436		0
1.13		1.54215		0
1.131		1.5407		0
1.132		1.53926		0
1.133		1.53781		0
1.134		1.53637		0
1.135		1.53494		0
1.136		1.5335		0
1.137		1.53207		0
1.138		1.53064		0
1.139		1.52921		0
1.14		1.52778		0
1.141		1.52636		0
1.142		1.52494		0
1.143		1.52352		0
1.144		1.5221		0
1.145		1.52069		0
1.146		1.51928		0
1.147		1.51787		0
1.148		1.51646		0
1.149		1.51506		0
1.15		1.51366		0
1.151		1.51226		0
1.152		1.51086		0
1.153		1.50947		0
1.154		1.50808		0
1.155		1.50669		0
1.156		1.5053		0
1.157		1.50392		0
1.158		1.50254		0
1.159		1.50116		0
1.16		1.49978		0
1.161		1.49841		0
1.162		1.49703		0
1.163		1.49566		0
1.164		1.4943		0
1.165		1.49293		0
1.166		1.49157		0
1.167		1.49021		0
1.168		1.48885		0
1.169		1.48749		0
1.17		1.48614		0
1.171		1.48479		0
1.172		1.48344		0
1.173		1.48209		0
1.174		1.48075		0
1.175		1.47941		0
1.176		1.47807		0
1.177		1.47673		0
1.178		1.4754		0
1.179		1.47406		0
1.18		1.47273		0
1.181		1.4714		0
1.182		1.47008		0
1.183		1.46875		0
1.184		1.46743		0
1.185		1.46611		0
1.186		1.4648		0
1.187		1.46348		0
1.188		1.46217		0
1.189		1.46086		0
1.19		1.45955		0
1.191		1.45824		0
1.192		1.45694		0
1.193		1.45564		0
1.194		1.45434		0
1.195		1.45304		0
1.196		1.45175		0
1.197		1.45045		0
1.198		1.44916		0
1.199		1.44787		0
1.2		1.44659		0
1.201		1.4453		0
1.202		1.44402		0
1.203		1.44274		0
1.204		1.44146		0
1.205		1.44019		0
1.206		1.43891		0
1.207		1.43764		0
1.208		1.43637		0
1.209		1.43511		0
1.21		1.43384		0
1.211		1.43258		0
1.212		1.43132		0
1.213		1.43006		0
1.214		1.4288		0
1.215		1.42755		0
1.216		1.42629		0
1.217		1.42504		0
1.218		1.42379		0
1.219		1.42255		0
1.22		1.4213		0
1.221		1.42006		0
1.222		1.41882		0
1.223		1.41758		0
1.224		1.41634		0
1.225		1.41511		0
1.226		1.41388		0
1.227		1.41265		0
1.228		1.41142		0
1.229		1.41019		0
1.23		1.40897		0
1.231		1.40775		0
1.232		1.40653		0
1.233		1.40531		0
1.234		1.40409		0
1.235		1.40288		0
1.236		1.40166		0
1.237		1.40045		0
1.238		1.39925		0
1.239		1.39804		0
1.24		1.39683		0
1.241		1.39563		0
1.242		1.39443		0
1.243		1.39323		0
1.244		1.39204		0
1.245		1.39084		0
1.246		1.38965		0
1.247		1.38846		0
1.248		1.38727		0
1.249		1.38608		0
1.25		1.3849		0
1.251		1.38371		0
1.252		1.38253		0
1.253		1.38135		0
1.254		1.38017		0
1.255		1.379		0
1.256		1.37782		0
1.257		1.37665		0
1.258		1.37548		0
1.259		1.37431		0
1.26		1.37315		0
1.261		1.37198		0
1.262		1.37082		0
1.263		1.36966		0
1.264		1.3685		0
1.265		1.36734		0
1.266		1.36619		0
1.267		1.36503		0
1.268		1.36388		0
1.269		1.36273		0
1.27		1.36158		0
1.271		1.36044		0
1.272		1.35929		0
1.273		1.35815		0
1.274		1.35701		0
1.275		1.35587		0
1.276		1.35473		0
1.277		1.3536		0
1.278		1.35246		0
1.279		1.35133		0
1.28		1.3502		0
1.281		1.34907		0
1.282		1.34795		0
1.283		1.34682		0
1.284		1.3457		0
1.285		1.34458		0
1.286		1.34346		0
1.287		1.34234		0
1.288		1.34123		0
1.289		1.34011		0
1.29		1.339		0
1.291		1.33789		0
1.292		1.33678		0
1.293		1.33567		0
1.294		1.33457		0
1.295		1.33346		0
1.296		1.33236		0
1.297		1.33126		0
1.298		1.33016		0
1.299		1.32906		0
1.3		1.32797		0
1.301		1.32687		0
1.302		1.32578		0
1.303		1.32469		0
1.304		1.3236		0
1.305		1.32252		0
1.306		1.32143		0
1.307		1.32035		0
1.308		1.31927		0
1.309		1.31818		0
1.31		1.31711		0
1.311		1.31603		0
1.312		1.31495		0
1.313		1.31388		0
1.314		1.31281		0
1.315		1.31174		0
1.316		1.31067		0
1.317		1.3096		0
1.318		1.30854		0
1.319		1.30747		0
1.32		1.30641		0
1.321		1.30535		0
1.322		1.30429		0
1.323		1.30323		0
1.324		1.30218		0
1.325		1.30112		0
1.326		1.30007		0
1.327		1.29902		0
1.328		1.29797		0
1.329		1.29692		0
1.33		1.29588		0
1.331		1.29483		0
1.332		1.29379		0
1.333		1.29275		0
1.334		1.29171		0
1.335		1.29067		0
1.336		1.28963		0
1.337		1.2886		0
1.338		1.28756		0
1.339		1.28653		0
1.34		1.2855		0
1.341		1.28447		0
1.342		1.28344		0
1.343		1.28242		0
1.344		1.28139		0
1.345		1.28037		0
1.346		1.27935		0
1.347		1.27833		0
1.348		1.27731		0
1.349		1.2763		0
1.35		1.27528		0
1.351		1.27427		0
1.352		1.27325		0
1.353		1.27224		0
1.354		1.27123		0
1.355		1.27023		0
1.356		1.26922		0
1.357		1.26822		0
1.358		1.26721		0
1.359		1.26621		0
1.36		1.26521		0
1.361		1.26421		0
1.362		1.26321		0
1.363		1.26222		0
1.364		1.26122		0
1.365		1.26023		0
1.366		1.25924		0
1.367		1.25825		0
1.368		1.25726		0
1.369		1.25627		0
1.37		1.25529		0
1.371		1.25431		0
1.372		1.25332		0
1.373		1.25234		0
1.374		1.25136		0
1.375		1.25038		0
1.376		1.24941		0
1.377		1.24843		0
1.378		1.24746		0
1.379		1.24648		0
1.38		1.24551		0
1.381		1.24454		0
1.382		1.24358		0
1.383		1.24261		0
1.384		1.24164		0
1.385		1.24068		0
1.386		1.23972		0
1.387		1.23875		0
1.388		1.23779		0
1.389		1.23684		0
1.39		1.23588		0
1.391		1.23492		0
1.392		1.23397		0
1.393		1.23302		0
1.394		1.23206		0
1.395		1.23111		0
1.396		1.23017		0
1.397		1.22922		0
1.398		1.22827		0
1.399		1.22733		0
1.4		1.22638		0
1.401		1.22544		0
1.402		1.2245		0
1.403		1.22356		0
1.404		1.22262		0
1.405		1.22169		0
1.406		1.22075		0
1.407		1.21982		0
1.408		1.21888		0
1.409		1.21795		0
1.41		1.21702		0
1.411		1.2161		0
1.412		1.21517		0
1.413		1.21424		0
1.414		1.21332		0
1.415		1.21239		0
1.416		1.21147		0
1.417		1.21055		0
1.418		1.20963		0
1.419		1.20871		0
1.42		1.2078		0
1.421		1.20688		0
1.422		1.20597		0
1.423		1.20506		0
1.424		1.20414		0
1.425		1.20323		0
1.426		1.20232		0
1.427		1.20142		0
1.428		1.20051		0
1.429		1.19961		0
1.43		1.1987		0
1.431		1.1978		0
1.432		1.1969		0
1.433		1.196		0
1.434		1.1951		0
1.435		1.1942		0
1.436		1.19331		0
1.437		1.19241		0
1.438		1.19152		0
1.439		1.19062		0
1.44		1.18973		0
1.441		1.18884		0
1.442		1.18795		0
1.443		1.18707		0
1.444		1.18618		0
1.445		1.1853		0
1.446		1.18441		0
1.447		1.18353		0
1.448		1.18265		0
1.449		1.18177		0
1.45		1.18089		0
1.451		1.18001		0
1.452		1.17914		0
1.453		1.17826		0
1.454		1.17739		0
1.455		1.17651		0
1.456		1.17564		0
1.457		1.17477		0
1.458		1.1739		0
1.459		1.17304		0
1.46		1.17217		0
1.461		1.1713		0
1.462		1.17044		0
1.463		1.16958		0
1.464		1.16871		0
1.465		1.16785		0
1.466		1.16699		0
1.467		1.16614		0
1.468		1.16528		0
1.469		1.16442		0
1.47		1.16357		0
1.471		1.16271		0
1.472		1.16186		0
1.473		1.16101		0
1.474		1.16016		0
1.475		1.15931		0
1.476		1.15846		0
1.477		1.15762		0
1.478		1.15677		0
1.479		1.15593		0
1.48		1.15509		0
1.481		1.15424		0
1.482		1.1534		0
1.483		1.15256		0
1.484		1.15172		0
1.485		1.15089		0
1.486		1.15005		0
1.487		1.14922		0
1.488		1.14838		0
1.489		1.14755		0
1.49		1.14672		0
1.491		1.14589		0
1.492		1.14506		0
1.493		1.14423		0
1.494		1.1434		0
1.495		1.14258		0
1.496		1.14175		0
1.497		1.14093		0
1.498		1.1401		0
1.499		1.13928		0
1.5		1.13846		0
1.501		1.13764		0
1.502		1.13683		0
1.503		1.13601		0
1.504		1.13519		0
1.505		1.13438		0
1.506		1.13356		0
1.507		1.13275		0
1.508		1.13194		0
1.509		1.13113		0
1.51		1.13032		0
1.511		1.12951		0
1.512		1.1287		0
1.513		1.1279		0
1.514		1.12709		0
1.515		1.12629		0
1.516		1.12549		0
1.517		1.12468		0
1.518		1.12388		0
1.519		1.12308		0
1.52		1.12228		0
1.521		1.12149		0
1.522		1.12069		0
1.523		1.11989		0
1.524		1.1191		0
1.525		1.11831		0
1.526		1.11751		0
1.527		1.11672		0
1.528		1.11593		0
1.529		1.11514		0
1.53		1.11436		0
1.531		1.11357		0
1.532		1.11278		0
1.533		1.112		0
1.534		1.11121		0
1.535		1.11043		0
1.536		1.10965		0
1.537		1.10887		0
1.538		1.10809		0
1.539		1.10731		0
1.54		1.10653		0
1.541		1.10575		0
1.542		1.10498		0
1.543		1.1042		0
1.544		1.10343		0
1.545		1.10266		0
1.546		1.10189		0
1.547		1.10112		0
1.548		1.10035		0
1.549		1.09958		0
1.55		1.09881		0
1.551		1.09804		0
1.552		1.09728		0
1.553		1.09651		0
1.554		1.09575		0
1.555		1.09499		0
1.556		1.09422		0
1.557		1.09346		0
1.558		1.0927		0
1.559		1.09195		0
1.56		1.09119		0
1.561		1.09043		0
1.562		1.08968		0
1.563		1.08892		0
1.564		1.08817		0
1.565		1.08741		0
1.566		1.08666		0
1.567		1.08591		0
1.568		1.08516		0
1.569		1.08441		0
1.57		1.08367		0
1.571		1.08292		0
1.572		1.08217		0
1.573		1.08143		0
1.574		1.08068		0
1.575		1.07994		0
1.576		1.0792		0
1.577		1.07846		0
1.578		1.07772		0
1.579		1.07698		0
1.58		1.07624		0
1.581		1.0755		0
1.582		1.07477		0
1.583		1.07403		0
1.584		1.0733		0
1.585		1.07256		0
1.586		1.07183		0
1.587		1.0711		0
1.588		1.07037		0
1.589		1.06964		0
1.59		1.06891		0
1.591		1.06818		0
1.592		1.06745		0
1.593		1.06673		0
1.594		1.066		0
1.595		1.06528		0
1.596		1.06456		0
1.597		1.06383		0
1.598		1.06311		0
1.599		1.06239		0
1.6		1.06167		0
1.601		1.06095		0
1.602		1.06024		0
1.603		1.05952		0
1.604		1.0588		0
1.605		1.05809		0
1.606		1.05737		0
1.607		1.05666		0
1.608		1.05595		0
1.609		1.05524		0
1.61		1.05453		0
1.611		1.05382		0
1.612		1.05311		0
1.613		1.0524		0
1.614		1.05169		0
1.615		1.05099		0
1.616		1.05028		0
1.617		1.04958		0
1.618		1.04887		0
1.619		1.04817		0
1.62		1.04747		0
1.621		1.04677		0
1.622		1.04607		0
1.623		1.04537		0
1.624		1.04467		0
1.625		1.04397		0
1.626		1.04328		0
1.627		1.04258		0
1.628		1.04189		0
1.629		1.04119		0
1.63		1.0405		0
1.631		1.03981		0
1.632		1.03912		0
1.633		1.03843		0
1.634		1.03774		0
1.635		1.03705		0
1.636		1.03636		0
1.637		1.03568		0
1.638		1.03499		0
1.639		1.0343		0
1.64		1.03362		0
1.641		1.03294		0
1.642		1.03225		0
1.643		1.03157		0
1.644		1.03089		0
1.645		1.03021		0
1.646		1.02953		0
1.647		1.02885		0
1.648		1.02818		0
1.649		1.0275		0
1.65		1.02682		0
1.651		1.02615		0
1.652		1.02547		0
1.653		1.0248		0
1.654		1.02413		0
1.655		1.02346		0
1.656		1.02279		0
1.657		1.02212		0
1.658		1.02145		0
1.659		1.02078		0
1.66		1.02011		0
1.661		1.01944		0
1.662		1.01878		0
1.663		1.01811		0
1.664		1.01745		0
1.665		1.01679		0
1.666		1.01612		0
1.667		1.01546		0
1.668		1.0148		0
1.669		1.01414		0
1.67		1.01348		0
1.671		1.01282		0
1.672		1.01216		0
1.673		1.01151		0
1.674		1.01085		0
1.675		1.01019		0
1.676		1.00954		0
1.677		1.00889		0
1.678		1.00823		0
1.679		1.00758		0
1.68		1.00693		0
1.681		1.00628		0
1.682		1.00563		0
1.683		1.00498		0
1.684		1.00433		0
1.685		1.00368		0
1.686		1.00304		0
1.687		1.00239		0
1.688		1.00175		0
1.689		1.0011		0
1.69		1.00046		0
1.691		0.999816		0
1.692		0.999174		0
1.693		0.998532		0
1.694		0.997892		0
1.695		0.997252		0
1.696		0.996613		0
1.697		0.995975		0
1.698		0.995338		0
1.699		0.994701		0
1.7		0.994065		0
1.701		0.99343		0
1.702		0.992796		0
1.703		0.992162		0
1.704		0.991529		0
1.705		0.990897		0
1.706		0.990266		0
1.707		0.989635		0
1.708		0.989005		0
1.709		0.988376		0
1.71		0.987748		0
1.711		0.987121		0
1.712		0.986494		0
1.713		0.985868		0
1.714		0.985242		0
1.715		0.984618		0
1.716		0.983994		0
1.717		0.983371		0
1.718		0.982749		0
1.719		0.982127		0
1.72		0.981506		0
1.721		0.980886		0
1.722		0.980267		0
1.723		0.979648		0
1.724		0.97903		0
1.725		0.978413		0
1.726		0.977797		0
1.727		0.977181		0
1.728		0.976566		0
1.729		0.975952		0
1.73		0.975338		0
1.731		0.974725		0
1.732		0.974113		0
1.733		0.973502		0
1.734		0.972891		0
1.735		0.972281		0
1.736		0.971672		0
1.737		0.971064		0
1.738		0.970456		0
1.739		0.969849		0
1.74		0.969243		0
1.741		0.968637		0
1.742		0.968032		0
1.743		0.967428		0
1.744		0.966824		0
1.745		0.966222		0
1.746		0.96562		0
1.747		0.965018		0
1.748		0.964418		0
1.749		0.963818		0
1.75		0.963218		0
1.751		0.96262		0
1.752		0.962022		0
1.753		0.961425		0
1.754		0.960828		0
1.755		0.960233		0
1.756		0.959638		0
1.757		0.959043		0
1.758		0.95845		0
1.759		0.957857		0
1.76		0.957264		0
1.761		0.956673		0
1.762		0.956082		0
1.763		0.955491		0
1.764		0.954902		0
1.765		0.954313		0
1.766		0.953725		0
1.767		0.953137		0
1.768		0.952551		0
1.769		0.951964		0
1.77		0.951379		0
1.771		0.950794		0
1.772		0.95021		0
1.773		0.949627		0
1.774		0.949044		0
1.775		0.948462		0
1.776		0.94788		0
1.777		0.9473		0
1.778		0.94672		0
1.779		0.94614		0
1.78		0.945562		0
1.781		0.944984		0
1.782		0.944406		0
1.783		0.943829		0
1.784		0.943253		0
1.785		0.942678		0
1.786		0.942103		0
1.787		0.941529		0
1.788		0.940956		0
1.789		0.940383		0
1.79		0.939811		0
1.791		0.939239		0
1.792		0.938668		0
1.793		0.938098		0
1.794		0.937529		0
1.795		0.93696		0
1.796		0.936392		0
1.797		0.935824		0
1.798		0.935257		0
1.799		0.934691		0
1.8		0.934125		0
1.801		0.93356		0
1.802		0.932996		0
1.803		0.932432		0
1.804		0.931869		0
1.805		0.931307		0
1.806		0.930745		0
1.807		0.930184		0
1.808		0.929624		0
1.809		0.929064		0
1.81		0.928505		0
1.811		0.927946		0
1.812		0.927388		0
1.813		0.926831		0
1.814		0.926274		0
1.815		0.925718		0
1.816		0.925163		0
1.817		0.924608		0
1.818		0.924054		0
1.819		0.9235		0
1.82		0.922947		0
1.821		0.922395		0
1.822		0.921843		0
1.823		0.921292		0
1.824		0.920742		0
1.825		0.920192		0
1.826		0.919643		0
1.827		0.919094		0
1.828		0.918546		0
1.829		0.917999		0
1.83		0.917452		0
1.831		0.916906		0
1.832		0.91636		0
1.833		0.915816		0
1.834		0.915271		0
1.835		0.914728		0
1.836		0.914185		0
1.837		0.913642		0
1.838		0.9131		0
1.839		0.912559		0
1.84		0.912018		0
1.841		0.911478		0
1.842		0.910939		0
1.843		0.9104		0
1.844		0.909862		0
1.845		0.909324		0
1.846		0.908787		0
1.847		0.908251		0
1.848		0.907715		0
1.849		0.90718		0
1.85		0.906645		0
1.851		0.906111		0
1.852		0.905578		0
1.853		0.905045		0
1.854		0.904512		0
1.855		0.903981		0
1.856		0.90345		0
1.857		0.902919		0
1.858		0.902389		0
1.859		0.90186		0
1.86		0.901331		0
1.861		0.900803		0
1.862		0.900275		0
1.863		0.899748		0
1.864		0.899222		0
1.865		0.898696		0
1.866		0.898171		0
1.867		0.897646		0
1.868		0.897122		0
1.869		0.896598		0
1.87		0.896076		0
1.871		0.895553		0
1.872		0.895031		0
1.873		0.89451		0
1.874		0.893989		0
1.875		0.893469		0
1.876		0.89295		0
1.877		0.892431		0
1.878		0.891913		0
1.879		0.891395		0
1.88		0.890878		0
1.881		0.890361		0
1.882		0.889845		0
1.883		0.889329		0
1.884		0.888814		0
1.885		0.8883		0
1.886		0.887786		0
1.887		0.887273		0
1.888		0.88676		0
1.889		0.886248		0
1.89		0.885736		0
1.891		0.885225		0
1.892		0.884715		0
1.893		0.884205		0
1.894		0.883695		0
1.895		0.883186		0
1.896		0.882678		0
1.897		0.88217		0
1.898		0.881663		0
1.899		0.881157		0
1.9		0.88065		0
1.901		0.880145		0
1.902		0.87964		0
1.903		0.879135		0
1.904		0.878632		0
1.905		0.878128		0
1.906		0.877625		0
1.907		0.877123		0
1.908		0.876621		0
1.909		0.87612		0
1.91		0.87562		0
1.911		0.875119		0
1.912		0.87462		0
1.913		0.874121		0
1.914		0.873622		0
1.915		0.873124		0
1.916		0.872627		0
1.917		0.87213		0
1.918		0.871634		0
1.919		0.871138		0
1.92		0.870643		0
1.921		0.870148		0
1.922		0.869654		0
1.923		0.86916		0
1.924		0.868667		0
1.925		0.868174		0
1.926		0.867682		0
1.927		0.867191		0
1.928		0.8667		0
1.929		0.866209		0
1.93		0.865719		0
1.931		0.86523		0
1.932		0.864741		0
1.933		0.864252		0
1.934		0.863764		0
1.935		0.863277		0
1.936		0.86279		0
1.937		0.862304		0
1.938		0.861818		0
1.939		0.861332		0
1.94		0.860848		0
1.941		0.860363		0
1.942		0.85988		0
1.943		0.859396		0
1.944		0.858914		0
1.945		0.858431		0
1.946		0.85795		0
1.947		0.857468		0
1.948		0.856988		0
1.949		0.856507		0
1.95		0.856028		0
1.951		0.855549		0
1.952		0.85507		0
1.953		0.854592		0
1.954		0.854114		0
1.955		0.853637		0
1.956		0.85316		0
1.957		0.852684		0
1.958		0.852208		0
1.959		0.851733		0
1.96		0.851259		0
1.961		0.850785		0
1.962		0.850311		0
1.963		0.849838		0
1.964		0.849365		0
1.965		0.848893		0
1.966		0.848421		0
1.967		0.84795		0
1.968		0.847479		0
1.969		0.847009		0
1.97		0.84654		0
1.971		0.84607		0
1.972		0.845602		0
1.973		0.845133		0
1.974		0.844666		0
1.975		0.844198		0
1.976		0.843732		0
1.977		0.843265		0
1.978		0.8428		0
1.979		0.842334		0
1.98		0.84187		0
1.981		0.841405		0
1.982		0.840941		0
1.983		0.840478		0
1.984		0.840015		0
1.985		0.839553		0
1.986		0.839091		0
1.987		0.83863		0
1.988		0.838169		0
1.989		0.837708		0
1.99		0.837248		0
1.991		0.836789		0
1.992		0.83633		0
1.993		0.835871		0
1.994		0.835413		0
1.995		0.834955		0
1.996		0.834498		0
1.997		0.834042		0
1.998		0.833585		0
1.999		0.83313		0
2		0.832674		0
2.001		0.83222		0
2.002		0.831765		0
2.003		0.831312		0
2.004		0.830858		0
2.005		0.830405		0
2.006		0.829953		0
2.007		0.829501		0
2.008		0.829049		0
2.009		0.828598		0
2.01		0.828148		0
2.011		0.827698		0
2.012		0.827248		0
2.013		0.826799		0
2.014		0.82635		0
2.015		0.825902		0
2.016		0.825454		0
2.017		0.825007		0
2.018		0.82456		0
2.019		0.824113		0
2.02		0.823667		0
2.021		0.823222		0
2.022		0.822777		0
2.023		0.822332		0
2.024		0.821888		0
2.025		0.821444		0
2.026		0.821001		0
2.027		0.820558		0
2.028		0.820116		0
2.029		0.819674		0
2.03		0.819233		0
2.031		0.818792		0
2.032		0.818351		0
2.033		0.817911		0
2.034		0.817472		0
2.035		0.817032		0
2.036		0.816594		0
2.037		0.816155		0
2.038		0.815717		0
2.039		0.81528		0
2.04		0.814843		0
2.041		0.814407		0
2.042		0.81397		0
2.043		0.813535		0
2.044		0.8131		0
2.045		0.812665		0
2.046		0.812231		0
2.047		0.811797		0
2.048		0.811363		0
2.049		0.81093		0
2.05		0.810498		0
2.051		0.810066		0
2.052		0.809634		0
2.053		0.809203		0
2.054		0.808772		0
2.055		0.808341		0
2.056		0.807911		0
2.057		0.807482		0
2.058		0.807053		0
2.059		0.806624		0
2.06		0.806196		0
2.061		0.805768		0
2.062		0.805341		0
2.063		0.804914		0
2.064		0.804487		0
2.065		0.804061		0
2.066		0.803636		0
2.067		0.80321		0
2.068		0.802786		0
2.069		0.802361		0
2.07		0.801937		0
2.071		0.801514		0
2.072		0.801091		0
2.073		0.800668		0
2.074		0.800246		0
2.075		0.799824		0
2.076		0.799403		0
2.077		0.798982		0
2.078		0.798561		0
2.079		0.798141		0
2.08		0.797721		0
2.081		0.797302		0
2.082		0.796883		0
2.083		0.796464		0
2.084		0.796046		0
2.085		0.795629		0
2.086		0.795211		0
2.087		0.794795		0
2.088		0.794378		0
2.089		0.793962		0
2.09		0.793547		0
2.091		0.793131		0
2.092		0.792717		0
2.093		0.792302		0
2.094		0.791888		0
2.095		0.791475		0
2.096		0.791062		0
2.097		0.790649		0
2.098		0.790237		0
2.099		0.789825		0
2.1		0.789413		0
2.101		0.789002		0
2.102		0.788592		0
2.103		0.788181		0
2.104		0.787772		0
2.105		0.787362		0
2.106		0.786953		0
2.107		0.786544		0
2.108		0.786136		0
2.109		0.785728		0
2.11		0.785321		0
2.111		0.784914		0
2.112		0.784507		0
2.113		0.784101		0
2.114		0.783695		0
2.115		0.78329		0
2.116		0.782885		0
2.117		0.78248		0
2.118		0.782076		0
2.119		0.781672		0
2.12		0.781268		0
2.121		0.780865		0
2.122		0.780463		0
2.123		0.78006		0
2.124		0.779658		0
2.125		0.779257		0
2.126		0.778856		0
2.127		0.778455		0
2.128		0.778055		0
2.129		0.777655		0
2.13		0.777255		0
2.131		0.776856		0
2.132		0.776457		0
2.133		0.776059		0
2.134		0.775661		0
2.135		0.775263		0
2.136		0.774866		0
2.137		0.774469		0
2.138		0.774073		0
2.139		0.773677		0
2.14		0.773281		0
2.141		0.772886		0
2.142		0.772491		0
2.143		0.772096		0
2.144		0.771702		0
2.145		0.771308		0
2.146		0.770915		0
2.147		0.770522		0
2.148		0.770129		0
2.149		0.769737		0
2.15		0.769345		0
2.151		0.768954		0
2.152		0.768563		0
2.153		0.768172		0
2.154		0.767782		0
2.155		0.767392		0
2.156		0.767002		0
2.157		0.766613		0
2.158		0.766224		0
2.159		0.765835		0
2.16		0.765447		0
2.161		0.76506		0
2.162		0.764672		0
2.163		0.764285		0
2.164		0.763899		0
2.165		0.763512		0
2.166		0.763127		0
2.167		0.762741		0
2.168		0.762356		0
2.169		0.761971		0
2.17		0.761587		0
2.171		0.761203		0
2.172		0.760819		0
2.173		0.760436		0
2.174		0.760053		0
2.175		0.75967		0
2.176		0.759288		0
2.177		0.758906		0
2.178		0.758525		0
2.179		0.758144		0
2.18		0.757763		0
2.181		0.757383		0
2.182		0.757003		0
2.183		0.756623		0
2.184		0.756244		0
2.185		0.755865		0
2.186		0.755486		0
2.187		0.755108		0
2.188		0.75473		0
2.189		0.754353		0
2.19		0.753975		0
2.191		0.753599		0
2.192		0.753222		0
2.193		0.752846		0
2.194		0.75247		0
2.195		0.752095		0
2.196		0.75172		0
2.197		0.751346		0
2.198		0.750971		0
2.199		0.750597		0
2.2		0.750224		0
2.201		0.749851		0
2.202		0.749478		0
2.203		0.749105		0
2.204		0.748733		0
2.205		0.748361		0
2.206		0.74799		0
2.207		0.747619		0
2.208		0.747248		0
2.209		0.746877		0
2.21		0.746507		0
2.211		0.746138		0
2.212		0.745768		0
2.213		0.745399		0
2.214		0.745031		0
2.215		0.744662		0
2.216		0.744294		0
2.217		0.743927		0
2.218		0.743559		0
2.219		0.743192		0
2.22		0.742826		0
2.221		0.74246		0
2.222		0.742094		0
2.223		0.741728		0
2.224		0.741363		0
2.225		0.740998		0
2.226		0.740633		0
2.227		0.740269		0
2.228		0.739905		0
2.229		0.739542		0
2.23		0.739179		0
2.231		0.738816		0
2.232		0.738453		0
2.233		0.738091		0
2.234		0.737729		0
2.235		0.737368		0
2.236		0.737007		0
2.237		0.736646		0
2.238		0.736285		0
2.239		0.735925		0
2.24		0.735565		0
2.241		0.735206		0
2.242		0.734847		0
2.243		0.734488		0
2.244		0.734129		0
2.245		0.733771		0
2.246		0.733413		0
2.247		0.733056		0
2.248		0.732699		0
2.249		0.732342		0
2.25		0.731985		0
2.251		0.731629		0
2.252		0.731273		0
2.253		0.730918		0
2.254		0.730563		0
2.255		0.730208		0
2.256		0.729853		0
2.257		0.729499		0
2.258		0.729145		0
2.259		0.728792		0
2.26		0.728439		0
2.261		0.728086		0
2.262		0.727733		0
2.263		0.727381		0
2.264		0.727029		0
2.265		0.726677		0
2.266		0.726326		0
2.267		0.725975		0
2.268		0.725624		0
2.269		0.725274		0
2.27		0.724924		0
2.271		0.724575		0
2.272		0.724225		0
2.273		0.723876		0
2.274		0.723527		0
2.275		0.723179		0
2.276		0.722831		0
2.277		0.722483		0
2.278		0.722136		0
2.279		0.721789		0
2.28		0.721442		0
2.281		0.721096		0
2.282		0.720749		0
2.283		0.720404		0
2.284		0.720058		0
2.285		0.719713		0
2.286		0.719368		0
2.287		0.719023		0
2.288		0.718679		0
2.289		0.718335		0
2.29		0.717991		0
2.291		0.717648		0
2.292		0.717305		0
2.293		0.716962		0
2.294		0.71662		0
2.295		0.716278		0
2.296		0.715936		0
2.297		0.715595		0
2.298		0.715254		0
2.299		0.714913		0
2.3		0.714572		0
2.301		0.714232		0
2.302		0.713892		0
2.303		0.713553		0
2.304		0.713213		0
2.305		0.712874		0
2.306		0.712536		0
2.307		0.712197		0
2.308		0.711859		0
2.309		0.711521		0
2.31		0.711184		0
2.311		0.710847		0
2.312		0.71051		0
2.313		0.710173		0
2.314		0.709837		0
2.315		0.709501		0
2.316		0.709166		0
2.317		0.70883		0
2.318		0.708495		0
2.319		0.70816		0
2.32		0.707826		0
2.321		0.707492		0
2.322		0.707158		0
2.323		0.706825		0
2.324		0.706491		0
2.325		0.706158		0
2.326		0.705826		0
2.327		0.705493		0
2.328		0.705161		0
2.329		0.70483		0
2.33		0.704498		0
2.331		0.704167		0
2.332		0.703836		0
2.333		0.703506		0
2.334		0.703175		0
2.335		0.702846		0
2.336		0.702516		0
2.337		0.702186		0
2.338		0.701857		0
2.339		0.701529		0
2.34		0.7012		0
2.341		0.700872		0
2.342		0.700544		0
2.343		0.700216		0
2.344		0.699889		0
2.345		0.699562		0
2.346		0.699235		0
2.347		0.698909		0
2.348		0.698583		0
2.349		0.698257		0
2.35		0.697931		0
2.351		0.697606		0
2.352		0.697281		0
2.353		0.696956		0
2.354		0.696632		0
2.355		0.696308		0
2.356		0.695984		0
2.357		0.69566		0
2.358		0.695337		0
2.359		0.695014		0
2.36		0.694691		0
2.361		0.694369		0
2.362		0.694047		0
2.363		0.693725		0
2.364		0.693403		0
2.365		0.693082		0
2.366		0.692761		0
2.367		0.692441		0
2.368		0.69212		0
2.369		0.6918		0
2.37		0.69148		0
2.371		0.691161		0
2.372		0.690841		0
2.373		0.690522		0
2.374		0.690203		0
2.375		0.689885		0
2.376		0.689567		0
2.377		0.689249		0
2.378		0.688931		0
2.379		0.688614		0
2.38		0.688297		0
2.381		0.68798		0
2.382		0.687664		0
2.383		0.687347		0
2.384		0.687032		0
2.385		0.686716		0
2.386		0.6864		0
2.387		0.686085		0
2.388		0.68577		0
2.389		0.685456		0
2.39		0.685142		0
2.391		0.684828		0
2.392		0.684514		0
2.393		0.6842		0
2.394		0.683887		0
2.395		0.683574		0
2.396		0.683262		0
2.397		0.682949		0
2.398		0.682637		0
2.399		0.682325		0
2.4		0.682014		0
2.401		0.681703		0
2.402		0.681392		0
2.403		0.681081		0
2.404		0.68077		0
2.405		0.68046		0
2.406		0.68015		0
2.407		0.679841		0
2.408		0.679531		0
2.409		0.679222		0
2.41		0.678913		0
2.411		0.678605		0
2.412		0.678296		0
2.413		0.677988		0
2.414		0.67768		0
2.415		0.677373		0
2.416		0.677066		0
2.417		0.676759		0
2.418		0.676452		0
2.419		0.676145		0
2.42		0.675839		0
2.421		0.675533		0
2.422		0.675228		0
2.423		0.674922		0
2.424		0.674617		0
2.425		0.674312		0
2.426		0.674008		0
2.427		0.673703		0
2.428		0.673399		0
2.429		0.673095		0
2.43		0.672792		0
2.431		0.672489		0
2.432		0.672185		0
2.433		0.671883		0
2.434		0.67158		0
2.435		0.671278		0
2.436		0.670976		0
2.437		0.670674		0
2.438		0.670373		0
2.439		0.670071		0
2.44		0.669771		0
2.441		0.66947		0
2.442		0.669169		0
2.443		0.668869		0
2.444		0.668569		0
2.445		0.66827		0
2.446		0.66797		0
2.447		0.667671		0
2.448		0.667372		0
2.449		0.667073		0
2.45		0.666775		0
2.451		0.666477		0
2.452		0.666179		0
2.453		0.665881		0
2.454		0.665584		0
2.455		0.665287		0
2.456		0.66499		0
2.457		0.664693		0
2.458		0.664397		0
2.459		0.664101		0
2.46		0.663805		0
2.461		0.663509		0
2.462		0.663214		0
2.463		0.662919		0
2.464		0.662624		0
2.465		0.662329		0
2.466		0.662035		0
2.467		0.661741		0
2.468		0.661447		0
2.469		0.661154		0
2.47		0.66086		0
2.471		0.660567		0
2.472		0.660274		0
2.473		0.659982		0
2.474		0.659689		0
2.475		0.659397		0
2.476		0.659105		0
2.477		0.658814		0
2.478		0.658522		0
2.479		0.658231		0
2.48		0.65794		0
2.481		0.65765		0
2.482		0.657359		0
2.483		0.657069		0
2.484		0.656779		0
2.485		0.656489		0
2.486		0.6562		0
2.487		0.655911		0
2.488		0.655622		0
2.489		0.655333		0
2.49		0.655045		0
2.491		0.654757		0
2.492		0.654469		0
2.493		0.654181		0
2.494		0.653893		0
2.495		0.653606		0
2.496		0.653319		0
2.497		0.653032		0
2.498		0.652746		0
2.499		0.65246		0
2.5		0.652174		0
2.501		0.651888		0
2.502		0.651602		0
2.503		0.651317		0
2.504		0.651032		0
2.505		0.650747		0
2.506		0.650463		0
2.507		0.650178		0
2.508		0.649894		0
2.509		0.64961		0
2.51		0.649327		0
2.511		0.649043		0
2.512		0.64876		0
2.513		0.648477		0
2.514		0.648194		0
2.515		0.647912		0
2.516		0.64763		0
2.517		0.647348		0
2.518		0.647066		0
2.519		0.646784		0
2.52		0.646503		0
2.521		0.646222		0
2.522		0.645941		0
2.523		0.645661		0
2.524		0.64538		0
2.525		0.6451		0
2.526		0.64482		0
2.527		0.644541		0
2.528		0.644261		0
2.529		0.643982		0
2.53		0.643703		0
2.531		0.643424		0
2.532		0.643146		0
2.533		0.642867		0
2.534		0.642589		0
2.535		0.642312		0
2.536		0.642034		0
2.537		0.641757		0
2.538		0.64148		0
2.539		0.641203		0
2.54		0.640926		0
2.541		0.64065		0
2.542		0.640373		0
2.543		0.640097		0
2.544		0.639822		0
2.545		0.639546		0
2.546		0.639271		0
2.547		0.638996		0
2.548		0.638721		0
2.549		0.638446		0
2.55		0.638172		0
2.551		0.637898		0
2.552		0.637624		0
2.553		0.63735		0
2.554		0.637077		0
2.555		0.636803		0
2.556		0.63653		0
2.557		0.636257		0
2.558		0.635985		0
2.559		0.635712		0
2.56		0.63544		0
2.561		0.635168		0
2.562		0.634897		0
2.563		0.634625		0
2.564		0.634354		0
2.565		0.634083		0
2.566		0.633812		0
2.567		0.633541		0
2.568		0.633271		0
2.569		0.633001		0
2.57		0.632731		0
2.571		0.632461		0
2.572		0.632192		0
2.573		0.631923		0
2.574		0.631653		0
2.575		0.631385		0
2.576		0.631116		0
2.577		0.630848		0
2.578		0.630579		0
2.579		0.630311		0
2.58		0.630044		0
2.581		0.629776		0
2.582		0.629509		0
2.583		0.629242		0
2.584		0.628975		0
2.585		0.628708		0
2.586		0.628442		0
2.587		0.628176		0
2.588		0.62791		0
2.589		0.627644		0
2.59		0.627378		0
2.591		0.627113		0
2.592		0.626848		0
2.593		0.626583		0
2.594		0.626318		0
2.595		0.626054		0
2.596		0.625789		0
2.597		0.625525		0
2.598		0.625261		0
2.599		0.624998		0
2.6		0.624734		0
2.601		0.624471		0
2.602		0.624208		0
2.603		0.623945		0
2.604		0.623683		0
2.605		0.62342		0
2.606		0.623158		0
2.607		0.622896		0
2.608		0.622635		0
2.609		0.622373		0
2.61		0.622112		0
2.611		0.621851		0
2.612		0.62159		0
2.613		0.621329		0
2.614		0.621069		0
2.615		0.620808		0
2.616		0.620548		0
2.617		0.620288		0
2.618		0.620029		0
2.619		0.619769		0
2.62		0.61951		0
2.621		0.619251		0
2.622		0.618992		0
2.623		0.618734		0
2.624		0.618475		0
2.625		0.618217		0
2.626		0.617959		0
2.627		0.617701		0
2.628		0.617444		0
2.629		0.617186		0
2.63		0.616929		0
2.631		0.616672		0
2.632		0.616415		0
2.633		0.616159		0
2.634		0.615903		0
2.635		0.615646		0
2.636		0.615391		0
2.637		0.615135		0
2.638		0.614879		0
2.639		0.614624		0
2.64		0.614369		0
2.641		0.614114		0
2.642		0.613859		0
2.643		0.613605		0
2.644		0.61335		0
2.645		0.613096		0
2.646		0.612842		0
2.647		0.612589		0
2.648		0.612335		0
2.649		0.612082		0
2.65		0.611829		0
2.651		0.611576		0
2.652		0.611323		0
2.653		0.611071		0
2.654		0.610818		0
2.655		0.610566		0
2.656		0.610314		0
2.657		0.610063		0
2.658		0.609811		0
2.659		0.60956		0
2.66		0.609309		0
2.661		0.609058		0
2.662		0.608807		0
2.663		0.608557		0
2.664		0.608306		0
2.665		0.608056		0
2.666		0.607806		0
2.667		0.607557		0
2.668		0.607307		0
2.669		0.607058		0
2.67		0.606809		0
2.671		0.60656		0
2.672		0.606311		0
2.673		0.606063		0
2.674		0.605814		0
2.675		0.605566		0
2.676		0.605318		0
2.677		0.60507		0
2.678		0.604823		0
2.679		0.604575		0
2.68		0.604328		0
2.681		0.604081		0
2.682		0.603834		0
2.683		0.603588		0
2.684		0.603341		0
2.685		0.603095		0
2.686		0.602849		0
2.687		0.602603		0
2.688		0.602358		0
2.689		0.602112		0
2.69		0.601867		0
2.691		0.601622		0
2.692		0.601377		0
2.693		0.601132		0
2.694		0.600888		0
2.695		0.600644		0
2.696		0.6004		0
2.697		0.600156		0
2.698		0.599912		0
2.699		0.599668		0
2.7		0.599425		0
2.701		0.599182		0
2.702		0.598939		0
2.703		0.598696		0
2.704		0.598454		0
2.705		0.598211		0
2.706		0.597969		0
2.707		0.597727		0
2.708		0.597485		0
2.709		0.597244		0
2.71		0.597002		0
2.711		0.596761		0
2.712		0.59652		0
2.713		0.596279		0
2.714		0.596038		0
2.715		0.595798		0
2.716		0.595557		0
2.717		0.595317		0
2.718		0.595077		0
2.719		0.594837		0
2.72		0.594598		0
2.721		0.594358		0
2.722		0.594119		0
2.723		0.59388		0
2.724		0.593641		0
2.725		0.593403		0
2.726		0.593164		0
2.727		0.592926		0
2.728		0.592688		0
2.729		0.59245		0
2.73		0.592212		0
2.731		0.591975		0
2.732		0.591737		0
2.733		0.5915		0
2.734		0.591263		0
2.735		0.591026		0
2.736		0.590789		0
2.737		0.590553		0
2.738		0.590317		0
2.739		0.590081		0
2.74		0.589845		0
2.741		0.589609		0
2.742		0.589373		0
2.743		0.589138		0
2.744		0.588903		0
2.745		0.588668		0
2.746		0.588433		0
2.747		0.588198		0
2.748		0.587964		0
2.749		0.587729		0
2.75		0.587495		0
2.751		0.587261		0
2.752		0.587028		0
2.753		0.586794		0
2.754		0.586561		0
2.755		0.586327		0
2.756		0.586094		0
2.757		0.585862		0
2.758		0.585629		0
2.759		0.585396		0
2.76		0.585164		0
2.761		0.584932		0
2.762		0.5847		0
2.763		0.584468		0
2.764		0.584236		0
2.765		0.584005		0
2.766		0.583774		0
2.767		0.583543		0
2.768		0.583312		0
2.769		0.583081		0
2.77		0.58285		0
2.771		0.58262		0
2.772		0.58239		0
2.773		0.58216		0
2.774		0.58193		0
2.775		0.5817		0
2.776		0.581471		0
2.777		0.581241		0
2.778		0.581012		0
2.779		0.580783		0
2.78		0.580554		0
2.781		0.580326		0
2.782		0.580097		0
2.783		0.579869		0
2.784		0.579641		0
2.785		0.579413		0
2.786		0.579185		0
2.787		0.578957		0
2.788		0.57873		0
2.789		0.578502		0
2.79		0.578275		0
2.791		0.578048		0
2.792		0.577822		0
2.793		0.577595		0
2.794		0.577369		0
2.795		0.577142		0
2.796		0.576916		0
2.797		0.57669		0
2.798		0.576465		0
2.799		0.576239		0
2.8		0.576014		0
2.801		0.575788		0
2.802		0.575563		0
2.803		0.575338		0
2.804		0.575114		0
2.805		0.574889		0
2.806		0.574665		0
2.807		0.574441		0
2.808		0.574217		0
2.809		0.573993		0
2.81		0.573769		0
2.811		0.573545		0
2.812		0.573322		0
2.813		0.573099		0
2.814		0.572876		0
2.815		0.572653		0
2.816		0.57243		0
2.817		0.572208		0
2.818		0.571985		0
2.819		0.571763		0
2.82		0.571541		0
2.821		0.571319		0
2.822		0.571097		0
2.823		0.570876		0
2.824		0.570654		0
2.825		0.570433		0
2.826		0.570212		0
2.827		0.569991		0
2.828		0.569771		0
2.829		0.56955		0
2.83		0.56933		0
2.831		0.569109		0
2.832		0.568889		0
2.833		0.568669		0
2.834		0.56845		0
2.835		0.56823		0
2.836		0.568011		0
2.837		0.567791		0
2.838		0.567572		0
2.839		0.567353		0
2.84		0.567135		0
2.841		0.566916		0
2.842		0.566698		0
2.843		0.566479		0
2.844		0.566261		0
2.845		0.566043		0
2.846		0.565826		0
2.847		0.565608		0
2.848		0.56539		0
2.849		0.565173		0
2.85		0.564956		0
2.851		0.564739		0
2.852		0.564522		0
2.853		0.564306		0
2.854		0.564089		0
2.855		0.563873		0
2.856		0.563656		0
2.857		0.56344		0
2.858		0.563225		0
2.859		0.563009		0
2.86		0.562793		0
2.861		0.562578		0
2.862		0.562363		0
2.863		0.562148		0
2.864		0.561933		0
2.865		0.561718		0
2.866		0.561503		0
2.867		0.561289		0
2.868		0.561075		0
2.869		0.560861		0
2.87		0.560647		0
2.871		0.560433		0
2.872		0.560219		0
2.873		0.560006		0
2.874		0.559792		0
2.875		0.559579		0
2.876		0.559366		0
2.877		0.559153		0
2.878		0.55894		0
2.879		0.558728		0
2.88		0.558516		0
2.881		0.558303		0
2.882		0.558091		0
2.883		0.557879		0
2.884		0.557667		0
2.885		0.557456		0
2.886		0.557244		0
2.887		0.557033		0
2.888		0.556822		0
2.889		0.556611		0
2.89		0.5564		0
2.891		0.556189		0
2.892		0.555979		0
2.893		0.555768		0
2.894		0.555558		0
2.895		0.555348		0
2.896		0.555138		0
2.897		0.554928		0
2.898		0.554719		0
2.899		0.554509		0
2.9		0.5543		0
2.901		0.554091		0
2.902		0.553882		0
2.903		0.553673		0
2.904		0.553464		0
2.905		0.553256		0
2.906		0.553047		0
2.907		0.552839		0
2.908		0.552631		0
2.909		0.552423		0
2.91		0.552215		0
2.911		0.552007		0
2.912		0.5518		0
2.913		0.551592		0
2.914		0.551385		0
2.915		0.551178		0
2.916		0.550971		0
2.917		0.550765		0
2.918		0.550558		0
2.919		0.550351		0
2.92		0.550145		0
2.921		0.549939		0
2.922		0.549733		0
2.923		0.549527		0
2.924		0.549321		0
2.925		0.549116		0
2.926		0.54891		0
2.927		0.548705		0
2.928		0.5485		0
2.929		0.548295		0
2.93		0.54809		0
2.931		0.547886		0
2.932		0.547681		0
2.933		0.547477		0
2.934		0.547272		0
2.935		0.547068		0
2.936		0.546864		0
2.937		0.546661		0
2.938		0.546457		0
2.939		0.546253		0
2.94		0.54605		0
2.941		0.545847		0
2.942		0.545644		0
2.943		0.545441		0
2.944		0.545238		0
2.945		0.545035		0
2.946		0.544833		0
2.947		0.544631		0
2.948		0.544428		0
2.949		0.544226		0
2.95		0.544024		0
2.951		0.543823		0
2.952		0.543621		0
2.953		0.54342		0
2.954		0.543218		0
2.955		0.543017		0
2.956		0.542816		0
2.957		0.542615		0
2.958		0.542414		0
2.959		0.542214		0
2.96		0.542013		0
2.961		0.541813		0
2.962		0.541613		0
2.963		0.541413		0
2.964		0.541213		0
2.965		0.541013		0
2.966		0.540813		0
2.967		0.540614		0
2.968		0.540415		0
2.969		0.540215		0
2.97		0.540016		0
2.971		0.539818		0
2.972		0.539619		0
2.973		0.53942		0
2.974		0.539222		0
2.975		0.539023		0
2.976		0.538825		0
2.977		0.538627		0
2.978		0.538429		0
2.979		0.538231		0
2.98		0.538034		0
2.981		0.537836		0
2.982		0.537639		0
2.983		0.537442		0
2.984		0.537245		0
2.985		0.537048		0
2.986		0.536851		0
2.987		0.536654		0
2.988		0.536458		0
2.989		0.536261		0
2.99		0.536065		0
2.991		0.535869		0
2.992		0.535673		0
2.993		0.535477		0
2.994		0.535281		0
2.995		0.535086		0
2.996		0.53489		0
2.997		0.534695		0
2.998		0.5345		0
2.999		0.534305		0
3		0.53411		0
